# relative_time, cycles_done, cur_item, corpus_count, pending_total, pending_favs, map_size, saved_crashes, saved_hangs, max_depth, execs_per_sec, total_execs, edges_found
4232, 0, 129, 616, 584, 202, 5.19%, 0, 0, 3, 0.01, 49918, 1548
4238, 0, 131, 947, 913, 200, 6.43%, 0, 0, 3, 1137.19, 53953, 1917
4243, 0, 131, 1567, 1533, 200, 8.87%, 0, 0, 3, 1104.40, 59895, 2645
4248, 0, 131, 2153, 2119, 200, 10.55%, 0, 0, 3, 1080.92, 65357, 3146
4253, 0, 131, 2660, 2626, 200, 11.89%, 0, 0, 3, 959.08, 70123, 3546
4258, 0, 131, 3180, 3146, 200, 13.30%, 0, 0, 3, 880.52, 74999, 3968
4263, 0, 131, 3789, 3755, 200, 14.82%, 0, 0, 3, 1045.67, 80760, 4422
4444, 0, 131, 3874, 3840, 200, 15.29%, 0, 0, 3, 0.56, 81578, 4562
4450, 0, 131, 4366, 4332, 200, 16.70%, 0, 0, 3, 921.44, 86326, 4981
4455, 0, 131, 4937, 4903, 200, 18.11%, 0, 0, 3, 1066.26, 91811, 5402
4460, 0, 131, 5518, 5484, 200, 19.59%, 0, 0, 3, 1093.83, 97406, 5843
4465, 0, 280, 5550, 5500, 1913, 19.70%, 0, 0, 3, 1268.69, 104190, 5877
4470, 0, 477, 5552, 5480, 1894, 19.71%, 0, 0, 3, 1331.53, 110980, 5879
4655, 0, 569, 5553, 5467, 1882, 19.71%, 0, 0, 3, 1.43, 116964, 5879
4660, 0, 633, 5554, 5451, 1866, 19.71%, 0, 0, 3, 1231.68, 123274, 5880
4665, 0, 695, 5565, 5445, 1857, 19.79%, 0, 0, 3, 1339.43, 130206, 5904
4670, 0, 809, 5565, 5422, 1834, 19.79%, 0, 0, 3, 1346.10, 137209, 5904
4675, 0, 879, 5565, 5402, 1815, 19.79%, 0, 0, 3, 1401.53, 144430, 5904
4680, 0, 928, 5565, 5389, 1803, 19.79%, 0, 0, 3, 1374.50, 151341, 5904
4865, 0, 986, 5567, 5374, 1788, 19.80%, 0, 0, 3, 0.33, 157639, 5907
4870, 0, 1016, 5568, 5365, 1779, 19.81%, 0, 0, 3, 1199.73, 163846, 5908
4875, 0, 1132, 5569, 5344, 1757, 19.81%, 0, 0, 3, 1253.48, 170306, 5908
4881, 0, 1180, 5583, 5341, 1746, 19.94%, 0, 0, 3, 1327.67, 177205, 5948
4886, 0, 1185, 5598, 5353, 1760, 20.14%, 0, 0, 3, 1313.04, 183848, 6007
4891, 0, 1190, 5609, 5361, 1767, 20.23%, 0, 0, 3, 1379.09, 191139, 6034
5076, 0, 1202, 5609, 5356, 1762, 20.23%, 0, 0, 3, 2.36, 197209, 6034
5081, 0, 1212, 5612, 5353, 1757, 20.24%, 0, 0, 3, 1148.26, 203716, 6037
5086, 0, 1227, 5615, 5352, 1758, 20.25%, 0, 0, 3, 1273.24, 210485, 6039
5091, 0, 1269, 5616, 5347, 1752, 20.29%, 0, 0, 3, 1418.13, 217911, 6051
5096, 0, 1329, 5619, 5334, 1739, 20.29%, 0, 0, 3, 1404.14, 225263, 6051
5101, 0, 1362, 5619, 5322, 1727, 20.29%, 0, 0, 3, 1458.12, 232896, 6051
5286, 0, 1396, 5622, 5317, 1720, 20.29%, 0, 0, 3, 0.65, 238793, 6053
5291, 0, 1457, 5627, 5306, 1707, 20.33%, 0, 0, 3, 1172.17, 244692, 6064
5296, 0, 1490, 5630, 5295, 1695, 20.33%, 0, 0, 3, 1225.48, 250811, 6065
5301, 0, 1568, 5630, 5276, 1678, 20.33%, 0, 0, 3, 1299.11, 257251, 6065
5307, 0, 1568, 5630, 5276, 1678, 20.33%, 0, 0, 3, 1356.19, 264332, 6065
5312, 0, 1650, 5631, 5263, 1664, 20.33%, 0, 0, 3, 1350.56, 271245, 6065
5497, 0, 1712, 5634, 5246, 1645, 20.33%, 0, 0, 3, 1.09, 276748, 6065
5502, 0, 1731, 5635, 5242, 1640, 20.34%, 0, 0, 3, 1300.69, 283834, 6066
5507, 0, 1733, 5640, 5246, 1641, 20.34%, 0, 0, 3, 1383.15, 290901, 6067
5512, 0, 1735, 5646, 5250, 1641, 20.43%, 0, 0, 3, 1425.06, 298181, 6093
5517, 0, 1764, 5656, 5256, 1642, 20.45%, 0, 0, 3, 1512.93, 305774, 6100
5522, 0, 1779, 5662, 5259, 1644, 20.47%, 0, 0, 3, 1574.84, 313888, 6106
5708, 0, 1786, 5666, 5260, 1644, 20.48%, 0, 0, 3, 1.02, 320923, 6109
5713, 0, 1799, 5666, 5254, 1638, 20.48%, 0, 0, 3, 1359.40, 327627, 6109
5718, 0, 1827, 5673, 5253, 1635, 20.51%, 0, 0, 3, 1300.43, 334399, 6117
5724, 0, 1834, 5673, 5248, 1630, 20.51%, 0, 0, 3, 1359.11, 341521, 6117
5729, 0, 1855, 5682, 5254, 1627, 20.54%, 0, 0, 3, 1554.41, 349522, 6128
5734, 0, 1863, 5694, 5263, 1636, 20.61%, 0, 0, 3, 1531.46, 357661, 6147
5739, 0, 1890, 5695, 5260, 1633, 20.61%, 0, 0, 3, 1609.35, 366022, 6147
5744, 0, 1896, 5695, 5256, 1629, 20.61%, 0, 0, 3, 1552.24, 373824, 6147
5749, 0, 1905, 5696, 5253, 1625, 20.61%, 0, 0, 3, 1528.29, 381613, 6147
5754, 0, 1912, 5696, 5248, 1620, 20.61%, 0, 0, 3, 1632.44, 389854, 6147
5759, 0, 1918, 5696, 5246, 1618, 20.61%, 0, 0, 3, 1544.83, 397333, 6147
5764, 0, 1924, 5697, 5244, 1616, 20.61%, 0, 0, 3, 1406.83, 404495, 6148
5770, 0, 1997, 5701, 5227, 1598, 20.62%, 0, 0, 3, 1465.48, 412118, 6152
5775, 0, 2074, 5702, 5208, 1578, 20.62%, 0, 0, 3, 1477.44, 419671, 6152
5780, 0, 2076, 5702, 5207, 1577, 20.62%, 0, 0, 3, 1518.64, 427491, 6152
5785, 0, 2086, 5703, 5205, 1575, 20.64%, 0, 0, 3, 1412.17, 434761, 6157
5790, 0, 2109, 5703, 5190, 1560, 20.64%, 0, 0, 3, 1422.15, 442014, 6157
5795, 0, 2156, 5704, 5171, 1540, 20.64%, 0, 0, 3, 1423.95, 449157, 6157
5800, 0, 2179, 5707, 5168, 1536, 20.64%, 0, 0, 3, 1472.76, 457030, 6158
5805, 0, 2179, 5707, 5168, 1536, 20.64%, 0, 0, 3, 1440.72, 464692, 6158
5810, 0, 2212, 5708, 5156, 1523, 20.64%, 0, 0, 3, 1412.55, 471798, 6158
5816, 0, 2301, 5708, 5131, 1499, 20.64%, 0, 0, 3, 1417.56, 479437, 6158
5821, 0, 2301, 5708, 5131, 1499, 20.64%, 0, 0, 3, 1448.79, 486905, 6158
5826, 0, 2302, 5708, 5130, 1498, 20.64%, 0, 0, 3, 1408.69, 493980, 6158
5831, 0, 2303, 5708, 5129, 1497, 20.64%, 0, 0, 3, 1356.69, 500633, 6158
5836, 0, 2307, 5708, 5128, 1496, 20.64%, 0, 0, 3, 1235.83, 506947, 6158
5842, 0, 2308, 5709, 5128, 1495, 20.64%, 0, 0, 3, 1257.18, 513612, 6158
5847, 0, 2309, 5709, 5127, 1494, 20.64%, 0, 0, 3, 1280.35, 520268, 6158
5852, 0, 2314, 5710, 5126, 1494, 20.67%, 0, 0, 3, 1380.83, 527472, 6167
5857, 0, 2320, 5710, 5124, 1493, 20.67%, 0, 0, 3, 1450.28, 534937, 6167
5862, 0, 2331, 5710, 5123, 1492, 20.67%, 0, 0, 3, 1393.04, 542180, 6167
5867, 0, 2354, 5714, 5123, 1491, 20.69%, 0, 0, 3, 1363.14, 548967, 6172
5872, 0, 2365, 5714, 5121, 1489, 20.69%, 0, 0, 3, 1384.95, 555977, 6172
5877, 0, 2375, 5714, 5117, 1485, 20.69%, 0, 0, 3, 1317.29, 562401, 6172
5882, 0, 2383, 5718, 5117, 1485, 20.71%, 0, 0, 3, 1262.74, 568740, 6177
5888, 0, 2388, 5718, 5112, 1480, 20.71%, 0, 0, 3, 1252.06, 575019, 6177
5893, 0, 2396, 5720, 5108, 1474, 20.71%, 0, 0, 3, 1316.59, 581555, 6179
5898, 0, 2405, 5721, 5102, 1470, 20.72%, 0, 0, 3, 1287.67, 587879, 6180
5903, 0, 2424, 5724, 5100, 1467, 20.73%, 0, 0, 3, 1270.60, 594340, 6184
5908, 0, 2439, 5725, 5097, 1464, 20.74%, 0, 0, 3, 1208.33, 600402, 6186
5913, 0, 2460, 5725, 5090, 1458, 20.74%, 0, 0, 3, 1299.66, 607306, 6186
5918, 0, 2482, 5728, 5087, 1454, 20.75%, 0, 0, 3, 1355.38, 614192, 6190
5923, 0, 2491, 5731, 5083, 1449, 20.76%, 0, 0, 3, 1437.86, 621563, 6192
5928, 0, 2498, 5731, 5078, 1444, 20.76%, 0, 0, 3, 1385.91, 628787, 6192
5934, 0, 2506, 5731, 5075, 1441, 20.76%, 0, 0, 3, 1458.30, 636251, 6192
5939, 0, 2510, 5732, 5072, 1437, 20.76%, 0, 0, 3, 1558.38, 644293, 6192
5944, 0, 2527, 5735, 5069, 1435, 20.77%, 0, 0, 3, 1685.19, 653065, 6194
5949, 0, 2574, 5735, 5063, 1431, 20.77%, 0, 0, 3, 1626.83, 661539, 6194
5954, 0, 2600, 5736, 5059, 1426, 20.77%, 0, 0, 3, 1771.33, 670723, 6194
5959, 0, 2609, 5736, 5054, 1421, 20.77%, 0, 0, 3, 1821.44, 680090, 6194
5964, 0, 2613, 5739, 5054, 1418, 20.77%, 0, 0, 3, 1746.74, 688928, 6195
5969, 0, 2616, 5740, 5053, 1417, 20.77%, 0, 0, 3, 1643.40, 696958, 6196
5974, 0, 2624, 5740, 5050, 1415, 20.77%, 0, 0, 3, 1579.30, 704782, 6196
5979, 0, 2629, 5740, 5047, 1412, 20.77%, 0, 0, 3, 1601.44, 712822, 6196
5985, 0, 2679, 5740, 5033, 1399, 20.77%, 0, 0, 3, 1614.73, 721119, 6196
5990, 0, 2692, 5742, 5028, 1392, 20.78%, 0, 0, 3, 1542.46, 728978, 6198
5995, 0, 2752, 5742, 5010, 1376, 20.78%, 0, 0, 3, 1519.84, 736740, 6198
6000, 0, 2767, 5742, 5004, 1370, 20.78%, 0, 0, 3, 1401.23, 743835, 6198
6005, 0, 2770, 5742, 5003, 1369, 20.78%, 0, 0, 3, 1442.01, 751084, 6198
6010, 0, 2772, 5742, 5002, 1368, 20.78%, 0, 0, 3, 1385.09, 758248, 6198
6015, 0, 2774, 5745, 5003, 1367, 20.81%, 0, 0, 3, 1384.92, 765283, 6206
6021, 0, 2776, 5745, 5001, 1366, 20.81%, 0, 0, 3, 1364.91, 772226, 6206
6026, 0, 2778, 5745, 4999, 1364, 20.81%, 0, 0, 3, 1473.59, 779632, 6206
6031, 0, 2780, 5745, 4997, 1362, 20.81%, 0, 0, 3, 1408.90, 786591, 6206
6036, 0, 2784, 5749, 4998, 1362, 20.82%, 0, 0, 3, 1411.16, 793731, 6209
6041, 0, 2791, 5750, 4997, 1360, 20.82%, 0, 0, 3, 1418.59, 800818, 6209
6046, 0, 2792, 5750, 4996, 1359, 20.82%, 0, 0, 3, 1422.82, 807994, 6209
6051, 0, 2794, 5751, 4996, 1358, 20.82%, 0, 0, 3, 1418.24, 815158, 6211
6056, 0, 2795, 5751, 4995, 1358, 20.82%, 0, 0, 3, 1407.36, 821924, 6211
6061, 0, 2801, 5754, 4996, 1358, 20.84%, 0, 0, 3, 1379.67, 828739, 6215
6066, 0, 2802, 5754, 4995, 1357, 20.84%, 0, 0, 3, 1431.17, 836003, 6215
6071, 0, 2805, 5756, 4995, 1356, 20.84%, 0, 0, 3, 1360.33, 842870, 6215
6076, 0, 2806, 5756, 4994, 1355, 20.84%, 0, 0, 3, 1331.09, 849582, 6215
6082, 0, 2832, 5756, 4983, 1344, 20.84%, 0, 0, 3, 1378.90, 856673, 6215
6087, 0, 2883, 5759, 4968, 1327, 20.84%, 0, 0, 3, 1348.41, 863488, 6215
6092, 0, 2962, 5759, 4944, 1304, 20.84%, 0, 0, 3, 1375.54, 870460, 6215
6097, 0, 2986, 5761, 4937, 1297, 20.84%, 0, 0, 3, 1289.78, 877007, 6217
6102, 0, 2987, 5761, 4936, 1296, 20.84%, 0, 0, 3, 1363.66, 883806, 6217
6107, 0, 3004, 5762, 4935, 1294, 20.84%, 0, 0, 3, 1383.47, 890962, 6217
6112, 0, 3006, 5762, 4934, 1293, 20.84%, 0, 0, 3, 1342.41, 897584, 6217
6117, 0, 3035, 5767, 4931, 1287, 20.85%, 0, 0, 3, 1262.29, 903930, 6218
6123, 0, 3046, 5770, 4929, 1284, 20.86%, 0, 0, 3, 1258.85, 910254, 6221
6128, 0, 3047, 5776, 4934, 1284, 20.89%, 0, 0, 3, 1369.79, 917589, 6231
6133, 0, 3077, 5779, 4932, 1285, 20.90%, 0, 0, 3, 1376.22, 924665, 6233
6138, 0, 3082, 5781, 4932, 1283, 20.90%, 0, 0, 3, 1469.46, 932366, 6234
6143, 0, 3104, 5783, 4921, 1274, 20.90%, 0, 0, 3, 1419.76, 939373, 6235
6148, 0, 3109, 5783, 4918, 1272, 20.90%, 0, 0, 3, 1563.02, 947319, 6235
6154, 0, 3137, 5783, 4903, 1257, 20.90%, 0, 0, 3, 1693.67, 956451, 6235
6159, 0, 3157, 5785, 4889, 1243, 20.94%, 0, 0, 3, 1657.48, 965139, 6247
6164, 0, 3205, 5792, 4881, 1230, 20.96%, 0, 0, 3, 1709.15, 973942, 6252
6169, 0, 3253, 5793, 4871, 1219, 20.96%, 0, 0, 3, 1685.10, 982607, 6253
6174, 0, 3295, 5793, 4852, 1201, 20.96%, 0, 0, 3, 1713.56, 991507, 6253
6180, 0, 3315, 5793, 4847, 1196, 20.96%, 0, 0, 3, 1553.86, 999744, 6253
6185, 0, 3321, 5793, 4843, 1192, 20.96%, 0, 0, 3, 1528.32, 1007861, 6253
6190, 0, 3325, 5794, 4842, 1190, 20.97%, 0, 0, 3, 1420.12, 1014999, 6254
6195, 0, 3341, 5796, 4840, 1187, 20.97%, 0, 0, 3, 1366.86, 1021895, 6255
6200, 0, 3364, 5796, 4827, 1175, 20.97%, 0, 0, 3, 1431.16, 1029132, 6255
6205, 0, 3393, 5797, 4819, 1166, 20.97%, 0, 0, 3, 1496.70, 1036834, 6255
6210, 0, 3393, 5797, 4819, 1166, 20.97%, 0, 0, 3, 1408.69, 1043808, 6255
6215, 0, 3395, 5798, 4819, 1165, 20.97%, 0, 0, 3, 1364.59, 1050648, 6255
6220, 0, 3399, 5798, 4817, 1163, 20.97%, 0, 0, 3, 1361.66, 1057659, 6255
6225, 0, 3402, 5798, 4816, 1162, 20.97%, 0, 0, 3, 1407.01, 1064923, 6255
6230, 0, 3459, 5801, 4803, 1149, 20.97%, 0, 0, 3, 1481.73, 1072589, 6255
6235, 0, 3472, 5804, 4799, 1144, 20.98%, 0, 0, 3, 1406.08, 1079775, 6257
6241, 0, 3483, 5804, 4796, 1141, 20.98%, 0, 0, 3, 1342.11, 1086515, 6257
6246, 0, 3501, 5808, 4792, 1136, 20.98%, 0, 0, 3, 1286.40, 1093065, 6257
6251, 0, 3508, 5808, 4788, 1132, 20.98%, 0, 0, 3, 1313.58, 1100264, 6257
6256, 0, 3508, 5808, 4788, 1132, 20.98%, 0, 0, 3, 1330.75, 1106990, 6257
6261, 0, 3519, 5816, 4792, 1134, 21.00%, 0, 0, 3, 1248.30, 1113323, 6263
6266, 0, 3528, 5817, 4790, 1131, 21.00%, 0, 0, 3, 1294.05, 1119949, 6265
6271, 0, 3546, 5817, 4783, 1124, 21.00%, 0, 0, 3, 1266.99, 1126368, 6265
6276, 0, 3565, 5818, 4778, 1118, 21.00%, 0, 0, 3, 1330.53, 1133156, 6265
6281, 0, 3574, 5823, 4778, 1116, 21.03%, 0, 0, 3, 1328.81, 1139960, 6272
6286, 0, 3588, 5823, 4770, 1109, 21.03%, 0, 0, 3, 1352.15, 1147047, 6272
6291, 0, 3592, 5823, 4768, 1107, 21.03%, 0, 0, 3, 1328.65, 1153728, 6272
6296, 0, 3601, 5826, 4767, 1105, 21.03%, 0, 0, 3, 1336.25, 1160509, 6274
6301, 0, 3612, 5833, 4764, 1099, 21.05%, 0, 0, 3, 1258.04, 1166685, 6278
6306, 0, 3632, 5839, 4759, 1090, 21.06%, 0, 0, 3, 1202.21, 1172888, 6282
6312, 0, 3648, 5840, 4749, 1080, 21.06%, 0, 0, 3, 1188.36, 1179009, 6283
6317, 0, 3675, 5841, 4737, 1068, 21.07%, 0, 0, 3, 1228.36, 1185349, 6284
6322, 0, 3707, 5843, 4731, 1061, 21.07%, 0, 0, 3, 1216.27, 1191649, 6286
6327, 0, 3713, 5848, 4731, 1059, 21.08%, 0, 0, 3, 1166.32, 1197381, 6288
6332, 0, 3732, 5850, 4720, 1049, 21.08%, 0, 0, 3, 1276.52, 1204084, 6289
6337, 0, 3747, 5851, 4712, 1042, 21.09%, 0, 0, 3, 1351.28, 1211294, 6291
6342, 0, 3777, 5853, 4704, 1034, 21.09%, 0, 0, 3, 1285.32, 1217854, 6291
6347, 0, 3785, 5853, 4701, 1031, 21.09%, 0, 0, 3, 1357.08, 1224879, 6291
6352, 0, 3794, 5854, 4695, 1024, 21.09%, 0, 0, 3, 1391.58, 1231864, 6291
6358, 0, 3806, 5854, 4689, 1018, 21.09%, 0, 0, 3, 1378.67, 1239273, 6291
6363, 0, 3818, 5855, 4682, 1010, 21.09%, 0, 0, 3, 1473.37, 1246974, 6291
6368, 0, 3830, 5856, 4677, 1004, 21.09%, 0, 0, 3, 1314.72, 1253623, 6291
6373, 0, 3843, 5856, 4671, 998, 21.09%, 0, 0, 3, 1395.29, 1260704, 6291
6378, 0, 3865, 5856, 4665, 992, 21.09%, 0, 0, 3, 1553.56, 1268773, 6291
6383, 0, 3878, 5856, 4660, 987, 21.09%, 0, 0, 3, 1599.72, 1276739, 6291
6388, 0, 3900, 5858, 4659, 984, 21.10%, 0, 0, 3, 1706.37, 1285737, 6295
6393, 0, 3900, 5865, 4666, 984, 21.13%, 0, 0, 3, 1648.36, 1294087, 6303
6398, 0, 3904, 5869, 4669, 993, 21.14%, 0, 0, 3, 1713.28, 1303034, 6305
6404, 0, 3904, 5869, 4669, 993, 21.14%, 0, 0, 3, 1613.35, 1311404, 6305
6409, 0, 3904, 5871, 4671, 993, 21.14%, 0, 0, 3, 1801.82, 1320498, 6307
6414, 0, 3905, 6006, 4805, 992, 21.43%, 0, 1, 3, 44.76, 1325719, 6392
6419, 0, 3906, 6038, 4837, 1063, 21.49%, 0, 1, 3, 1272.30, 1333029, 6410
6424, 0, 3906, 6038, 4837, 1063, 21.49%, 0, 1, 3, 1398.46, 1340265, 6410
6429, 0, 3906, 6038, 4837, 1063, 21.49%, 0, 1, 3, 1506.75, 1348090, 6410
6434, 0, 3907, 6039, 4837, 1063, 21.49%, 0, 1, 3, 1419.33, 1355158, 6410
6439, 0, 3907, 6040, 4838, 1063, 21.50%, 0, 1, 3, 1546.42, 1363610, 6412
6445, 0, 3913, 6040, 4834, 1060, 21.50%, 0, 1, 3, 1490.99, 1371211, 6412
6450, 0, 3913, 6040, 4834, 1060, 21.50%, 0, 1, 3, 1561.60, 1379633, 6412
6455, 0, 3913, 6040, 4834, 1060, 21.50%, 0, 1, 3, 1556.99, 1387665, 6412
6460, 0, 3914, 6043, 4836, 1059, 21.50%, 0, 1, 3, 1676.90, 1396475, 6413
6465, 0, 3914, 6043, 4836, 1059, 21.50%, 0, 1, 3, 1552.09, 1404057, 6413
6470, 0, 3928, 6045, 4830, 1053, 21.50%, 0, 1, 3, 1521.00, 1411879, 6414
6475, 0, 3937, 6049, 4830, 1050, 21.51%, 0, 1, 3, 1438.21, 1419103, 6415
6480, 0, 3946, 6050, 4826, 1045, 21.51%, 0, 1, 3, 1477.98, 1426924, 6415
6486, 0, 3948, 6050, 4825, 1044, 21.51%, 0, 1, 3, 1483.44, 1434505, 6415
6491, 0, 3960, 6051, 4819, 1038, 21.51%, 0, 1, 3, 1456.69, 1442071, 6416
6496, 0, 3968, 6051, 4815, 1034, 21.51%, 0, 1, 3, 1520.20, 1449827, 6416
6501, 0, 3990, 6051, 4807, 1026, 21.51%, 0, 1, 3, 1467.06, 1457755, 6416
6506, 0, 4031, 6051, 4794, 1013, 21.51%, 0, 1, 3, 1475.55, 1465385, 6416
6511, 0, 4048, 6051, 4790, 1009, 21.51%, 0, 1, 3, 1531.98, 1473409, 6416
6517, 0, 4064, 6051, 4784, 1003, 21.51%, 0, 1, 3, 1467.06, 1480612, 6416
6522, 0, 4072, 6052, 4783, 1002, 21.51%, 0, 1, 3, 1461.06, 1488256, 6417
6527, 0, 4073, 6053, 4783, 1001, 21.51%, 0, 1, 3, 1464.80, 1495671, 6417
6532, 0, 4124, 6053, 4773, 991, 21.51%, 0, 1, 3, 1608.59, 1504350, 6417
6537, 0, 4132, 6053, 4768, 986, 21.51%, 0, 1, 3, 1617.98, 1512610, 6417
6542, 0, 4137, 6053, 4764, 982, 21.51%, 0, 1, 3, 1477.67, 1519981, 6417
6548, 0, 4146, 6054, 4760, 978, 21.52%, 0, 1, 3, 1421.13, 1526658, 6418
6553, 0, 4159, 6057, 4757, 974, 21.52%, 0, 1, 3, 1407.58, 1533979, 6419
6558, 0, 4159, 6057, 4757, 974, 21.52%, 0, 1, 3, 1445.06, 1540993, 6419
6563, 0, 4166, 6059, 4757, 973, 21.52%, 0, 1, 3, 1443.71, 1548491, 6420
6568, 0, 4167, 6060, 4757, 972, 21.52%, 0, 1, 3, 1474.91, 1555567, 6420
6573, 0, 4176, 6060, 4755, 970, 21.52%, 0, 1, 3, 1418.66, 1562892, 6420
6578, 0, 4194, 6060, 4751, 966, 21.52%, 0, 1, 3, 1393.95, 1569555, 6420
6583, 0, 4209, 6061, 4744, 958, 21.52%, 0, 1, 3, 1397.90, 1577207, 6420
6589, 0, 4209, 6061, 4744, 958, 21.52%, 0, 1, 3, 1469.76, 1584875, 6420
6594, 0, 4212, 6064, 4745, 957, 21.53%, 0, 1, 3, 1384.83, 1592051, 6422
6599, 0, 4212, 6065, 4746, 957, 21.53%, 0, 1, 3, 1440.69, 1599469, 6422
6604, 0, 4212, 6065, 4746, 957, 21.53%, 0, 1, 3, 1403.39, 1606293, 6422
6609, 0, 4212, 6066, 4747, 957, 21.53%, 0, 1, 3, 1441.12, 1613717, 6422
6614, 0, 4215, 6067, 4747, 956, 21.53%, 0, 1, 3, 1190.65, 1619253, 6423
6620, 0, 4225, 6070, 4748, 956, 21.55%, 0, 1, 3, 1136.33, 1624884, 6427
6625, 0, 4226, 6070, 4747, 955, 21.55%, 0, 1, 3, 1077.41, 1629972, 6427
6630, 0, 4230, 6070, 4746, 954, 21.55%, 0, 1, 3, 1153.79, 1635597, 6427
6635, 0, 4230, 6073, 4749, 954, 21.55%, 0, 1, 3, 919.94, 1639455, 6428
6640, 0, 4230, 6075, 4751, 954, 21.55%, 0, 1, 3, 997.16, 1644411, 6428
6645, 0, 4231, 6076, 4751, 954, 21.55%, 0, 1, 3, 347.32, 1647508, 6428
6650, 0, 4231, 6077, 4752, 954, 21.55%, 0, 1, 3, 598.18, 1650929, 6428
6655, 0, 4231, 6077, 4752, 954, 21.55%, 0, 1, 3, 596.61, 1653628, 6428
6660, 0, 4231, 6078, 4753, 954, 21.55%, 0, 1, 3, 584.79, 1656461, 6428
6666, 0, 4231, 6079, 4754, 954, 21.55%, 0, 1, 3, 587.79, 1659003, 6428
6671, 0, 4231, 6079, 4754, 954, 21.55%, 0, 1, 3, 370.86, 1661767, 6428
6676, 0, 4232, 6079, 4753, 953, 21.55%, 0, 1, 3, 405.50, 1663873, 6428
6682, 0, 4232, 6079, 4753, 953, 21.55%, 0, 1, 3, 408.06, 1665707, 6428
6687, 0, 4232, 6079, 4753, 953, 21.55%, 0, 1, 3, 1935.50, 1668635, 6428
6692, 0, 4234, 6079, 4752, 952, 21.55%, 0, 1, 3, 311.40, 1671164, 6428
6697, 0, 4234, 6080, 4753, 952, 21.55%, 0, 1, 3, 341.46, 1672669, 6429
6703, 0, 4235, 6080, 4752, 952, 21.55%, 0, 1, 3, 831.93, 1675646, 6429
6708, 0, 4235, 6080, 4752, 952, 21.55%, 0, 1, 3, 1126.91, 1677389, 6429
6713, 0, 4235, 6080, 4752, 952, 21.55%, 0, 1, 3, 1008.88, 1680878, 6429
6718, 0, 4235, 6080, 4752, 952, 21.55%, 0, 1, 3, 220.05, 1683026, 6429
6723, 0, 4235, 6080, 4752, 952, 21.55%, 0, 1, 3, 351.76, 1686111, 6429
6729, 0, 4235, 6081, 4753, 952, 21.56%, 0, 1, 3, 399.41, 1688204, 6430
6734, 0, 4235, 6081, 4753, 952, 21.56%, 0, 1, 3, 87.85, 1690203, 6430
6739, 0, 4235, 6082, 4754, 952, 21.56%, 0, 1, 3, 236.76, 1691870, 6430
6745, 0, 4235, 6082, 4754, 952, 21.56%, 0, 1, 3, 158.90, 1693786, 6430
6750, 0, 4235, 6082, 4754, 952, 21.56%, 0, 1, 3, 762.80, 1696052, 6430
6755, 0, 4236, 6082, 4753, 950, 21.56%, 0, 1, 3, 1811.77, 1700927, 6430
6760, 0, 4236, 6083, 4754, 950, 21.56%, 0, 1, 3, 113.14, 1703322, 6430
6766, 0, 4236, 6083, 4754, 950, 21.56%, 0, 1, 3, 617.05, 1705710, 6430
6771, 0, 4236, 6084, 4755, 950, 21.56%, 0, 1, 3, 604.99, 1708101, 6430
6776, 0, 4236, 6085, 4756, 950, 21.56%, 0, 1, 3, 546.54, 1710094, 6431
6781, 0, 4236, 6085, 4756, 950, 21.56%, 0, 1, 3, 516.16, 1712191, 6431
6786, 0, 4236, 6086, 4757, 950, 21.56%, 0, 1, 3, 75.78, 1713716, 6431
6792, 0, 4236, 6087, 4758, 950, 21.56%, 0, 1, 3, 332.45, 1715781, 6432
6797, 0, 4236, 6087, 4758, 950, 21.56%, 0, 1, 3, 46.08, 1717820, 6432
6802, 0, 4239, 6089, 4759, 951, 21.59%, 0, 1, 3, 362.55, 1719775, 6440
6807, 0, 4240, 6089, 4758, 951, 21.59%, 0, 1, 3, 391.79, 1721605, 6440
6812, 0, 4240, 6089, 4758, 951, 21.59%, 0, 1, 3, 380.30, 1723202, 6440
6817, 0, 4240, 6090, 4759, 951, 21.59%, 0, 1, 3, 369.88, 1725912, 6440
6822, 0, 4240, 6090, 4759, 951, 21.59%, 0, 1, 3, 436.24, 1727343, 6440
6827, 0, 4240, 6090, 4759, 951, 21.59%, 0, 1, 3, 890.13, 1731093, 6440
6833, 0, 4241, 6090, 4758, 951, 21.59%, 0, 1, 3, 1159.17, 1737763, 6440
6838, 0, 4241, 6090, 4758, 951, 21.59%, 0, 1, 3, 1112.57, 1742396, 6440
6843, 0, 4241, 6091, 4759, 951, 21.59%, 0, 1, 3, 1032.10, 1747196, 6440
6848, 0, 4241, 6091, 4759, 951, 21.59%, 0, 1, 3, 902.06, 1751140, 6440
6854, 0, 4241, 6091, 4759, 951, 21.59%, 0, 1, 3, 143.34, 1754057, 6440
6859, 0, 4242, 6091, 4758, 950, 21.59%, 0, 1, 3, 823.80, 1757537, 6440
6865, 0, 4242, 6091, 4758, 950, 21.59%, 0, 1, 3, 750.25, 1760352, 6440
6870, 0, 4242, 6091, 4758, 950, 21.59%, 0, 1, 3, 566.53, 1761834, 6440
6876, 0, 4242, 6091, 4758, 950, 21.59%, 0, 1, 3, 177.61, 1763019, 6440
6881, 0, 4242, 6091, 4758, 950, 21.59%, 0, 1, 3, 324.45, 1765244, 6440
6886, 0, 4242, 6091, 4758, 950, 21.59%, 0, 1, 3, 947.78, 1767170, 6440
6891, 0, 4242, 6091, 4758, 950, 21.59%, 0, 1, 3, 370.00, 1768934, 6440
6897, 0, 4242, 6091, 4758, 950, 21.59%, 0, 1, 3, 112.34, 1770028, 6440
6902, 0, 4242, 6091, 4758, 950, 21.59%, 0, 1, 3, 738.64, 1771913, 6440
6907, 0, 4242, 6092, 4759, 950, 21.59%, 0, 1, 3, 66.14, 1773343, 6440
6913, 0, 4243, 6092, 4758, 949, 21.59%, 0, 1, 3, 157.98, 1774346, 6440
6918, 0, 4243, 6092, 4758, 949, 21.59%, 0, 1, 3, 154.36, 1775242, 6440
6924, 0, 4243, 6092, 4758, 949, 21.59%, 0, 1, 3, 261.49, 1777990, 6440
6929, 0, 4243, 6092, 4758, 949, 21.59%, 0, 1, 3, 442.18, 1780668, 6440
6934, 0, 4243, 6092, 4758, 949, 21.59%, 0, 1, 3, 440.42, 1782375, 6440
6939, 0, 4243, 6092, 4758, 949, 21.59%, 0, 1, 3, 272.27, 1786384, 6440
6944, 0, 4243, 6092, 4758, 949, 21.59%, 0, 1, 3, 280.00, 1788688, 6440
6950, 0, 4243, 6092, 4758, 949, 21.59%, 0, 1, 3, 252.31, 1790395, 6440
6955, 0, 4245, 6093, 4758, 948, 21.59%, 0, 1, 3, 434.56, 1792852, 6440
6960, 0, 4245, 6093, 4758, 948, 21.59%, 0, 1, 3, 518.19, 1794569, 6440
6966, 0, 4245, 6093, 4758, 948, 21.59%, 0, 1, 3, 346.30, 1796371, 6440
6972, 0, 4245, 6093, 4758, 948, 21.59%, 0, 1, 3, 391.39, 1798712, 6440
6977, 0, 4245, 6093, 4758, 948, 21.59%, 0, 1, 3, 375.48, 1800338, 6440
6983, 0, 4245, 6093, 4758, 948, 21.59%, 0, 1, 3, 273.97, 1803224, 6440
6988, 0, 4245, 6093, 4758, 948, 21.59%, 0, 1, 3, 328.71, 1804909, 6440
6993, 0, 4245, 6094, 4759, 948, 21.59%, 0, 1, 3, 266.27, 1807372, 6440
6998, 0, 4245, 6094, 4759, 948, 21.59%, 0, 1, 3, 130.33, 1809082, 6440
7004, 0, 4245, 6094, 4759, 948, 21.59%, 0, 1, 3, 163.32, 1810436, 6440
7009, 0, 4249, 6094, 4758, 948, 21.59%, 0, 1, 3, 3049.75, 1813129, 6440
7014, 0, 4249, 6094, 4758, 948, 21.59%, 0, 1, 3, 47.88, 1815583, 6440
7019, 0, 4249, 6094, 4758, 948, 21.59%, 0, 1, 3, 474.09, 1817912, 6440
7025, 0, 4249, 6094, 4758, 948, 21.59%, 0, 1, 3, 107.34, 1818956, 6440
7031, 0, 4249, 6094, 4758, 948, 21.59%, 0, 1, 3, 173.39, 1820642, 6440
7036, 0, 4249, 6094, 4758, 948, 21.59%, 0, 1, 3, 822.07, 1823097, 6440
7041, 0, 4249, 6094, 4758, 948, 21.59%, 0, 1, 3, 657.09, 1824784, 6440
7046, 0, 4249, 6095, 4759, 948, 21.59%, 0, 1, 3, 700.29, 1827697, 6440
7051, 0, 4249, 6095, 4759, 948, 21.59%, 0, 1, 3, 619.87, 1829841, 6440
7056, 0, 4250, 6095, 4758, 947, 21.59%, 0, 1, 3, 1118.03, 1833966, 6440
7062, 0, 4250, 6095, 4758, 947, 21.59%, 0, 1, 3, 1211.87, 1839849, 6440
7067, 0, 4250, 6096, 4759, 947, 21.59%, 0, 1, 3, 246.98, 1846010, 6440
7072, 0, 4251, 6096, 4758, 947, 21.59%, 0, 1, 3, 877.25, 1852003, 6440
7077, 0, 4251, 6097, 4759, 947, 21.59%, 0, 1, 3, 1159.53, 1858480, 6440
7083, 0, 4251, 6097, 4759, 947, 21.59%, 0, 1, 3, 1114.41, 1864410, 6440
7088, 0, 4254, 6097, 4756, 944, 21.59%, 0, 1, 3, 1096.12, 1869914, 6440
7093, 0, 4254, 6097, 4756, 944, 21.59%, 0, 1, 3, 1017.02, 1874913, 6440
7098, 0, 4254, 6099, 4758, 944, 21.59%, 0, 1, 3, 1152.09, 1881209, 6441
7103, 0, 4254, 6100, 4759, 944, 21.59%, 0, 1, 3, 1180.16, 1887366, 6441
7108, 0, 4254, 6101, 4760, 944, 21.59%, 0, 1, 3, 1175.99, 1893732, 6441
7113, 0, 4255, 6101, 4759, 942, 21.59%, 0, 1, 3, 1039.95, 1898664, 6441
7118, 0, 4255, 6102, 4760, 942, 21.59%, 0, 1, 3, 1199.40, 1905201, 6441
7124, 0, 4262, 6104, 4757, 938, 21.60%, 0, 1, 3, 1191.66, 1911340, 6443
7129, 0, 4291, 6108, 4755, 938, 21.62%, 0, 1, 3, 1298.91, 1918237, 6450
7134, 0, 4292, 6108, 4754, 937, 21.62%, 0, 1, 3, 1249.70, 1924388, 6450
7139, 0, 4324, 6108, 4743, 926, 21.62%, 0, 1, 3, 1205.18, 1930870, 6450
7144, 0, 4335, 6111, 4742, 924, 21.63%, 0, 1, 3, 1035.29, 1935932, 6451
7149, 0, 4342, 6111, 4739, 921, 21.63%, 0, 1, 3, 1029.22, 1940782, 6451
7154, 0, 4368, 6111, 4735, 917, 21.63%, 0, 1, 3, 1011.78, 1945502, 6451
7159, 0, 4369, 6117, 4740, 917, 21.68%, 0, 1, 3, 988.32, 1950557, 6466
7165, 0, 4381, 6121, 4739, 916, 21.69%, 0, 1, 3, 971.81, 1955286, 6471
7170, 0, 4386, 6126, 4740, 916, 21.71%, 0, 1, 3, 898.86, 1959755, 6475
7175, 0, 4396, 6128, 4734, 908, 21.71%, 0, 1, 3, 84.47, 1964311, 6475
7180, 0, 4415, 6129, 4730, 904, 21.71%, 0, 1, 3, 792.11, 1968234, 6475
7185, 0, 4422, 6129, 4727, 901, 21.71%, 0, 1, 3, 1006.66, 1972591, 6475
7191, 0, 4432, 6129, 4723, 897, 21.71%, 0, 1, 3, 853.24, 1976833, 6475
7196, 0, 4439, 6129, 4720, 894, 21.71%, 0, 1, 3, 972.22, 1981349, 6475
7201, 0, 4440, 6141, 4731, 893, 21.74%, 0, 1, 3, 143.36, 1984734, 6486
7206, 0, 4449, 6141, 4727, 900, 21.74%, 0, 1, 3, 815.22, 1988812, 6486
7212, 0, 4467, 6141, 4723, 896, 21.74%, 0, 1, 3, 814.22, 1993350, 6486
7216, 0, 4477, 6143, 4722, 895, 21.76%, 0, 1, 3, 803.39, 1997003, 6492
7221, 0, 4484, 6144, 4721, 894, 21.77%, 0, 1, 3, 672.81, 1999228, 6493
7227, 0, 4494, 6144, 4717, 890, 21.77%, 0, 1, 3, 1190.98, 2004882, 6493
7232, 0, 4500, 6145, 4715, 888, 21.78%, 0, 1, 3, 868.99, 2009179, 6498
7237, 0, 4503, 6145, 4712, 885, 21.78%, 0, 1, 3, 529.87, 2012176, 6498
7242, 0, 4509, 6145, 4709, 882, 21.78%, 0, 1, 3, 533.03, 2014949, 6498
7247, 0, 4514, 6145, 4705, 878, 21.78%, 0, 1, 3, 759.96, 2018771, 6498
7252, 0, 4517, 6145, 4703, 876, 21.78%, 0, 1, 3, 717.06, 2021960, 6498
7257, 0, 4529, 6145, 4700, 873, 21.78%, 0, 1, 3, 776.60, 2025871, 6498
7263, 0, 4529, 6145, 4700, 873, 21.78%, 0, 1, 3, 761.57, 2028980, 6498
7268, 0, 4541, 6145, 4698, 871, 21.78%, 0, 1, 3, 834.88, 2033153, 6498
7273, 0, 4542, 6145, 4697, 870, 21.78%, 0, 1, 3, 689.46, 2035810, 6498
7278, 0, 4553, 6146, 4696, 868, 21.79%, 0, 1, 3, 1979.46, 2040928, 6499
7283, 0, 4559, 6148, 4695, 867, 21.79%, 0, 1, 3, 203.53, 2044541, 6500
7288, 0, 4564, 6148, 4692, 864, 21.79%, 0, 1, 3, 555.64, 2047859, 6500
7293, 0, 4566, 6149, 4691, 863, 21.80%, 0, 1, 3, 581.61, 2050354, 6502
7298, 0, 4570, 6151, 4691, 862, 21.80%, 0, 1, 3, 968.00, 2053696, 6504
7304, 0, 4574, 6151, 4688, 860, 21.80%, 0, 1, 3, 193.27, 2056781, 6504
7309, 0, 4593, 6151, 4685, 857, 21.80%, 0, 1, 3, 1318.80, 2059784, 6504
7314, 0, 4604, 6151, 4680, 853, 21.80%, 0, 1, 3, 141.98, 2062751, 6504
7319, 0, 4631, 6152, 4675, 848, 21.81%, 0, 1, 3, 595.07, 2065659, 6505
7325, 0, 4631, 6152, 4675, 848, 21.81%, 0, 1, 3, 544.13, 2068071, 6505
7330, 0, 4631, 6152, 4675, 848, 21.81%, 0, 1, 3, 475.65, 2070005, 6505
7335, 0, 4631, 6152, 4675, 848, 21.81%, 0, 1, 3, 514.82, 2072570, 6505
7340, 0, 4633, 6152, 4674, 847, 21.81%, 0, 1, 3, 529.88, 2075075, 6505
7345, 0, 4633, 6152, 4674, 847, 21.81%, 0, 1, 3, 521.26, 2076958, 6505
7351, 0, 4633, 6152, 4674, 847, 21.81%, 0, 1, 3, 533.45, 2079355, 6505
7356, 0, 4633, 6152, 4674, 847, 21.81%, 0, 1, 3, 509.78, 2081408, 6505
7361, 0, 4633, 6152, 4674, 847, 21.81%, 0, 1, 3, 601.08, 2084312, 6505
7366, 0, 4633, 6152, 4674, 847, 21.81%, 0, 1, 3, 552.14, 2086536, 6505
7372, 0, 4633, 6152, 4674, 847, 21.81%, 0, 1, 3, 635.07, 2090131, 6505
7377, 0, 4636, 6153, 4674, 846, 21.81%, 0, 1, 3, 776.10, 2094016, 6506
7382, 0, 4636, 6154, 4675, 846, 21.81%, 0, 1, 3, 639.23, 2096542, 6507
7387, 0, 4636, 6155, 4676, 846, 21.81%, 0, 1, 3, 664.10, 2099242, 6507
7392, 0, 4636, 6156, 4677, 846, 21.82%, 0, 1, 3, 828.99, 2102782, 6508
7397, 0, 4636, 6156, 4677, 846, 21.82%, 0, 1, 3, 914.90, 2104975, 6508
7403, 0, 4637, 6158, 4678, 848, 21.82%, 0, 1, 3, 819.49, 2108069, 6510
7409, 0, 4637, 6158, 4678, 848, 21.82%, 0, 1, 3, 699.46, 2111192, 6510
7414, 0, 4637, 6158, 4678, 848, 21.82%, 0, 1, 3, 570.15, 2113431, 6510
7419, 0, 4637, 6158, 4678, 848, 21.82%, 0, 1, 3, 555.47, 2116153, 6510
7424, 0, 4637, 6158, 4678, 848, 21.82%, 0, 1, 3, 942.35, 2121085, 6510
7430, 0, 4639, 6158, 4677, 848, 21.82%, 0, 1, 3, 1088.28, 2125695, 6510
7435, 0, 4639, 6159, 4678, 848, 21.82%, 0, 1, 3, 1394.52, 2133850, 6510
7440, 0, 4639, 6159, 4678, 848, 21.82%, 0, 1, 3, 1187.21, 2139054, 6510
7445, 0, 4642, 6167, 4684, 848, 21.83%, 0, 1, 3, 969.77, 2143559, 6513
7451, 0, 4642, 6167, 4684, 848, 21.83%, 0, 1, 3, 882.37, 2147348, 6513
7456, 0, 4642, 6167, 4684, 848, 21.83%, 0, 1, 3, 732.76, 2150290, 6513
7461, 0, 4642, 6167, 4684, 848, 21.83%, 0, 1, 3, 902.18, 2154463, 6513
7466, 0, 4642, 6167, 4684, 848, 21.83%, 0, 1, 3, 741.07, 2157562, 6513
7472, 0, 4642, 6167, 4684, 848, 21.83%, 0, 1, 3, 948.27, 2160501, 6513
7477, 0, 4642, 6168, 4685, 848, 21.83%, 0, 1, 3, 752.71, 2163281, 6513
7482, 0, 4642, 6168, 4685, 848, 21.83%, 0, 1, 3, 726.41, 2166219, 6513
7487, 0, 4642, 6168, 4685, 848, 21.83%, 0, 1, 3, 785.07, 2169783, 6513
7492, 0, 4643, 6170, 4686, 847, 21.83%, 0, 1, 3, 940.47, 2173721, 6513
7497, 0, 4643, 6170, 4686, 847, 21.83%, 0, 1, 3, 855.66, 2177780, 6513
7502, 0, 4643, 6170, 4686, 847, 21.83%, 0, 1, 3, 242.85, 2179807, 6513
7508, 0, 4643, 6170, 4686, 847, 21.83%, 0, 1, 3, 474.86, 2182786, 6513
7513, 0, 4643, 6170, 4686, 847, 21.83%, 0, 1, 3, 353.36, 2185087, 6513
7519, 0, 4643, 6170, 4686, 847, 21.83%, 0, 1, 3, 508.51, 2188875, 6513
7524, 0, 4660, 6171, 4684, 846, 21.84%, 0, 1, 3, 417.72, 2191793, 6514
7529, 0, 4674, 6176, 4687, 844, 21.85%, 0, 1, 3, 589.11, 2194992, 6519
7534, 0, 4683, 6178, 4687, 843, 21.85%, 0, 1, 3, 483.42, 2197828, 6519
7539, 0, 4683, 6179, 4688, 843, 21.86%, 0, 1, 3, 869.62, 2201268, 6521
7544, 0, 4683, 6179, 4688, 843, 21.86%, 0, 1, 3, 839.76, 2204132, 6521
7549, 0, 4689, 6180, 4687, 843, 21.86%, 0, 1, 3, 134.25, 2207168, 6522
7555, 0, 4689, 6180, 4687, 843, 21.86%, 0, 1, 3, 785.63, 2210286, 6522
7560, 0, 4699, 6181, 4681, 837, 21.87%, 0, 1, 3, 745.59, 2214040, 6525
7565, 0, 4704, 6182, 4679, 834, 21.87%, 0, 1, 3, 708.40, 2216011, 6525
7570, 0, 4715, 6182, 4678, 833, 21.87%, 0, 1, 3, 538.93, 2217779, 6525
7575, 0, 4715, 6182, 4678, 833, 21.87%, 0, 1, 3, 508.01, 2219940, 6525
7580, 0, 4723, 6182, 4676, 831, 21.87%, 0, 1, 3, 132.54, 2223798, 6525
7586, 0, 4723, 6182, 4676, 831, 21.87%, 0, 1, 3, 253.42, 2225487, 6525
7591, 0, 4727, 6182, 4675, 830, 21.87%, 0, 1, 3, 476.46, 2226898, 6525
7596, 0, 4727, 6182, 4675, 830, 21.87%, 0, 1, 3, 458.32, 2228809, 6525
7602, 0, 4728, 6182, 4674, 829, 21.87%, 0, 1, 3, 421.08, 2230200, 6525
7607, 0, 4735, 6182, 4672, 827, 21.87%, 0, 1, 3, 55.78, 2232879, 6525
7612, 0, 4740, 6183, 4670, 825, 21.88%, 0, 1, 3, 308.82, 2235621, 6526
7617, 0, 4742, 6183, 4668, 823, 21.88%, 0, 1, 3, 793.94, 2237334, 6526
7622, 0, 4749, 6183, 4666, 821, 21.88%, 0, 1, 3, 197.72, 2238569, 6526
7628, 0, 4753, 6184, 4665, 819, 21.88%, 0, 1, 3, 68.11, 2240684, 6526
7634, 0, 4759, 6186, 4665, 818, 21.88%, 0, 1, 3, 0.83, 2241912, 6527
7639, 0, 4762, 6187, 4664, 817, 21.88%, 0, 1, 3, 393.59, 2243443, 6527
7645, 0, 4773, 6189, 4660, 812, 21.88%, 0, 1, 3, 534.36, 2246418, 6527
7650, 0, 4775, 6190, 4659, 811, 21.88%, 0, 1, 3, 474.65, 2248347, 6528
7655, 0, 4777, 6190, 4657, 809, 21.88%, 0, 1, 3, 569.93, 2249617, 6528
7661, 0, 4780, 6190, 4654, 806, 21.88%, 0, 1, 3, 616.47, 2252135, 6528
7667, 0, 4784, 6193, 4655, 804, 21.88%, 0, 1, 3, 398.81, 2254219, 6528
7672, 0, 4786, 6193, 4654, 804, 21.88%, 0, 1, 3, 431.10, 2255790, 6528
7677, 0, 4788, 6194, 4653, 803, 21.89%, 0, 1, 3, 174.14, 2257958, 6529
7682, 0, 4791, 6194, 4651, 801, 21.89%, 0, 1, 3, 1499.18, 2259947, 6529
7688, 0, 4791, 6195, 4652, 801, 21.89%, 0, 1, 3, 253.45, 2261299, 6530
7693, 0, 4791, 6195, 4652, 801, 21.89%, 0, 1, 3, 299.56, 2262990, 6530
7699, 0, 4793, 6196, 4651, 801, 21.89%, 0, 1, 3, 131.56, 2265535, 6531
7704, 0, 4794, 6200, 4654, 801, 21.91%, 0, 1, 3, 52.48, 2267329, 6535
7709, 0, 4795, 6201, 4654, 800, 21.91%, 0, 1, 3, 24.28, 2267929, 6535
7714, 0, 4797, 6201, 4653, 799, 21.91%, 0, 1, 3, 270.97, 2269026, 6535
7719, 0, 4799, 6203, 4653, 797, 21.91%, 0, 1, 3, 91.74, 2270465, 6535
7726, 0, 4799, 6203, 4653, 797, 21.91%, 0, 1, 3, 100.75, 2270983, 6535
7732, 0, 4799, 6203, 4653, 797, 21.91%, 0, 1, 3, 19.22, 2271319, 6535
7737, 0, 4799, 6203, 4653, 797, 21.91%, 0, 1, 3, 85.41, 2271593, 6535
7742, 0, 4799, 6203, 4653, 797, 21.91%, 0, 1, 3, 2.96, 2271951, 6535
7747, 0, 4799, 6203, 4653, 797, 21.91%, 0, 1, 3, 15.61, 2271994, 6535
7753, 0, 4799, 6203, 4653, 797, 21.91%, 0, 1, 3, 4.34, 2272020, 6535
7758, 0, 4799, 6203, 4653, 797, 21.91%, 0, 1, 3, 20.69, 2272092, 6535
7764, 0, 4799, 6203, 4653, 797, 21.91%, 0, 1, 3, 23.52, 2272238, 6535
7769, 0, 4799, 6203, 4653, 797, 21.91%, 0, 1, 3, 4.18, 2272296, 6535
7774, 0, 4799, 6203, 4653, 797, 21.91%, 0, 1, 3, 9.15, 2272369, 6535
7780, 0, 4799, 6203, 4653, 797, 21.91%, 0, 1, 3, 9.44, 2272418, 6535
7785, 0, 4799, 6203, 4653, 797, 21.91%, 0, 1, 3, 17.24, 2272518, 6535
7799, 0, 4799, 6203, 4653, 797, 21.91%, 0, 1, 3, 5.97, 2272708, 6535
7804, 0, 4799, 6203, 4653, 797, 21.91%, 0, 1, 3, 3.87, 2272735, 6535
7809, 0, 4799, 6203, 4653, 797, 21.91%, 0, 1, 3, 1.63, 2272979, 6535
7814, 0, 4799, 6203, 4653, 797, 21.91%, 0, 1, 3, 2.26, 2273026, 6535
7819, 0, 4799, 6203, 4653, 797, 21.91%, 0, 1, 3, 43.84, 2273146, 6535
7825, 0, 4800, 6203, 4652, 796, 21.91%, 0, 1, 3, 4.91, 2273317, 6535
7830, 0, 4803, 6203, 4651, 795, 21.91%, 0, 1, 3, 292.26, 2273514, 6535
7835, 0, 4803, 6203, 4651, 795, 21.91%, 0, 1, 3, 1.74, 2273658, 6535
7840, 0, 4803, 6203, 4651, 795, 21.91%, 0, 1, 3, 5.93, 2273694, 6535
7845, 0, 4810, 6203, 4650, 794, 21.91%, 0, 1, 3, 1084.55, 2274441, 6535
7851, 0, 4810, 6203, 4650, 794, 21.91%, 0, 1, 3, 3.65, 2274478, 6535
7860, 0, 4810, 6203, 4650, 794, 21.91%, 0, 1, 3, 14.81, 2274833, 6535
7866, 0, 4810, 6203, 4650, 794, 21.91%, 0, 1, 3, 3.93, 2275020, 6535
7871, 0, 4810, 6203, 4650, 794, 21.91%, 0, 1, 3, 17.42, 2275105, 6535
7877, 0, 4811, 6203, 4649, 793, 21.91%, 0, 1, 3, 0.25, 2275114, 6535
7882, 0, 4811, 6203, 4649, 793, 21.91%, 0, 1, 3, 3.71, 2275251, 6535
7888, 0, 4811, 6203, 4649, 793, 21.91%, 0, 1, 3, 12.63, 2275339, 6535
7893, 0, 4811, 6203, 4649, 793, 21.91%, 0, 1, 3, 2.14, 2275369, 6535
7899, 0, 4811, 6203, 4649, 793, 21.91%, 0, 1, 3, 4.10, 2275441, 6535
7904, 0, 4811, 6203, 4649, 793, 21.91%, 0, 1, 3, 4.41, 2275463, 6535
7910, 0, 4811, 6203, 4649, 793, 21.91%, 0, 1, 3, 8.95, 2275540, 6535
7915, 0, 4811, 6203, 4649, 793, 21.91%, 0, 1, 3, 8.12, 2275654, 6535
7921, 0, 4811, 6203, 4649, 793, 21.91%, 0, 1, 3, 1.29, 2275678, 6535
7926, 0, 4811, 6203, 4649, 793, 21.91%, 0, 1, 3, 2.12, 2275691, 6535
7933, 0, 4811, 6203, 4649, 793, 21.91%, 0, 1, 3, 2.11, 2275698, 6535
7938, 0, 4811, 6203, 4649, 793, 21.91%, 0, 1, 3, 1.96, 2275704, 6535
7943, 0, 4811, 6203, 4649, 793, 21.91%, 0, 1, 3, 1.97, 2275713, 6535
7949, 0, 4811, 6203, 4649, 793, 21.91%, 0, 1, 3, 130.72, 2275863, 6535
7954, 0, 4811, 6203, 4649, 793, 21.91%, 0, 1, 3, 3.18, 2275877, 6535
7959, 0, 4811, 6203, 4649, 793, 21.91%, 0, 1, 3, 3.09, 2275887, 6535
7965, 0, 4811, 6203, 4649, 793, 21.91%, 0, 1, 3, 3.43, 2275903, 6535
7970, 0, 4811, 6203, 4649, 793, 21.91%, 0, 1, 3, 3.41, 2275920, 6535
7975, 0, 4811, 6203, 4649, 793, 21.91%, 0, 1, 3, 2.92, 2275930, 6535
7981, 0, 4811, 6203, 4649, 793, 21.91%, 0, 1, 3, 2.64, 2275941, 6535
7986, 0, 4811, 6203, 4649, 793, 21.91%, 0, 1, 3, 2.82, 2275953, 6535
7991, 0, 4811, 6203, 4649, 793, 21.91%, 0, 1, 3, 1.69, 2276049, 6535
7997, 0, 4811, 6203, 4649, 793, 21.91%, 0, 1, 3, 1.55, 2276056, 6535
8002, 0, 4811, 6203, 4649, 793, 21.91%, 0, 1, 3, 1.77, 2276066, 6535
8007, 0, 4811, 6203, 4649, 793, 21.91%, 0, 1, 3, 1.67, 2276073, 6535
8013, 0, 4812, 6203, 4648, 792, 21.91%, 0, 1, 3, 1028.71, 2277101, 6535
8018, 0, 4819, 6205, 4645, 787, 21.91%, 0, 1, 3, 1400.98, 2284689, 6535
8023, 0, 4824, 6205, 4641, 783, 21.91%, 0, 1, 3, 1470.22, 2292272, 6535
8028, 0, 4846, 6206, 4631, 773, 21.91%, 0, 1, 3, 1596.10, 2300667, 6536
8033, 0, 4863, 6208, 4625, 766, 21.92%, 0, 1, 3, 1567.66, 2309046, 6538
8038, 0, 4871, 6209, 4620, 762, 21.92%, 0, 1, 3, 1525.29, 2316819, 6539
8043, 0, 4893, 6210, 4614, 756, 21.92%, 0, 1, 3, 1527.68, 2324481, 6540
8049, 0, 4895, 6210, 4613, 755, 21.92%, 0, 1, 3, 1671.65, 2333475, 6540
8054, 0, 4895, 6211, 4614, 755, 21.92%, 0, 1, 3, 1604.31, 2341857, 6540
8059, 0, 4895, 6211, 4614, 755, 21.92%, 0, 1, 3, 1595.88, 2349671, 6540
8064, 0, 4896, 6211, 4613, 754, 21.92%, 0, 1, 3, 1585.25, 2357666, 6540
8069, 0, 4896, 6211, 4613, 754, 21.92%, 0, 1, 3, 1662.06, 2366328, 6540
8074, 0, 4896, 6211, 4613, 754, 21.92%, 0, 1, 3, 1722.63, 2375621, 6540
8079, 0, 4897, 6212, 4613, 753, 21.92%, 0, 1, 3, 1790.99, 2385004, 6540
8084, 0, 4898, 6212, 4612, 753, 21.92%, 0, 1, 3, 1663.06, 2393343, 6540
8089, 0, 4903, 6212, 4611, 752, 21.92%, 0, 1, 3, 1733.99, 2402416, 6540
8095, 0, 4904, 6212, 4610, 751, 21.92%, 0, 1, 3, 1640.78, 2410892, 6540
8100, 0, 4906, 6212, 4609, 750, 21.92%, 0, 1, 3, 1700.91, 2419579, 6540
8105, 0, 4914, 6215, 4608, 748, 21.93%, 0, 1, 3, 1588.21, 2427771, 6541
8110, 0, 4937, 6215, 4605, 746, 21.93%, 0, 1, 3, 1596.39, 2436234, 6541
8115, 0, 4952, 6219, 4606, 744, 21.93%, 0, 1, 3, 1498.15, 2443939, 6541
8120, 0, 4970, 6220, 4601, 739, 21.94%, 0, 1, 3, 1527.39, 2451886, 6543
8125, 0, 4988, 6226, 4599, 734, 21.96%, 0, 1, 3, 1475.91, 2459299, 6550
8130, 0, 5014, 6226, 4591, 727, 21.96%, 0, 1, 3, 1690.33, 2468242, 6550
8135, 0, 5023, 6226, 4587, 723, 21.96%, 0, 1, 3, 1684.11, 2476659, 6550
8141, 0, 5043, 6227, 4579, 715, 21.96%, 0, 1, 3, 1738.44, 2485647, 6550
8146, 0, 5055, 6231, 4577, 713, 21.98%, 0, 1, 3, 1681.04, 2494296, 6556
8151, 0, 5058, 6232, 4576, 712, 21.98%, 0, 1, 3, 1795.67, 2503718, 6556
8156, 0, 5064, 6233, 4571, 706, 21.98%, 0, 1, 3, 1682.62, 2512392, 6557
8161, 0, 5076, 6234, 4566, 702, 21.98%, 0, 1, 3, 1680.08, 2521008, 6557
8166, 0, 5092, 6237, 4557, 692, 21.99%, 0, 1, 3, 1586.07, 2529079, 6560
8172, 0, 5111, 6238, 4542, 677, 22.00%, 0, 1, 3, 1633.23, 2537624, 6561
8177, 0, 5122, 6238, 4534, 669, 22.00%, 0, 1, 3, 1570.34, 2545633, 6561
8182, 0, 5138, 6249, 4539, 672, 22.03%, 0, 1, 3, 1578.40, 2553915, 6571
8187, 0, 5165, 6249, 4530, 664, 22.03%, 0, 1, 3, 1538.29, 2561407, 6571
8192, 0, 5171, 6251, 4529, 663, 22.04%, 0, 1, 3, 1560.41, 2569505, 6573
8197, 0, 5189, 6252, 4521, 655, 22.04%, 0, 1, 3, 1555.57, 2577353, 6574
8202, 0, 5222, 6252, 4512, 646, 22.04%, 0, 1, 3, 1573.73, 2585538, 6574
8207, 0, 5264, 6255, 4500, 633, 22.04%, 0, 1, 3, 1523.16, 2593152, 6574
8213, 0, 5270, 6256, 4497, 630, 22.04%, 0, 1, 3, 1648.40, 2602019, 6575
8218, 0, 5278, 6257, 4490, 622, 22.04%, 0, 1, 3, 1619.66, 2610167, 6575
8223, 0, 5299, 6257, 4480, 612, 22.04%, 0, 1, 3, 1657.93, 2618665, 6575
8228, 0, 5311, 6260, 4477, 607, 22.04%, 0, 1, 3, 1590.55, 2626538, 6575
8233, 0, 5316, 6260, 4475, 605, 22.04%, 0, 1, 3, 1629.22, 2635179, 6575
8238, 0, 5329, 6262, 4471, 601, 22.05%, 0, 1, 3, 1607.81, 2643164, 6578
8243, 0, 5336, 6262, 4465, 595, 22.05%, 0, 1, 3, 1667.19, 2651793, 6578
8248, 0, 5344, 6262, 4458, 588, 22.05%, 0, 1, 3, 1556.46, 2659721, 6578
8253, 0, 5356, 6262, 4450, 580, 22.05%, 0, 1, 3, 1659.00, 2667995, 6578
8259, 0, 5358, 6271, 4457, 578, 22.05%, 0, 1, 3, 1646.26, 2676150, 6578
8264, 0, 5359, 6271, 4456, 583, 22.05%, 0, 1, 3, 1654.13, 2684609, 6578
8269, 0, 5368, 6271, 4447, 574, 22.05%, 0, 1, 3, 1537.74, 2692231, 6578
8274, 0, 5378, 6271, 4438, 565, 22.05%, 0, 1, 3, 1520.85, 2699990, 6578
8279, 0, 5410, 6273, 4429, 554, 22.05%, 0, 1, 3, 1479.23, 2707231, 6578
8284, 0, 5416, 6275, 4428, 552, 22.06%, 0, 1, 3, 1574.47, 2715394, 6580
8289, 0, 5427, 6280, 4430, 553, 22.07%, 0, 1, 3, 1555.34, 2723340, 6583
8294, 0, 5443, 6281, 4419, 541, 22.07%, 0, 1, 3, 1597.22, 2731561, 6584
8299, 0, 5465, 6281, 4408, 531, 22.07%, 0, 1, 3, 1517.50, 2739001, 6584
8304, 0, 5477, 6293, 4413, 534, 22.11%, 0, 1, 3, 1586.34, 2747267, 6594
8310, 0, 5485, 6299, 4413, 533, 22.14%, 0, 1, 3, 1521.83, 2754837, 6605
8315, 0, 5496, 6299, 4402, 522, 22.14%, 0, 1, 3, 1619.90, 2763349, 6605
8320, 0, 5511, 6302, 4394, 513, 22.15%, 0, 1, 3, 1565.86, 2771293, 6607
8325, 0, 5526, 6304, 4384, 503, 22.15%, 0, 1, 3, 1582.58, 2779446, 6607
8330, 0, 5539, 6305, 4373, 491, 22.15%, 0, 1, 3, 1548.86, 2787112, 6607
8335, 0, 5552, 6309, 4365, 480, 22.15%, 0, 1, 4, 1542.69, 2794964, 6608
8340, 0, 5562, 6338, 4384, 479, 22.38%, 0, 1, 4, 1602.47, 2802966, 6675
8345, 0, 5562, 6350, 4396, 479, 22.43%, 0, 1, 4, 1732.46, 2812304, 6692
8351, 0, 5583, 6352, 4385, 494, 22.44%, 0, 1, 4, 1601.76, 2820266, 6694
8356, 0, 5598, 6364, 4385, 489, 22.49%, 0, 1, 4, 1494.72, 2827878, 6708
8361, 0, 5612, 6377, 4388, 485, 22.57%, 0, 1, 4, 1489.39, 2835488, 6733
8366, 0, 5630, 6391, 4391, 484, 22.63%, 0, 1, 4, 1433.49, 2842799, 6751
8371, 0, 5642, 6414, 4410, 484, 22.72%, 0, 1, 4, 1433.90, 2849818, 6777
8376, 0, 5642, 6425, 4421, 484, 22.76%, 0, 1, 4, 1428.31, 2857018, 6788
8381, 0, 5655, 6442, 4429, 493, 22.77%, 0, 1, 4, 1385.88, 2863878, 6792
8386, 0, 5668, 6453, 4432, 496, 22.84%, 0, 1, 4, 1387.04, 2871037, 6812
8391, 0, 5675, 6454, 4428, 492, 22.84%, 0, 1, 4, 1473.65, 2878515, 6813
8397, 0, 5681, 6460, 4429, 492, 22.90%, 0, 1, 4, 1440.86, 2885936, 6832
8402, 0, 5688, 6465, 4428, 492, 22.93%, 0, 1, 4, 1429.68, 2893276, 6839
8407, 0, 5698, 6467, 4424, 488, 22.96%, 0, 1, 4, 1464.95, 2900961, 6848
8412, 0, 5718, 6474, 4420, 483, 22.99%, 0, 1, 4, 1492.44, 2908664, 6857
8417, 0, 5738, 6489, 4422, 483, 23.04%, 0, 1, 4, 1518.30, 2915689, 6873
8422, 0, 5751, 6490, 4413, 474, 23.05%, 0, 1, 4, 1433.96, 2922731, 6875
8427, 0, 5770, 6495, 4409, 466, 23.05%, 0, 1, 4, 1475.32, 2930360, 6875
8433, 0, 5787, 6502, 4404, 457, 23.10%, 0, 1, 4, 1388.84, 2937249, 6891
8438, 0, 5798, 6521, 4417, 467, 23.16%, 0, 1, 4, 1341.96, 2944005, 6908
8443, 0, 5806, 6529, 4420, 463, 23.16%, 0, 1, 4, 120.44, 2949371, 6908
8448, 0, 5811, 6530, 4417, 459, 23.16%, 0, 1, 4, 1540.11, 2957446, 6908
8453, 0, 5819, 6532, 4414, 455, 23.16%, 0, 1, 4, 1435.97, 2964844, 6908
8459, 0, 5826, 6540, 4417, 452, 23.16%, 0, 1, 4, 1468.44, 2972461, 6908
8464, 0, 5847, 6553, 4419, 446, 23.19%, 0, 1, 4, 1363.78, 2979404, 6918
8469, 0, 5856, 6553, 4414, 441, 23.19%, 0, 1, 4, 1434.02, 2986836, 6918
8654, 0, 5857, 6554, 4414, 440, 23.19%, 0, 1, 4, 1.82, 2992354, 6918
8659, 0, 5858, 6554, 4413, 439, 23.19%, 0, 1, 4, 1256.89, 2999824, 6918
8664, 0, 5859, 6554, 4412, 438, 23.19%, 0, 1, 4, 1434.95, 3007369, 6918
8669, 0, 5860, 6554, 4411, 437, 23.19%, 0, 1, 4, 1654.20, 3016240, 6918
8674, 0, 5860, 6554, 4411, 437, 23.19%, 0, 1, 4, 1734.19, 3025220, 6918
8680, 0, 5862, 6555, 4411, 437, 23.20%, 0, 1, 4, 1694.49, 3033896, 6919
8865, 0, 5862, 6555, 4411, 437, 23.20%, 0, 1, 4, 1.30, 3040249, 6919
8870, 0, 5863, 6555, 4410, 436, 23.20%, 0, 1, 4, 1562.75, 3047690, 6919
8875, 0, 5863, 6555, 4410, 436, 23.20%, 0, 1, 4, 1638.02, 3055918, 6919
8880, 0, 5864, 6555, 4409, 435, 23.20%, 0, 1, 4, 1594.39, 3064160, 6919
8885, 0, 5866, 6555, 4408, 434, 23.20%, 0, 1, 4, 1640.26, 3072696, 6919
8890, 0, 5867, 6556, 4408, 433, 23.20%, 0, 1, 4, 1596.54, 3081058, 6920
9078, 0, 5871, 6558, 4408, 432, 23.20%, 0, 1, 4, 2.48, 3087618, 6920
9084, 0, 5871, 6559, 4409, 432, 23.20%, 0, 1, 4, 1088.85, 3090354, 6920
9089, 0, 5877, 6560, 4405, 428, 23.20%, 0, 1, 4, 2540.00, 3092370, 6921
9094, 0, 5887, 6560, 4399, 422, 23.20%, 0, 1, 4, 209.18, 3094031, 6921
9099, 0, 5894, 6563, 4400, 421, 23.21%, 0, 1, 4, 265.61, 3095844, 6922
9104, 0, 5897, 6563, 4398, 420, 23.21%, 0, 1, 4, 427.36, 3097544, 6922
9290, 0, 5897, 6563, 4398, 420, 23.21%, 0, 1, 4, 0.15, 3097857, 6922
9295, 0, 5911, 6569, 4398, 416, 23.21%, 0, 1, 4, 1329.95, 3104561, 6924
9300, 0, 5924, 6573, 4389, 407, 23.24%, 0, 1, 4, 1379.88, 3111418, 6932
9305, 0, 5952, 6578, 4384, 398, 23.24%, 0, 1, 4, 1644.74, 3120406, 6933
9311, 0, 5966, 6587, 4381, 394, 23.31%, 0, 1, 4, 1564.46, 3128375, 6953
9316, 0, 5982, 6587, 4376, 389, 23.31%, 0, 1, 4, 1520.38, 3136060, 6953
9501, 0, 5997, 6591, 4373, 383, 23.31%, 0, 1, 4, 1.92, 3143519, 6953
9506, 0, 6003, 6592, 4371, 380, 23.31%, 0, 2, 4, 1321.78, 3145484, 6953
9511, 0, 6018, 6594, 4365, 374, 23.31%, 0, 2, 4, 1405.44, 3152982, 6954
9516, 0, 6037, 6602, 4364, 370, 23.34%, 0, 2, 4, 1650.14, 3161971, 6962
9521, 0, 6037, 6602, 4364, 370, 23.34%, 0, 2, 4, 1717.91, 3170629, 6962
9526, 0, 6040, 6603, 4364, 369, 23.34%, 0, 2, 4, 1700.91, 3179196, 6962
9711, 0, 6052, 6608, 4362, 365, 23.35%, 0, 2, 4, 1.09, 3187844, 6964
9716, 0, 6057, 6610, 4360, 363, 23.35%, 0, 2, 4, 1078.58, 3193987, 6965
9721, 0, 6066, 6610, 4356, 359, 23.35%, 0, 2, 4, 1203.17, 3200246, 6965
9726, 0, 6067, 6610, 4355, 358, 23.35%, 0, 2, 4, 1338.32, 3206973, 6965
9732, 0, 6067, 6616, 4361, 358, 23.35%, 0, 2, 4, 1371.44, 3214337, 6965
9737, 0, 6067, 6619, 4364, 358, 23.35%, 0, 2, 4, 1342.90, 3221267, 6965
