# relative_time, cycles_done, cur_item, corpus_count, pending_total, pending_favs, map_size, saved_crashes, saved_hangs, max_depth, execs_per_sec, total_execs, edges_found
156, 0, 0, 30, 30, 5, 3.02%, 0, 0, 2, 0.18, 856, 901
161, 0, 0, 40, 40, 5, 3.08%, 0, 0, 2, 139.28, 1635, 919
167, 0, 0, 45, 45, 5, 3.13%, 0, 0, 2, 140.06, 2374, 934
172, 0, 0, 46, 46, 5, 3.13%, 0, 0, 2, 149.15, 3176, 934
177, 0, 0, 48, 48, 5, 3.13%, 0, 0, 2, 141.52, 3875, 934
182, 0, 0, 50, 50, 5, 3.17%, 0, 0, 2, 164.55, 4752, 946
4217, 0, 0, 52, 52, 5, 3.17%, 0, 0, 2, 0.00, 5347, 946
4368, 0, 0, 52, 52, 5, 3.17%, 0, 0, 2, 0.25, 5385, 946
4373, 0, 0, 53, 53, 5, 3.17%, 0, 0, 2, 153.75, 6147, 947
4378, 0, 0, 57, 57, 5, 3.20%, 0, 0, 2, 149.00, 6978, 954
4383, 0, 0, 60, 60, 5, 3.20%, 0, 0, 2, 154.68, 7783, 955
4388, 0, 0, 61, 61, 5, 3.20%, 0, 0, 2, 157.97, 8522, 956
4393, 0, 0, 62, 62, 5, 3.20%, 0, 0, 2, 154.24, 9363, 956
4578, 0, 0, 63, 63, 5, 3.21%, 0, 0, 2, 0.10, 10036, 957
4583, 0, 0, 64, 64, 5, 3.21%, 0, 0, 2, 181.67, 10898, 957
4588, 0, 0, 66, 66, 5, 3.21%, 0, 0, 2, 143.80, 11577, 959
4593, 0, 0, 67, 67, 5, 3.27%, 0, 0, 2, 124.76, 12202, 974
4599, 0, 0, 67, 67, 5, 3.27%, 0, 0, 2, 134.06, 12864, 974
4604, 0, 0, 68, 68, 5, 3.27%, 0, 0, 2, 149.08, 13637, 976
4789, 0, 0, 69, 69, 5, 3.28%, 0, 0, 2, 0.10, 14362, 978
4794, 0, 0, 69, 69, 5, 3.28%, 0, 0, 2, 154.01, 15202, 978
4799, 0, 0, 70, 70, 5, 3.28%, 0, 0, 2, 144.05, 15937, 978
4804, 0, 0, 70, 70, 5, 3.28%, 0, 0, 2, 119.50, 16513, 978
4809, 0, 0, 71, 71, 5, 3.28%, 0, 0, 2, 125.29, 17142, 979
4814, 0, 0, 72, 72, 5, 3.28%, 0, 0, 2, 145.17, 17901, 979
8425, 0, 0, 75, 75, 5, 3.30%, 0, 0, 2, 0.00, 18552, 985
8576, 0, 0, 75, 75, 5, 3.30%, 0, 0, 2, 0.17, 18577, 985
8581, 0, 0, 76, 76, 5, 3.31%, 0, 0, 2, 178.54, 19505, 988
8586, 0, 0, 77, 77, 5, 3.32%, 0, 0, 2, 161.99, 20331, 989
8591, 0, 0, 79, 79, 5, 3.36%, 0, 0, 2, 208.59, 21402, 1002
8597, 0, 0, 80, 80, 5, 3.36%, 0, 0, 2, 188.76, 22386, 1002
8602, 0, 0, 81, 81, 5, 3.36%, 0, 0, 2, 154.16, 23124, 1002
8787, 0, 0, 81, 81, 5, 3.36%, 0, 0, 2, 0.07, 23809, 1002
8792, 0, 0, 82, 82, 5, 3.36%, 0, 0, 2, 166.49, 24668, 1003
8797, 0, 0, 84, 84, 5, 3.38%, 0, 0, 2, 187.25, 25627, 1009
8802, 0, 1, 249, 248, 4, 3.82%, 0, 0, 2, 431.65, 27592, 1140
8807, 0, 1, 616, 615, 4, 5.21%, 0, 0, 2, 603.08, 30889, 1553
8812, 0, 1, 926, 925, 4, 6.13%, 0, 0, 2, 593.86, 33783, 1829
8997, 0, 1, 1152, 1151, 4, 6.88%, 0, 0, 2, 0.24, 35818, 2053
9002, 0, 1, 1594, 1593, 4, 8.52%, 0, 0, 2, 745.16, 39561, 2542
9007, 0, 1, 2096, 2095, 4, 10.04%, 0, 0, 2, 803.43, 43745, 2996
9012, 0, 1, 2455, 2454, 4, 10.98%, 0, 0, 2, 637.69, 46754, 3274
9018, 0, 1, 2919, 2918, 4, 12.13%, 0, 0, 2, 697.91, 50643, 3617
9023, 0, 1, 3242, 3241, 4, 12.93%, 0, 0, 2, 568.18, 53381, 3857
9208, 0, 1, 3540, 3539, 4, 13.63%, 0, 0, 2, 0.28, 55906, 4067
9213, 0, 1, 4015, 4014, 4, 14.59%, 0, 0, 2, 786.79, 60018, 4352
9218, 0, 1, 4539, 4538, 4, 15.90%, 0, 0, 2, 830.50, 64433, 4743
9223, 0, 1, 4963, 4962, 4, 16.69%, 0, 0, 2, 686.34, 67910, 4979
9228, 0, 1, 5370, 5369, 4, 18.51%, 0, 0, 2, 685.37, 71467, 5522
9234, 0, 1, 5812, 5811, 4, 20.33%, 0, 0, 2, 698.94, 75018, 6063
9418, 0, 1, 6225, 6224, 4, 21.71%, 0, 0, 2, 0.18, 78332, 6477
9423, 0, 1, 6868, 6867, 4, 23.68%, 0, 0, 2, 1019.75, 83494, 7063
9428, 0, 33, 6894, 6888, 2332, 23.76%, 0, 0, 2, 164.73, 84835, 7086
9434, 0, 35, 6894, 6887, 2331, 23.76%, 0, 0, 2, 150.80, 85606, 7086
9439, 0, 54, 6894, 6883, 2327, 23.76%, 0, 0, 2, 284.79, 87089, 7086
9444, 0, 85, 6894, 6878, 2322, 23.76%, 0, 0, 2, 189.09, 87831, 7086
9629, 0, 85, 6894, 6878, 2322, 23.76%, 0, 0, 2, 0.06, 88088, 7086
9634, 0, 85, 6894, 6878, 2322, 23.76%, 0, 0, 2, 57.39, 88419, 7086
9639, 0, 104, 6896, 6879, 2322, 23.76%, 0, 0, 2, 69.88, 88779, 7086
9644, 0, 104, 6896, 6879, 2322, 23.76%, 0, 0, 2, 60.09, 89071, 7086
9649, 0, 104, 6896, 6879, 2322, 23.76%, 0, 0, 2, 56.38, 89357, 7086
9654, 0, 104, 6896, 6879, 2322, 23.76%, 0, 0, 2, 54.68, 89638, 7086
9839, 0, 104, 6896, 6879, 2322, 23.76%, 0, 0, 2, 0.01, 89868, 7086
9844, 0, 104, 6897, 6880, 2322, 23.76%, 0, 0, 2, 67.37, 90254, 7086
9850, 0, 104, 6897, 6880, 2322, 23.76%, 0, 0, 2, 62.31, 90574, 7086
9855, 0, 104, 6897, 6880, 2322, 23.76%, 0, 0, 2, 60.08, 90883, 7086
9860, 0, 104, 6897, 6880, 2322, 23.76%, 0, 0, 2, 57.57, 91185, 7086
9865, 0, 104, 6897, 6880, 2322, 23.76%, 0, 0, 2, 62.32, 91497, 7086
10050, 0, 104, 6897, 6880, 2322, 23.76%, 0, 0, 2, 0.02, 91733, 7086
10055, 0, 104, 6897, 6880, 2322, 23.76%, 0, 0, 2, 62.66, 92055, 7086
10060, 0, 104, 6897, 6880, 2322, 23.76%, 0, 0, 2, 63.92, 92398, 7086
10065, 0, 104, 6897, 6880, 2322, 23.76%, 0, 0, 2, 61.95, 92706, 7086
10070, 0, 104, 6897, 6880, 2322, 23.76%, 0, 0, 2, 67.85, 93048, 7086
10075, 0, 127, 6897, 6879, 2322, 23.76%, 0, 0, 2, 59.40, 93350, 7086
10260, 0, 127, 6897, 6879, 2322, 23.76%, 0, 0, 2, 0.05, 93619, 7086
10265, 0, 136, 6897, 6878, 2322, 23.76%, 0, 0, 2, 66.10, 93960, 7086
10270, 0, 136, 6898, 6879, 2322, 23.76%, 0, 0, 2, 58.93, 94249, 7086
10275, 0, 136, 6899, 6880, 2322, 23.76%, 0, 0, 2, 52.15, 94514, 7086
10280, 0, 136, 6900, 6881, 2322, 23.76%, 0, 0, 2, 62.28, 94827, 7086
10286, 0, 136, 6900, 6881, 2322, 23.76%, 0, 0, 2, 58.85, 95123, 7086
10471, 0, 136, 6900, 6881, 2322, 23.76%, 0, 0, 2, 0.01, 95402, 7086
10476, 0, 136, 6900, 6881, 2322, 23.76%, 0, 0, 2, 52.93, 95688, 7086
10481, 0, 136, 6900, 6881, 2322, 23.76%, 0, 0, 2, 65.44, 96012, 7086
10486, 0, 136, 6901, 6882, 2322, 23.76%, 0, 0, 2, 66.15, 96328, 7086
10491, 0, 136, 6902, 6883, 2322, 23.76%, 0, 0, 2, 65.78, 96652, 7086
10496, 0, 136, 6903, 6884, 2322, 23.76%, 0, 0, 2, 60.69, 96981, 7086
12785, 0, 136, 6903, 6884, 2322, 23.76%, 0, 0, 2, 0.01, 97269, 7086
12791, 0, 136, 6903, 6884, 2322, 23.76%, 0, 0, 2, 57.29, 97565, 7086
12796, 0, 136, 6903, 6884, 2322, 23.76%, 0, 0, 2, 59.82, 97866, 7086
12801, 0, 136, 6903, 6884, 2322, 23.76%, 0, 0, 2, 63.30, 98205, 7086
12806, 0, 136, 6903, 6884, 2322, 23.76%, 0, 0, 2, 65.01, 98516, 7086
12811, 0, 136, 6903, 6884, 2322, 23.76%, 0, 0, 2, 55.00, 98791, 7086
12996, 0, 136, 6903, 6884, 2322, 23.76%, 0, 0, 2, 0.06, 99065, 7086
13001, 0, 136, 6904, 6885, 2322, 23.76%, 0, 0, 2, 62.26, 99389, 7086
13006, 0, 136, 6904, 6885, 2322, 23.76%, 0, 0, 2, 60.98, 99701, 7086
13011, 0, 136, 6904, 6885, 2322, 23.76%, 0, 0, 2, 50.85, 99964, 7086
13016, 0, 136, 6904, 6885, 2322, 23.76%, 0, 0, 2, 55.09, 100253, 7086
13021, 0, 136, 6904, 6885, 2322, 23.76%, 0, 0, 2, 59.74, 100547, 7086
13206, 0, 136, 6904, 6885, 2322, 23.76%, 0, 0, 2, 0.03, 100846, 7086
13212, 0, 136, 6904, 6885, 2322, 23.76%, 0, 0, 2, 60.96, 101148, 7086
13217, 0, 136, 6904, 6885, 2322, 23.76%, 0, 0, 2, 60.15, 101455, 7086
13222, 0, 136, 6904, 6885, 2322, 23.76%, 0, 0, 2, 60.72, 101755, 7086
13227, 0, 136, 6904, 6885, 2322, 23.76%, 0, 0, 2, 63.47, 102076, 7086
13232, 0, 136, 6904, 6885, 2322, 23.76%, 0, 0, 2, 59.42, 102368, 7086
13417, 0, 136, 6905, 6886, 2322, 23.76%, 0, 0, 2, 0.12, 102656, 7086
13422, 0, 136, 6906, 6887, 2322, 23.76%, 0, 0, 2, 62.56, 102971, 7086
13427, 0, 136, 6906, 6887, 2322, 23.76%, 0, 0, 2, 61.78, 103275, 7086
13432, 0, 136, 6906, 6887, 2322, 23.76%, 0, 0, 2, 61.40, 103590, 7086
13437, 0, 136, 6906, 6887, 2322, 23.76%, 0, 0, 2, 57.88, 103882, 7086
13442, 0, 136, 6906, 6887, 2322, 23.76%, 0, 0, 2, 59.49, 104197, 7086
13627, 0, 136, 6906, 6887, 2322, 23.76%, 0, 0, 2, 0.03, 104516, 7086
13632, 0, 136, 6906, 6887, 2322, 23.76%, 0, 0, 2, 51.43, 104770, 7086
13637, 0, 136, 6906, 6887, 2322, 23.76%, 0, 0, 2, 53.25, 105044, 7086
13642, 0, 136, 6906, 6887, 2322, 23.76%, 0, 0, 2, 53.81, 105320, 7086
13647, 0, 136, 6906, 6887, 2322, 23.76%, 0, 0, 2, 56.40, 105622, 7086
13653, 0, 136, 6906, 6887, 2322, 23.76%, 0, 0, 2, 50.69, 105881, 7086
13837, 0, 136, 6906, 6887, 2322, 23.76%, 0, 0, 2, 0.04, 106142, 7086
13843, 0, 136, 6906, 6887, 2322, 23.76%, 0, 0, 2, 61.62, 106469, 7086
13848, 0, 136, 6906, 6887, 2322, 23.76%, 0, 0, 2, 64.47, 106799, 7086
13853, 0, 136, 6906, 6887, 2322, 23.76%, 0, 0, 2, 58.33, 107092, 7086
13858, 0, 136, 6906, 6887, 2322, 23.76%, 0, 0, 2, 66.18, 107441, 7086
13863, 0, 136, 6906, 6887, 2322, 23.76%, 0, 0, 2, 63.96, 107762, 7086
14048, 0, 136, 6906, 6887, 2322, 23.76%, 0, 0, 2, 0.06, 108074, 7086
14053, 0, 136, 6906, 6887, 2322, 23.76%, 0, 0, 2, 62.43, 108435, 7086
14058, 0, 136, 6906, 6887, 2322, 23.76%, 0, 0, 2, 68.28, 108790, 7086
14063, 0, 136, 6906, 6887, 2322, 23.76%, 0, 0, 2, 70.77, 109144, 7086
14068, 0, 136, 6906, 6887, 2322, 23.76%, 0, 0, 2, 73.42, 109517, 7086
14073, 0, 136, 6906, 6887, 2322, 23.76%, 0, 0, 2, 64.67, 109837, 7086
14258, 0, 136, 6906, 6887, 2322, 23.76%, 0, 0, 2, 0.12, 110155, 7086
14263, 0, 136, 6906, 6887, 2322, 23.76%, 0, 0, 2, 68.53, 110509, 7086
14269, 0, 136, 6906, 6887, 2322, 23.76%, 0, 0, 2, 75.48, 110911, 7086
14274, 0, 136, 6906, 6887, 2322, 23.76%, 0, 0, 2, 58.10, 111206, 7086
14279, 0, 136, 6906, 6887, 2322, 23.76%, 0, 0, 2, 66.01, 111544, 7086
14284, 0, 136, 6906, 6887, 2322, 23.76%, 0, 0, 2, 65.12, 111884, 7086
14469, 0, 136, 6906, 6887, 2322, 23.76%, 0, 0, 2, 0.04, 112206, 7086
14474, 0, 136, 6906, 6887, 2322, 23.76%, 0, 0, 2, 68.96, 112606, 7086
14479, 0, 136, 6906, 6887, 2322, 23.76%, 0, 0, 2, 74.63, 112974, 7086
14484, 0, 149, 6906, 6886, 2322, 23.76%, 0, 0, 2, 70.93, 113327, 7086
14489, 0, 149, 6906, 6886, 2322, 23.76%, 0, 0, 2, 64.95, 113655, 7086
14494, 0, 177, 6972, 6951, 2335, 23.88%, 0, 0, 2, 104.10, 114829, 7122
14679, 0, 177, 6972, 6951, 2335, 23.88%, 0, 0, 2, 0.14, 115323, 7122
14684, 0, 177, 6974, 6953, 2335, 23.88%, 0, 0, 2, 104.14, 115893, 7122
14689, 0, 177, 6974, 6953, 2335, 23.88%, 0, 0, 2, 95.27, 116380, 7122
14694, 0, 177, 6974, 6953, 2335, 23.88%, 0, 0, 2, 89.92, 116810, 7122
14699, 0, 177, 6974, 6953, 2335, 23.88%, 0, 0, 2, 96.63, 117293, 7122
14705, 0, 177, 6974, 6953, 2335, 23.88%, 0, 0, 2, 118.27, 117863, 7122
16994, 0, 177, 6975, 6954, 2335, 23.88%, 0, 0, 2, 0.00, 118328, 7122
16999, 0, 177, 6975, 6954, 2335, 23.88%, 0, 0, 2, 94.57, 118819, 7122
17004, 0, 177, 6975, 6954, 2335, 23.88%, 0, 0, 2, 110.88, 119390, 7122
17009, 0, 177, 6975, 6954, 2335, 23.88%, 0, 0, 2, 114.64, 119978, 7122
17014, 0, 177, 6975, 6954, 2335, 23.88%, 0, 0, 2, 115.20, 120568, 7122
17019, 0, 177, 6975, 6954, 2335, 23.88%, 0, 0, 2, 121.57, 121180, 7122
17204, 0, 177, 6975, 6954, 2335, 23.88%, 0, 0, 2, 0.16, 121688, 7122
17209, 0, 177, 6975, 6954, 2335, 23.88%, 0, 0, 2, 117.46, 122248, 7122
17215, 0, 177, 6975, 6954, 2335, 23.88%, 0, 0, 2, 101.88, 122760, 7122
17220, 0, 177, 6975, 6954, 2335, 23.88%, 0, 0, 2, 100.90, 123280, 7122
17225, 0, 177, 6976, 6955, 2335, 23.88%, 0, 0, 2, 96.91, 123762, 7122
17230, 0, 177, 6976, 6955, 2335, 23.88%, 0, 0, 2, 99.80, 124274, 7122
17415, 0, 177, 6976, 6955, 2335, 23.88%, 0, 0, 2, 0.03, 124783, 7122
17420, 0, 177, 6976, 6955, 2335, 23.88%, 0, 0, 2, 99.99, 125347, 7122
17425, 0, 177, 6976, 6955, 2335, 23.88%, 0, 0, 2, 101.89, 125863, 7122
17430, 0, 177, 6976, 6955, 2335, 23.88%, 0, 0, 2, 84.98, 126295, 7122
17435, 0, 177, 6976, 6955, 2335, 23.88%, 0, 0, 2, 118.96, 126929, 7122
17440, 0, 177, 6976, 6955, 2335, 23.88%, 0, 0, 2, 113.34, 127519, 7122
17625, 0, 177, 6976, 6955, 2335, 23.88%, 0, 0, 2, 0.01, 128083, 7122
17630, 0, 177, 6976, 6955, 2335, 23.88%, 0, 0, 2, 107.69, 128647, 7122
17635, 0, 177, 6976, 6955, 2335, 23.88%, 0, 0, 2, 99.08, 129130, 7122
17640, 0, 177, 6976, 6955, 2335, 23.88%, 0, 0, 2, 107.69, 129681, 7122
17645, 0, 177, 6976, 6955, 2335, 23.88%, 0, 0, 2, 106.27, 130249, 7122
17651, 0, 177, 6977, 6956, 2335, 23.88%, 0, 0, 2, 87.67, 130674, 7122
17835, 0, 177, 6977, 6956, 2335, 23.88%, 0, 0, 2, 0.07, 131138, 7122
17840, 0, 177, 6977, 6956, 2335, 23.88%, 0, 0, 2, 112.83, 131714, 7122
17846, 0, 177, 6977, 6956, 2335, 23.88%, 0, 0, 2, 97.44, 132146, 7122
17851, 0, 177, 6977, 6956, 2335, 23.88%, 0, 0, 2, 100.15, 132670, 7122
17856, 0, 177, 6977, 6956, 2335, 23.88%, 0, 0, 2, 111.18, 133238, 7122
17861, 0, 185, 6977, 6955, 2335, 23.88%, 0, 0, 2, 119.04, 133870, 7122
21051, 0, 186, 7068, 7045, 2334, 24.01%, 0, 0, 2, 0.03, 135032, 7161
21202, 0, 186, 7079, 7056, 2334, 24.02%, 0, 0, 2, 0.64, 135128, 7165
21207, 0, 206, 7322, 7299, 2436, 24.68%, 0, 0, 2, 89.89, 137620, 7363
21212, 0, 238, 7323, 7298, 2434, 24.68%, 0, 0, 2, 109.08, 138192, 7363
21217, 0, 238, 7324, 7299, 2434, 24.68%, 0, 0, 2, 88.54, 138615, 7363
21222, 0, 238, 7325, 7300, 2434, 24.68%, 0, 0, 2, 107.60, 139166, 7363
21227, 0, 238, 7327, 7302, 2434, 24.68%, 0, 0, 2, 123.55, 139836, 7363
21412, 0, 238, 7327, 7302, 2434, 24.68%, 0, 0, 2, 0.06, 140356, 7363
21417, 0, 238, 7327, 7302, 2434, 24.68%, 0, 0, 2, 103.34, 140920, 7363
21422, 0, 238, 7327, 7302, 2434, 24.68%, 0, 0, 2, 120.20, 141558, 7363
21427, 0, 238, 7327, 7302, 2434, 24.68%, 0, 0, 2, 102.70, 142064, 7363
21432, 0, 238, 7327, 7302, 2434, 24.68%, 0, 0, 2, 114.62, 142650, 7363
21437, 0, 238, 7327, 7302, 2434, 24.68%, 0, 0, 2, 119.34, 143232, 7363
21623, 0, 238, 7327, 7302, 2434, 24.68%, 0, 0, 2, 0.08, 143726, 7363
21628, 0, 238, 7327, 7302, 2434, 24.68%, 0, 0, 2, 96.96, 144235, 7363
21633, 0, 238, 7327, 7302, 2434, 24.68%, 0, 0, 2, 107.60, 144826, 7363
21638, 0, 238, 7327, 7302, 2434, 24.68%, 0, 0, 2, 89.54, 145272, 7363
21643, 0, 238, 7327, 7302, 2434, 24.68%, 0, 0, 2, 118.49, 145838, 7363
21648, 0, 238, 7327, 7302, 2434, 24.68%, 0, 0, 2, 105.80, 146368, 7363
21833, 0, 238, 7327, 7302, 2434, 24.68%, 0, 0, 2, 0.09, 146741, 7363
21838, 0, 238, 7327, 7302, 2434, 24.68%, 0, 0, 2, 91.81, 147243, 7363
21843, 0, 238, 7327, 7302, 2434, 24.68%, 0, 0, 2, 102.52, 147756, 7363
21848, 0, 238, 7328, 7303, 2434, 24.68%, 0, 0, 2, 107.99, 148289, 7363
21853, 0, 238, 7328, 7303, 2434, 24.68%, 0, 0, 2, 102.61, 148772, 7363
21858, 0, 238, 7328, 7303, 2434, 24.68%, 0, 0, 2, 90.88, 149243, 7363
22043, 0, 238, 7328, 7303, 2434, 24.68%, 0, 0, 2, 0.02, 149613, 7363
22048, 0, 238, 7328, 7303, 2434, 24.68%, 0, 0, 2, 87.80, 150085, 7363
22053, 0, 238, 7328, 7303, 2434, 24.68%, 0, 0, 2, 96.69, 150575, 7363
22059, 0, 238, 7328, 7303, 2434, 24.68%, 0, 0, 2, 77.75, 150943, 7363
22064, 0, 238, 7328, 7303, 2434, 24.68%, 0, 0, 2, 82.82, 151353, 7363
22069, 0, 238, 7328, 7303, 2434, 24.68%, 0, 0, 2, 80.96, 151757, 7363
22254, 0, 238, 7328, 7303, 2434, 24.68%, 0, 0, 2, 0.01, 152339, 7363
22259, 0, 238, 7328, 7303, 2434, 24.68%, 0, 0, 2, 97.19, 152872, 7363
22264, 0, 238, 7328, 7303, 2434, 24.68%, 0, 0, 2, 89.30, 153330, 7363
22269, 0, 238, 7328, 7303, 2434, 24.68%, 0, 0, 2, 103.15, 153909, 7363
22274, 0, 238, 7328, 7303, 2434, 24.68%, 0, 0, 2, 110.60, 154501, 7363
22279, 0, 238, 7328, 7303, 2434, 24.68%, 0, 0, 2, 104.44, 155051, 7363
22464, 0, 238, 7328, 7303, 2434, 24.68%, 0, 0, 2, 0.08, 155517, 7363
22469, 0, 238, 7329, 7304, 2434, 24.68%, 0, 0, 2, 119.86, 156074, 7363
22474, 0, 238, 7329, 7304, 2434, 24.68%, 0, 0, 2, 85.82, 156459, 7363
22479, 0, 238, 7329, 7304, 2434, 24.68%, 0, 0, 2, 85.83, 156854, 7363
22484, 0, 238, 7329, 7304, 2434, 24.68%, 0, 0, 2, 94.39, 157308, 7363
22489, 0, 252, 7329, 7303, 2433, 24.68%, 0, 0, 2, 91.04, 157764, 7363
22674, 0, 253, 7635, 7608, 2432, 25.87%, 0, 0, 2, 0.58, 160529, 7718
22679, 0, 253, 7833, 7806, 2432, 26.96%, 0, 2, 2, 831.78, 162189, 8043
22685, 0, 253, 8078, 8051, 2432, 28.01%, 0, 2, 2, 24.42, 164262, 8356
22690, 0, 253, 8337, 8310, 2432, 28.64%, 0, 2, 2, 9.47, 166466, 8542
22697, 0, 253, 8461, 8434, 2432, 29.45%, 0, 2, 2, 3.43, 167500, 8786
22702, 0, 264, 8954, 8927, 3115, 30.45%, 0, 2, 2, 95.59, 171832, 9082
25260, 0, 264, 8954, 8927, 3115, 30.45%, 0, 2, 2, 0.00, 172136, 9082
25410, 0, 264, 8954, 8927, 3115, 30.45%, 0, 2, 2, 0.10, 172151, 9082
25415, 0, 269, 9040, 9011, 3113, 30.77%, 0, 2, 2, 1010.05, 173492, 9179
25421, 0, 269, 9784, 9755, 3113, 32.18%, 0, 2, 2, 1223.66, 179872, 9599
25426, 0, 274, 10376, 10347, 3613, 33.33%, 0, 2, 2, 169.03, 185096, 9942
25431, 0, 274, 10377, 10348, 3613, 33.33%, 0, 2, 2, 126.91, 185693, 9942
25436, 0, 274, 10377, 10348, 3613, 33.33%, 0, 2, 2, 133.83, 186349, 9942
25621, 0, 274, 10377, 10348, 3613, 33.33%, 0, 2, 2, 0.07, 186993, 9942
25626, 0, 274, 10377, 10348, 3613, 33.33%, 0, 2, 2, 98.85, 187485, 9942
25631, 0, 274, 10377, 10348, 3613, 33.33%, 0, 2, 2, 106.70, 188065, 9942
25636, 0, 274, 10377, 10348, 3613, 33.33%, 0, 2, 2, 101.42, 188559, 9942
25641, 0, 274, 10377, 10348, 3613, 33.33%, 0, 2, 2, 109.32, 189137, 9942
25646, 0, 274, 10378, 10349, 3613, 33.33%, 0, 2, 2, 105.80, 189692, 9942
25831, 0, 274, 10378, 10349, 3613, 33.33%, 0, 2, 2, 0.07, 190108, 9942
25836, 0, 274, 10379, 10350, 3613, 33.33%, 0, 2, 2, 99.44, 190670, 9942
25841, 0, 274, 10379, 10350, 3613, 33.33%, 0, 2, 2, 93.80, 191175, 9942
25846, 0, 274, 10379, 10350, 3613, 33.33%, 0, 2, 2, 95.39, 191675, 9942
25851, 0, 274, 10379, 10350, 3613, 33.33%, 0, 2, 2, 107.51, 192215, 9942
25857, 0, 274, 10379, 10350, 3613, 33.33%, 0, 2, 2, 115.12, 192793, 9942
26041, 0, 274, 10379, 10350, 3613, 33.33%, 0, 2, 2, 0.03, 193343, 9942
26046, 0, 274, 10379, 10350, 3613, 33.33%, 0, 2, 2, 137.11, 194001, 9942
26052, 0, 274, 10379, 10350, 3613, 33.33%, 0, 2, 2, 135.25, 194683, 9942
26057, 0, 274, 10379, 10350, 3613, 33.33%, 0, 2, 2, 95.31, 195130, 9942
26062, 0, 274, 10379, 10350, 3613, 33.33%, 0, 2, 2, 109.19, 195677, 9942
26067, 0, 274, 10379, 10350, 3613, 33.33%, 0, 2, 2, 118.83, 196257, 9942
26252, 0, 274, 10379, 10350, 3613, 33.33%, 0, 2, 2, 0.14, 196723, 9942
26257, 0, 274, 10380, 10351, 3613, 33.33%, 0, 2, 2, 105.09, 197256, 9942
26262, 0, 274, 10380, 10351, 3613, 33.33%, 0, 2, 2, 130.45, 197936, 9942
26267, 0, 274, 10380, 10351, 3613, 33.33%, 0, 2, 2, 122.53, 198574, 9942
26272, 0, 274, 10380, 10351, 3613, 33.33%, 0, 2, 2, 99.44, 199044, 9942
26277, 0, 274, 10380, 10351, 3613, 33.33%, 0, 2, 2, 91.57, 199514, 9942
26462, 0, 274, 10380, 10351, 3613, 33.33%, 0, 2, 2, 0.07, 200094, 9942
26467, 0, 274, 10380, 10351, 3613, 33.33%, 0, 2, 2, 121.37, 200720, 9942
26472, 0, 274, 10380, 10351, 3613, 33.33%, 0, 2, 2, 102.06, 201236, 9942
26477, 0, 274, 10380, 10351, 3613, 33.33%, 0, 2, 2, 100.56, 201731, 9942
26482, 0, 274, 10380, 10351, 3613, 33.33%, 0, 2, 2, 105.93, 202230, 9942
26487, 0, 274, 10380, 10351, 3613, 33.33%, 0, 2, 2, 117.54, 202808, 9942
26672, 0, 274, 10380, 10351, 3613, 33.33%, 0, 2, 2, 0.04, 203372, 9942
26677, 0, 274, 10380, 10351, 3613, 33.33%, 0, 2, 2, 119.60, 204000, 9942
26683, 0, 275, 10381, 10351, 3612, 33.33%, 0, 2, 2, 142.78, 204711, 9942
26688, 0, 275, 10382, 10352, 3612, 33.33%, 0, 2, 2, 120.57, 205272, 9942
26693, 0, 275, 10383, 10353, 3612, 33.33%, 0, 2, 2, 112.14, 205881, 9942
26698, 0, 275, 10383, 10353, 3612, 33.33%, 0, 2, 2, 114.63, 206461, 9942
26883, 0, 275, 10383, 10353, 3612, 33.33%, 0, 2, 2, 0.03, 206997, 9942
26888, 0, 275, 10383, 10353, 3612, 33.33%, 0, 2, 2, 140.60, 207687, 9942
26893, 0, 275, 10383, 10353, 3612, 33.33%, 0, 2, 2, 116.43, 208287, 9942
26898, 0, 275, 10383, 10353, 3612, 33.33%, 0, 2, 2, 94.27, 208752, 9942
26903, 0, 350, 10383, 10351, 3611, 33.33%, 0, 2, 2, 107.31, 209315, 9942
26908, 0, 350, 10386, 10354, 3611, 33.33%, 0, 2, 2, 133.70, 210010, 9942
27093, 0, 350, 10386, 10354, 3611, 33.33%, 0, 2, 2, 0.03, 210620, 9942
27098, 0, 350, 10386, 10354, 3611, 33.33%, 0, 2, 2, 106.95, 211180, 9942
27103, 0, 350, 10386, 10354, 3611, 33.33%, 0, 2, 2, 131.04, 211826, 9942
27108, 0, 350, 10387, 10355, 3611, 33.33%, 0, 2, 2, 127.53, 212523, 9942
27113, 0, 350, 10387, 10355, 3611, 33.33%, 0, 2, 2, 103.70, 213003, 9942
27119, 0, 350, 10388, 10356, 3611, 33.33%, 0, 2, 2, 106.90, 213568, 9942
27303, 0, 350, 10389, 10357, 3611, 33.33%, 0, 2, 2, 0.02, 214067, 9942
27308, 0, 350, 10389, 10357, 3611, 33.33%, 0, 2, 2, 136.65, 214737, 9942
27313, 0, 350, 10389, 10357, 3611, 33.33%, 0, 2, 2, 127.89, 215347, 9942
27318, 0, 350, 10389, 10357, 3611, 33.33%, 0, 2, 2, 116.12, 215975, 9942
27324, 0, 350, 10389, 10357, 3611, 33.33%, 0, 2, 2, 132.67, 216695, 9942
27329, 0, 350, 10391, 10359, 3611, 33.33%, 0, 2, 2, 118.82, 217239, 9942
29617, 0, 350, 10391, 10359, 3611, 33.33%, 0, 2, 2, 0.01, 217805, 9942
29622, 0, 350, 10391, 10359, 3611, 33.33%, 0, 2, 2, 157.20, 218603, 9942
29627, 0, 350, 10391, 10359, 3611, 33.33%, 0, 2, 2, 140.20, 219283, 9942
29633, 0, 350, 10391, 10359, 3611, 33.33%, 0, 2, 2, 123.09, 219879, 9942
29638, 0, 350, 10391, 10359, 3611, 33.33%, 0, 2, 2, 131.38, 220549, 9942
29643, 0, 350, 10391, 10359, 3611, 33.33%, 0, 2, 2, 112.27, 221101, 9942
29828, 0, 350, 10391, 10359, 3611, 33.33%, 0, 2, 2, 0.24, 221591, 9942
29833, 0, 350, 10391, 10359, 3611, 33.33%, 0, 2, 2, 124.85, 222251, 9942
29838, 0, 350, 10391, 10359, 3611, 33.33%, 0, 2, 2, 165.25, 223103, 9942
29843, 0, 350, 10391, 10359, 3611, 33.33%, 0, 2, 2, 137.16, 223809, 9942
29848, 0, 350, 10391, 10359, 3611, 33.33%, 0, 2, 2, 158.33, 224606, 9942
29853, 0, 350, 10391, 10359, 3611, 33.33%, 0, 2, 2, 148.21, 225379, 9942
30038, 0, 350, 10391, 10359, 3611, 33.33%, 0, 2, 2, 0.10, 225879, 9942
30043, 0, 350, 10391, 10359, 3611, 33.33%, 0, 2, 2, 138.11, 226603, 9942
30048, 0, 350, 10391, 10359, 3611, 33.33%, 0, 2, 2, 165.93, 227456, 9942
30053, 0, 350, 10391, 10359, 3611, 33.33%, 0, 2, 2, 130.03, 228033, 9942
30058, 0, 355, 10391, 10358, 3611, 33.33%, 0, 2, 2, 151.10, 228833, 9942
30064, 0, 388, 10525, 10491, 3625, 33.48%, 0, 2, 2, 76.10, 230370, 9987
30248, 0, 388, 10525, 10491, 3625, 33.48%, 0, 2, 2, 0.05, 230696, 9987
30253, 0, 388, 10525, 10491, 3625, 33.48%, 0, 2, 2, 79.74, 231103, 9987
30259, 0, 399, 10525, 10490, 3625, 33.48%, 0, 2, 2, 80.62, 231518, 9987
30264, 0, 399, 10525, 10490, 3625, 33.48%, 0, 2, 2, 78.54, 231918, 9987
30269, 0, 430, 10526, 10489, 3624, 33.48%, 0, 2, 2, 226.72, 233192, 9987
30274, 0, 430, 10526, 10489, 3624, 33.48%, 0, 2, 2, 105.57, 233562, 9987
30459, 0, 432, 10526, 10488, 3623, 33.48%, 0, 2, 2, 0.08, 233889, 9987
30464, 0, 432, 10526, 10488, 3623, 33.48%, 0, 2, 2, 76.28, 234291, 9987
30469, 0, 433, 10527, 10488, 3622, 33.48%, 0, 2, 2, 77.33, 234701, 9987
30474, 0, 433, 10528, 10489, 3622, 33.48%, 0, 2, 2, 79.07, 235103, 9987
30479, 0, 433, 10528, 10489, 3622, 33.48%, 0, 2, 2, 78.06, 235526, 9987
30485, 0, 433, 10528, 10489, 3622, 33.48%, 0, 2, 2, 79.00, 235921, 9987
30669, 0, 433, 10530, 10491, 3622, 33.48%, 0, 2, 2, 0.07, 236262, 9988
30674, 0, 433, 10530, 10491, 3622, 33.48%, 0, 2, 2, 71.60, 236659, 9988
30679, 0, 433, 10530, 10491, 3622, 33.48%, 0, 2, 2, 79.06, 237079, 9988
30684, 0, 433, 10530, 10491, 3622, 33.48%, 0, 2, 2, 79.20, 237487, 9988
30689, 0, 433, 10530, 10491, 3622, 33.48%, 0, 2, 2, 79.65, 237874, 9988
30695, 0, 433, 10530, 10491, 3622, 33.48%, 0, 2, 2, 74.43, 238257, 9988
30879, 0, 433, 10530, 10491, 3622, 33.48%, 0, 2, 2, 0.02, 238591, 9988
30885, 0, 433, 10530, 10491, 3622, 33.48%, 0, 2, 2, 75.41, 238980, 9988
30890, 0, 433, 10530, 10491, 3622, 33.48%, 0, 2, 2, 69.98, 239339, 9988
30895, 0, 433, 10530, 10491, 3622, 33.48%, 0, 2, 2, 70.17, 239683, 9988
30900, 0, 433, 10530, 10491, 3622, 33.48%, 0, 2, 2, 70.89, 240049, 9988
30905, 0, 433, 10530, 10491, 3622, 33.48%, 0, 2, 2, 75.01, 240434, 9988
31090, 0, 433, 10530, 10491, 3622, 33.48%, 0, 2, 2, 0.02, 240796, 9988
31095, 0, 433, 10530, 10491, 3622, 33.48%, 0, 2, 2, 81.30, 241209, 9988
31100, 0, 433, 10530, 10491, 3622, 33.48%, 0, 2, 2, 75.73, 241605, 9988
31105, 0, 433, 10530, 10491, 3622, 33.48%, 0, 2, 2, 77.94, 242013, 9988
31110, 0, 433, 10530, 10491, 3622, 33.48%, 0, 2, 2, 74.67, 242400, 9988
31115, 0, 433, 10530, 10491, 3622, 33.48%, 0, 2, 2, 71.07, 242745, 9988
31300, 0, 433, 10530, 10491, 3622, 33.48%, 0, 2, 2, 0.12, 243120, 9988
31305, 0, 433, 10530, 10491, 3622, 33.48%, 0, 2, 2, 78.33, 243506, 9988
31310, 0, 433, 10530, 10491, 3622, 33.48%, 0, 2, 2, 74.04, 243868, 9988
31315, 0, 452, 10530, 10490, 3621, 33.48%, 0, 2, 2, 124.06, 244496, 9988
31320, 0, 486, 10530, 10488, 3619, 33.48%, 0, 2, 2, 141.91, 245236, 9988
31325, 0, 486, 10530, 10488, 3619, 33.48%, 0, 2, 2, 87.80, 245617, 9988
31510, 0, 496, 10530, 10487, 3618, 33.48%, 0, 2, 2, 0.01, 246000, 9988
31516, 0, 496, 10530, 10487, 3618, 33.48%, 0, 2, 2, 73.70, 246388, 9988
31521, 0, 537, 10530, 10485, 3616, 33.48%, 0, 2, 2, 120.75, 247046, 9988
31526, 0, 538, 10530, 10484, 3615, 33.48%, 0, 2, 2, 126.41, 247644, 9988
31531, 0, 538, 10532, 10486, 3615, 33.48%, 0, 2, 2, 121.52, 248220, 9988
31536, 0, 538, 10533, 10487, 3615, 33.48%, 0, 2, 2, 118.90, 248791, 9988
33590, 0, 538, 10533, 10487, 3615, 33.48%, 0, 2, 2, 0.00, 249323, 9988
33595, 0, 538, 10533, 10487, 3615, 33.48%, 0, 2, 2, 126.26, 250001, 9988
33600, 0, 538, 10533, 10487, 3615, 33.48%, 0, 2, 2, 121.49, 250575, 9988
33605, 0, 538, 10533, 10487, 3615, 33.48%, 0, 2, 2, 101.66, 251093, 9988
33610, 0, 538, 10533, 10487, 3615, 33.48%, 0, 2, 2, 111.38, 251723, 9988
33615, 0, 538, 10533, 10487, 3615, 33.48%, 0, 2, 2, 102.26, 252201, 9988
33621, 0, 555, 10534, 10487, 3615, 33.48%, 0, 2, 2, 115.89, 252846, 9988
33626, 0, 555, 10535, 10488, 3615, 33.48%, 0, 2, 2, 110.81, 253379, 9988
33631, 0, 555, 10535, 10488, 3615, 33.48%, 0, 2, 2, 120.02, 253991, 9988
33825, 0, 555, 10535, 10488, 3615, 33.48%, 0, 2, 2, 0.06, 254121, 9988
33830, 0, 555, 10535, 10488, 3615, 33.48%, 0, 2, 2, 112.16, 254723, 9988
33835, 0, 556, 11228, 11180, 3614, 35.01%, 0, 2, 2, 1421.19, 260629, 10444
33840, 0, 593, 11271, 11222, 3777, 35.06%, 0, 2, 2, 177.21, 261860, 10458
33845, 0, 593, 11271, 11222, 3777, 35.06%, 0, 2, 2, 135.04, 262501, 10458
33850, 0, 593, 11271, 11222, 3777, 35.06%, 0, 2, 2, 140.54, 263235, 10458
34035, 0, 593, 11271, 11222, 3777, 35.06%, 0, 2, 2, 0.08, 263936, 10458
34040, 0, 595, 11271, 11221, 3776, 35.06%, 0, 2, 2, 138.28, 264571, 10458
34046, 0, 601, 11273, 11222, 3775, 35.06%, 0, 2, 2, 124.54, 265173, 10458
34051, 0, 601, 11273, 11222, 3775, 35.06%, 0, 2, 2, 135.54, 265819, 10458
34056, 0, 601, 11274, 11223, 3775, 35.06%, 0, 2, 2, 130.35, 266450, 10458
34061, 0, 601, 11274, 11223, 3775, 35.06%, 0, 2, 2, 105.26, 266956, 10458
34246, 0, 601, 11274, 11223, 3775, 35.06%, 0, 2, 2, 0.18, 267534, 10458
34251, 0, 601, 11274, 11223, 3775, 35.06%, 0, 2, 2, 107.58, 268144, 10458
34256, 0, 601, 11275, 11224, 3775, 35.06%, 0, 2, 2, 137.19, 268823, 10458
34261, 0, 601, 11275, 11224, 3775, 35.06%, 0, 2, 2, 108.42, 269309, 10458
34266, 0, 601, 11275, 11224, 3775, 35.06%, 0, 2, 2, 107.96, 269851, 10458
34271, 0, 601, 11275, 11224, 3775, 35.06%, 0, 2, 2, 96.00, 270361, 10458
34456, 0, 601, 11275, 11224, 3775, 35.06%, 0, 2, 2, 0.01, 270917, 10458
34461, 0, 601, 11275, 11224, 3775, 35.06%, 0, 2, 2, 106.74, 271491, 10458
34466, 0, 601, 11275, 11224, 3775, 35.06%, 0, 2, 2, 108.72, 272065, 10458
34471, 0, 601, 11275, 11224, 3775, 35.06%, 0, 2, 2, 130.76, 272719, 10458
34476, 0, 601, 11275, 11224, 3775, 35.06%, 0, 2, 2, 137.81, 273425, 10458
34481, 0, 601, 11275, 11224, 3775, 35.06%, 0, 2, 2, 123.81, 274057, 10458
34666, 0, 608, 11276, 11224, 3775, 35.06%, 0, 2, 2, 0.16, 274640, 10458
34671, 0, 608, 11276, 11224, 3775, 35.06%, 0, 2, 2, 149.89, 275433, 10458
34677, 0, 612, 11278, 11225, 3776, 35.06%, 0, 2, 2, 150.05, 276244, 10458
34682, 0, 612, 11279, 11226, 3776, 35.06%, 0, 2, 2, 135.47, 276967, 10458
34687, 0, 612, 11279, 11226, 3776, 35.06%, 0, 2, 2, 135.44, 277691, 10458
34692, 0, 612, 11279, 11226, 3776, 35.06%, 0, 2, 2, 119.55, 278275, 10458
34877, 0, 612, 11279, 11226, 3776, 35.06%, 0, 2, 2, 0.12, 278725, 10458
34882, 0, 612, 11279, 11226, 3776, 35.06%, 0, 2, 2, 129.92, 279359, 10458
34887, 0, 612, 11279, 11226, 3776, 35.06%, 0, 2, 2, 135.81, 280051, 10458
34892, 0, 617, 11284, 11230, 3776, 35.06%, 0, 2, 2, 118.16, 280642, 10458
34897, 0, 617, 11285, 11231, 3776, 35.06%, 0, 2, 2, 101.74, 281143, 10458
34902, 0, 617, 11286, 11232, 3776, 35.06%, 0, 2, 2, 103.80, 281668, 10458
35087, 0, 617, 11286, 11232, 3776, 35.06%, 0, 2, 2, 0.10, 282164, 10458
35092, 0, 617, 11287, 11233, 3776, 35.06%, 0, 2, 2, 110.02, 282735, 10458
35097, 0, 617, 11287, 11233, 3776, 35.06%, 0, 2, 2, 105.73, 283261, 10458
35102, 0, 617, 11288, 11234, 3776, 35.06%, 0, 2, 2, 98.90, 283748, 10459
35107, 0, 617, 11290, 11236, 3776, 35.06%, 0, 2, 2, 97.70, 284233, 10459
35112, 0, 617, 11290, 11236, 3776, 35.06%, 0, 2, 2, 102.39, 284768, 10459
35297, 0, 617, 11290, 11236, 3776, 35.06%, 0, 2, 2, 0.09, 285228, 10459
35302, 0, 617, 11290, 11236, 3776, 35.06%, 0, 2, 2, 97.94, 285767, 10459
35308, 0, 617, 11290, 11236, 3776, 35.06%, 0, 2, 2, 104.77, 286304, 10459
35313, 0, 617, 11290, 11236, 3776, 35.06%, 0, 2, 2, 101.88, 286805, 10459
35318, 0, 617, 11290, 11236, 3776, 35.06%, 0, 2, 2, 98.95, 287317, 10459
35323, 0, 617, 11290, 11236, 3776, 35.06%, 0, 2, 2, 98.30, 287807, 10459
35508, 0, 617, 11291, 11237, 3776, 35.06%, 0, 2, 2, 0.11, 288287, 10459
35513, 0, 617, 11291, 11237, 3776, 35.06%, 0, 2, 2, 102.03, 288791, 10459
35518, 0, 617, 11291, 11237, 3776, 35.06%, 0, 2, 2, 100.81, 289275, 10459
35523, 0, 617, 11291, 11237, 3776, 35.06%, 0, 2, 2, 109.75, 289819, 10459
35528, 0, 617, 11291, 11237, 3776, 35.06%, 0, 2, 2, 108.40, 290341, 10459
35533, 0, 617, 11291, 11237, 3776, 35.06%, 0, 2, 2, 109.51, 290903, 10459
35718, 0, 617, 11291, 11237, 3776, 35.06%, 0, 2, 2, 0.10, 291421, 10459
35723, 0, 617, 11291, 11237, 3776, 35.06%, 0, 2, 2, 107.22, 291991, 10459
35728, 0, 617, 11291, 11237, 3776, 35.06%, 0, 2, 2, 110.18, 292557, 10459
35733, 0, 617, 11291, 11237, 3776, 35.06%, 0, 2, 2, 107.52, 293079, 10459
35738, 0, 617, 11291, 11237, 3776, 35.06%, 0, 2, 2, 103.92, 293609, 10459
35743, 0, 617, 11291, 11237, 3776, 35.06%, 0, 2, 2, 107.55, 294155, 10459
38031, 0, 617, 11291, 11237, 3776, 35.06%, 0, 2, 2, 0.00, 294617, 10459
38037, 0, 619, 11467, 11412, 3795, 35.17%, 0, 2, 2, 84.57, 296486, 10490
38042, 0, 619, 11468, 11413, 3795, 35.17%, 0, 2, 2, 96.58, 297006, 10490
38047, 0, 619, 11468, 11413, 3795, 35.17%, 0, 2, 2, 106.04, 297543, 10490
38052, 0, 621, 11468, 11412, 3795, 35.17%, 0, 2, 2, 106.38, 298077, 10490
38057, 0, 621, 11468, 11412, 3795, 35.17%, 0, 2, 2, 107.30, 298621, 10490
38242, 0, 626, 11468, 11411, 3794, 35.17%, 0, 2, 2, 0.01, 299046, 10490
38247, 0, 626, 11469, 11412, 3794, 35.17%, 0, 2, 2, 101.55, 299550, 10490
38252, 0, 626, 11469, 11412, 3794, 35.17%, 0, 2, 2, 104.82, 300102, 10490
38257, 0, 656, 11469, 11411, 3794, 35.17%, 0, 2, 2, 88.55, 300554, 10490
38262, 0, 656, 11470, 11412, 3794, 35.17%, 0, 2, 2, 80.40, 300958, 10490
38267, 0, 656, 11470, 11412, 3794, 35.17%, 0, 2, 2, 80.37, 301349, 10490
38452, 0, 657, 11470, 11411, 3794, 35.17%, 0, 2, 2, 0.11, 301702, 10490
38457, 0, 657, 11470, 11411, 3794, 35.17%, 0, 2, 2, 91.31, 302157, 10490
38462, 0, 667, 11470, 11410, 3793, 35.17%, 0, 2, 2, 86.40, 302591, 10490
38468, 0, 675, 11470, 11409, 3792, 35.17%, 0, 2, 2, 90.75, 303051, 10490
38473, 0, 687, 11470, 11408, 3791, 35.17%, 0, 2, 2, 82.43, 303461, 10490
38478, 0, 687, 11470, 11408, 3791, 35.17%, 0, 2, 2, 80.96, 303885, 10490
38663, 0, 708, 11471, 11407, 3790, 35.17%, 0, 2, 2, 0.17, 305281, 10490
38668, 0, 711, 11471, 11404, 3787, 35.17%, 0, 2, 2, 264.63, 306701, 10490
38673, 0, 713, 11471, 11402, 3785, 35.17%, 0, 2, 2, 258.75, 308061, 10490
38678, 0, 718, 11471, 11399, 3782, 35.17%, 0, 2, 2, 267.76, 309431, 10490
38683, 0, 726, 11471, 11396, 3779, 35.17%, 0, 2, 2, 252.55, 310776, 10490
38688, 0, 745, 11471, 11395, 3778, 35.17%, 0, 2, 2, 148.27, 311395, 10490
38873, 0, 745, 11472, 11396, 3778, 35.17%, 0, 2, 2, 0.02, 311804, 10490
38878, 0, 745, 11472, 11396, 3778, 35.17%, 0, 2, 2, 126.68, 312419, 10490
38883, 0, 747, 11472, 11395, 3777, 35.17%, 0, 2, 2, 119.97, 313045, 10490
38888, 0, 752, 11475, 11397, 3776, 35.17%, 0, 2, 2, 121.53, 313666, 10490
38893, 0, 752, 11475, 11397, 3776, 35.17%, 0, 2, 2, 131.07, 314350, 10490
38899, 0, 752, 11475, 11397, 3776, 35.17%, 0, 2, 2, 111.29, 314914, 10490
39083, 0, 752, 11475, 11397, 3776, 35.17%, 0, 2, 2, 0.03, 315336, 10490
39088, 0, 752, 11475, 11397, 3776, 35.17%, 0, 2, 2, 109.62, 315852, 10490
39093, 0, 752, 11475, 11397, 3776, 35.17%, 0, 2, 2, 100.02, 316347, 10490
39098, 0, 752, 11475, 11397, 3776, 35.17%, 0, 2, 2, 112.70, 316924, 10490
39104, 0, 752, 11475, 11397, 3776, 35.17%, 0, 2, 2, 114.37, 317496, 10490
39109, 0, 767, 11475, 11396, 3775, 35.17%, 0, 2, 2, 137.70, 318214, 10490
39293, 0, 775, 11475, 11395, 3774, 35.17%, 0, 2, 2, 0.27, 318750, 10490
39299, 0, 777, 11478, 11397, 3773, 35.17%, 0, 2, 2, 142.65, 319361, 10490
39304, 0, 777, 11478, 11397, 3773, 35.17%, 0, 2, 2, 128.36, 320003, 10490
39309, 0, 777, 11478, 11397, 3773, 35.17%, 0, 2, 2, 112.64, 320517, 10490
39314, 0, 777, 11478, 11397, 3773, 35.17%, 0, 2, 2, 109.39, 321051, 10490
39319, 0, 777, 11478, 11397, 3773, 35.17%, 0, 2, 2, 111.52, 321599, 10490
39504, 0, 777, 11478, 11397, 3773, 35.17%, 0, 2, 2, 0.01, 322087, 10490
39509, 0, 777, 11478, 11397, 3773, 35.17%, 0, 2, 2, 123.66, 322733, 10490
39514, 0, 777, 11478, 11397, 3773, 35.17%, 0, 2, 2, 119.48, 323367, 10490
39519, 0, 783, 11479, 11397, 3773, 35.17%, 0, 2, 2, 117.54, 323960, 10490
39524, 0, 783, 11480, 11398, 3773, 35.17%, 0, 2, 2, 63.71, 324418, 10490
39529, 0, 783, 11480, 11398, 3773, 35.17%, 0, 2, 2, 99.98, 324954, 10490
39714, 0, 783, 11480, 11398, 3773, 35.17%, 0, 2, 2, 0.04, 325513, 10490
39719, 0, 783, 11481, 11399, 3773, 35.17%, 0, 2, 2, 135.98, 326230, 10490
39724, 0, 783, 11481, 11399, 3773, 35.17%, 0, 2, 2, 121.15, 326896, 10490
39729, 0, 783, 11481, 11399, 3773, 35.17%, 0, 2, 2, 99.10, 327361, 10490
39734, 0, 783, 11482, 11400, 3773, 35.17%, 0, 2, 2, 131.71, 328041, 10490
39740, 0, 783, 11482, 11400, 3773, 35.17%, 0, 2, 2, 130.50, 328683, 10490
39924, 0, 783, 11482, 11400, 3773, 35.17%, 0, 2, 2, 0.12, 329209, 10490
39929, 0, 783, 11482, 11400, 3773, 35.17%, 0, 2, 2, 122.85, 329891, 10490
39935, 0, 783, 11482, 11400, 3773, 35.17%, 0, 2, 2, 125.68, 330519, 10490
39940, 0, 783, 11482, 11400, 3773, 35.17%, 0, 2, 2, 127.69, 331181, 10490
39945, 0, 783, 11482, 11400, 3773, 35.17%, 0, 2, 2, 114.38, 331775, 10490
39950, 0, 783, 11482, 11400, 3773, 35.17%, 0, 2, 2, 105.62, 332303, 10490
42238, 0, 783, 11482, 11400, 3773, 35.17%, 0, 2, 2, 0.01, 332730, 10490
42243, 0, 783, 11482, 11400, 3773, 35.17%, 0, 2, 2, 120.46, 333357, 10490
42248, 0, 784, 11484, 11401, 3773, 35.17%, 0, 2, 2, 116.81, 333955, 10490
42253, 0, 784, 11484, 11401, 3773, 35.17%, 0, 2, 2, 97.94, 334445, 10490
42258, 0, 784, 11484, 11401, 3773, 35.17%, 0, 2, 2, 109.67, 335007, 10490
42263, 0, 784, 11484, 11401, 3773, 35.17%, 0, 2, 2, 118.89, 335629, 10490
42448, 0, 788, 11588, 11504, 3788, 35.28%, 0, 2, 2, 0.04, 336984, 10523
42453, 0, 788, 11590, 11506, 3788, 35.28%, 0, 2, 2, 111.14, 337514, 10523
42459, 0, 788, 11590, 11506, 3788, 35.28%, 0, 2, 2, 98.74, 338012, 10523
42464, 0, 788, 11590, 11506, 3788, 35.28%, 0, 2, 2, 105.56, 338528, 10523
42469, 0, 788, 11590, 11506, 3788, 35.28%, 0, 2, 2, 110.63, 339096, 10523
42474, 0, 788, 11590, 11506, 3788, 35.28%, 0, 2, 2, 102.71, 339604, 10523
42659, 0, 788, 11590, 11506, 3788, 35.28%, 0, 2, 2, 0.08, 340035, 10523
42664, 0, 788, 11590, 11506, 3788, 35.28%, 0, 2, 2, 83.03, 340482, 10523
42669, 0, 788, 11590, 11506, 3788, 35.28%, 0, 2, 2, 106.40, 341034, 10523
42674, 0, 790, 11591, 11506, 3788, 35.28%, 0, 2, 2, 98.28, 341541, 10523
42679, 0, 790, 11591, 11506, 3788, 35.28%, 0, 2, 2, 97.57, 342030, 10523
42684, 0, 790, 11592, 11507, 3788, 35.28%, 0, 2, 2, 97.15, 342541, 10523
42869, 0, 790, 11592, 11507, 3788, 35.28%, 0, 2, 2, 0.09, 343076, 10523
42874, 0, 790, 11592, 11507, 3788, 35.28%, 0, 2, 2, 114.10, 343640, 10523
42879, 0, 792, 11592, 11506, 3787, 35.28%, 0, 2, 2, 251.13, 344507, 10523
42884, 0, 815, 11594, 11507, 3786, 35.28%, 0, 2, 2, 170.67, 345269, 10523
42890, 0, 815, 11594, 11507, 3786, 35.28%, 0, 2, 2, 160.53, 346088, 10523
42895, 0, 815, 11594, 11507, 3786, 35.28%, 0, 2, 2, 140.10, 346782, 10523
43079, 0, 826, 11596, 11508, 3786, 35.28%, 0, 2, 2, 0.08, 347292, 10523
43084, 0, 826, 11597, 11509, 3786, 35.28%, 0, 2, 2, 120.12, 347969, 10523
43089, 0, 826, 11597, 11509, 3786, 35.28%, 0, 2, 2, 116.89, 348515, 10523
43095, 0, 826, 11597, 11509, 3786, 35.28%, 0, 2, 2, 106.91, 349029, 10523
43100, 0, 826, 11598, 11510, 3786, 35.28%, 0, 2, 2, 156.50, 349887, 10523
43105, 0, 826, 11598, 11510, 3786, 35.28%, 0, 2, 2, 108.39, 350412, 10523
43290, 0, 826, 11598, 11510, 3786, 35.28%, 0, 2, 2, 0.02, 350944, 10523
43295, 0, 826, 11598, 11510, 3786, 35.28%, 0, 2, 2, 109.90, 351506, 10523
43300, 0, 826, 11598, 11510, 3786, 35.28%, 0, 2, 2, 99.78, 352016, 10523
43305, 0, 826, 11598, 11510, 3786, 35.28%, 0, 2, 2, 137.02, 352712, 10523
43310, 0, 826, 11598, 11510, 3786, 35.28%, 0, 2, 2, 140.47, 353460, 10523
43315, 0, 826, 11598, 11510, 3786, 35.28%, 0, 2, 2, 114.30, 354030, 10523
43500, 0, 826, 11598, 11510, 3786, 35.28%, 0, 2, 2, 0.05, 354471, 10523
43505, 0, 826, 11598, 11510, 3786, 35.28%, 0, 2, 2, 87.99, 354883, 10523
43510, 0, 826, 11598, 11510, 3786, 35.28%, 0, 2, 2, 98.36, 355410, 10523
43515, 0, 826, 11598, 11510, 3786, 35.28%, 0, 2, 2, 101.00, 355928, 10523
43520, 0, 826, 11598, 11510, 3786, 35.28%, 0, 2, 2, 97.95, 356428, 10523
43525, 0, 830, 11598, 11509, 3786, 35.28%, 0, 2, 2, 100.38, 356900, 10523
43710, 0, 836, 11598, 11508, 3785, 35.28%, 0, 2, 2, 0.10, 357313, 10523
43715, 0, 846, 11598, 11507, 3784, 35.28%, 0, 2, 2, 98.54, 357809, 10523
43720, 0, 858, 11598, 11506, 3783, 35.28%, 0, 2, 2, 124.61, 358486, 10523
43726, 0, 859, 11598, 11505, 3782, 35.28%, 0, 2, 2, 104.43, 358994, 10523
43731, 0, 875, 11598, 11503, 3780, 35.28%, 0, 2, 2, 126.03, 359658, 10523
43736, 0, 879, 11600, 11504, 3779, 35.28%, 0, 2, 2, 143.03, 360404, 10523
43921, 0, 879, 11601, 11505, 3779, 35.28%, 0, 2, 2, 0.02, 361007, 10523
43926, 0, 879, 11601, 11505, 3779, 35.28%, 0, 2, 2, 128.49, 361715, 10523
43931, 0, 879, 11601, 11505, 3779, 35.28%, 0, 2, 2, 115.48, 362361, 10523
43936, 0, 879, 11601, 11505, 3779, 35.28%, 0, 2, 2, 123.51, 362953, 10523
43941, 0, 879, 11601, 11505, 3779, 35.28%, 0, 2, 2, 136.59, 363651, 10523
43946, 0, 879, 11601, 11505, 3779, 35.28%, 0, 2, 2, 126.35, 364315, 10523
44131, 0, 879, 11601, 11505, 3779, 35.28%, 0, 2, 2, 0.12, 364841, 10523
44136, 0, 880, 11601, 11504, 3779, 35.28%, 0, 2, 2, 111.71, 365415, 10523
44141, 0, 881, 11603, 11505, 3778, 35.28%, 0, 2, 2, 121.01, 366021, 10523
44146, 0, 881, 11603, 11505, 3778, 35.28%, 0, 2, 2, 142.30, 366769, 10523
44151, 0, 881, 11603, 11505, 3778, 35.28%, 0, 2, 2, 115.18, 367385, 10523
44156, 0, 888, 11603, 11504, 3777, 35.28%, 0, 2, 2, 127.86, 368025, 10523
46444, 0, 890, 11605, 11505, 3776, 35.28%, 0, 2, 2, 0.01, 368613, 10523
46449, 0, 890, 11605, 11505, 3776, 35.28%, 0, 2, 2, 106.47, 369183, 10523
46454, 0, 890, 11605, 11505, 3776, 35.28%, 0, 2, 2, 108.73, 369749, 10523
46459, 0, 890, 11605, 11505, 3776, 35.28%, 0, 2, 2, 128.80, 370377, 10523
46464, 0, 891, 11605, 11504, 3776, 35.28%, 0, 2, 2, 132.19, 371045, 10523
46469, 0, 891, 11606, 11505, 3776, 35.28%, 0, 2, 2, 131.69, 371718, 10523
46654, 0, 892, 11627, 11525, 3775, 35.28%, 0, 2, 2, 0.98, 372380, 10524
46660, 0, 894, 11705, 11603, 3788, 35.39%, 0, 2, 2, 126.75, 373655, 10556
46665, 0, 894, 11706, 11604, 3788, 35.39%, 0, 2, 2, 125.70, 374282, 10556
46670, 0, 894, 11706, 11604, 3788, 35.39%, 0, 2, 2, 109.44, 374862, 10556
46675, 0, 894, 11706, 11604, 3788, 35.39%, 0, 2, 2, 95.84, 375333, 10556
46680, 0, 895, 11706, 11603, 3787, 35.39%, 0, 2, 2, 120.78, 375972, 10556
46865, 0, 906, 11706, 11602, 3786, 35.39%, 0, 2, 2, 0.14, 376594, 10556
46870, 0, 908, 11706, 11600, 3784, 35.39%, 0, 2, 2, 135.23, 377282, 10556
46875, 0, 910, 11706, 11599, 3783, 35.39%, 0, 2, 2, 118.05, 377852, 10556
46880, 0, 912, 11706, 11598, 3782, 35.39%, 0, 2, 2, 121.78, 378496, 10556
46885, 0, 916, 11706, 11597, 3781, 35.39%, 0, 2, 2, 119.80, 379106, 10556
46890, 0, 916, 11707, 11598, 3781, 35.39%, 0, 2, 2, 137.25, 379855, 10556
50500, 0, 916, 11708, 11599, 3781, 35.39%, 0, 2, 2, 0.00, 380406, 10556
50650, 0, 916, 11708, 11599, 3781, 35.39%, 0, 2, 2, 0.15, 380428, 10556
50655, 0, 916, 11708, 11599, 3781, 35.39%, 0, 2, 2, 113.15, 380986, 10556
50661, 0, 918, 11710, 11600, 3781, 35.39%, 0, 2, 2, 123.88, 381650, 10557
50666, 0, 918, 11711, 11601, 3781, 35.39%, 0, 2, 2, 122.61, 382283, 10557
50671, 0, 918, 11711, 11601, 3781, 35.39%, 0, 2, 2, 113.93, 382849, 10557
50676, 0, 918, 11711, 11601, 3781, 35.39%, 0, 2, 2, 124.81, 383533, 10557
50861, 0, 918, 11712, 11602, 3781, 35.39%, 0, 2, 2, 0.08, 384010, 10557
50866, 0, 918, 11712, 11602, 3781, 35.39%, 0, 2, 2, 110.25, 384548, 10557
50871, 0, 918, 11712, 11602, 3781, 35.39%, 0, 2, 2, 116.48, 385158, 10557
50876, 0, 918, 11713, 11603, 3781, 35.39%, 0, 2, 2, 133.54, 385871, 10557
50881, 0, 918, 11713, 11603, 3781, 35.39%, 0, 2, 2, 129.59, 386605, 10557
50886, 0, 918, 11713, 11603, 3781, 35.39%, 0, 2, 2, 143.41, 387305, 10557
51071, 0, 918, 11713, 11603, 3781, 35.39%, 0, 2, 2, 0.02, 387825, 10557
51076, 0, 918, 11713, 11603, 3781, 35.39%, 0, 2, 2, 105.51, 388391, 10557
51081, 0, 918, 11713, 11603, 3781, 35.39%, 0, 2, 2, 142.86, 389183, 10557
51086, 0, 918, 11713, 11603, 3781, 35.39%, 0, 2, 2, 109.06, 389739, 10557
51091, 0, 918, 11713, 11603, 3781, 35.39%, 0, 2, 2, 127.38, 390379, 10557
51097, 0, 918, 11713, 11603, 3781, 35.39%, 0, 2, 2, 116.16, 390995, 10557
51281, 0, 918, 11713, 11603, 3781, 35.39%, 0, 2, 2, 0.06, 391424, 10557
51287, 0, 918, 11713, 11603, 3781, 35.39%, 0, 2, 2, 111.63, 392023, 10557
51292, 0, 918, 11713, 11603, 3781, 35.39%, 0, 2, 2, 117.89, 392687, 10557
51297, 0, 918, 11713, 11603, 3781, 35.39%, 0, 2, 2, 114.28, 393303, 10557
51302, 0, 918, 11713, 11603, 3781, 35.39%, 0, 2, 2, 99.15, 393793, 10557
51307, 0, 918, 11713, 11603, 3781, 35.39%, 0, 2, 2, 83.98, 394202, 10557
51492, 0, 918, 11713, 11603, 3781, 35.39%, 0, 2, 2, 0.13, 394775, 10557
51497, 0, 918, 11713, 11603, 3781, 35.39%, 0, 2, 2, 135.14, 395461, 10557
51502, 0, 918, 11713, 11603, 3781, 35.39%, 0, 2, 2, 128.35, 396087, 10557
51507, 0, 918, 11713, 11603, 3781, 35.39%, 0, 2, 2, 112.16, 396619, 10557
51512, 0, 918, 11713, 11603, 3781, 35.39%, 0, 2, 2, 123.82, 397325, 10557
51517, 0, 918, 11713, 11603, 3781, 35.39%, 0, 2, 2, 125.70, 398003, 10557
51702, 0, 918, 11713, 11603, 3781, 35.39%, 0, 2, 2, 0.21, 398577, 10557
51707, 0, 918, 11713, 11603, 3781, 35.39%, 0, 2, 2, 124.36, 399295, 10557
51712, 0, 918, 11713, 11603, 3781, 35.39%, 0, 2, 2, 122.61, 399923, 10557
51718, 0, 918, 11713, 11603, 3781, 35.39%, 0, 2, 2, 116.70, 400507, 10557
51723, 0, 922, 12266, 12155, 3833, 35.71%, 0, 2, 2, 197.21, 405992, 10653
51728, 0, 925, 12267, 12155, 3832, 35.71%, 0, 2, 2, 122.50, 406590, 10653
51912, 0, 925, 12267, 12155, 3832, 35.71%, 0, 2, 2, 0.04, 406942, 10653
51918, 0, 925, 12267, 12155, 3832, 35.71%, 0, 2, 2, 87.57, 407393, 10653
51923, 0, 948, 12268, 12155, 3832, 35.71%, 0, 2, 2, 102.02, 407897, 10653
51928, 0, 948, 12268, 12155, 3832, 35.71%, 0, 2, 2, 109.00, 408457, 10653
51933, 0, 964, 12268, 12154, 3832, 35.71%, 0, 2, 2, 102.95, 408971, 10653
51938, 0, 964, 12268, 12154, 3832, 35.71%, 0, 2, 2, 103.04, 409493, 10653
52123, 0, 981, 12268, 12153, 3831, 35.71%, 0, 2, 2, 0.07, 409977, 10653
52128, 0, 982, 12268, 12152, 3830, 35.71%, 0, 2, 2, 115.88, 410555, 10653
52133, 0, 982, 12268, 12152, 3830, 35.71%, 0, 2, 2, 109.90, 411107, 10653
52138, 0, 996, 12268, 12151, 3829, 35.71%, 0, 2, 2, 106.45, 411639, 10653
52143, 0, 996, 12268, 12151, 3829, 35.71%, 0, 2, 2, 112.64, 412235, 10653
52148, 0, 1002, 12268, 12150, 3828, 35.71%, 0, 2, 2, 110.13, 412809, 10653
52333, 0, 1006, 12268, 12149, 3827, 35.71%, 0, 2, 2, 0.07, 413253, 10653
52338, 0, 1006, 12268, 12149, 3827, 35.71%, 0, 2, 2, 115.21, 413867, 10653
52343, 0, 1007, 12268, 12148, 3826, 35.71%, 0, 2, 2, 114.48, 414445, 10653
52348, 0, 1007, 12268, 12148, 3826, 35.71%, 0, 2, 2, 109.72, 414987, 10653
52353, 0, 1007, 12269, 12149, 3826, 35.71%, 0, 2, 2, 102.44, 415496, 10653
52358, 0, 1011, 12269, 12148, 3826, 35.71%, 0, 2, 2, 104.83, 416040, 10653
52543, 0, 1011, 12269, 12148, 3826, 35.71%, 0, 2, 2, 0.03, 416564, 10653
52548, 0, 1014, 12269, 12147, 3825, 35.71%, 0, 2, 2, 112.93, 417106, 10653
52553, 0, 1014, 12269, 12147, 3825, 35.71%, 0, 2, 2, 108.91, 417654, 10653
52559, 0, 1020, 12269, 12146, 3824, 35.71%, 0, 2, 2, 110.16, 418206, 10653
52564, 0, 1036, 12269, 12145, 3823, 35.71%, 0, 2, 2, 107.51, 418742, 10653
52569, 0, 1036, 12270, 12146, 3823, 35.71%, 0, 2, 2, 116.03, 419351, 10653
54857, 0, 1036, 12270, 12146, 3823, 35.71%, 0, 2, 2, 0.01, 419859, 10653
54862, 0, 1036, 12270, 12146, 3823, 35.71%, 0, 2, 2, 109.04, 420409, 10653
54867, 0, 1044, 12270, 12145, 3822, 35.71%, 0, 2, 2, 109.38, 420981, 10653
54872, 0, 1049, 12397, 12271, 3834, 35.79%, 0, 2, 2, 209.80, 422529, 10677
54877, 0, 1049, 12397, 12271, 3834, 35.79%, 0, 2, 2, 123.70, 423051, 10677
54882, 0, 1052, 12397, 12270, 3833, 35.79%, 0, 2, 2, 110.29, 423583, 10677
55067, 0, 1052, 12397, 12270, 3833, 35.79%, 0, 2, 2, 0.07, 424077, 10677
55072, 0, 1054, 12398, 12269, 3831, 35.79%, 0, 2, 2, 145.67, 424864, 10677
55077, 0, 1054, 12399, 12270, 3831, 35.79%, 0, 2, 2, 141.62, 425569, 10677
55082, 0, 1054, 12399, 12270, 3831, 35.79%, 0, 2, 2, 136.41, 426211, 10677
55087, 0, 1054, 12399, 12270, 3831, 35.79%, 0, 2, 2, 138.66, 426939, 10677
55092, 0, 1055, 12399, 12269, 3830, 35.79%, 0, 2, 2, 149.11, 427728, 10677
55277, 0, 1065, 12400, 12269, 3829, 35.79%, 0, 2, 2, 0.22, 428432, 10677
55282, 0, 1065, 12400, 12269, 3829, 35.79%, 0, 2, 2, 140.07, 429142, 10677
55287, 0, 1070, 12400, 12268, 3830, 35.79%, 0, 2, 2, 145.79, 429830, 10677
55292, 0, 1072, 12400, 12267, 3829, 35.79%, 0, 2, 2, 130.30, 430550, 10677
55298, 0, 1072, 12401, 12268, 3829, 35.79%, 0, 2, 2, 104.62, 431055, 10677
55303, 0, 1072, 12401, 12268, 3829, 35.79%, 0, 2, 2, 99.24, 431553, 10677
55488, 0, 1072, 12401, 12268, 3829, 35.79%, 0, 2, 2, 0.11, 432037, 10677
55493, 0, 1086, 12402, 12268, 3829, 35.79%, 0, 2, 2, 103.86, 432572, 10677
55498, 0, 1086, 12402, 12268, 3829, 35.79%, 0, 2, 2, 109.44, 433120, 10677
55503, 0, 1086, 12402, 12268, 3829, 35.79%, 0, 2, 2, 113.16, 433688, 10677
55508, 0, 1101, 12402, 12267, 3828, 35.79%, 0, 2, 2, 128.67, 434364, 10677
55513, 0, 1114, 12402, 12265, 3826, 35.79%, 0, 2, 2, 194.72, 435330, 10677
55698, 0, 1134, 12402, 12263, 3825, 35.79%, 0, 2, 2, 0.04, 436479, 10677
55703, 0, 1144, 12402, 12261, 3823, 35.79%, 0, 2, 2, 225.13, 437604, 10677
55708, 0, 1146, 12402, 12259, 3821, 35.79%, 0, 2, 2, 296.17, 439084, 10677
55713, 0, 1149, 12402, 12256, 3818, 35.79%, 0, 2, 2, 312.48, 440754, 10677
55718, 0, 1169, 12403, 12255, 3816, 35.79%, 0, 2, 2, 203.42, 441807, 10677
55723, 0, 1169, 12403, 12255, 3816, 35.79%, 0, 2, 2, 152.38, 442585, 10677
55908, 0, 1203, 12403, 12253, 3815, 35.79%, 0, 2, 2, 0.04, 443650, 10677
55913, 0, 1209, 12404, 12253, 3814, 35.79%, 0, 2, 2, 114.70, 444302, 10677
55918, 0, 1226, 12404, 12252, 3813, 35.79%, 0, 2, 2, 115.92, 444918, 10677
55923, 0, 1233, 12405, 12252, 3812, 35.79%, 0, 2, 2, 135.39, 445601, 10677
55928, 0, 1233, 12406, 12253, 3812, 35.79%, 0, 2, 2, 136.72, 446296, 10677
55934, 0, 1233, 12406, 12253, 3812, 35.79%, 0, 2, 2, 148.10, 447031, 10677
56118, 0, 1240, 12406, 12252, 3811, 35.79%, 0, 2, 2, 0.03, 447588, 10677
56124, 0, 1263, 12406, 12251, 3810, 35.79%, 0, 2, 2, 122.91, 448288, 10677
56129, 0, 1264, 12406, 12250, 3809, 35.79%, 0, 2, 2, 120.56, 448886, 10677
56134, 0, 1267, 12406, 12249, 3808, 35.79%, 0, 2, 2, 102.98, 449386, 10677
56139, 0, 1270, 12406, 12248, 3807, 35.79%, 0, 2, 2, 136.32, 450100, 10677
56144, 0, 1270, 12407, 12249, 3807, 35.79%, 0, 2, 2, 142.83, 450791, 10677
56329, 0, 1288, 12407, 12248, 3807, 35.79%, 0, 2, 2, 0.08, 451373, 10677
56334, 0, 1326, 12408, 12248, 3806, 35.79%, 0, 2, 2, 120.98, 452014, 10677
56339, 0, 1326, 12409, 12249, 3806, 35.79%, 0, 2, 2, 120.29, 452607, 10677
56344, 0, 1326, 12411, 12251, 3806, 35.79%, 0, 2, 2, 148.26, 453377, 10677
56349, 0, 1326, 12411, 12251, 3806, 35.79%, 0, 2, 2, 129.16, 454059, 10677
56354, 0, 1326, 12411, 12251, 3806, 35.79%, 0, 2, 2, 103.43, 454571, 10677
56539, 0, 1326, 12412, 12252, 3806, 35.79%, 0, 2, 2, 0.03, 455184, 10677
56544, 0, 1326, 12412, 12252, 3806, 35.79%, 0, 2, 2, 187.14, 455944, 10677
56549, 0, 1326, 12412, 12252, 3806, 35.79%, 0, 2, 2, 141.35, 456616, 10677
56554, 0, 1326, 12412, 12252, 3806, 35.79%, 0, 2, 2, 132.10, 457268, 10677
56559, 0, 1326, 12413, 12253, 3806, 35.79%, 0, 2, 2, 124.33, 457905, 10677
56564, 0, 1326, 12414, 12254, 3806, 35.79%, 0, 2, 2, 113.13, 458512, 10677
56749, 0, 1326, 12414, 12254, 3806, 35.79%, 0, 2, 2, 0.10, 459026, 10677
56754, 0, 1326, 12414, 12254, 3806, 35.79%, 0, 2, 2, 129.80, 459698, 10677
56760, 0, 1326, 12414, 12254, 3806, 35.79%, 0, 2, 2, 135.03, 460444, 10677
56765, 0, 1326, 12414, 12254, 3806, 35.79%, 0, 2, 2, 111.85, 461038, 10677
56770, 0, 1326, 12414, 12254, 3806, 35.79%, 0, 2, 2, 125.24, 461656, 10677
56775, 0, 1326, 12414, 12254, 3806, 35.79%, 0, 2, 2, 131.50, 462286, 10677
59063, 0, 1326, 12414, 12254, 3806, 35.79%, 0, 2, 2, 0.00, 462816, 10677
59068, 0, 1326, 12414, 12254, 3806, 35.79%, 0, 2, 2, 114.62, 463432, 10677
59073, 0, 1326, 12414, 12254, 3806, 35.79%, 0, 2, 2, 119.20, 464014, 10677
59078, 0, 1326, 12414, 12254, 3806, 35.79%, 0, 2, 2, 124.93, 464664, 10677
59083, 0, 1326, 12414, 12254, 3806, 35.79%, 0, 2, 2, 119.06, 465292, 10677
59088, 0, 1326, 12414, 12254, 3806, 35.79%, 0, 2, 2, 123.36, 465906, 10677
59273, 0, 1326, 12414, 12254, 3806, 35.79%, 0, 2, 2, 0.03, 466620, 10677
59278, 0, 1326, 12414, 12254, 3806, 35.79%, 0, 2, 2, 104.16, 467162, 10677
59283, 0, 1326, 12414, 12254, 3806, 35.79%, 0, 2, 2, 113.42, 467674, 10677
59288, 0, 1326, 12414, 12254, 3806, 35.79%, 0, 2, 2, 120.68, 468314, 10677
59293, 0, 1326, 12414, 12254, 3806, 35.79%, 0, 2, 2, 130.81, 468996, 10677
59298, 0, 1326, 12414, 12254, 3806, 35.79%, 0, 2, 2, 143.36, 469744, 10677
63118, 0, 1326, 12414, 12254, 3806, 35.79%, 0, 2, 2, 0.01, 470338, 10677
63269, 0, 1326, 12414, 12254, 3806, 35.79%, 0, 2, 2, 0.14, 470359, 10677
63274, 0, 1326, 12414, 12254, 3806, 35.79%, 0, 2, 2, 128.42, 471008, 10677
63279, 0, 1329, 12415, 12254, 3806, 35.79%, 0, 2, 2, 139.68, 471705, 10677
63284, 0, 1330, 12539, 12377, 3805, 36.06%, 0, 2, 2, 1470.43, 473272, 10757
63289, 0, 1331, 13111, 12949, 3921, 36.69%, 0, 4, 2, 152.11, 478195, 10943
63295, 0, 1331, 13112, 12950, 3921, 36.69%, 0, 4, 2, 57.39, 478681, 10943
63479, 0, 1331, 13113, 12951, 3921, 36.69%, 0, 4, 2, 0.13, 479155, 10943
63484, 0, 1331, 13113, 12951, 3921, 36.69%, 0, 4, 2, 120.11, 479701, 10943
63489, 0, 1331, 13113, 12951, 3921, 36.69%, 0, 4, 2, 105.38, 480217, 10943
63495, 0, 1331, 13113, 12951, 3921, 36.69%, 0, 4, 2, 124.22, 480851, 10943
63500, 0, 1331, 13113, 12951, 3921, 36.69%, 0, 4, 2, 111.40, 481371, 10943
63505, 0, 1331, 13113, 12951, 3921, 36.69%, 0, 4, 2, 119.61, 481949, 10943
63689, 0, 1331, 13113, 12951, 3921, 36.69%, 0, 4, 2, 0.07, 482411, 10943
63695, 0, 1347, 13113, 12950, 3921, 36.69%, 0, 4, 2, 111.09, 482963, 10943
63700, 0, 1347, 13113, 12950, 3921, 36.69%, 0, 4, 2, 104.79, 483470, 10943
63705, 0, 1357, 13113, 12949, 3920, 36.69%, 0, 4, 2, 101.18, 484017, 10943
63710, 0, 1402, 13113, 12948, 3919, 36.69%, 0, 4, 2, 119.28, 484599, 10943
63715, 0, 1405, 13113, 12947, 3918, 36.69%, 0, 4, 2, 98.92, 485068, 10943
63900, 0, 1415, 13114, 12947, 3917, 36.69%, 0, 4, 2, 0.10, 485534, 10943
63905, 0, 1415, 13115, 12948, 3917, 36.69%, 0, 4, 2, 98.35, 486029, 10943
63910, 0, 1415, 13115, 12948, 3917, 36.69%, 0, 4, 2, 103.60, 486597, 10943
63915, 0, 1415, 13115, 12948, 3917, 36.69%, 0, 4, 2, 114.75, 487229, 10943
63920, 0, 1416, 13115, 12947, 3917, 36.69%, 0, 4, 2, 128.01, 487839, 10943
63925, 0, 1417, 13115, 12946, 3916, 36.69%, 0, 4, 2, 153.11, 488812, 10943
64110, 0, 1423, 13116, 12946, 3915, 36.69%, 0, 4, 2, 0.10, 489560, 10943
64115, 0, 1425, 13116, 12945, 3915, 36.69%, 0, 4, 2, 121.52, 490218, 10943
64120, 0, 1425, 13117, 12946, 3915, 36.69%, 0, 4, 2, 140.24, 490939, 10943
64125, 0, 1427, 13117, 12945, 3915, 36.69%, 0, 4, 2, 136.26, 491603, 10943
64130, 0, 1442, 13119, 12946, 3914, 36.69%, 0, 4, 2, 136.19, 492283, 10943
64135, 0, 1442, 13119, 12946, 3914, 36.69%, 0, 4, 2, 112.87, 492847, 10943
64320, 0, 1442, 13120, 12947, 3914, 36.69%, 0, 4, 2, 0.10, 493492, 10943
64326, 0, 1442, 13120, 12947, 3914, 36.69%, 0, 4, 2, 99.08, 494024, 10943
64331, 0, 1442, 13121, 12948, 3914, 36.69%, 0, 4, 2, 108.42, 494619, 10943
64336, 0, 1442, 13121, 12948, 3914, 36.69%, 0, 4, 2, 100.37, 495113, 10943
64341, 0, 1442, 13121, 12948, 3914, 36.69%, 0, 4, 2, 112.89, 495653, 10943
64346, 0, 1442, 13121, 12948, 3914, 36.69%, 0, 4, 2, 112.63, 496203, 10943
64531, 0, 1442, 13121, 12948, 3914, 36.69%, 0, 4, 2, 0.02, 496819, 10943
64536, 0, 1442, 13121, 12948, 3914, 36.69%, 0, 4, 2, 128.92, 497443, 10943
64541, 0, 1442, 13122, 12949, 3914, 36.69%, 0, 4, 2, 117.21, 498008, 10943
64546, 0, 1442, 13122, 12949, 3914, 36.69%, 0, 4, 2, 115.75, 498604, 10943
64551, 0, 1442, 13122, 12949, 3914, 36.69%, 0, 4, 2, 141.42, 499320, 10943
64556, 0, 1442, 13122, 12949, 3914, 36.69%, 0, 4, 2, 140.97, 500054, 10943
64741, 0, 1442, 13122, 12949, 3914, 36.69%, 0, 4, 2, 0.09, 500602, 10943
64746, 0, 1442, 13122, 12949, 3914, 36.69%, 0, 4, 2, 162.93, 501296, 10943
64751, 0, 1442, 13122, 12949, 3914, 36.69%, 0, 4, 2, 137.00, 502000, 10943
64756, 0, 1442, 13122, 12949, 3914, 36.69%, 0, 4, 2, 159.82, 502811, 10943
64761, 0, 1442, 13122, 12949, 3914, 36.69%, 0, 4, 2, 152.24, 503576, 10943
64767, 0, 1442, 13123, 12950, 3914, 36.69%, 0, 4, 2, 113.10, 504191, 10943
64951, 0, 1442, 13123, 12950, 3914, 36.69%, 0, 4, 2, 0.11, 504577, 10943
64956, 0, 1442, 13123, 12950, 3914, 36.69%, 0, 4, 2, 141.82, 505281, 10943
64962, 0, 1442, 13123, 12950, 3914, 36.69%, 0, 4, 2, 128.37, 505903, 10943
64967, 0, 1442, 13123, 12950, 3914, 36.69%, 0, 4, 2, 114.83, 506465, 10943
64972, 0, 1442, 13123, 12950, 3914, 36.69%, 0, 4, 2, 151.10, 507213, 10943
64977, 0, 1442, 13123, 12950, 3914, 36.69%, 0, 4, 2, 141.05, 507909, 10943
65162, 0, 1442, 13123, 12950, 3914, 36.69%, 0, 4, 2, 0.10, 508519, 10943
65167, 0, 1442, 13123, 12950, 3914, 36.69%, 0, 4, 2, 122.37, 509139, 10943
65172, 0, 1442, 13123, 12950, 3914, 36.69%, 0, 4, 2, 129.62, 509715, 10943
65177, 0, 1442, 13123, 12950, 3914, 36.69%, 0, 4, 2, 136.24, 510449, 10943
65182, 0, 1442, 13123, 12950, 3914, 36.69%, 0, 4, 2, 131.41, 511073, 10943
65187, 0, 1449, 13125, 12951, 3914, 36.69%, 0, 4, 2, 144.19, 511845, 10943
67475, 0, 1449, 13125, 12951, 3914, 36.69%, 0, 4, 2, 0.01, 512485, 10943
67480, 0, 1449, 13125, 12951, 3914, 36.69%, 0, 4, 2, 141.38, 513207, 10943
67485, 0, 1450, 13212, 13037, 3931, 36.76%, 0, 4, 2, 124.63, 514684, 10966
67490, 0, 1450, 13213, 13038, 3931, 36.76%, 0, 4, 2, 115.82, 515263, 10966
67496, 0, 1450, 13213, 13038, 3931, 36.76%, 0, 4, 2, 115.20, 515847, 10966
67501, 0, 1450, 13213, 13038, 3931, 36.76%, 0, 4, 2, 121.37, 516493, 10966
67686, 0, 1455, 13213, 13037, 3931, 36.76%, 0, 4, 2, 0.03, 516977, 10966
67691, 0, 1476, 13214, 13037, 3930, 36.76%, 0, 4, 2, 107.25, 517520, 10966
67696, 0, 1476, 13216, 13039, 3930, 36.76%, 0, 4, 2, 133.29, 518248, 10966
67701, 0, 1476, 13216, 13039, 3930, 36.76%, 0, 4, 2, 133.58, 518922, 10966
67706, 0, 1476, 13217, 13040, 3930, 36.76%, 0, 4, 2, 116.84, 519483, 10966
67711, 0, 1476, 13217, 13040, 3930, 36.76%, 0, 4, 2, 120.71, 520115, 10966
67896, 0, 1476, 13217, 13040, 3930, 36.76%, 0, 4, 2, 0.16, 520665, 10966
67901, 0, 1476, 13217, 13040, 3930, 36.76%, 0, 4, 2, 146.19, 521370, 10966
67906, 0, 1476, 13217, 13040, 3930, 36.76%, 0, 4, 2, 116.50, 521909, 10966
67911, 0, 1476, 13217, 13040, 3930, 36.76%, 0, 4, 2, 119.67, 522503, 10966
67916, 0, 1476, 13218, 13041, 3930, 36.76%, 0, 4, 2, 156.02, 523312, 10966
67921, 0, 1476, 13218, 13041, 3930, 36.76%, 0, 4, 2, 145.72, 524034, 10966
68106, 0, 1476, 13218, 13041, 3930, 36.76%, 0, 4, 2, 0.13, 524707, 10966
68111, 0, 1476, 13218, 13041, 3930, 36.76%, 0, 4, 2, 154.11, 525520, 10966
68116, 0, 1476, 13218, 13041, 3930, 36.76%, 0, 4, 2, 165.98, 526432, 10966
68121, 0, 1476, 13218, 13041, 3930, 36.76%, 0, 4, 2, 151.17, 527197, 10966
68126, 0, 1476, 13218, 13041, 3930, 36.76%, 0, 4, 2, 157.74, 528007, 10966
68132, 0, 1476, 13218, 13041, 3930, 36.76%, 0, 4, 2, 109.23, 528518, 10966
68316, 0, 1476, 13218, 13041, 3930, 36.76%, 0, 4, 2, 0.19, 529136, 10966
68321, 0, 1476, 13218, 13041, 3930, 36.76%, 0, 4, 2, 136.17, 529852, 10966
68327, 0, 1476, 13218, 13041, 3930, 36.76%, 0, 4, 2, 158.99, 530704, 10966
68332, 0, 1476, 13218, 13041, 3930, 36.76%, 0, 4, 2, 148.75, 531457, 10966
68337, 0, 1476, 13218, 13041, 3930, 36.76%, 0, 4, 2, 152.43, 532243, 10966
68342, 0, 1476, 13218, 13041, 3930, 36.76%, 0, 4, 2, 146.31, 532974, 10966
68527, 0, 1476, 13218, 13041, 3930, 36.76%, 0, 4, 2, 0.04, 533680, 10966
68532, 0, 1476, 13218, 13041, 3930, 36.76%, 0, 4, 2, 165.16, 534481, 10966
68537, 0, 1476, 13218, 13041, 3930, 36.76%, 0, 4, 2, 152.07, 535252, 10966
68542, 0, 1476, 13218, 13041, 3930, 36.76%, 0, 4, 2, 131.36, 535964, 10966
68547, 0, 1478, 13218, 13040, 3929, 36.76%, 0, 4, 2, 131.36, 536622, 10966
68552, 0, 1478, 13220, 13042, 3929, 36.76%, 0, 4, 2, 138.22, 537344, 10966
68737, 0, 1478, 13220, 13042, 3929, 36.76%, 0, 4, 2, 0.04, 537854, 10966
68742, 0, 1478, 13220, 13042, 3929, 36.76%, 0, 4, 2, 144.19, 538642, 10966
68747, 0, 1481, 13223, 13044, 3929, 36.76%, 0, 4, 2, 170.74, 539508, 10966
68752, 0, 1481, 13223, 13044, 3929, 36.76%, 0, 4, 2, 175.36, 540378, 10966
68757, 0, 1481, 13223, 13044, 3929, 36.76%, 0, 4, 2, 121.98, 540941, 10966
68763, 0, 1481, 13223, 13044, 3929, 36.76%, 0, 4, 2, 126.30, 541563, 10966
68947, 0, 1481, 13223, 13044, 3929, 36.76%, 0, 4, 2, 0.01, 542191, 10966
68952, 0, 1481, 13223, 13044, 3929, 36.76%, 0, 4, 2, 153.62, 542953, 10966
68957, 0, 1481, 13223, 13044, 3929, 36.76%, 0, 4, 2, 166.88, 543735, 10966
68963, 0, 1482, 13224, 13044, 3929, 36.76%, 0, 4, 2, 146.36, 544464, 10966
68968, 0, 1482, 13225, 13045, 3929, 36.76%, 0, 4, 2, 150.50, 545234, 10966
68973, 0, 1482, 13225, 13045, 3929, 36.76%, 0, 4, 2, 154.13, 546044, 10966
69158, 0, 1509, 13225, 13043, 3928, 36.76%, 0, 4, 2, 0.07, 546803, 10966
69163, 0, 1514, 13225, 13042, 3927, 36.76%, 0, 4, 2, 118.99, 547431, 10966
69168, 0, 1514, 13226, 13043, 3927, 36.76%, 0, 4, 2, 136.86, 548164, 10966
69173, 0, 1514, 13226, 13043, 3927, 36.76%, 0, 4, 2, 141.98, 548884, 10966
69178, 0, 1515, 13226, 13042, 3927, 36.76%, 0, 4, 2, 138.94, 549582, 10966
69183, 0, 1515, 13227, 13043, 3927, 36.76%, 0, 4, 2, 150.85, 550351, 10966
69368, 0, 1518, 13227, 13042, 3927, 36.76%, 0, 4, 2, 0.09, 551043, 10966
69373, 0, 1524, 13227, 13041, 3926, 36.76%, 0, 4, 2, 127.82, 551683, 10966
69378, 0, 1524, 13227, 13041, 3926, 36.76%, 0, 4, 2, 107.85, 552215, 10966
69383, 0, 1536, 13228, 13041, 3925, 36.76%, 0, 4, 2, 239.51, 553372, 10966
69388, 0, 1536, 13230, 13043, 3925, 36.76%, 0, 4, 2, 336.36, 555238, 10966
69394, 0, 1536, 13230, 13043, 3925, 36.76%, 0, 4, 2, 339.83, 556936, 10966
71681, 0, 1538, 13230, 13042, 3925, 36.76%, 0, 4, 2, 0.01, 557782, 10966
71686, 0, 1556, 13237, 13047, 3923, 36.77%, 0, 4, 2, 150.28, 558497, 10969
71691, 0, 1561, 13339, 13149, 3940, 36.88%, 0, 4, 2, 142.10, 560027, 11001
71696, 0, 1561, 13339, 13149, 3940, 36.88%, 0, 4, 2, 151.77, 560815, 11001
71702, 0, 1562, 13340, 13149, 3940, 36.88%, 0, 4, 2, 136.96, 561502, 11001
71707, 0, 1562, 13340, 13149, 3940, 36.88%, 0, 4, 2, 136.56, 562196, 11001
71892, 0, 1562, 13340, 13149, 3940, 36.88%, 0, 4, 2, 0.03, 562890, 11001
71897, 0, 1564, 13341, 13149, 3940, 36.88%, 0, 4, 2, 127.67, 563597, 11001
71902, 0, 1564, 13342, 13150, 3940, 36.88%, 0, 4, 2, 158.30, 564385, 11001
71907, 0, 1564, 13342, 13150, 3940, 36.88%, 0, 4, 2, 141.76, 565068, 11001
71912, 0, 1564, 13342, 13150, 3940, 36.88%, 0, 4, 2, 145.34, 565802, 11001
71917, 0, 1564, 13342, 13150, 3940, 36.88%, 0, 4, 2, 136.97, 566486, 11001
72102, 0, 1567, 13342, 13149, 3940, 36.88%, 0, 4, 2, 0.19, 567134, 11001
72107, 0, 1569, 13342, 13148, 3939, 36.88%, 0, 4, 2, 135.64, 567790, 11001
72112, 0, 1570, 13342, 13147, 3938, 36.88%, 0, 4, 2, 148.17, 568552, 11001
72117, 0, 1574, 13342, 13146, 3937, 36.88%, 0, 4, 2, 122.96, 569216, 11001
72122, 0, 1577, 13342, 13145, 3936, 36.88%, 0, 4, 2, 110.86, 569688, 11001
72127, 0, 1577, 13344, 13147, 3936, 36.88%, 0, 4, 2, 172.41, 570693, 11001
72312, 0, 1577, 13344, 13147, 3936, 36.88%, 0, 4, 2, 0.15, 571458, 11001
72317, 0, 1577, 13344, 13147, 3936, 36.88%, 0, 4, 2, 148.46, 572210, 11001
72322, 0, 1577, 13344, 13147, 3936, 36.88%, 0, 4, 2, 148.00, 572990, 11001
72327, 0, 1578, 13345, 13147, 3937, 36.88%, 0, 4, 2, 158.10, 573820, 11001
72333, 0, 1578, 13345, 13147, 3937, 36.88%, 0, 4, 2, 153.91, 574594, 11001
72338, 0, 1581, 13346, 13147, 3936, 36.88%, 0, 4, 2, 147.98, 575338, 11001
72522, 0, 1581, 13346, 13147, 3936, 36.88%, 0, 4, 2, 0.20, 575924, 11001
72528, 0, 1581, 13347, 13148, 3936, 36.88%, 0, 4, 2, 146.70, 576681, 11001
72533, 0, 1581, 13347, 13148, 3936, 36.88%, 0, 4, 2, 155.88, 577449, 11001
72538, 0, 1581, 13347, 13148, 3936, 36.88%, 0, 4, 2, 142.64, 578191, 11001
72543, 0, 1583, 13347, 13147, 3936, 36.88%, 0, 4, 2, 131.70, 578855, 11001
72548, 0, 1602, 13347, 13144, 3933, 36.88%, 0, 4, 2, 314.81, 580443, 11001
72733, 0, 1612, 13347, 13142, 3931, 36.88%, 0, 4, 2, 0.42, 581872, 11001
72738, 0, 1622, 13347, 13141, 3930, 36.88%, 0, 4, 2, 136.62, 582527, 11001
72743, 0, 1626, 13347, 13140, 3929, 36.88%, 0, 4, 2, 115.00, 583073, 11001
72748, 0, 1648, 13347, 13139, 3928, 36.88%, 0, 4, 2, 104.78, 583635, 11001
72753, 0, 1665, 13347, 13137, 3927, 36.88%, 0, 4, 2, 126.35, 584235, 11001
72758, 0, 1670, 13348, 13137, 3926, 36.88%, 0, 4, 2, 253.74, 585629, 11001
72943, 0, 1682, 13348, 13135, 3924, 36.88%, 0, 4, 2, 0.02, 586730, 11001
72948, 0, 1683, 13348, 13134, 3923, 36.88%, 0, 4, 2, 139.02, 587458, 11001
72953, 0, 1702, 13348, 13133, 3923, 36.88%, 0, 4, 2, 118.41, 588014, 11001
72958, 0, 1710, 13348, 13130, 3920, 36.88%, 0, 4, 2, 294.72, 589589, 11001
72964, 0, 1716, 13348, 13127, 3917, 36.88%, 0, 4, 2, 314.70, 591226, 11001
72969, 0, 1720, 13348, 13126, 3916, 36.88%, 0, 4, 2, 174.18, 591961, 11001
73153, 0, 1723, 13348, 13123, 3913, 36.88%, 0, 4, 2, 0.50, 593469, 11001
73159, 0, 1725, 13348, 13121, 3911, 36.88%, 0, 4, 2, 252.24, 594779, 11001
73164, 0, 1737, 13348, 13119, 3909, 36.88%, 0, 4, 2, 173.93, 595702, 11001
73169, 0, 1768, 13348, 13118, 3909, 36.88%, 0, 4, 2, 132.02, 596300, 11001
73174, 0, 1771, 13348, 13117, 3909, 36.88%, 0, 4, 2, 128.13, 596970, 11001
73179, 0, 1777, 13348, 13116, 3908, 36.88%, 0, 4, 2, 111.97, 597516, 11001
73364, 0, 1778, 13348, 13115, 3907, 36.88%, 0, 4, 2, 0.10, 598098, 11001
73369, 0, 1785, 13348, 13114, 3906, 36.88%, 0, 4, 2, 119.57, 598660, 11001
73374, 0, 1787, 13348, 13113, 3905, 36.88%, 0, 4, 2, 135.90, 599384, 11001
73379, 0, 1788, 13348, 13112, 3904, 36.88%, 0, 4, 2, 122.33, 600020, 11001
73384, 0, 1798, 13349, 13112, 3903, 36.88%, 0, 4, 2, 108.36, 600559, 11001
73389, 0, 1805, 13349, 13111, 3903, 36.88%, 0, 4, 2, 107.09, 601141, 11001
73574, 0, 1809, 13349, 13110, 3902, 36.88%, 0, 4, 2, 0.03, 601575, 11001
73579, 0, 1821, 13349, 13109, 3902, 36.88%, 0, 4, 2, 94.28, 602094, 11001
73584, 0, 1821, 13349, 13109, 3902, 36.88%, 0, 4, 2, 80.58, 602478, 11001
73589, 0, 1824, 13349, 13108, 3901, 36.88%, 0, 4, 2, 116.41, 603039, 11001
73594, 0, 1825, 13349, 13107, 3900, 36.88%, 0, 4, 2, 111.02, 603585, 11001
73600, 0, 1832, 13349, 13106, 3899, 36.88%, 0, 4, 2, 117.31, 604161, 11001
75888, 0, 1843, 13349, 13105, 3898, 36.88%, 0, 4, 2, 0.00, 604691, 11001
75893, 0, 1856, 13349, 13104, 3897, 36.88%, 0, 4, 2, 113.90, 605247, 11001
75898, 0, 1860, 13406, 13158, 3898, 36.92%, 0, 4, 2, 290.25, 607029, 11013
75903, 0, 1862, 13406, 13156, 3896, 36.92%, 0, 4, 2, 288.64, 608519, 11013
75908, 0, 1865, 13406, 13154, 3894, 36.92%, 0, 4, 2, 271.68, 609919, 11013
75913, 0, 1873, 13406, 13152, 3892, 36.92%, 0, 4, 2, 202.42, 610919, 11013
76098, 0, 1876, 13406, 13151, 3891, 36.92%, 0, 4, 2, 0.06, 611437, 11013
76103, 0, 1877, 13406, 13150, 3891, 36.92%, 0, 4, 2, 114.18, 612077, 11013
76108, 0, 1878, 13406, 13149, 3890, 36.92%, 0, 4, 2, 118.63, 612683, 11013
76113, 0, 1878, 13407, 13150, 3890, 36.92%, 0, 4, 2, 108.71, 613278, 11013
76118, 0, 1882, 13407, 13149, 3889, 36.92%, 0, 4, 2, 119.97, 613880, 11013
76123, 0, 1894, 13407, 13147, 3887, 36.92%, 0, 4, 2, 233.87, 614998, 11013
76308, 0, 1900, 13407, 13145, 3885, 36.92%, 0, 4, 2, 0.04, 616206, 11013
76314, 0, 1900, 13408, 13146, 3885, 36.92%, 0, 4, 2, 110.58, 616851, 11013
76319, 0, 1902, 13409, 13146, 3884, 36.92%, 0, 4, 2, 137.08, 617532, 11013
76324, 0, 1902, 13409, 13146, 3884, 36.92%, 0, 4, 2, 129.23, 618160, 11013
76329, 0, 1908, 13409, 13145, 3884, 36.92%, 0, 4, 2, 140.76, 618844, 11013
76334, 0, 1915, 13412, 13147, 3883, 36.92%, 0, 4, 2, 136.95, 619549, 11013
76519, 0, 1915, 13413, 13148, 3883, 36.92%, 0, 4, 2, 0.09, 620142, 11013
76524, 0, 1915, 13413, 13148, 3883, 36.92%, 0, 4, 2, 137.90, 620810, 11013
76529, 0, 1915, 13413, 13148, 3883, 36.92%, 0, 4, 2, 128.97, 621480, 11013
76534, 0, 1915, 13413, 13148, 3883, 36.92%, 0, 4, 2, 105.53, 621998, 11013
76539, 0, 1915, 13413, 13148, 3883, 36.92%, 0, 4, 2, 102.29, 622484, 11013
76544, 0, 1915, 13413, 13148, 3883, 36.92%, 0, 4, 2, 100.29, 623034, 11013
76729, 0, 1915, 13413, 13148, 3883, 36.92%, 0, 4, 2, 0.10, 623614, 11013
76734, 0, 1915, 13413, 13148, 3883, 36.92%, 0, 4, 2, 122.27, 624270, 11013
76739, 0, 1915, 13413, 13148, 3883, 36.92%, 0, 4, 2, 130.78, 624932, 11013
76744, 0, 1915, 13413, 13148, 3883, 36.92%, 0, 4, 2, 122.21, 625506, 11013
76749, 0, 1915, 13414, 13149, 3883, 36.92%, 0, 4, 2, 132.03, 626211, 11013
76754, 0, 1915, 13414, 13149, 3883, 36.92%, 0, 4, 2, 112.01, 626789, 11013
79944, 0, 1915, 13414, 13149, 3883, 36.92%, 0, 4, 2, 0.01, 627323, 11013
80095, 0, 1915, 13414, 13149, 3883, 36.92%, 0, 4, 2, 0.09, 627337, 11013
80100, 0, 1915, 13414, 13149, 3883, 36.92%, 0, 4, 2, 152.15, 628061, 11013
80105, 0, 1915, 13414, 13149, 3883, 36.92%, 0, 4, 2, 144.80, 628757, 11013
80110, 0, 1915, 13414, 13149, 3883, 36.92%, 0, 4, 2, 131.71, 629393, 11013
80115, 0, 1915, 13414, 13149, 3883, 36.92%, 0, 4, 2, 144.59, 630159, 11013
80120, 0, 1915, 13414, 13149, 3883, 36.92%, 0, 4, 2, 138.87, 630861, 11013
80305, 0, 1915, 13414, 13149, 3883, 36.92%, 0, 4, 2, 0.01, 631329, 11013
80310, 0, 1915, 13414, 13149, 3883, 36.92%, 0, 4, 2, 119.64, 632031, 11013
80315, 0, 1915, 13414, 13149, 3883, 36.92%, 0, 4, 2, 104.08, 632527, 11013
80320, 0, 1915, 13414, 13149, 3883, 36.92%, 0, 4, 2, 134.03, 633259, 11013
80325, 0, 1915, 13414, 13149, 3883, 36.92%, 0, 4, 2, 144.44, 633987, 11013
80330, 0, 1915, 13414, 13149, 3883, 36.92%, 0, 4, 2, 127.30, 634647, 11013
80515, 0, 1915, 13414, 13149, 3883, 36.92%, 0, 4, 2, 0.01, 635083, 11013
80520, 0, 1915, 13414, 13149, 3883, 36.92%, 0, 4, 2, 132.05, 635811, 11013
80525, 0, 1915, 13414, 13149, 3883, 36.92%, 0, 4, 2, 143.69, 636581, 11013
80531, 0, 1915, 13414, 13149, 3883, 36.92%, 0, 4, 2, 111.17, 637113, 11013
80536, 0, 1915, 13415, 13150, 3883, 36.92%, 0, 4, 2, 142.63, 637886, 11013
80541, 0, 1918, 13416, 13149, 3881, 36.99%, 0, 4, 2, 162.32, 638719, 11035
80726, 0, 1918, 14167, 13900, 3881, 38.21%, 0, 4, 2, 0.23, 645174, 11397
80731, 0, 1920, 14195, 13928, 4014, 38.21%, 0, 4, 2, 202.45, 646062, 11399
80736, 0, 1920, 14196, 13929, 4014, 38.21%, 0, 4, 2, 151.75, 646755, 11399
80741, 0, 1920, 14196, 13929, 4014, 38.21%, 0, 4, 2, 135.81, 647349, 11399
80746, 0, 1920, 14196, 13929, 4014, 38.21%, 0, 4, 2, 140.27, 648077, 11399
80751, 0, 1920, 14196, 13929, 4014, 38.21%, 0, 4, 2, 132.88, 648693, 11399
80936, 0, 1920, 14196, 13929, 4014, 38.21%, 0, 4, 2, 0.09, 649225, 11399
80941, 0, 1920, 14196, 13929, 4014, 38.21%, 0, 4, 2, 132.88, 649873, 11399
80946, 0, 1920, 14197, 13930, 4014, 38.21%, 0, 4, 2, 136.67, 650564, 11399
80951, 0, 1920, 14197, 13930, 4014, 38.21%, 0, 4, 2, 131.74, 651224, 11399
80956, 0, 1920, 14197, 13930, 4014, 38.21%, 0, 4, 2, 110.27, 651768, 11399
80961, 0, 1920, 14198, 13931, 4014, 38.21%, 0, 4, 2, 97.44, 652307, 11399
81146, 0, 1920, 14198, 13931, 4014, 38.21%, 0, 4, 2, 0.03, 652722, 11399
81151, 0, 1920, 14198, 13931, 4014, 38.21%, 0, 4, 2, 96.97, 653224, 11399
81156, 0, 1920, 14198, 13931, 4014, 38.21%, 0, 4, 2, 148.71, 653951, 11399
81161, 0, 1920, 14198, 13931, 4014, 38.21%, 0, 4, 2, 127.57, 654579, 11399
81166, 0, 1920, 14198, 13931, 4014, 38.21%, 0, 4, 2, 133.89, 655223, 11399
81172, 0, 1920, 14198, 13931, 4014, 38.21%, 0, 4, 2, 122.09, 655811, 11399
81357, 0, 1920, 14198, 13931, 4014, 38.21%, 0, 4, 2, 0.07, 656411, 11399
81362, 0, 1920, 14198, 13931, 4014, 38.21%, 0, 4, 2, 122.11, 657073, 11399
81367, 0, 1920, 14198, 13931, 4014, 38.21%, 0, 4, 2, 133.39, 657783, 11399
81372, 0, 1920, 14199, 13932, 4014, 38.21%, 0, 4, 2, 130.86, 658458, 11399
81377, 0, 1920, 14199, 13932, 4014, 38.21%, 0, 4, 2, 110.22, 659008, 11399
81382, 0, 1920, 14199, 13932, 4014, 38.21%, 0, 4, 2, 115.33, 659590, 11399
81567, 0, 1920, 14199, 13932, 4014, 38.21%, 0, 4, 2, 0.06, 660152, 11399
81572, 0, 1920, 14199, 13932, 4014, 38.21%, 0, 4, 2, 171.63, 661031, 11399
81577, 0, 1920, 14199, 13932, 4014, 38.21%, 0, 4, 2, 168.66, 661889, 11399
81582, 0, 1920, 14199, 13932, 4014, 38.21%, 0, 4, 2, 117.13, 662466, 11399
81587, 0, 1920, 14199, 13932, 4014, 38.21%, 0, 4, 2, 98.57, 662942, 11399
81592, 0, 1920, 14199, 13932, 4014, 38.21%, 0, 4, 2, 111.61, 663472, 11399
81777, 0, 1920, 14199, 13932, 4014, 38.21%, 0, 4, 2, 0.06, 664104, 11399
81782, 0, 1920, 14199, 13932, 4014, 38.21%, 0, 4, 2, 91.78, 664612, 11399
81787, 0, 1925, 14199, 13931, 4014, 38.21%, 0, 4, 2, 110.24, 665192, 11399
81792, 0, 1972, 14199, 13930, 4013, 38.21%, 0, 4, 2, 113.13, 665840, 11399
81797, 0, 1973, 14200, 13930, 4012, 38.21%, 0, 4, 2, 129.93, 666597, 11399
81803, 0, 1978, 14201, 13930, 4012, 38.21%, 0, 4, 2, 166.78, 667483, 11399
81987, 0, 1978, 14201, 13930, 4012, 38.21%, 0, 4, 2, 0.16, 668088, 11399
81993, 0, 1979, 14201, 13929, 4012, 38.21%, 0, 4, 2, 160.00, 668860, 11399
81998, 0, 1991, 14201, 13927, 4010, 38.21%, 0, 4, 2, 139.99, 669576, 11399
82003, 0, 1994, 14201, 13926, 4009, 38.21%, 0, 4, 2, 123.31, 670182, 11399
82008, 0, 1995, 14201, 13925, 4009, 38.21%, 0, 4, 2, 120.47, 670804, 11399
82013, 0, 1998, 14201, 13924, 4008, 38.21%, 0, 4, 2, 126.61, 671440, 11399
84301, 0, 2002, 14201, 13923, 4007, 38.21%, 0, 4, 2, 0.01, 671942, 11399
84306, 0, 2015, 14257, 13977, 4014, 38.33%, 0, 4, 2, 103.90, 673317, 11434
84311, 0, 2019, 14257, 13976, 4013, 38.33%, 0, 4, 2, 121.01, 673953, 11434
84316, 0, 2042, 14258, 13975, 4011, 38.33%, 0, 4, 2, 120.71, 674580, 11434
84321, 0, 2042, 14258, 13975, 4011, 38.33%, 0, 4, 2, 129.65, 675256, 11434
84326, 0, 2043, 14259, 13975, 4010, 38.33%, 0, 4, 2, 156.61, 676080, 11434
84511, 0, 2043, 14259, 13975, 4010, 38.33%, 0, 4, 2, 0.13, 676663, 11434
84516, 0, 2045, 14259, 13974, 4009, 38.33%, 0, 4, 2, 124.48, 677289, 11434
84521, 0, 2046, 14259, 13973, 4008, 38.33%, 0, 4, 2, 127.42, 677963, 11434
84526, 0, 2053, 14260, 13973, 4007, 38.33%, 0, 4, 2, 121.07, 678594, 11434
84531, 0, 2059, 14260, 13972, 4007, 38.33%, 0, 4, 2, 136.80, 679312, 11434
84536, 0, 2060, 14261, 13972, 4006, 38.33%, 0, 4, 2, 129.41, 680023, 11434
84721, 0, 2060, 14261, 13972, 4006, 38.33%, 0, 4, 2, 0.07, 680430, 11434
84726, 0, 2060, 14262, 13973, 4006, 38.33%, 0, 4, 2, 102.46, 680984, 11434
84732, 0, 2060, 14262, 13973, 4006, 38.33%, 0, 4, 2, 95.39, 681471, 11434
84737, 0, 2060, 14262, 13973, 4006, 38.33%, 0, 4, 2, 93.21, 681944, 11434
84742, 0, 2060, 14263, 13974, 4006, 38.33%, 0, 4, 2, 101.42, 682465, 11434
84747, 0, 2060, 14263, 13974, 4006, 38.33%, 0, 4, 2, 108.97, 683053, 11434
84932, 0, 2060, 14263, 13974, 4006, 38.33%, 0, 4, 2, 0.02, 683517, 11434
84937, 0, 2060, 14263, 13974, 4006, 38.33%, 0, 4, 2, 116.43, 684105, 11434
84942, 0, 2061, 14263, 13973, 4006, 38.33%, 0, 4, 2, 199.99, 685117, 11434
84947, 0, 2063, 14263, 13971, 4004, 38.33%, 0, 4, 2, 156.21, 685894, 11434
84952, 0, 2063, 14264, 13972, 4004, 38.33%, 0, 4, 2, 145.43, 686658, 11434
84957, 0, 2064, 14266, 13973, 4004, 38.33%, 0, 4, 2, 200.08, 687595, 11434
85142, 0, 2064, 14267, 13974, 4004, 38.33%, 0, 4, 2, 0.03, 688877, 11434
85147, 0, 2064, 14267, 13974, 4004, 38.33%, 0, 4, 2, 284.19, 690407, 11434
85152, 0, 2067, 14268, 13974, 4004, 38.33%, 0, 4, 2, 298.68, 691998, 11434
85157, 0, 2067, 14270, 13976, 4004, 38.33%, 0, 4, 2, 183.28, 692798, 11434
85163, 0, 2067, 14271, 13977, 4004, 38.33%, 0, 4, 2, 167.61, 693627, 11434
85168, 0, 2067, 14271, 13977, 4004, 38.33%, 0, 4, 2, 145.72, 694357, 11434
85352, 0, 2067, 14271, 13977, 4004, 38.33%, 0, 4, 2, 0.05, 695040, 11434
85357, 0, 2067, 14271, 13977, 4004, 38.33%, 0, 4, 2, 105.49, 695605, 11434
85362, 0, 2067, 14271, 13977, 4004, 38.33%, 0, 4, 2, 134.99, 696323, 11434
85368, 0, 2067, 14272, 13978, 4004, 38.33%, 0, 4, 2, 149.57, 697111, 11434
85373, 0, 2067, 14272, 13978, 4004, 38.33%, 0, 4, 2, 144.17, 697834, 11434
85378, 0, 2067, 14272, 13978, 4004, 38.33%, 0, 4, 2, 162.53, 698608, 11434
85563, 0, 2067, 14272, 13978, 4004, 38.33%, 0, 4, 2, 0.18, 699271, 11434
85568, 0, 2067, 14272, 13978, 4004, 38.33%, 0, 4, 2, 154.23, 700039, 11434
85573, 0, 2067, 14273, 13979, 4004, 38.33%, 0, 4, 2, 170.33, 700937, 11434
85578, 0, 2067, 14273, 13979, 4004, 38.33%, 0, 4, 2, 154.48, 701702, 11434
85583, 0, 2067, 14273, 13979, 4004, 38.33%, 0, 4, 2, 159.36, 702560, 11434
85588, 0, 2067, 14273, 13979, 4004, 38.33%, 0, 4, 2, 157.80, 703358, 11434
85773, 0, 2067, 14273, 13979, 4004, 38.33%, 0, 4, 2, 0.09, 703913, 11434
85778, 0, 2067, 14273, 13979, 4004, 38.33%, 0, 4, 2, 122.49, 704633, 11434
85783, 0, 2067, 14273, 13979, 4004, 38.33%, 0, 4, 2, 136.02, 705377, 11434
85788, 0, 2067, 14274, 13980, 4004, 38.33%, 0, 4, 2, 141.70, 706134, 11434
85793, 0, 2067, 14274, 13980, 4004, 38.33%, 0, 4, 2, 154.16, 706926, 11434
85798, 0, 2067, 14274, 13980, 4004, 38.33%, 0, 4, 2, 130.62, 707572, 11434
85983, 0, 2067, 14274, 13980, 4004, 38.33%, 0, 4, 2, 0.13, 708166, 11434
85988, 0, 2067, 14274, 13980, 4004, 38.33%, 0, 4, 2, 168.14, 708987, 11434
85993, 0, 2067, 14274, 13980, 4004, 38.33%, 0, 4, 2, 162.91, 709812, 11434
85998, 0, 2067, 14274, 13980, 4004, 38.33%, 0, 4, 2, 168.52, 710673, 11434
86004, 0, 2068, 14274, 13979, 4004, 38.33%, 0, 4, 2, 142.16, 711392, 11434
86009, 0, 2069, 14274, 13978, 4003, 38.33%, 0, 4, 2, 109.28, 711896, 11434
86194, 0, 2076, 14274, 13977, 4002, 38.33%, 0, 4, 2, 0.08, 712376, 11434
86199, 0, 2076, 14275, 13978, 4002, 38.33%, 0, 4, 2, 82.09, 712795, 11434
86204, 0, 2076, 14275, 13978, 4002, 38.33%, 0, 4, 2, 89.91, 713258, 11434
86209, 0, 2076, 14275, 13978, 4002, 38.33%, 0, 4, 2, 94.39, 713752, 11434
86214, 0, 2078, 14275, 13977, 4002, 38.33%, 0, 4, 2, 97.51, 714259, 11434
86219, 0, 2078, 14275, 13977, 4002, 38.33%, 0, 4, 2, 100.08, 714761, 11434
