# unix_time, cycles_done, cur_path, paths_total, pending_total, pending_favs, map_size, unique_crashes, unique_hangs, max_depth, execs_per_sec, total_execs
1712685914, 1, 0, 5, 5, 5, 1.24%, 0, 0, 1, 2666.67, 40
1712685989, 1, 0, 220, 220, 5, 1.68%, 0, 0, 2, 4.47, 7902
1712685994, 1, 0, 280, 280, 5, 1.84%, 0, 0, 2, 1703.67, 16308
1712686000, 1, 0, 310, 310, 5, 1.94%, 0, 0, 2, 1640.39, 24477
1712686005, 1, 0, 337, 337, 5, 1.98%, 0, 0, 2, 1760.45, 33341
1712686010, 1, 4, 529, 528, 193, 2.35%, 0, 0, 2, 1440.14, 40668
1712686015, 1, 4, 587, 586, 193, 2.42%, 0, 0, 2, 1188.84, 45735
1712686140, 1, 4, 609, 608, 193, 2.46%, 0, 0, 2, 0.84, 51125
1712686145, 1, 4, 626, 625, 193, 2.49%, 0, 0, 2, 1544.60, 57620
1712686150, 1, 4, 637, 636, 193, 2.50%, 0, 0, 2, 1276.91, 63541
1712686156, 1, 4, 643, 642, 193, 2.52%, 0, 0, 2, 1225.84, 69727
1712686161, 1, 8, 649, 645, 239, 2.52%, 0, 0, 3, 1769.56, 76795
1712686166, 1, 11, 673, 668, 238, 2.56%, 0, 0, 3, 1693.08, 85205
1712686171, 1, 11, 697, 692, 238, 2.60%, 0, 0, 3, 1704.94, 93758
1712686176, 1, 11, 732, 726, 237, 2.66%, 0, 0, 3, 1699.14, 102561
1712686181, 1, 20, 891, 885, 349, 2.98%, 0, 0, 3, 1432.82, 109389
1712686186, 1, 20, 899, 893, 349, 2.99%, 0, 0, 3, 1428.20, 116425
1712686191, 1, 20, 904, 898, 349, 3.05%, 0, 0, 3, 1672.19, 124209
1712686196, 1, 25, 912, 904, 354, 3.06%, 0, 0, 3, 1757.61, 133053
1712686201, 1, 25, 917, 909, 354, 3.07%, 0, 0, 3, 1749.65, 141878
1712686206, 1, 25, 923, 915, 354, 3.08%, 0, 0, 3, 1779.79, 150746
1712686211, 1, 29, 931, 922, 361, 3.13%, 0, 0, 3, 1637.46, 158817
1712686216, 1, 29, 933, 924, 361, 3.13%, 0, 0, 3, 1518.43, 166213
1712686222, 1, 29, 936, 927, 361, 3.19%, 0, 0, 3, 1661.46, 173769
1712686227, 1, 55, 940, 930, 365, 3.19%, 0, 0, 3, 1708.86, 181285
1712686232, 1, 64, 943, 930, 361, 3.20%, 0, 0, 3, 1623.05, 189348
1712686237, 1, 64, 949, 936, 361, 3.21%, 0, 0, 3, 1615.98, 197396
1712686242, 1, 64, 961, 948, 361, 3.22%, 0, 0, 3, 1635.88, 205620
1712686247, 1, 73, 966, 952, 368, 3.22%, 0, 0, 3, 1639.37, 213929
1712686252, 1, 73, 970, 956, 368, 3.22%, 0, 0, 3, 1686.33, 222291
1712686257, 1, 73, 974, 960, 368, 3.22%, 0, 0, 3, 1666.68, 230474
1712686262, 1, 73, 980, 966, 368, 3.23%, 0, 0, 3, 1636.07, 238617
1712686267, 1, 94, 981, 964, 368, 3.23%, 0, 0, 3, 1672.18, 246998
1712686272, 1, 95, 983, 965, 367, 3.24%, 0, 0, 3, 1529.91, 251816
1712686277, 1, 95, 984, 966, 367, 3.24%, 0, 0, 3, 127.52, 254594
1712686282, 1, 95, 986, 968, 367, 3.25%, 0, 0, 3, 1715.09, 263070
1712686288, 1, 95, 987, 969, 367, 3.25%, 0, 0, 3, 1655.34, 271756
1712686293, 1, 95, 988, 970, 367, 3.25%, 0, 0, 3, 1633.88, 279986
1712686298, 1, 96, 991, 972, 371, 3.25%, 0, 0, 3, 1634.03, 288311
1712686303, 1, 96, 999, 980, 371, 3.25%, 0, 0, 3, 1571.03, 296200
1712686308, 1, 96, 1003, 984, 371, 3.25%, 0, 0, 3, 1558.51, 303989
1712686313, 1, 107, 1006, 985, 372, 3.25%, 0, 0, 3, 1622.86, 312056
1712686318, 1, 109, 1008, 986, 372, 3.26%, 0, 0, 3, 1557.30, 319813
1712686323, 1, 116, 1008, 984, 371, 3.26%, 0, 0, 3, 1516.01, 327204
1712686328, 1, 119, 1010, 984, 369, 3.26%, 0, 0, 3, 1494.21, 334778
1712686333, 1, 119, 1013, 987, 369, 3.27%, 0, 0, 3, 1470.69, 342081
1712686338, 1, 119, 1015, 989, 369, 3.27%, 0, 0, 3, 1670.38, 349158
1712686343, 1, 119, 1017, 991, 369, 3.27%, 0, 0, 3, 1447.38, 356325
1712686349, 1, 126, 1019, 992, 374, 3.27%, 0, 0, 3, 1586.57, 364207
1712686354, 1, 145, 1020, 990, 371, 3.27%, 0, 0, 3, 1670.22, 372670
1712686359, 1, 145, 1023, 993, 371, 3.28%, 0, 0, 3, 1560.86, 380493
1712686364, 1, 145, 1025, 995, 371, 3.28%, 0, 0, 3, 1545.91, 388304
1712686369, 1, 145, 1026, 996, 371, 3.28%, 0, 0, 3, 1522.16, 395902
1712686374, 1, 145, 1034, 1004, 371, 3.29%, 0, 0, 3, 1549.93, 403706
1712686379, 1, 150, 1034, 1001, 371, 3.29%, 0, 0, 3, 1607.29, 411770
1712686384, 1, 152, 1038, 1004, 370, 3.29%, 0, 0, 3, 1587.95, 420118
1712686389, 1, 152, 1040, 1006, 370, 3.29%, 0, 0, 3, 1551.59, 427888
1712686404, 1, 172, 1043, 1007, 371, 3.31%, 0, 0, 3, 1569.59, 451417
1712686410, 1, 172, 1048, 1012, 371, 3.37%, 0, 0, 3, 1551.72, 459357
1712686415, 1, 172, 1049, 1013, 371, 3.37%, 0, 0, 3, 1467.25, 466655
1712686420, 1, 172, 1050, 1014, 371, 3.38%, 0, 0, 3, 1556.77, 474343
1712686425, 1, 175, 1051, 1014, 374, 3.38%, 0, 0, 3, 1622.12, 482476
1712686430, 1, 177, 1059, 1021, 373, 3.39%, 0, 0, 3, 1578.96, 490446
1712686435, 1, 177, 1060, 1022, 373, 3.39%, 0, 0, 3, 1564.23, 498297
1712686440, 1, 177, 1065, 1027, 373, 3.39%, 0, 0, 3, 1600.48, 506397
1712686445, 1, 177, 1066, 1028, 373, 3.39%, 0, 0, 3, 1550.70, 514189
1712686450, 1, 204, 1069, 1028, 374, 3.41%, 0, 0, 3, 1575.33, 522039
1712686455, 1, 204, 1077, 1036, 374, 3.42%, 0, 0, 3, 1418.76, 528168
1712686460, 1, 204, 1078, 1037, 374, 3.42%, 0, 0, 3, 1643.21, 534380
1712686465, 1, 204, 1079, 1038, 374, 3.42%, 0, 0, 3, 1699.46, 543067
1712686470, 1, 209, 1082, 1040, 374, 3.42%, 0, 0, 3, 1709.15, 551690
1712686475, 1, 212, 1082, 1039, 373, 3.42%, 0, 0, 3, 1749.06, 560530
1712686480, 1, 221, 1088, 1042, 370, 3.43%, 0, 0, 3, 1608.78, 568205
1712686486, 1, 221, 1093, 1047, 370, 3.43%, 0, 0, 3, 1564.44, 576096
1712686491, 1, 221, 1097, 1051, 370, 3.44%, 0, 0, 3, 1596.95, 583909
1712686496, 1, 221, 1098, 1052, 370, 3.44%, 0, 0, 3, 1678.41, 592526
1712686501, 1, 226, 1098, 1050, 374, 3.44%, 0, 0, 3, 1698.98, 601000
1712686506, 1, 230, 1100, 1051, 373, 3.44%, 0, 0, 3, 1682.98, 609514
1712686511, 1, 230, 1103, 1054, 373, 3.44%, 0, 0, 3, 1632.68, 617623
1712686516, 1, 230, 1105, 1056, 373, 3.44%, 0, 0, 3, 1645.13, 626092
1712686521, 1, 230, 1118, 1069, 373, 3.49%, 0, 0, 3, 1539.57, 633971
1712686526, 1, 241, 1128, 1078, 377, 3.51%, 0, 0, 3, 1519.77, 641115
1712686531, 1, 241, 1135, 1085, 377, 3.53%, 0, 0, 3, 1465.84, 646365
1712686536, 1, 241, 1146, 1096, 377, 3.56%, 0, 0, 3, 1512.81, 652119
1712686546, 1, 246, 1148, 1096, 383, 3.56%, 0, 0, 3, 53.00, 666809
1712686552, 1, 246, 1150, 1098, 383, 3.57%, 0, 0, 3, 615.94, 671948
1712686557, 1, 246, 1153, 1101, 383, 3.57%, 0, 0, 3, 279.88, 677116
1712686572, 1, 247, 1153, 1100, 385, 3.57%, 0, 0, 3, 1569.96, 698430
1712686577, 1, 261, 1154, 1097, 381, 3.57%, 0, 0, 3, 1606.83, 705746
1712686582, 1, 261, 1156, 1099, 381, 3.57%, 0, 0, 3, 1379.92, 712212
1712686587, 1, 261, 1158, 1101, 381, 3.57%, 0, 0, 3, 1321.96, 718710
1712686592, 1, 261, 1159, 1102, 381, 3.57%, 0, 0, 3, 1375.81, 725844
1712686597, 1, 261, 1163, 1106, 381, 3.57%, 0, 0, 3, 1519.41, 733502
1712686603, 1, 268, 1165, 1107, 380, 3.58%, 0, 0, 3, 1918.99, 740177
1712686608, 1, 272, 1166, 1106, 378, 3.58%, 0, 0, 3, 1518.92, 746372
1712686613, 1, 274, 1168, 1107, 378, 3.58%, 0, 0, 3, 1859.52, 752911
1712686618, 1, 282, 1169, 1107, 377, 3.60%, 0, 0, 3, 118.58, 759618
1712686623, 1, 286, 1175, 1112, 377, 3.60%, 0, 0, 3, 1281.80, 766502
1712686628, 1, 286, 1180, 1117, 377, 3.60%, 0, 0, 3, 1384.99, 773658
1712686633, 1, 286, 1187, 1124, 377, 3.61%, 0, 0, 3, 1361.56, 780599
1712686638, 1, 289, 1189, 1125, 380, 3.61%, 0, 0, 3, 1363.97, 787344
1712686644, 1, 292, 1196, 1131, 379, 3.62%, 0, 0, 3, 1327.63, 794218
1712686649, 1, 292, 1198, 1133, 379, 3.62%, 0, 0, 3, 1529.98, 800722
1712686664, 1, 297, 1198, 1131, 385, 3.62%, 0, 0, 3, 63.83, 823390
1712686669, 1, 297, 1202, 1135, 385, 3.62%, 0, 0, 3, 1479.87, 830834
1712686674, 1, 297, 1206, 1139, 385, 3.64%, 0, 0, 3, 1437.05, 837998
1712686679, 1, 297, 1208, 1141, 385, 3.64%, 0, 0, 3, 1393.02, 845182
1712686684, 1, 297, 1210, 1143, 385, 3.64%, 0, 0, 3, 1426.65, 852338
1712686690, 1, 298, 1216, 1148, 386, 3.64%, 0, 0, 3, 1405.97, 859051
1712686695, 1, 298, 1219, 1151, 386, 3.64%, 0, 0, 3, 1398.00, 864300
1712686700, 1, 298, 1220, 1152, 386, 3.64%, 0, 0, 3, 1578.61, 869751
1712686705, 1, 298, 1222, 1154, 386, 3.64%, 0, 0, 3, 1697.77, 878706
1712686710, 1, 298, 1223, 1155, 386, 3.64%, 0, 0, 3, 1601.46, 886799
1712686715, 1, 301, 1225, 1156, 383, 3.64%, 0, 0, 3, 1581.66, 894880
1712686720, 1, 301, 1228, 1159, 383, 3.64%, 0, 0, 3, 1481.02, 902280
1712686725, 1, 301, 1229, 1160, 383, 3.64%, 0, 0, 3, 1528.08, 909922
1712686735, 1, 302, 1237, 1167, 380, 3.64%, 0, 0, 3, 1522.88, 926241
1712686741, 1, 302, 1243, 1173, 380, 3.65%, 0, 0, 3, 1442.21, 932690
1712686746, 1, 302, 1244, 1174, 380, 3.65%, 0, 0, 3, 1298.47, 938883
1712686751, 1, 302, 1246, 1176, 380, 3.65%, 0, 0, 3, 1467.20, 946504
1712686761, 1, 305, 1249, 1178, 382, 3.65%, 0, 0, 3, 1609.88, 962802
1712686766, 1, 305, 1253, 1182, 382, 3.66%, 0, 0, 3, 1451.25, 970007
1712686771, 1, 305, 1255, 1184, 382, 3.66%, 0, 0, 3, 1428.66, 977438
1712686776, 1, 305, 1258, 1187, 382, 3.66%, 0, 0, 3, 1501.06, 985214
1712686781, 1, 306, 1261, 1189, 385, 3.66%, 0, 0, 3, 1572.23, 993151
1712686786, 1, 313, 1263, 1190, 384, 3.67%, 0, 0, 3, 1510.68, 1001116
1712686791, 1, 319, 1265, 1190, 384, 3.67%, 0, 0, 3, 1556.36, 1009187
1712686797, 1, 319, 1268, 1193, 384, 3.68%, 0, 0, 3, 1572.00, 1017209
1712686807, 1, 319, 1270, 1195, 384, 3.68%, 0, 0, 3, 1541.00, 1032973
1712686812, 1, 322, 1273, 1197, 385, 3.69%, 0, 0, 3, 1558.57, 1040901
1712686817, 1, 333, 1273, 1194, 382, 3.69%, 0, 0, 3, 1626.10, 1048743
1712686822, 1, 335, 1275, 1194, 381, 3.69%, 0, 0, 3, 1568.30, 1056694
1712686827, 1, 339, 1278, 1196, 380, 3.69%, 0, 0, 3, 1590.44, 1063984
1712686832, 1, 339, 1284, 1202, 380, 3.70%, 0, 0, 3, 1609.87, 1072344
1712686837, 1, 339, 1287, 1205, 380, 3.70%, 0, 0, 3, 1594.78, 1080464
1712686842, 1, 339, 1288, 1206, 380, 3.71%, 0, 0, 3, 1568.90, 1088461
1712686848, 1, 340, 1288, 1205, 387, 3.71%, 0, 0, 3, 1648.69, 1097105
1712686853, 1, 343, 1313, 1229, 386, 3.72%, 0, 0, 3, 1583.03, 1105077
1712686858, 1, 343, 1326, 1242, 386, 3.72%, 0, 0, 3, 1610.50, 1113245
1712686863, 1, 343, 1336, 1252, 386, 3.73%, 0, 0, 3, 1577.53, 1121260
1712686868, 1, 358, 1371, 1286, 383, 3.76%, 0, 0, 3, 154.35, 1127705
1712686874, 1, 358, 1382, 1297, 383, 3.78%, 0, 0, 3, 1309.78, 1131877
1712686879, 1, 358, 1394, 1309, 383, 3.79%, 0, 0, 3, 1233.70, 1136067
1712686885, 1, 358, 1408, 1323, 383, 3.81%, 0, 0, 3, 196.22, 1140269
1712686891, 1, 358, 1415, 1330, 383, 3.82%, 0, 0, 3, 67.29, 1144417
1712686896, 1, 358, 1426, 1341, 383, 3.85%, 0, 0, 3, 1465.62, 1148519
1712686901, 1, 360, 1430, 1344, 412, 3.85%, 0, 0, 3, 1930.09, 1153121
1712686906, 1, 360, 1434, 1348, 412, 3.86%, 0, 0, 3, 1460.49, 1159554
1712686911, 1, 360, 1437, 1351, 412, 3.87%, 0, 0, 3, 1452.74, 1165658
1712686916, 1, 360, 1439, 1353, 412, 3.87%, 0, 0, 3, 1238.52, 1171430
1712686921, 1, 360, 1441, 1355, 412, 3.87%, 0, 0, 3, 1289.94, 1177609
1712686926, 1, 360, 1443, 1357, 412, 3.87%, 0, 0, 3, 1354.68, 1183762
1712686931, 1, 363, 1444, 1356, 417, 3.87%, 0, 0, 3, 1513.62, 1191145
1712686937, 1, 363, 1445, 1357, 417, 3.87%, 0, 0, 3, 1368.84, 1197149
1712686942, 1, 363, 1447, 1359, 417, 3.88%, 0, 0, 3, 1435.09, 1203213
1712686947, 1, 363, 1452, 1364, 417, 3.88%, 0, 0, 3, 1445.74, 1208769
1712686952, 1, 363, 1456, 1368, 417, 3.88%, 0, 0, 3, 1341.68, 1214455
1712686957, 1, 365, 1458, 1369, 419, 3.88%, 0, 0, 3, 1527.46, 1219286
1712686962, 1, 365, 1460, 1371, 419, 3.89%, 0, 0, 3, 1745.00, 1223428
1712686967, 1, 365, 1463, 1374, 419, 3.90%, 0, 0, 3, 1661.99, 1231584
1712686972, 1, 379, 1463, 1373, 424, 3.90%, 0, 0, 3, 1635.26, 1239910
1712686980, 1, 380, 1463, 1372, 423, 3.90%, 0, 0, 3, 59.17, 1245517
1712686987, 1, 400, 1463, 1371, 422, 3.90%, 0, 0, 3, 14.13, 1247545
1712686994, 1, 402, 1463, 1370, 421, 3.90%, 0, 0, 3, 115.86, 1249303
1712686999, 1, 402, 1480, 1387, 421, 3.90%, 0, 0, 3, 1738.15, 1257506
1712687004, 1, 402, 1481, 1388, 421, 3.90%, 0, 0, 3, 1560.79, 1265260
1712687019, 1, 414, 1487, 1393, 423, 3.91%, 0, 0, 3, 1343.28, 1286540
1712687025, 1, 414, 1497, 1403, 423, 3.91%, 0, 0, 3, 1021.25, 1290433
1712687030, 1, 414, 1502, 1408, 423, 3.91%, 0, 0, 3, 39.67, 1294586
1712687036, 1, 414, 1507, 1413, 423, 3.92%, 0, 0, 3, 99.35, 1298715
1712687042, 1, 414, 1508, 1414, 423, 3.93%, 0, 0, 3, 220.22, 1302820
1712687047, 1, 414, 1509, 1415, 423, 3.93%, 0, 0, 3, 122.92, 1306936
1712687053, 1, 415, 1513, 1418, 431, 3.94%, 0, 0, 3, 14.10, 1310316
1712687059, 1, 415, 1514, 1419, 431, 3.94%, 0, 0, 3, 23.27, 1312370
1712687065, 1, 415, 1515, 1420, 431, 3.94%, 0, 0, 3, 146.54, 1314430
1712687075, 1, 415, 1519, 1424, 431, 3.95%, 0, 0, 3, 1563.64, 1323384
1712687080, 1, 415, 1522, 1427, 431, 3.97%, 0, 0, 3, 1602.45, 1331574
1712687085, 1, 415, 1526, 1431, 431, 3.98%, 0, 0, 3, 1606.60, 1339702
1712687090, 1, 424, 1529, 1432, 436, 3.98%, 0, 0, 3, 1670.86, 1348574
1712687095, 1, 424, 1530, 1433, 436, 3.98%, 0, 0, 3, 1560.37, 1356343
1712687100, 1, 424, 1532, 1435, 436, 3.99%, 0, 0, 3, 1523.26, 1363919
1712687105, 1, 424, 1535, 1438, 436, 4.00%, 0, 0, 3, 1468.16, 1371317
1712687110, 1, 435, 1537, 1439, 441, 4.01%, 0, 0, 3, 1621.09, 1379575
1712687116, 1, 435, 1542, 1444, 441, 4.01%, 0, 0, 3, 1393.74, 1383663
1712687121, 1, 435, 1547, 1449, 441, 4.02%, 0, 0, 3, 168.02, 1387003
1712687127, 1, 435, 1548, 1450, 441, 4.02%, 0, 0, 3, 155.13, 1391103
1712687132, 1, 435, 1549, 1451, 441, 4.02%, 0, 0, 3, 1266.78, 1395193
1712687138, 1, 435, 1552, 1454, 441, 4.03%, 0, 0, 3, 542.45, 1399310
1712687144, 1, 435, 1553, 1455, 441, 4.03%, 0, 0, 3, 247.83, 1403434
1712687149, 1, 440, 1556, 1456, 444, 4.03%, 0, 0, 3, 1702.91, 1407429
1712687154, 1, 440, 1559, 1459, 444, 4.03%, 0, 0, 3, 1439.67, 1410710
1712687159, 1, 440, 1568, 1468, 444, 4.05%, 0, 0, 3, 1657.88, 1415445
1712687164, 1, 440, 1569, 1469, 444, 4.05%, 0, 0, 3, 1633.23, 1423582
1712687169, 1, 440, 1570, 1470, 444, 4.05%, 0, 0, 3, 1652.93, 1431829
1712687174, 1, 444, 1570, 1469, 452, 4.05%, 0, 0, 3, 1610.72, 1440006
1712687179, 1, 450, 1571, 1469, 452, 4.05%, 0, 0, 3, 196.84, 1444618
1712687184, 1, 450, 1574, 1472, 452, 4.06%, 0, 0, 3, 228.81, 1451490
1712687190, 1, 450, 1578, 1476, 452, 4.08%, 0, 0, 3, 1291.03, 1457567
1712687195, 1, 450, 1580, 1478, 452, 4.08%, 0, 0, 3, 1320.00, 1463094
1712687200, 1, 450, 1581, 1479, 452, 4.08%, 0, 0, 3, 1248.01, 1468928
1712687205, 1, 450, 1583, 1481, 452, 4.08%, 0, 0, 3, 1417.21, 1474964
1712687210, 1, 452, 1583, 1480, 461, 4.08%, 0, 0, 3, 1459.37, 1480908
1712687215, 1, 452, 1589, 1486, 461, 4.08%, 0, 0, 3, 1530.67, 1485022
1712687220, 1, 452, 1593, 1490, 461, 4.09%, 0, 0, 3, 251.97, 1488204
1712687225, 1, 452, 1596, 1493, 461, 4.09%, 0, 0, 3, 1481.32, 1492128
1712687231, 1, 452, 1597, 1494, 461, 4.09%, 0, 0, 3, 243.24, 1495373
1712687236, 1, 452, 1600, 1497, 461, 4.09%, 0, 0, 3, 1166.82, 1499276
1712687241, 1, 467, 1601, 1497, 464, 4.09%, 0, 0, 3, 41.46, 1503035
1712687246, 1, 469, 1605, 1500, 465, 4.10%, 0, 0, 3, 1665.00, 1506694
1712687252, 1, 469, 1610, 1505, 465, 4.11%, 0, 0, 3, 1753.69, 1510832
1712687257, 1, 469, 1612, 1507, 465, 4.11%, 0, 0, 3, 1599.32, 1518753
1712687262, 1, 469, 1614, 1509, 465, 4.11%, 0, 0, 3, 1584.41, 1526798
1712687267, 1, 469, 1615, 1510, 465, 4.11%, 0, 0, 3, 1557.51, 1534649
1712687272, 1, 516, 1626, 1520, 469, 4.11%, 0, 0, 3, 49.55, 1540995
1712687277, 1, 516, 1628, 1522, 469, 4.11%, 0, 0, 3, 1376.63, 1545685
1712687282, 1, 516, 1634, 1528, 469, 4.12%, 0, 0, 3, 1625.00, 1549549
1712687287, 1, 516, 1635, 1529, 469, 4.12%, 0, 0, 3, 1316.88, 1553903
1712687293, 1, 516, 1642, 1536, 469, 4.12%, 0, 0, 3, 1613.34, 1558789
1712687298, 1, 516, 1646, 1540, 469, 4.13%, 0, 0, 3, 1180.48, 1562653
1712687303, 1, 516, 1648, 1542, 469, 4.13%, 0, 0, 3, 80.86, 1567769
1712687309, 1, 519, 1653, 1546, 475, 4.13%, 0, 0, 3, 196.66, 1574353
1712687331, 1, 521, 1655, 1547, 474, 4.14%, 0, 0, 3, 1576.71, 1582906
1712687336, 1, 521, 1657, 1549, 474, 4.14%, 0, 0, 3, 1680.27, 1591485
1712687351, 1, 537, 1659, 1550, 475, 4.14%, 0, 0, 3, 1700.94, 1616450
1712687356, 1, 545, 1659, 1549, 476, 4.14%, 0, 0, 3, 1801.45, 1621821
1712687361, 1, 547, 1659, 1548, 475, 4.14%, 0, 0, 3, 1770.05, 1625079
1712687366, 1, 558, 1661, 1549, 474, 4.14%, 0, 0, 3, 35.66, 1629632
1712687372, 1, 558, 1665, 1553, 474, 4.15%, 0, 0, 3, 1537.03, 1634574
1712687377, 1, 558, 1669, 1557, 474, 4.16%, 0, 0, 3, 1625.26, 1643136
1712687382, 1, 558, 1670, 1558, 474, 4.17%, 0, 0, 3, 1604.97, 1651240
1712687387, 1, 563, 1671, 1557, 479, 4.17%, 0, 0, 3, 1499.53, 1658850
1712687392, 1, 568, 1671, 1555, 478, 4.17%, 0, 0, 3, 1621.18, 1665195
1712687398, 1, 569, 1673, 1556, 477, 4.17%, 0, 0, 3, 137.52, 1669818
1712687459, 1, 574, 1673, 1555, 478, 4.17%, 0, 0, 3, 0.30, 1674932
1712687468, 1, 574, 1676, 1558, 478, 4.17%, 0, 0, 3, 14.98, 1680488
1712687478, 1, 574, 1677, 1559, 478, 4.17%, 0, 0, 3, 67.79, 1684588
1712687483, 1, 574, 1678, 1560, 478, 4.17%, 0, 0, 3, 83.16, 1687656
1712687507, 1, 574, 1679, 1561, 478, 4.18%, 0, 0, 3, 137.77, 1699961
1712687518, 1, 574, 1680, 1562, 478, 4.19%, 0, 0, 3, 1863.02, 1705728
1712687530, 1, 575, 1680, 1561, 482, 4.19%, 0, 0, 3, 73.78, 1709160
1712687535, 1, 579, 1681, 1561, 481, 4.19%, 0, 0, 3, 1919.00, 1714171
1712687540, 1, 579, 1684, 1564, 481, 4.19%, 0, 0, 3, 1552.48, 1721326
1712687545, 1, 579, 1689, 1569, 481, 4.20%, 0, 0, 3, 1448.29, 1728552
1712687550, 1, 579, 1693, 1573, 481, 4.20%, 0, 0, 3, 1380.08, 1735462
1712687555, 1, 579, 1697, 1577, 481, 4.21%, 0, 0, 3, 1308.55, 1742002
1712687561, 1, 582, 1699, 1577, 487, 4.22%, 0, 0, 3, 1378.71, 1748979
1712687566, 1, 582, 1702, 1580, 487, 4.22%, 0, 0, 3, 1479.37, 1756761
1712687576, 1, 586, 1702, 1578, 485, 4.22%, 0, 0, 3, 1274.58, 1770201
1712687584, 1, 588, 1703, 1578, 484, 4.22%, 0, 0, 3, 4.66, 1773759
1712687589, 1, 596, 1703, 1576, 483, 4.22%, 0, 0, 3, 1708.47, 1779835
1712687594, 1, 611, 1704, 1575, 481, 4.22%, 0, 0, 3, 1551.28, 1787415
1712687599, 1, 617, 1705, 1573, 477, 4.22%, 0, 0, 3, 1603.88, 1795315
1712687610, 1, 618, 1705, 1572, 476, 4.22%, 0, 0, 3, 0.24, 1797837
1712687615, 1, 618, 1708, 1575, 476, 4.22%, 0, 0, 3, 1549.69, 1805476
1712687620, 1, 618, 1709, 1576, 476, 4.23%, 0, 0, 3, 1601.68, 1813698
1712687625, 1, 618, 1710, 1577, 476, 4.23%, 0, 0, 3, 1629.21, 1821994
1712687635, 1, 624, 1712, 1577, 477, 4.23%, 0, 0, 3, 1536.76, 1838260
1712687640, 1, 624, 1715, 1580, 477, 4.23%, 0, 0, 3, 1450.82, 1845406
1712687645, 1, 624, 1718, 1583, 477, 4.24%, 0, 0, 3, 1392.12, 1852458
1712687650, 1, 624, 1719, 1584, 477, 4.24%, 0, 0, 3, 1378.88, 1859634
1712687655, 1, 631, 1721, 1585, 479, 4.25%, 0, 0, 3, 1424.46, 1866854
1712687661, 1, 638, 1721, 1584, 478, 4.25%, 0, 0, 3, 1557.81, 1872169
1712687666, 1, 641, 1723, 1584, 476, 4.26%, 0, 0, 3, 1662.39, 1879234
1712687671, 1, 641, 1726, 1587, 476, 4.26%, 0, 0, 3, 1607.70, 1887253
1712687676, 1, 641, 1727, 1588, 476, 4.27%, 0, 0, 3, 1647.86, 1895766
1712687681, 1, 641, 1729, 1590, 476, 4.27%, 0, 0, 3, 1651.76, 1904197
1712687686, 1, 642, 1729, 1589, 480, 4.27%, 0, 0, 3, 1606.96, 1912163
1712687691, 1, 648, 1731, 1588, 479, 4.27%, 0, 0, 3, 1566.51, 1920085
1712687696, 1, 665, 1731, 1582, 473, 4.27%, 0, 0, 3, 1652.32, 1928337
1712687702, 1, 667, 1733, 1582, 471, 4.28%, 0, 0, 4, 175.86, 1935700
1712687707, 1, 667, 1736, 1585, 471, 4.28%, 0, 0, 4, 1714.98, 1944312
1712687712, 1, 667, 1737, 1586, 471, 4.28%, 0, 0, 4, 1653.70, 1952529
1712687722, 1, 680, 1739, 1584, 474, 4.29%, 0, 0, 4, 1662.01, 1969586
1712687727, 1, 683, 1746, 1589, 472, 4.29%, 0, 0, 4, 1689.68, 1978260
1712687732, 1, 683, 1752, 1595, 472, 4.30%, 0, 0, 4, 1621.71, 1986588
1712687738, 1, 683, 1754, 1597, 472, 4.30%, 0, 0, 4, 1667.09, 1995055
1712687743, 1, 687, 1759, 1600, 475, 4.30%, 0, 0, 4, 1666.91, 2003705
1712687748, 1, 687, 1763, 1604, 475, 4.34%, 0, 0, 4, 1648.56, 2012119
1712687753, 1, 687, 1767, 1608, 475, 4.35%, 0, 0, 4, 1595.15, 2020137
1712687758, 1, 691, 1770, 1610, 482, 4.35%, 0, 0, 4, 1598.12, 2028270
1712687763, 1, 692, 1772, 1611, 483, 4.35%, 0, 0, 4, 1651.20, 2036848
1712687768, 1, 692, 1775, 1614, 483, 4.35%, 0, 0, 4, 1573.05, 2044847
1712687773, 1, 692, 1776, 1615, 483, 4.35%, 0, 0, 4, 1561.36, 2052699
1712687778, 1, 694, 1777, 1615, 483, 4.35%, 0, 0, 4, 1592.05, 2060686
1712687783, 1, 699, 1777, 1610, 478, 4.35%, 0, 0, 4, 1606.48, 2068812
1712687791, 1, 706, 1779, 1609, 475, 4.35%, 0, 0, 4, 40.40, 2075984
1712687801, 1, 707, 1779, 1608, 475, 4.35%, 0, 0, 4, 1790.61, 2081781
1712687807, 1, 709, 1787, 1615, 474, 4.36%, 0, 0, 4, 296.33, 2085237
1712687813, 1, 709, 1791, 1619, 474, 4.36%, 0, 0, 4, 23.77, 2088338
1712687818, 1, 709, 1806, 1634, 474, 4.38%, 0, 0, 4, 1646.30, 2092847
1712687823, 1, 709, 1818, 1646, 474, 4.38%, 0, 0, 4, 1588.72, 2100859
1712687828, 1, 713, 1825, 1652, 486, 4.39%, 0, 0, 4, 1658.33, 2109117
1712687834, 1, 714, 1825, 1651, 485, 4.39%, 0, 0, 4, 135.63, 2112125
1712687839, 1, 714, 1826, 1652, 485, 4.39%, 0, 0, 4, 1553.65, 2114840
1712687845, 1, 717, 1826, 1651, 483, 4.39%, 0, 0, 4, 1646.88, 2117461
1712687850, 1, 726, 1827, 1651, 482, 4.39%, 0, 0, 4, 1424.45, 2120381
1712687855, 1, 733, 1830, 1653, 482, 4.39%, 0, 0, 4, 1723.53, 2124498
1712687860, 1, 733, 1832, 1655, 482, 4.39%, 0, 0, 4, 1424.59, 2131146
1712687875, 1, 733, 1833, 1656, 482, 4.39%, 0, 0, 4, 1281.34, 2150597
1712687880, 1, 738, 1834, 1656, 483, 4.39%, 0, 0, 4, 1436.13, 2157973
1712687888, 1, 742, 1834, 1654, 481, 4.39%, 0, 0, 4, 0.33, 2161246
1712687893, 1, 743, 1835, 1654, 480, 4.39%, 0, 0, 4, 89.66, 2164772
1712687899, 1, 743, 1840, 1659, 480, 4.40%, 0, 0, 4, 1629.32, 2169923
1712687904, 1, 743, 1846, 1665, 480, 4.40%, 0, 0, 4, 1595.18, 2177092
1712687909, 1, 743, 1847, 1666, 480, 4.40%, 0, 0, 4, 1583.87, 2185036
1712687920, 1, 752, 1847, 1664, 486, 4.40%, 0, 0, 4, 179.83, 2198870
1712687925, 1, 753, 1848, 1664, 485, 4.40%, 0, 0, 4, 1729.45, 2203897
1712687930, 1, 754, 1849, 1664, 484, 4.40%, 0, 0, 4, 1575.00, 2207528
1712687944, 1, 754, 1852, 1667, 484, 4.41%, 0, 0, 4, 32.63, 2211327
1712687955, 1, 754, 1854, 1669, 484, 4.41%, 0, 0, 4, 1600.50, 2221294
1712687960, 1, 754, 1856, 1671, 484, 4.41%, 0, 0, 4, 1609.74, 2229349
1712687970, 1, 755, 1858, 1672, 485, 4.42%, 0, 0, 4, 1532.58, 2243338
1712687975, 1, 755, 1863, 1677, 485, 4.44%, 0, 0, 4, 1735.70, 2249892
1712687980, 1, 755, 1865, 1679, 485, 4.44%, 0, 0, 4, 1626.58, 2257890
1712687985, 1, 755, 1866, 1680, 485, 4.44%, 0, 0, 4, 1607.17, 2265994
1712687991, 1, 765, 1866, 1679, 491, 4.44%, 0, 0, 4, 249.58, 2273468
1712687996, 1, 771, 1868, 1679, 489, 4.44%, 0, 0, 4, 1590.16, 2281478
1712688002, 1, 779, 1868, 1677, 487, 4.44%, 0, 0, 4, 247.44, 2287856
1712688008, 1, 786, 1869, 1676, 485, 4.44%, 0, 0, 4, 19.91, 2294905
1712688013, 1, 787, 1869, 1675, 484, 4.44%, 0, 0, 4, 1911.57, 2298277
1712688018, 1, 788, 1873, 1678, 483, 4.46%, 0, 0, 4, 1658.13, 2304624
1712688028, 1, 788, 1876, 1681, 483, 4.46%, 0, 0, 4, 1703.16, 2315255
1712688033, 1, 788, 1880, 1685, 483, 4.47%, 0, 0, 4, 1540.77, 2320655
1712688038, 1, 788, 1881, 1686, 483, 4.47%, 0, 0, 4, 1555.97, 2328753
1712688043, 1, 789, 1882, 1686, 486, 4.47%, 0, 0, 4, 1588.48, 2336829
1712688049, 1, 789, 1884, 1688, 486, 4.47%, 0, 0, 4, 1519.88, 2344329
1712688054, 1, 789, 1885, 1689, 486, 4.47%, 0, 0, 4, 1482.12, 2351871
1712688059, 1, 795, 1888, 1691, 485, 4.47%, 0, 0, 4, 1573.20, 2359814
1712688064, 1, 795, 1891, 1694, 485, 4.47%, 0, 0, 4, 1325.06, 2365439
1712688069, 1, 795, 1893, 1696, 485, 4.47%, 0, 0, 4, 1404.98, 2370961
1712688084, 1, 795, 1895, 1698, 485, 4.48%, 0, 0, 4, 1339.50, 2388505
1712688091, 1, 796, 1896, 1698, 488, 4.48%, 0, 0, 4, 45.01, 2393817
1712688098, 1, 797, 1896, 1697, 487, 4.48%, 0, 0, 4, 73.09, 2396096
1712688104, 1, 799, 1896, 1696, 486, 4.48%, 0, 0, 4, 10.49, 2398115
1712688109, 1, 799, 1898, 1698, 486, 4.48%, 0, 0, 4, 1448.93, 2400313
1712688121, 1, 799, 1906, 1706, 486, 4.50%, 0, 0, 4, 1552.84, 2406601
1712688126, 1, 799, 1907, 1707, 486, 4.50%, 0, 0, 4, 1576.53, 2414452
1712688142, 1, 800, 1907, 1706, 496, 4.50%, 0, 0, 4, 65.99, 2433484
1712688148, 1, 805, 1907, 1704, 494, 4.50%, 0, 0, 4, 1.69, 2436764
1712688153, 1, 805, 1908, 1705, 494, 4.50%, 0, 0, 4, 1690.74, 2439733
1712688158, 1, 815, 1908, 1704, 494, 4.50%, 0, 0, 4, 1724.70, 2442327
1712688163, 1, 817, 1908, 1703, 493, 4.50%, 0, 0, 4, 1630.00, 2444432
1712688169, 1, 821, 1908, 1701, 491, 4.50%, 0, 0, 4, 21.35, 2447386
1712688174, 1, 821, 1909, 1702, 491, 4.53%, 0, 0, 4, 1554.36, 2449259
1712688188, 1, 821, 1912, 1705, 491, 4.54%, 0, 0, 4, 37.71, 2452764
1712688193, 1, 821, 1913, 1706, 491, 4.54%, 0, 0, 4, 1631.67, 2460896
1712688208, 1, 827, 1914, 1706, 492, 4.54%, 0, 0, 4, 1543.94, 2484777
1712688214, 1, 829, 1916, 1707, 492, 4.54%, 0, 0, 4, 128.55, 2490032
1712688220, 1, 829, 1917, 1708, 492, 4.54%, 0, 0, 4, 227.01, 2494136
1712688225, 1, 829, 1921, 1712, 492, 4.54%, 0, 0, 4, 1500.00, 2498197
1712688230, 1, 829, 1922, 1713, 492, 4.54%, 0, 0, 4, 227.02, 2501343
1712688235, 1, 829, 1925, 1716, 492, 4.55%, 0, 0, 4, 1356.30, 2505392
1712688240, 1, 829, 1928, 1719, 492, 4.55%, 0, 0, 4, 153.33, 2508562
1712688246, 1, 832, 1930, 1720, 495, 4.55%, 0, 0, 4, 222.86, 2512666
1712688251, 1, 835, 1935, 1724, 494, 4.56%, 0, 0, 4, 1507.78, 2517825
1712688256, 1, 835, 1937, 1726, 494, 4.56%, 0, 0, 4, 51.59, 2520301
1712688262, 1, 835, 1939, 1728, 494, 4.56%, 0, 0, 4, 207.26, 2523401
1712688267, 1, 835, 1942, 1731, 494, 4.57%, 0, 0, 4, 1592.03, 2528848
1712688282, 1, 837, 1942, 1730, 501, 4.57%, 0, 0, 4, 1570.00, 2550589
1712688287, 1, 838, 1950, 1737, 500, 4.57%, 0, 0, 4, 1447.41, 2557001
1712688292, 1, 838, 1956, 1743, 500, 4.57%, 0, 0, 4, 1366.88, 2563729
1712688302, 1, 842, 1962, 1748, 501, 4.57%, 0, 0, 4, 1291.27, 2576914
1712688307, 1, 846, 1963, 1747, 499, 4.57%, 0, 0, 4, 1725.76, 2582753
1712688312, 1, 846, 1964, 1748, 499, 4.57%, 0, 0, 4, 1565.90, 2585013
1712688323, 1, 847, 1966, 1749, 498, 4.57%, 0, 0, 4, 485.99, 2594267
1712688328, 1, 847, 1967, 1750, 498, 4.57%, 0, 0, 4, 903.64, 2598209
1712688334, 1, 847, 1968, 1751, 498, 4.57%, 0, 0, 4, 955.72, 2601453
1712688339, 1, 847, 1969, 1752, 498, 4.58%, 0, 0, 4, 1448.48, 2605117
1712688344, 1, 847, 1971, 1754, 498, 4.58%, 0, 0, 4, 102.04, 2608657
1712688349, 1, 848, 1972, 1754, 502, 4.59%, 0, 0, 4, 1756.25, 2613918
1712688354, 1, 852, 1974, 1755, 502, 4.59%, 0, 0, 4, 1365.00, 2617978
1712688360, 1, 852, 1975, 1756, 502, 4.59%, 0, 0, 4, 86.37, 2620774
1712688372, 1, 852, 1976, 1757, 502, 4.59%, 0, 0, 4, 87.43, 2626933
1712688377, 1, 852, 1977, 1758, 502, 4.59%, 0, 0, 4, 1517.97, 2634857
1712688388, 1, 858, 1980, 1760, 504, 4.59%, 0, 0, 4, 170.70, 2649743
1712688393, 1, 858, 1984, 1764, 504, 4.60%, 0, 0, 4, 371.09, 2654411
1712688398, 1, 858, 1985, 1765, 504, 4.60%, 0, 0, 4, 1652.91, 2658521
1712688403, 1, 858, 1989, 1769, 504, 4.61%, 0, 0, 4, 1574.00, 2666462
1712688408, 1, 858, 1991, 1771, 504, 4.62%, 0, 0, 4, 1582.99, 2674631
1712688413, 1, 864, 1993, 1772, 504, 4.63%, 0, 0, 4, 1499.04, 2682233
1712688418, 1, 866, 1994, 1772, 503, 4.63%, 0, 0, 4, 1666.28, 2684886
1712688429, 1, 869, 1996, 1773, 503, 4.63%, 0, 0, 4, 1587.15, 2690131
1712688441, 1, 869, 1997, 1774, 503, 4.63%, 0, 0, 4, 155.56, 2694574
1712688446, 1, 869, 2001, 1778, 503, 4.64%, 0, 0, 4, 1574.28, 2702509
1712688451, 1, 869, 2002, 1779, 503, 4.64%, 0, 0, 4, 1615.32, 2710875
1712688456, 1, 869, 2003, 1780, 503, 4.64%, 0, 0, 4, 1575.57, 2718893
1712688462, 1, 875, 2003, 1777, 508, 4.64%, 0, 0, 4, 153.98, 2726231
1712688468, 1, 877, 2003, 1776, 507, 4.64%, 0, 0, 4, 292.04, 2729265
1712688473, 1, 885, 2028, 1799, 505, 4.65%, 0, 0, 4, 1886.57, 2733883
1712688478, 1, 885, 2047, 1818, 505, 4.65%, 0, 0, 4, 1617.40, 2741521
1712688483, 1, 885, 2051, 1822, 505, 4.65%, 0, 0, 4, 1535.01, 2749571
1712688488, 1, 885, 2063, 1834, 505, 4.66%, 0, 0, 4, 1481.71, 2756917
1712688493, 1, 885, 2065, 1836, 505, 4.66%, 0, 0, 4, 1458.08, 2764386
1712688498, 1, 900, 2078, 1846, 512, 4.69%, 0, 0, 4, 97.74, 2771753
1712688504, 1, 900, 2108, 1876, 512, 4.76%, 0, 0, 4, 1398.78, 2777747
1712688509, 1, 900, 2141, 1909, 512, 4.87%, 0, 0, 4, 1378.72, 2781906
1712688514, 1, 900, 2168, 1936, 512, 4.93%, 0, 0, 4, 1439.40, 2789259
1712688519, 1, 904, 2187, 1954, 572, 4.97%, 0, 0, 4, 1536.49, 2796917
1712688524, 1, 908, 2188, 1953, 570, 4.97%, 0, 0, 4, 1358.31, 2803645
1712688529, 1, 921, 2190, 1953, 569, 4.97%, 0, 0, 4, 1478.30, 2811010
1712688534, 1, 921, 2192, 1955, 569, 4.98%, 0, 0, 4, 1480.11, 2818450
1712688539, 1, 921, 2197, 1960, 569, 4.98%, 0, 0, 4, 1499.41, 2826050
1712688544, 1, 921, 2199, 1962, 569, 4.98%, 0, 0, 4, 1508.26, 2833626
1712688550, 1, 922, 2199, 1961, 569, 4.98%, 0, 0, 4, 1454.14, 2841160
1712688555, 1, 922, 2205, 1967, 569, 5.00%, 0, 0, 4, 1495.39, 2848868
1712688560, 1, 922, 2207, 1969, 569, 5.00%, 0, 0, 4, 1516.00, 2856234
1712688570, 1, 922, 2208, 1970, 569, 5.00%, 0, 0, 4, 1534.89, 2871542
1712688575, 1, 926, 2209, 1969, 575, 5.00%, 0, 0, 4, 1647.02, 2877647
1712688580, 1, 930, 2211, 1969, 574, 5.00%, 0, 0, 4, 1574.04, 2885522
1712688585, 1, 930, 2216, 1974, 574, 5.01%, 0, 0, 4, 1487.62, 2893163
1712688590, 1, 930, 2219, 1977, 574, 5.01%, 0, 0, 4, 1509.91, 2900906
1712688600, 1, 931, 2219, 1976, 576, 5.01%, 0, 0, 4, 1546.06, 2916585
1712688605, 1, 933, 2228, 1983, 574, 5.03%, 0, 0, 4, 1496.34, 2923228
1712688610, 1, 933, 2245, 2000, 574, 5.04%, 0, 0, 4, 1482.26, 2930523
1712688616, 1, 933, 2251, 2006, 574, 5.04%, 0, 0, 4, 1528.62, 2938611
1712688621, 1, 933, 2254, 2009, 574, 5.04%, 0, 0, 4, 1561.62, 2946536
1712688626, 1, 934, 2258, 2012, 581, 5.04%, 0, 0, 4, 1512.99, 2954358
1712688631, 1, 937, 2259, 2011, 579, 5.04%, 0, 0, 4, 1511.35, 2961433
1712688636, 1, 941, 2266, 2016, 577, 5.04%, 0, 0, 4, 1579.52, 2969443
1712688641, 1, 941, 2270, 2020, 577, 5.05%, 0, 0, 4, 1556.58, 2977287
1712688646, 1, 941, 2276, 2026, 577, 5.06%, 0, 0, 4, 1531.99, 2984903
1712688651, 1, 941, 2280, 2030, 577, 5.06%, 0, 0, 4, 1569.56, 2992929
1712688656, 1, 943, 2282, 2030, 581, 5.06%, 0, 0, 4, 40.82, 2999601
1712688662, 1, 947, 2283, 2029, 579, 5.06%, 0, 0, 4, 1682.28, 3007757
1712688667, 1, 951, 2283, 2026, 576, 5.06%, 0, 0, 4, 1457.34, 3014714
1712688672, 1, 956, 2283, 2023, 573, 5.06%, 0, 0, 4, 1471.73, 3022232
1712688677, 1, 959, 2287, 2024, 570, 5.06%, 0, 0, 4, 1486.16, 3029961
1712688682, 1, 959, 2291, 2028, 570, 5.07%, 0, 0, 4, 1537.78, 3037806
1712688687, 1, 959, 2295, 2032, 570, 5.07%, 0, 0, 4, 1507.69, 3044873
1712688692, 1, 959, 2298, 2035, 570, 5.08%, 0, 0, 4, 1525.90, 3052622
1712688697, 1, 959, 2300, 2037, 570, 5.08%, 0, 0, 4, 1517.83, 3060468
1712688702, 1, 962, 2302, 2037, 580, 5.08%, 0, 0, 4, 1609.43, 3068684
1712688707, 1, 969, 2303, 2036, 579, 5.08%, 0, 0, 4, 1516.43, 3075834
1712688712, 1, 973, 2306, 2037, 578, 5.08%, 0, 0, 4, 1579.47, 3083966
1712688717, 1, 973, 2307, 2038, 578, 5.08%, 0, 0, 4, 1533.95, 3091146
1712688733, 1, 981, 2309, 2039, 577, 5.09%, 0, 0, 4, 150.94, 3114300
1712688738, 1, 981, 2312, 2042, 577, 5.09%, 0, 0, 4, 203.17, 3118404
1712688743, 1, 981, 2314, 2044, 577, 5.09%, 0, 0, 4, 1577.07, 3126583
1712688749, 1, 981, 2318, 2048, 577, 5.09%, 0, 0, 4, 1581.23, 3134861
1712688754, 1, 984, 2318, 2046, 579, 5.09%, 0, 0, 4, 136.13, 3140112
1712688759, 1, 984, 2322, 2050, 579, 5.10%, 0, 0, 4, 1427.96, 3146150
1712688764, 1, 984, 2327, 2055, 579, 5.11%, 0, 0, 4, 1566.52, 3151526
1712688769, 1, 984, 2329, 2057, 579, 5.11%, 0, 0, 4, 1507.24, 3159222
1712688774, 1, 984, 2331, 2059, 579, 5.12%, 0, 0, 4, 1572.31, 3167492
1712688780, 1, 985, 2331, 2058, 586, 5.12%, 0, 0, 4, 89.29, 3174392
1712688785, 1, 994, 2332, 2057, 584, 5.12%, 0, 0, 4, 1489.75, 3179966
1712688790, 1, 1000, 2333, 2056, 583, 5.12%, 0, 0, 4, 1506.12, 3187773
1712688795, 1, 1010, 2333, 2052, 580, 5.12%, 0, 0, 4, 1576.05, 3195815
1712688800, 1, 1015, 2333, 2050, 578, 5.12%, 0, 0, 4, 1400.69, 3202182
1712688805, 1, 1017, 2335, 2050, 576, 5.13%, 0, 0, 4, 210.53, 3209038
1712688812, 1, 1021, 2338, 2052, 577, 5.13%, 0, 0, 4, 141.11, 3215399
1712688818, 1, 1021, 2339, 2053, 577, 5.13%, 0, 0, 4, 27.59, 3218496
1712688843, 1, 1035, 2339, 2050, 575, 5.13%, 0, 0, 4, 1579.09, 3253178
1712688849, 1, 1036, 2349, 2059, 574, 5.14%, 0, 0, 4, 1617.50, 3260857
1712688854, 1, 1036, 2352, 2062, 574, 5.14%, 0, 0, 4, 1466.17, 3268097
1712688859, 1, 1036, 2359, 2069, 574, 5.15%, 0, 0, 4, 1648.03, 3275785
1712688864, 1, 1036, 2364, 2074, 574, 5.16%, 0, 0, 4, 1622.04, 3284241
1712688869, 1, 1040, 2369, 2078, 580, 5.17%, 0, 0, 4, 1404.31, 3291601
1712688874, 1, 1040, 2372, 2081, 580, 5.17%, 0, 0, 4, 1348.00, 3298487
1712688879, 1, 1040, 2373, 2082, 580, 5.17%, 0, 0, 4, 1257.94, 3304909
1712688884, 1, 1040, 2376, 2085, 580, 5.17%, 0, 0, 4, 1368.25, 3311452
1712688890, 1, 1040, 2377, 2086, 580, 5.17%, 0, 0, 4, 1464.51, 3318996
1712688895, 1, 1042, 2378, 2085, 584, 5.18%, 0, 0, 4, 1387.29, 3325817
1712688900, 1, 1048, 2383, 2088, 583, 5.18%, 0, 0, 4, 1525.39, 3332816
1712688905, 1, 1048, 2386, 2091, 583, 5.18%, 0, 0, 4, 1556.54, 3340940
1712688910, 1, 1048, 2387, 2092, 583, 5.18%, 0, 0, 4, 1540.32, 3348508
1712688915, 1, 1048, 2388, 2093, 583, 5.18%, 0, 0, 4, 1554.28, 3356458
1712688920, 1, 1049, 2389, 2093, 582, 5.18%, 0, 0, 4, 1503.35, 3364088
1712688925, 1, 1054, 2391, 2094, 581, 5.18%, 0, 0, 4, 1597.92, 3371519
1712688930, 1, 1054, 2396, 2099, 581, 5.18%, 0, 0, 4, 1458.19, 3378658
1712688935, 1, 1054, 2398, 2101, 581, 5.18%, 0, 0, 4, 1392.83, 3385498
1712688940, 1, 1054, 2400, 2103, 581, 5.18%, 0, 0, 4, 1422.83, 3392542
1712688945, 1, 1054, 2402, 2105, 581, 5.18%, 0, 0, 4, 1428.97, 3399670
1712688950, 1, 1072, 2405, 2105, 579, 5.18%, 0, 0, 4, 1449.92, 3406352
1712688956, 1, 1074, 2408, 2107, 578, 5.18%, 0, 0, 4, 1386.63, 3413117
1712688961, 1, 1074, 2409, 2108, 578, 5.18%, 0, 0, 4, 1552.58, 3418229
1712688966, 1, 1074, 2410, 2109, 578, 5.18%, 0, 0, 4, 1553.39, 3425956
1712688981, 1, 1075, 2412, 2110, 577, 5.18%, 0, 0, 4, 1638.72, 3449766
1712688986, 1, 1075, 2413, 2111, 577, 5.18%, 0, 0, 4, 1648.41, 3458140
1712688991, 1, 1084, 2414, 2109, 575, 5.18%, 0, 0, 4, 1568.12, 3466186
1712688996, 1, 1088, 2415, 2108, 573, 5.18%, 0, 0, 4, 1453.85, 3473570
1712689001, 1, 1089, 2421, 2113, 572, 5.19%, 0, 0, 4, 1400.50, 3479930
1712689007, 1, 1089, 2422, 2114, 572, 5.19%, 0, 0, 4, 1535.00, 3486407
1712689012, 1, 1089, 2427, 2119, 572, 5.19%, 0, 0, 4, 1459.72, 3493124
1712689017, 1, 1089, 2428, 2120, 572, 5.19%, 0, 0, 4, 1564.06, 3501057
1712689022, 1, 1090, 2430, 2121, 581, 5.19%, 0, 0, 4, 1577.82, 3508749
1712689027, 1, 1096, 2430, 2118, 578, 5.19%, 0, 0, 4, 1760.00, 3514741
1712689032, 1, 1100, 2430, 2116, 576, 5.19%, 0, 0, 4, 1511.10, 3521600
1712689037, 1, 1101, 2432, 2117, 577, 5.20%, 0, 0, 4, 1467.51, 3529110
1712689042, 1, 1107, 2436, 2119, 576, 5.20%, 0, 0, 4, 1379.71, 3536296
1712689048, 1, 1107, 2443, 2126, 576, 5.21%, 0, 0, 4, 102.12, 3542346
1712689053, 1, 1107, 2444, 2127, 576, 5.21%, 0, 0, 4, 1484.17, 3550234
1712689058, 1, 1107, 2445, 2128, 576, 5.21%, 0, 0, 4, 1583.54, 3558371
1712689063, 1, 1107, 2446, 2129, 576, 5.21%, 0, 0, 4, 1573.68, 3566253
1712689068, 1, 1114, 2452, 2134, 578, 5.21%, 0, 0, 4, 1602.80, 3574392
1712689074, 1, 1114, 2457, 2139, 578, 5.22%, 0, 0, 4, 1563.59, 3582179
1712689079, 1, 1114, 2478, 2160, 578, 5.23%, 0, 0, 4, 1573.57, 3589911
1712689084, 1, 1114, 2487, 2169, 578, 5.24%, 0, 0, 4, 1545.94, 3597906
1712689089, 1, 1127, 2491, 2171, 588, 5.24%, 0, 0, 4, 168.91, 3604671
1712689094, 1, 1138, 2492, 2171, 588, 5.24%, 0, 0, 4, 1830.85, 3609675
1712689099, 1, 1142, 2503, 2181, 587, 5.24%, 0, 0, 4, 1913.29, 3613652
1712689104, 1, 1142, 2504, 2182, 587, 5.24%, 0, 0, 4, 1453.12, 3620174
1712689110, 1, 1142, 2505, 2183, 587, 5.24%, 0, 0, 4, 1283.28, 3626242
1712689115, 1, 1142, 2509, 2187, 587, 5.25%, 0, 0, 4, 1284.44, 3632574
1712689120, 1, 1142, 2510, 2188, 587, 5.25%, 0, 0, 4, 1418.78, 3640158
1712689125, 1, 1148, 2524, 2201, 589, 5.26%, 0, 0, 4, 1456.91, 3647452
1712689130, 1, 1148, 2531, 2208, 589, 5.26%, 0, 0, 4, 1531.20, 3653516
1712689135, 1, 1148, 2534, 2211, 589, 5.26%, 0, 0, 4, 1436.46, 3659140
1712689140, 1, 1148, 2535, 2212, 589, 5.26%, 0, 0, 4, 1523.99, 3666958
1712689151, 1, 1150, 2541, 2216, 591, 5.26%, 0, 0, 4, 176.47, 3681865
1712689157, 1, 1150, 2544, 2219, 591, 5.27%, 0, 0, 4, 32.47, 3684969
1712689162, 1, 1150, 2548, 2223, 591, 5.27%, 0, 0, 4, 1461.79, 3689774
1712689167, 1, 1150, 2550, 2225, 591, 5.27%, 0, 0, 4, 1491.03, 3697417
1712689177, 1, 1150, 2551, 2226, 591, 5.27%, 0, 0, 4, 1512.82, 3712695
1712689182, 1, 1153, 2552, 2225, 593, 5.27%, 0, 0, 4, 1925.00, 3718342
1712689187, 1, 1165, 2552, 2223, 591, 5.27%, 0, 0, 4, 1421.19, 3723552
1712689192, 1, 1168, 2573, 2242, 589, 5.28%, 0, 0, 4, 1478.85, 3730863
1712689197, 1, 1168, 2590, 2259, 589, 5.29%, 0, 0, 4, 1439.84, 3738188
1712689202, 1, 1168, 2591, 2260, 589, 5.29%, 0, 0, 4, 1491.28, 3745188
1712689212, 1, 1169, 2591, 2259, 598, 5.29%, 0, 0, 4, 1565.97, 3761018
1712689218, 1, 1171, 2592, 2259, 598, 5.31%, 0, 0, 4, 1771.14, 3764982
1712689223, 1, 1172, 2596, 2262, 597, 5.31%, 0, 0, 4, 55.76, 3770225
1712689228, 1, 1172, 2597, 2263, 597, 5.31%, 0, 0, 4, 1497.41, 3775358
1712689239, 1, 1172, 2598, 2264, 597, 5.31%, 0, 0, 4, 1567.93, 3787642
1712689244, 1, 1172, 2599, 2265, 597, 5.31%, 0, 0, 4, 1579.60, 3795741
1712689249, 1, 1187, 2599, 2263, 598, 5.31%, 0, 0, 4, 1521.62, 3803103
1712689254, 1, 1190, 2601, 2264, 597, 5.32%, 0, 0, 4, 1541.81, 3808725
1712689259, 1, 1190, 2603, 2266, 597, 5.32%, 0, 0, 4, 1515.57, 3813721
1712689264, 1, 1190, 2605, 2268, 597, 5.33%, 0, 0, 4, 1537.58, 3821777
1712689279, 1, 1194, 2605, 2264, 597, 5.33%, 0, 0, 4, 1671.93, 3844162
1712689284, 1, 1194, 2610, 2269, 597, 5.33%, 0, 0, 4, 1472.15, 3851273
1712689289, 1, 1194, 2612, 2271, 597, 5.34%, 0, 0, 4, 1494.77, 3858800
1712689305, 1, 1197, 2612, 2269, 598, 5.34%, 0, 0, 4, 1720.00, 3881013
1712689310, 1, 1198, 2614, 2270, 597, 5.34%, 0, 0, 4, 1444.40, 3887773
1712689315, 1, 1205, 2621, 2275, 595, 5.35%, 0, 0, 4, 74.07, 3894405
1712689320, 1, 1205, 2624, 2278, 595, 5.35%, 0, 0, 4, 1400.10, 3898158
1712689325, 1, 1205, 2630, 2284, 595, 5.37%, 0, 0, 4, 1717.13, 3902437
1712689330, 1, 1205, 2634, 2288, 595, 5.38%, 0, 0, 4, 1565.06, 3910044
1712689336, 1, 1205, 2639, 2293, 595, 5.38%, 0, 0, 4, 1503.35, 3917559
1712689341, 1, 1205, 2640, 2294, 595, 5.38%, 0, 0, 4, 1558.06, 3925623
1712689346, 1, 1218, 2640, 2291, 603, 5.38%, 0, 0, 4, 1621.75, 3931329
1712689351, 1, 1229, 2650, 2299, 601, 5.39%, 0, 0, 4, 1464.37, 3938525
1712689356, 1, 1229, 2654, 2303, 601, 5.39%, 0, 0, 4, 1329.40, 3944531
1712689361, 1, 1229, 2659, 2308, 601, 5.40%, 0, 0, 4, 1449.73, 3950748
1712689371, 1, 1243, 2671, 2318, 608, 5.42%, 0, 0, 4, 1323.99, 3964890
1712689377, 1, 1243, 2672, 2319, 608, 5.42%, 0, 0, 4, 1441.12, 3971036
1712689382, 1, 1243, 2675, 2322, 608, 5.42%, 0, 0, 4, 1567.47, 3976990
1712689387, 1, 1243, 2677, 2324, 608, 5.42%, 0, 0, 4, 1420.36, 3983844
1712689392, 1, 1243, 2678, 2325, 608, 5.42%, 0, 0, 4, 1459.75, 3991262
1712689397, 1, 1249, 2679, 2324, 609, 5.42%, 0, 0, 4, 1498.52, 3999070
1712689402, 1, 1260, 2681, 2323, 606, 5.42%, 0, 0, 4, 1589.39, 4006989
1712689407, 1, 1264, 2681, 2321, 605, 5.42%, 0, 0, 4, 1484.41, 4014379
1712689412, 1, 1270, 2682, 2320, 603, 5.42%, 0, 0, 4, 1838.62, 4020324
1712689417, 1, 1272, 2685, 2322, 602, 5.42%, 0, 0, 4, 1521.25, 4027605
1712689422, 1, 1272, 2689, 2326, 602, 5.42%, 0, 0, 4, 1497.56, 4035227
1712689438, 1, 1275, 2689, 2325, 604, 5.42%, 0, 0, 4, 137.93, 4056472
1712689443, 1, 1275, 2691, 2327, 604, 5.43%, 0, 0, 4, 1595.29, 4059189
1712689450, 1, 1275, 2692, 2328, 604, 5.43%, 0, 0, 4, 132.05, 4061602
1712689455, 1, 1275, 2693, 2329, 604, 5.43%, 0, 0, 4, 1726.37, 4063995
1712689460, 1, 1275, 2694, 2330, 604, 5.43%, 0, 0, 4, 1612.06, 4072198
1712689470, 1, 1277, 2694, 2329, 603, 5.43%, 0, 0, 4, 1613.29, 4088422
1712689476, 1, 1278, 2699, 2333, 602, 5.43%, 0, 0, 4, 1630.00, 4095355
1712689481, 1, 1278, 2708, 2342, 602, 5.45%, 0, 0, 4, 1639.74, 4102855
1712689486, 1, 1278, 2712, 2346, 602, 5.46%, 0, 0, 4, 1578.49, 4110886
1712689491, 1, 1278, 2719, 2353, 602, 5.47%, 0, 0, 4, 1582.66, 4119064
1712689496, 1, 1280, 2721, 2354, 608, 5.47%, 0, 0, 4, 1594.04, 4127245
1712689501, 1, 1283, 2721, 2352, 606, 5.47%, 0, 0, 4, 1536.56, 4135136
1712689506, 1, 1285, 2724, 2354, 605, 5.47%, 0, 0, 4, 1457.09, 4142339
1712689511, 1, 1285, 2728, 2358, 605, 5.48%, 0, 0, 4, 1462.21, 4149708
1712689516, 1, 1285, 2729, 2359, 605, 5.48%, 0, 0, 4, 1470.29, 4157053
1712689521, 1, 1285, 2731, 2361, 605, 5.48%, 0, 0, 4, 1425.20, 4163987
1712689527, 1, 1286, 2731, 2360, 612, 5.48%, 0, 0, 4, 1506.32, 4171875
1712689532, 1, 1292, 2732, 2358, 609, 5.48%, 0, 0, 4, 1490.30, 4179600
1712689537, 1, 1296, 2732, 2355, 607, 5.48%, 0, 0, 4, 1553.37, 4187484
1712689542, 1, 1301, 2733, 2353, 604, 5.48%, 0, 0, 4, 1592.51, 4195503
1712689547, 1, 1302, 2735, 2354, 603, 5.49%, 0, 0, 4, 1609.23, 4203777
1712689552, 1, 1313, 2736, 2353, 601, 5.49%, 0, 0, 4, 1550.22, 4211390
1712689557, 1, 1319, 2737, 2351, 598, 5.49%, 0, 0, 4, 1589.29, 4219568
1712689562, 1, 1320, 2744, 2357, 597, 5.49%, 0, 0, 4, 1551.93, 4227197
1712689567, 1, 1320, 2745, 2358, 597, 5.49%, 0, 0, 4, 1512.96, 4234899
1712689572, 1, 1320, 2748, 2361, 597, 5.49%, 0, 0, 4, 1569.16, 4243008
1712689577, 1, 1320, 2749, 2362, 597, 5.49%, 0, 0, 4, 1564.56, 4250921
1712689582, 1, 1321, 2753, 2365, 599, 5.49%, 0, 0, 4, 1558.86, 4258777
1712689587, 1, 1321, 2755, 2367, 599, 5.50%, 0, 0, 4, 1558.83, 4266574
1712689592, 1, 1321, 2756, 2368, 599, 5.50%, 0, 0, 4, 1592.03, 4274549
1712689597, 1, 1321, 2760, 2372, 599, 5.50%, 0, 0, 4, 1524.85, 4282142
1712689603, 1, 1326, 2760, 2370, 599, 5.50%, 0, 0, 4, 1534.90, 4289831
1712689608, 1, 1330, 2760, 2367, 596, 5.50%, 0, 0, 4, 1533.75, 4297718
1712689613, 1, 1334, 2761, 2365, 593, 5.50%, 0, 0, 4, 1528.05, 4305298
1712689618, 1, 1357, 2762, 2363, 590, 5.50%, 0, 0, 4, 1637.17, 4313532
1712689623, 1, 1357, 2763, 2364, 590, 5.50%, 0, 0, 4, 223.42, 4317750
1712689628, 1, 1365, 2764, 2364, 589, 5.50%, 0, 0, 4, 1279.13, 4322574
1712689640, 1, 1370, 2766, 2365, 588, 5.50%, 0, 0, 4, 176.68, 4330908
1712689655, 1, 1376, 2766, 2364, 587, 5.50%, 0, 0, 4, 1721.67, 4342232
1712689660, 1, 1379, 2766, 2363, 586, 5.50%, 0, 0, 4, 1908.16, 4346030
1712689666, 1, 1382, 2766, 2362, 585, 5.50%, 0, 0, 4, 1891.68, 4351204
1712689671, 1, 1387, 2766, 2361, 584, 5.50%, 0, 0, 4, 1350.00, 4355123
1712689676, 1, 1389, 2766, 2360, 583, 5.50%, 0, 0, 4, 1754.35, 4360318
1712689681, 1, 1394, 2766, 2358, 581, 5.50%, 0, 0, 4, 1578.36, 4368063
1712689686, 1, 1407, 2766, 2356, 578, 5.50%, 0, 0, 4, 1390.86, 4373406
1712689692, 1, 1408, 2766, 2355, 577, 5.50%, 0, 0, 4, 109.70, 4378034
1712689697, 1, 1411, 2766, 2354, 576, 5.50%, 0, 0, 4, 167.73, 4382999
1712689702, 1, 1411, 2768, 2356, 576, 5.50%, 0, 0, 4, 1160.48, 4388672
1712689707, 1, 1411, 2769, 2357, 576, 5.50%, 0, 0, 4, 1143.74, 4394275
1712689712, 1, 1411, 2770, 2358, 576, 5.50%, 0, 0, 4, 1141.86, 4399688
1712689717, 1, 1411, 2775, 2363, 576, 5.50%, 0, 0, 4, 1193.12, 4405409
1712689723, 1, 1412, 2776, 2363, 575, 5.51%, 0, 0, 4, 248.34, 4410395
1712689728, 1, 1412, 2777, 2364, 575, 5.51%, 0, 0, 4, 1456.06, 4414428
1712689739, 1, 1414, 2777, 2363, 575, 5.51%, 0, 0, 4, 204.31, 4422385
1712689744, 1, 1415, 2780, 2365, 574, 5.51%, 0, 0, 4, 1299.29, 4427623
1712689754, 1, 1415, 2783, 2368, 574, 5.51%, 0, 0, 4, 1289.80, 4440643
1712689765, 1, 1416, 2785, 2369, 575, 5.51%, 0, 0, 4, 1398.15, 4454423
1712689770, 1, 1416, 2788, 2372, 575, 5.52%, 0, 0, 4, 1418.94, 4461635
1712689775, 1, 1416, 2789, 2373, 575, 5.52%, 0, 0, 4, 1351.37, 4468495
1712689780, 1, 1420, 2789, 2371, 577, 5.52%, 0, 0, 4, 1890.55, 4473632
1712689785, 1, 1421, 2789, 2370, 576, 5.52%, 0, 0, 4, 1466.14, 4480607
1712689790, 1, 1430, 2790, 2369, 574, 5.52%, 0, 0, 4, 121.30, 4486901
1712689795, 1, 1433, 2790, 2367, 573, 5.52%, 0, 0, 4, 1379.64, 4490520
1712689802, 1, 1433, 2791, 2368, 573, 5.52%, 0, 0, 4, 74.07, 4493478
1712689809, 1, 1438, 2792, 2368, 573, 5.52%, 0, 0, 4, 125.80, 4496849
1712689814, 1, 1438, 2794, 2370, 573, 5.52%, 0, 0, 4, 1687.65, 4499893
1712689824, 1, 1441, 2797, 2372, 574, 5.52%, 0, 0, 4, 1710.00, 4514153
1712689846, 1, 1441, 2799, 2374, 574, 5.53%, 0, 0, 4, 1563.79, 4531531
1712689858, 1, 1446, 2799, 2372, 574, 5.53%, 0, 0, 4, 0.34, 4545822
1712689863, 1, 1446, 2801, 2374, 574, 5.53%, 0, 0, 4, 1553.53, 4550616
1712689868, 1, 1446, 2803, 2376, 574, 5.53%, 0, 0, 4, 1509.91, 4555972
1712689874, 1, 1446, 2805, 2378, 574, 5.53%, 0, 0, 4, 51.59, 4560488
1712689879, 1, 1446, 2811, 2384, 574, 5.53%, 0, 0, 4, 1585.76, 4568826
1712689884, 1, 1446, 2820, 2393, 574, 5.53%, 0, 0, 4, 1560.50, 4576989
1712689891, 1, 1448, 2827, 2399, 577, 5.54%, 0, 0, 4, 72.27, 4581430
1712689897, 1, 1448, 2835, 2407, 577, 5.57%, 0, 0, 4, 159.53, 4584580
1712689902, 1, 1448, 2839, 2411, 577, 5.57%, 0, 0, 4, 1592.00, 4593076
1712689907, 1, 1448, 2841, 2413, 577, 5.57%, 0, 0, 4, 1609.22, 4601275
1712689912, 1, 1448, 2842, 2414, 577, 5.57%, 0, 0, 4, 1622.83, 4609571
1712689918, 1, 1456, 2843, 2413, 591, 5.58%, 0, 0, 4, 150.94, 4615869
1712689929, 1, 1458, 2843, 2412, 591, 5.58%, 0, 0, 4, 1985.00, 4621356
1712689934, 1, 1459, 2843, 2411, 590, 5.58%, 0, 0, 4, 1968.63, 4624241
1712689940, 1, 1459, 2845, 2413, 590, 5.58%, 0, 0, 4, 178.74, 4626591
1712689947, 1, 1459, 2849, 2417, 590, 5.60%, 0, 0, 4, 128.80, 4629679
1712689952, 1, 1459, 2852, 2420, 590, 5.60%, 0, 0, 4, 1612.28, 4637601
1712689957, 1, 1459, 2853, 2421, 590, 5.60%, 0, 0, 4, 1585.11, 4645509
1712689962, 1, 1459, 2854, 2422, 590, 5.61%, 0, 0, 4, 1553.36, 4653453
1712689968, 1, 1460, 2855, 2422, 597, 5.61%, 0, 0, 4, 43.85, 4658637
1712689973, 1, 1461, 2856, 2422, 597, 5.61%, 0, 0, 4, 1746.99, 4662698
1712689979, 1, 1461, 2857, 2423, 597, 5.61%, 0, 0, 4, 17.00, 4665029
1712689984, 1, 1461, 2858, 2424, 597, 5.61%, 0, 0, 4, 1632.60, 4667728
1712689994, 1, 1461, 2859, 2425, 597, 5.61%, 0, 0, 4, 1648.43, 4675638
1712690000, 1, 1461, 2860, 2426, 597, 5.62%, 0, 0, 4, 1595.84, 4683651
1712690010, 1, 1462, 2861, 2426, 600, 5.62%, 0, 0, 4, 1548.57, 4696638
1712690015, 1, 1467, 2862, 2426, 599, 5.62%, 0, 0, 4, 1700.52, 4701352
1712690021, 1, 1478, 2862, 2425, 598, 5.62%, 0, 0, 4, 33.07, 4705680
1712690026, 1, 1490, 2862, 2424, 597, 5.62%, 0, 0, 4, 1892.71, 4707800
1712690031, 1, 1493, 2862, 2423, 596, 5.62%, 0, 0, 4, 1850.00, 4711242
1712690037, 1, 1502, 2863, 2423, 595, 5.62%, 0, 0, 4, 1636.27, 4718986
1712690042, 1, 1505, 2863, 2421, 593, 5.62%, 0, 0, 4, 1480.68, 4726387
1712690047, 1, 1505, 2869, 2427, 593, 5.63%, 0, 0, 4, 1503.79, 4734062
1712690052, 1, 1505, 2871, 2429, 593, 5.63%, 0, 0, 4, 1579.86, 4742168
1712690057, 1, 1505, 2872, 2430, 593, 5.64%, 0, 0, 4, 1623.46, 4750328
1712690062, 1, 1507, 2872, 2429, 596, 5.64%, 0, 0, 4, 1590.35, 4758421
1712690067, 1, 1508, 2872, 2428, 595, 5.64%, 0, 0, 4, 154.03, 4763126
1712690072, 1, 1508, 2875, 2431, 595, 5.64%, 0, 0, 4, 1576.22, 4770680
1712690082, 1, 1508, 2877, 2433, 595, 5.64%, 0, 0, 4, 1565.58, 4786506
1712690088, 1, 1510, 2878, 2433, 595, 5.64%, 0, 0, 4, 453.33, 4791802
1712690099, 1, 1517, 2878, 2431, 593, 5.64%, 0, 0, 4, 81.31, 4798203
1712690104, 1, 1517, 2880, 2433, 593, 5.64%, 0, 0, 4, 1755.00, 4801819
1712690115, 1, 1518, 2883, 2435, 594, 5.65%, 0, 0, 4, 1841.58, 4809293
1712690121, 1, 1518, 2885, 2437, 594, 5.65%, 0, 0, 4, 165.78, 4812010
1712690126, 1, 1518, 2891, 2443, 594, 5.67%, 0, 0, 4, 1703.42, 4815821
1712690132, 1, 1518, 2897, 2449, 594, 5.68%, 0, 0, 4, 1386.94, 4822648
1712690196, 1, 1518, 2902, 2454, 594, 5.71%, 0, 0, 4, 0.72, 4827737
1712690201, 1, 1518, 2907, 2459, 594, 5.72%, 0, 0, 4, 1460.88, 4834794
1712690208, 1, 1521, 2907, 2458, 612, 5.72%, 0, 0, 4, 75.65, 4841069
1712690215, 1, 1530, 2907, 2456, 610, 5.72%, 0, 0, 4, 37.13, 4844382
1712690220, 1, 1535, 2921, 2469, 609, 5.73%, 0, 0, 4, 1475.54, 4851623
1712690412, 1, 1535, 2922, 2470, 609, 5.73%, 0, 0, 4, 1129.17, 4864057
1712690417, 1, 1535, 2923, 2471, 609, 5.73%, 0, 0, 4, 842.79, 4867826
1712690422, 1, 1535, 2924, 2472, 609, 5.73%, 0, 0, 4, 912.35, 4872137
1712690427, 1, 1535, 2928, 2476, 609, 5.74%, 0, 0, 4, 1144.67, 4877934
1712690432, 1, 1542, 2931, 2478, 620, 5.75%, 0, 0, 4, 1271.49, 4884748
1712690617, 1, 1544, 2932, 2478, 619, 5.75%, 0, 1, 4, 1.32, 4889420
1712690628, 1, 1545, 2935, 2480, 618, 5.75%, 0, 1, 4, 1564.75, 4897180
1712690633, 1, 1545, 2941, 2486, 618, 5.75%, 0, 1, 4, 1475.95, 4904330
1712690638, 1, 1545, 2943, 2488, 618, 5.75%, 0, 1, 4, 1499.07, 4911973
1712690643, 1, 1548, 2943, 2487, 621, 5.75%, 0, 1, 4, 1458.24, 4919219
1712694343, 1, 1550, 2943, 2486, 620, 5.75%, 0, 1, 4, 0.01, 4923248
1712694409, 1, 1553, 2943, 2485, 619, 5.75%, 0, 1, 4, 1212.59, 4927976
1712694414, 1, 1555, 2943, 2484, 618, 5.75%, 0, 1, 4, 1803.73, 4930324
1712694420, 1, 1557, 2944, 2483, 616, 5.77%, 0, 1, 4, 124.88, 4933768
1712694425, 1, 1557, 3672, 3211, 616, 8.53%, 0, 1, 4, 1335.98, 4940407
1712694430, 1, 1557, 4360, 3899, 616, 9.46%, 0, 1, 4, 1290.72, 4946785
1712694614, 1, 1557, 4893, 4432, 616, 10.02%, 0, 1, 4, 0.11, 4951819
1712694619, 1, 1557, 5508, 5047, 616, 10.61%, 0, 1, 4, 1147.28, 4957698
1712694625, 1, 1560, 5664, 5203, 2027, 10.76%, 0, 1, 4, 93.00, 4961498
1712694630, 1, 1560, 5665, 5204, 2027, 10.76%, 0, 1, 4, 208.62, 4964570
1712694635, 1, 1560, 5666, 5205, 2027, 10.76%, 0, 1, 4, 1338.45, 4971182
1712694829, 1, 1561, 5666, 5204, 2027, 10.76%, 0, 1, 4, 1231.68, 4988942
1712694835, 1, 1567, 5666, 5203, 2026, 10.76%, 0, 1, 4, 137.03, 4992633
1712694846, 1, 1568, 5666, 5202, 2025, 10.76%, 0, 1, 4, 170.37, 4998986
1712695035, 1, 1570, 5666, 5201, 2024, 10.76%, 0, 1, 4, 1.34, 5003072
1712695045, 1, 1572, 5666, 5200, 2023, 10.76%, 0, 1, 4, 1425.00, 5013266
1712695050, 1, 1574, 5666, 5199, 2022, 10.76%, 0, 1, 4, 1931.03, 5016735
1712695061, 1, 1575, 5666, 5198, 2021, 10.76%, 0, 1, 4, 1145.15, 5025322
1712695250, 1, 1577, 5666, 5197, 2020, 10.76%, 0, 1, 4, 1164.83, 5034150
1712695255, 1, 1578, 5666, 5196, 2019, 10.76%, 0, 1, 4, 1170.76, 5039598
1712695261, 1, 1579, 5666, 5195, 2018, 10.76%, 0, 1, 4, 1053.94, 5044178
1712695271, 1, 1583, 5666, 5194, 2017, 10.76%, 0, 1, 4, 108.81, 5050850
1712695462, 1, 1583, 5668, 5196, 2017, 10.76%, 0, 1, 4, 1431.88, 5058239
1712695467, 1, 1583, 5669, 5197, 2017, 10.76%, 0, 1, 4, 1280.35, 5064543
1712695478, 1, 1591, 5669, 5196, 2016, 10.76%, 0, 1, 4, 32.31, 5075065
1712695674, 1, 1600, 5669, 5195, 2015, 10.76%, 0, 1, 4, 49.43, 5082514
1712695689, 1, 1604, 5669, 5194, 2014, 10.76%, 0, 1, 4, 1113.30, 5091115
1712695695, 1, 1605, 5669, 5193, 2013, 10.76%, 0, 1, 4, 127.30, 5095233
1712695887, 1, 1606, 5669, 5192, 2012, 10.76%, 0, 1, 4, 1583.42, 5101389
1712695892, 1, 1606, 5670, 5193, 2012, 10.76%, 0, 1, 4, 54.21, 5103693
1712695898, 1, 1606, 5671, 5194, 2012, 10.76%, 0, 1, 4, 125.34, 5106761
1712695903, 1, 1606, 5678, 5201, 2012, 10.77%, 0, 1, 4, 1215.80, 5111431
1712696086, 1, 1606, 5681, 5204, 2012, 10.78%, 0, 1, 4, 0.67, 5115487
1712696097, 1, 1607, 5682, 5204, 2016, 10.78%, 0, 1, 4, 1182.27, 5126775
1712696107, 1, 1610, 5682, 5203, 2015, 10.78%, 0, 1, 4, 1095.88, 5132520
1712696297, 1, 1619, 5682, 5202, 2014, 10.78%, 0, 1, 4, 0.14, 5138013
1712696302, 1, 1619, 5684, 5204, 2014, 10.78%, 0, 1, 4, 1330.85, 5143935
1712696307, 1, 1619, 5687, 5207, 2014, 10.78%, 0, 1, 4, 1229.45, 5149417
1712696317, 1, 1624, 5687, 5206, 2014, 10.78%, 0, 1, 4, 1366.77, 5162866
1712696322, 1, 1624, 5688, 5207, 2014, 10.78%, 0, 1, 4, 1399.72, 5169769
1712698487, 1, 1624, 5690, 5209, 2014, 10.78%, 0, 1, 4, 0.22, 5176085
1712698492, 1, 1624, 5691, 5210, 2014, 10.78%, 0, 1, 4, 1388.74, 5183237
1712698497, 1, 1626, 5691, 5209, 2015, 10.78%, 0, 1, 4, 1426.78, 5190743
1712698502, 1, 1628, 5691, 5208, 2014, 10.78%, 0, 1, 4, 1312.21, 5197367
1712698507, 1, 1630, 5691, 5207, 2013, 10.78%, 0, 1, 4, 1235.35, 5203564
1712698512, 1, 1636, 5692, 5207, 2012, 10.78%, 0, 1, 4, 186.57, 5209034
1712698527, 1, 1636, 5774, 5288, 2011, 11.13%, 0, 1, 4, 1112.33, 5220069
1712698532, 1, 1636, 6410, 5924, 2011, 12.00%, 0, 1, 4, 1263.86, 5226554
1712698537, 1, 1636, 6977, 6491, 2011, 12.42%, 0, 1, 4, 1235.96, 5232778
1712698543, 1, 1646, 7332, 6846, 2692, 12.71%, 0, 1, 4, 1153.59, 5238661
1712698548, 1, 1647, 7333, 6846, 2691, 12.71%, 0, 1, 4, 1113.23, 5244290
1712698618, 1, 1655, 7333, 6845, 2690, 12.71%, 0, 1, 4, 1230.23, 5256182
1712698623, 1, 1655, 7334, 6846, 2690, 12.71%, 0, 1, 4, 1297.98, 5262766
1712698628, 1, 1656, 7334, 6845, 2690, 12.71%, 0, 1, 4, 1307.39, 5269185
1712698633, 1, 1656, 7335, 6846, 2690, 12.71%, 0, 1, 4, 1221.75, 5275317
1712698638, 1, 1657, 7335, 6845, 2689, 12.71%, 0, 1, 4, 1288.65, 5281941
1712698823, 1, 1657, 7336, 6846, 2689, 12.71%, 0, 1, 4, 1.06, 5285580
1712698833, 1, 1659, 7337, 6846, 2688, 12.71%, 0, 1, 4, 1293.12, 5295230
1712698840, 1, 1659, 7339, 6848, 2688, 12.72%, 0, 1, 4, 12.23, 5296735
1712698851, 1, 1659, 7340, 6849, 2688, 12.72%, 0, 1, 4, 929.48, 5303391
1712699033, 1, 1659, 7340, 6849, 2688, 12.72%, 0, 2, 4, 0.40, 5305619
1712699044, 1, 1659, 7343, 6852, 2688, 12.73%, 0, 2, 4, 1164.96, 5316153
1712699049, 1, 1661, 7344, 6852, 2692, 12.73%, 0, 2, 4, 932.21, 5320805
1712699249, 1, 1663, 7344, 6851, 2692, 12.73%, 0, 2, 4, 1210.63, 5335996
1712699254, 1, 1664, 7344, 6850, 2691, 12.73%, 0, 2, 4, 1441.11, 5340138
1712699259, 1, 1665, 7344, 6849, 2690, 12.73%, 0, 2, 4, 1180.05, 5345728
1712699269, 1, 1666, 7344, 6848, 2689, 12.73%, 0, 2, 4, 1028.70, 5356370
1712699454, 1, 1669, 7344, 6847, 2688, 12.73%, 0, 2, 4, 0.24, 5361259
1712699465, 1, 1669, 7345, 6848, 2688, 12.73%, 0, 2, 4, 1190.56, 5369069
1712699475, 1, 1670, 7345, 6847, 2688, 12.73%, 0, 2, 4, 1076.12, 5380763
1712699480, 1, 1671, 7345, 6846, 2687, 12.73%, 0, 2, 4, 1043.76, 5386049
1712699664, 1, 1671, 7345, 6846, 2687, 12.73%, 0, 3, 4, 0.93, 5390467
1712699669, 1, 1672, 7345, 6845, 2686, 12.73%, 0, 3, 4, 145.28, 5395372
1712699675, 1, 1673, 7345, 6844, 2685, 12.73%, 0, 3, 4, 79.21, 5399456
1712699680, 1, 1674, 7345, 6843, 2684, 12.73%, 0, 3, 4, 1354.62, 5405915
1712699690, 1, 1676, 7345, 6842, 2683, 12.73%, 0, 3, 4, 1833.38, 5414089
1712699880, 1, 1678, 7345, 6841, 2682, 12.73%, 0, 3, 4, 1189.37, 5422475
1712699885, 1, 1679, 7345, 6840, 2681, 12.73%, 0, 3, 4, 1335.17, 5427492
1712699890, 1, 1679, 7346, 6841, 2681, 12.73%, 0, 3, 4, 1312.69, 5433844
1712699895, 1, 1680, 7346, 6840, 2681, 12.73%, 0, 3, 4, 1177.03, 5439701
1712700085, 1, 1681, 7346, 6839, 2680, 12.73%, 0, 3, 4, 0.13, 5450022
1712700090, 1, 1685, 7346, 6838, 2679, 12.73%, 0, 3, 4, 1533.37, 5455802
1712700095, 1, 1692, 7346, 6837, 2678, 12.73%, 0, 3, 4, 1005.00, 5460744
1712700101, 1, 1696, 7346, 6836, 2677, 12.73%, 0, 3, 4, 1305.57, 5464868
1712700106, 1, 1697, 7346, 6835, 2676, 12.73%, 0, 3, 4, 1255.66, 5471085
1712702761, 1, 1700, 7346, 6834, 2675, 12.73%, 0, 3, 4, 0.04, 5482164
1712702828, 1, 1702, 7347, 6834, 2674, 12.73%, 0, 3, 4, 1340.20, 5488394
1712702838, 1, 1707, 7347, 6833, 2673, 12.73%, 0, 3, 4, 1185.66, 5500429
1712702843, 1, 1712, 7347, 6832, 2672, 12.73%, 0, 3, 4, 1240.76, 5506836
1712702848, 1, 1712, 7687, 7171, 2671, 14.18%, 0, 3, 4, 1084.08, 5512358
1712703033, 1, 1712, 8182, 7666, 2671, 14.64%, 0, 3, 4, 0.80, 5517168
1712703038, 1, 1712, 8641, 8125, 2671, 14.94%, 0, 3, 4, 906.67, 5521798
1712703043, 1, 1712, 9122, 8606, 2671, 15.24%, 0, 3, 4, 990.73, 5526970
1712703048, 1, 1719, 9305, 8789, 3348, 15.34%, 0, 3, 4, 1054.15, 5532282
1712703058, 1, 1720, 9306, 8789, 3347, 15.34%, 0, 3, 4, 1134.17, 5543108
1712703243, 1, 1720, 9307, 8790, 3347, 15.34%, 0, 3, 4, 0.93, 5548345
1712703259, 1, 1723, 9308, 8790, 3346, 15.34%, 0, 3, 4, 1039.57, 5565456
1712703269, 1, 1724, 9308, 8789, 3345, 15.34%, 0, 3, 4, 1008.23, 5574913
1712703454, 1, 1727, 9308, 8788, 3344, 15.34%, 0, 3, 4, 0.55, 5579705
1712703459, 1, 1727, 9310, 8790, 3344, 15.35%, 0, 3, 4, 1310.05, 5586221
1712703474, 1, 1729, 9310, 8789, 3344, 15.35%, 0, 3, 4, 1117.06, 5604308
1712703479, 1, 1730, 9310, 8788, 3343, 15.35%, 0, 3, 4, 1068.63, 5609746
1712703664, 1, 1731, 9310, 8787, 3342, 15.35%, 0, 3, 4, 1.44, 5614277
1712703675, 1, 1732, 9311, 8787, 3341, 15.35%, 0, 3, 5, 1208.31, 5627304
1712703690, 1, 1732, 9312, 8788, 3341, 15.35%, 0, 3, 5, 1004.94, 5643440
1712703875, 1, 1733, 9312, 8787, 3340, 15.35%, 0, 3, 5, 0.78, 5648186
1712703880, 1, 1733, 9313, 8788, 3340, 15.35%, 0, 3, 5, 1332.62, 5654800
1712703890, 1, 1734, 9313, 8787, 3339, 15.35%, 0, 3, 5, 1049.10, 5665654
1712703895, 1, 1734, 9314, 8788, 3339, 15.35%, 0, 3, 5, 1013.93, 5670662
1712704095, 1, 1735, 9315, 8788, 3338, 15.35%, 0, 3, 5, 1171.51, 5692047
1712704111, 1, 1736, 9316, 8788, 3338, 15.35%, 0, 3, 5, 963.96, 5707790
1712704311, 1, 1737, 9316, 8787, 3338, 15.35%, 0, 3, 5, 1184.12, 5731605
1712704321, 1, 1737, 9317, 8788, 3338, 15.35%, 0, 3, 5, 1006.37, 5742331
1712704511, 1, 1741, 9317, 8787, 3337, 15.35%, 0, 3, 5, 1233.24, 5753364
1712704521, 1, 1743, 9317, 8786, 3336, 15.35%, 0, 3, 5, 1188.13, 5765790
1712704716, 1, 1745, 9317, 8785, 3335, 15.35%, 0, 3, 5, 0.11, 5780726
1712704727, 1, 1745, 9319, 8787, 3335, 15.35%, 0, 3, 5, 1170.71, 5791877
1712704737, 1, 1748, 9319, 8786, 3334, 15.35%, 0, 3, 5, 1129.96, 5803050
1712707041, 1, 1749, 9319, 8785, 3333, 15.35%, 0, 3, 5, 1228.83, 5821049
1712707052, 1, 1752, 9320, 8785, 3332, 15.35%, 0, 3, 5, 1013.36, 5831664
1712707247, 1, 1752, 9321, 8786, 3332, 15.35%, 0, 3, 5, 1090.65, 5847567
1712707252, 1, 1752, 9446, 8910, 3331, 15.50%, 0, 3, 5, 1100.76, 5853247
1712707257, 1, 1756, 9626, 9090, 3385, 15.56%, 0, 3, 5, 1026.27, 5858422
1712707262, 1, 1756, 9627, 9091, 3385, 15.56%, 0, 3, 5, 992.93, 5863275
1712707267, 1, 1756, 9628, 9092, 3385, 15.56%, 0, 3, 5, 1051.69, 5868731
1712707457, 1, 1757, 9628, 9091, 3384, 15.56%, 0, 3, 5, 1129.31, 5878527
1712707462, 1, 1757, 9629, 9092, 3384, 15.56%, 0, 3, 5, 1076.19, 5883839
1712707477, 1, 1765, 9629, 9091, 3383, 15.56%, 0, 3, 5, 923.87, 5898417
1712707672, 1, 1767, 9629, 9090, 3382, 15.56%, 0, 3, 5, 1152.96, 5914673
1712707678, 1, 1767, 9630, 9091, 3382, 15.56%, 0, 3, 5, 1116.54, 5920005
1712707688, 1, 1769, 9630, 9090, 3381, 15.56%, 0, 3, 5, 1026.51, 5929957
1712707878, 1, 1772, 9630, 9089, 3380, 15.56%, 0, 3, 5, 1123.82, 5940439
1712707888, 1, 1775, 9630, 9088, 3379, 15.56%, 0, 3, 5, 978.35, 5950554
1712707898, 1, 1777, 9630, 9087, 3378, 15.56%, 0, 3, 5, 1159.79, 5961495
1712708090, 1, 1789, 9630, 9086, 3377, 15.56%, 0, 3, 5, 177.72, 5971202
1712708101, 1, 1790, 9630, 9085, 3376, 15.56%, 0, 3, 5, 1160.00, 5977806
1712708112, 1, 1791, 9630, 9084, 3373, 15.56%, 0, 3, 5, 1134.13, 5984698
1712708299, 1, 1804, 9630, 9083, 3372, 15.56%, 0, 3, 5, 1045.73, 5991697
1712708304, 1, 1810, 9630, 9082, 3371, 15.56%, 0, 3, 5, 1352.18, 5996630
1712708314, 1, 1812, 9630, 9081, 3370, 15.56%, 0, 3, 5, 1024.62, 6003601
1712708319, 1, 1814, 9630, 9080, 3369, 15.56%, 0, 3, 5, 1309.68, 6007582
1712708504, 1, 1814, 9635, 9085, 3369, 15.56%, 0, 3, 5, 0.93, 6011698
1712708509, 1, 1814, 9636, 9086, 3369, 15.56%, 0, 3, 5, 979.61, 6016352
1712708514, 1, 1814, 9642, 9092, 3369, 15.56%, 0, 3, 5, 1078.14, 6021561
1712708519, 1, 1814, 9648, 9098, 3369, 15.56%, 0, 3, 5, 1185.39, 6027551
1712708524, 1, 1816, 9651, 9100, 3375, 15.56%, 0, 3, 5, 1059.03, 6032755
1712708714, 1, 1822, 9652, 9100, 3374, 15.57%, 0, 3, 5, 0.52, 6040813
1712708720, 1, 1822, 9653, 9101, 3374, 15.57%, 0, 3, 5, 1279.60, 6046528
1712708730, 1, 1822, 9654, 9102, 3374, 15.57%, 0, 3, 5, 1072.38, 6056611
1712708735, 1, 1822, 9658, 9106, 3374, 15.57%, 0, 3, 5, 1070.86, 6061998
1712708740, 1, 1825, 9658, 9105, 3374, 15.57%, 0, 3, 5, 55.49, 6065684
1712708930, 1, 1826, 9658, 9104, 3373, 15.57%, 0, 3, 5, 224.24, 6071063
1712708941, 1, 1832, 9658, 9103, 3372, 15.57%, 0, 3, 5, 1995.05, 6077231
1712708951, 1, 1834, 9658, 9102, 3371, 15.57%, 0, 3, 5, 1104.10, 6084184
1712710921, 1, 1845, 9658, 9101, 3370, 15.57%, 0, 3, 5, 1705.03, 6090923
1712710926, 1, 1845, 9659, 9102, 3370, 15.57%, 0, 3, 5, 1168.32, 6095917
1712710931, 1, 1845, 9660, 9103, 3370, 15.57%, 0, 3, 5, 1077.06, 6101144
1712710936, 1, 1845, 9663, 9106, 3370, 15.57%, 0, 3, 5, 1101.51, 6106754
1712710947, 1, 1846, 9663, 9105, 3369, 15.57%, 0, 3, 5, 1124.62, 6116811
1712710958, 1, 1848, 9663, 9104, 3368, 15.57%, 0, 3, 5, 1364.43, 6122378
1712710963, 1, 1852, 9663, 9103, 3367, 15.57%, 0, 3, 5, 64.49, 6127408
1712710974, 1, 1852, 9778, 9217, 3366, 15.92%, 0, 5, 5, 84.73, 6133573
1712710979, 1, 1852, 10027, 9466, 3366, 16.29%, 0, 6, 5, 1184.01, 6135928
1712710984, 1, 1852, 10279, 9718, 3366, 16.58%, 0, 7, 5, 197.18, 6138349
1712710990, 1, 1852, 10433, 9872, 3366, 16.77%, 0, 8, 5, 15.40, 6139819
1712710995, 1, 1855, 10540, 9979, 3876, 16.89%, 0, 8, 5, 1121.81, 6142605
1712711011, 1, 1856, 10540, 9978, 3875, 16.89%, 0, 8, 5, 1470.00, 6148791
1712711021, 1, 1858, 10540, 9977, 3874, 16.89%, 0, 8, 5, 414.85, 6155412
1712711027, 1, 1858, 10541, 9978, 3874, 16.89%, 0, 8, 5, 132.76, 6159972
1712711038, 1, 1877, 10541, 9976, 3873, 16.89%, 0, 8, 5, 1032.81, 6170719
1712711048, 1, 1879, 10541, 9975, 3872, 16.89%, 0, 8, 5, 109.09, 6178930
1712711059, 1, 1882, 10541, 9974, 3871, 16.89%, 0, 8, 5, 475.65, 6186336
1712711064, 1, 1882, 10542, 9975, 3871, 16.89%, 0, 8, 5, 969.85, 6190695
1712711074, 1, 1888, 10542, 9974, 3870, 16.89%, 0, 8, 5, 1112.42, 6200965
1712711079, 1, 1892, 10543, 9974, 3868, 16.89%, 0, 8, 5, 1127.21, 6206660
1712711089, 1, 1894, 10543, 9973, 3867, 16.89%, 0, 8, 5, 1216.52, 6218480
1712711246, 1, 1896, 10546, 9975, 3866, 16.89%, 0, 8, 5, 32.16, 6223105
1712711266, 1, 1898, 10546, 9974, 3865, 16.89%, 0, 8, 5, 69.32, 6229509
1712711456, 1, 1899, 10546, 9973, 3864, 16.89%, 0, 8, 5, 0.94, 6234609
1712711467, 1, 1899, 10547, 9974, 3864, 16.89%, 0, 8, 5, 1470.00, 6239161
1712711478, 1, 1900, 10547, 9973, 3863, 16.89%, 0, 8, 5, 22.06, 6248329
1712711671, 1, 1902, 10547, 9972, 3862, 16.89%, 0, 8, 5, 57.97, 6253433
1712711686, 1, 1905, 10547, 9971, 3861, 16.89%, 0, 8, 5, 1069.55, 6260874
1712715453, 1, 1906, 10547, 9970, 3860, 16.89%, 0, 8, 5, 1363.75, 6266717
1712715465, 1, 1907, 10547, 9969, 3859, 16.89%, 0, 8, 5, 18.15, 6270462
1712715658, 1, 1909, 10547, 9968, 3858, 16.89%, 0, 8, 5, 0.66, 6276941
1712715683, 1, 1915, 10547, 9967, 3857, 16.89%, 0, 8, 5, 1781.65, 6285055
1712715884, 1, 1915, 10995, 10414, 3856, 17.21%, 0, 8, 5, 1075.43, 6298205
1712715889, 1, 1915, 11475, 10894, 3856, 17.43%, 0, 8, 5, 913.89, 6302643
1712715894, 1, 1924, 11588, 11007, 4104, 17.48%, 0, 8, 5, 849.08, 6306366
1712716089, 1, 1925, 11588, 11006, 4103, 17.48%, 0, 8, 5, 1486.58, 6316040
1712716105, 1, 1932, 11588, 11005, 4102, 17.48%, 0, 8, 5, 820.63, 6325611
1712716289, 1, 1937, 11588, 11004, 4101, 17.48%, 0, 8, 5, 0.28, 6328542
1712716300, 1, 1939, 11588, 11003, 4100, 17.48%, 0, 8, 5, 87.26, 6334349
1712716311, 1, 1940, 11588, 11002, 4099, 17.48%, 0, 8, 5, 63.06, 6340659
1712716316, 1, 1965, 11588, 11001, 4098, 17.48%, 0, 8, 5, 94.40, 6343726
1712716500, 1, 1965, 11589, 11002, 4098, 17.48%, 0, 8, 5, 0.18, 6347584
1712716525, 1, 1968, 11589, 11001, 4097, 17.48%, 0, 8, 5, 198.37, 6366972
1712716720, 1, 1969, 11589, 11000, 4096, 17.48%, 0, 8, 5, 2.40, 6375006
1712716736, 1, 1971, 11589, 10999, 4095, 17.48%, 0, 8, 5, 943.85, 6385239
1712716925, 1, 1972, 11589, 10998, 4094, 17.48%, 0, 8, 5, 88.26, 6391851
1712716937, 1, 1973, 11589, 10997, 4093, 17.48%, 0, 8, 5, 1300.00, 6397463
1712717131, 1, 1974, 11589, 10996, 4092, 17.48%, 0, 8, 5, 1.18, 6402919
1712717144, 1, 1978, 11589, 10995, 4091, 17.48%, 0, 8, 5, 93.04, 6408663
1712717154, 1, 1988, 11589, 10994, 4091, 17.48%, 0, 8, 5, 985.51, 6417871
1712717160, 1, 1990, 11589, 10993, 4090, 17.48%, 0, 8, 5, 86.42, 6422690
1712717352, 1, 1993, 11589, 10992, 4089, 17.48%, 0, 8, 5, 1556.72, 6428914
1712717369, 1, 1994, 11589, 10991, 4088, 17.48%, 0, 8, 5, 66.57, 6435404
1712719555, 1, 1995, 11589, 10990, 4087, 17.48%, 0, 8, 5, 70.43, 6438460
1712719571, 1, 1996, 11589, 10989, 4086, 17.48%, 0, 8, 5, 95.50, 6446101
1712719576, 1, 1996, 11666, 11065, 4085, 17.62%, 0, 8, 5, 1012.01, 6449874
1712719581, 1, 1996, 12149, 11548, 4085, 17.84%, 0, 8, 5, 1042.42, 6454697
1712719586, 1, 1997, 12257, 11656, 4226, 17.88%, 0, 8, 5, 164.90, 6458045
1712719656, 1, 1998, 12257, 11655, 4225, 17.88%, 0, 8, 5, 1.35, 6465198
1712719661, 1, 1999, 12257, 11654, 4224, 17.88%, 0, 8, 5, 672.57, 6470297
1712719667, 1, 2000, 12257, 11653, 4223, 17.88%, 0, 8, 5, 131.83, 6474894
1712719867, 1, 2001, 12257, 11652, 4222, 17.88%, 0, 8, 5, 0.09, 6481276
1712719882, 1, 2002, 12257, 11651, 4221, 17.88%, 0, 8, 5, 39.94, 6489992
1712719887, 1, 2002, 12258, 11652, 4221, 17.88%, 0, 8, 5, 498.60, 6492968
1712720077, 1, 2013, 12258, 11651, 4220, 17.88%, 0, 8, 5, 0.20, 6501678
1712720087, 1, 2018, 12258, 11650, 4219, 17.88%, 0, 8, 5, 978.31, 6511540
1712720092, 1, 2024, 12258, 11649, 4218, 17.88%, 0, 8, 5, 735.17, 6515055
1712720104, 1, 2036, 12258, 11648, 4217, 17.88%, 0, 8, 5, 48.05, 6519204
1712720292, 1, 2054, 12258, 11647, 4216, 17.88%, 0, 8, 5, 1205.11, 6528129
1712720298, 1, 2056, 12258, 11646, 4215, 17.88%, 0, 8, 5, 154.00, 6533100
1712720309, 1, 2058, 12258, 11645, 4214, 17.88%, 0, 8, 5, 17.73, 6538210
1712720498, 1, 2062, 12258, 11644, 4213, 17.88%, 0, 8, 5, 0.12, 6542786
1712720513, 1, 2064, 12258, 11643, 4212, 17.88%, 0, 8, 5, 1250.75, 6551183
1712720518, 1, 2069, 12258, 11642, 4212, 17.88%, 0, 8, 5, 784.24, 6555895
1712720708, 1, 2069, 12259, 11643, 4212, 17.88%, 0, 8, 5, 0.85, 6562701
1712720713, 1, 2069, 12260, 11644, 4212, 17.88%, 0, 8, 5, 773.44, 6566839
1712720728, 1, 2071, 12260, 11643, 4211, 17.88%, 0, 8, 5, 738.96, 6579702
1712720923, 1, 2073, 12260, 11642, 4209, 17.88%, 0, 8, 5, 1164.70, 6592976
1712720933, 1, 2074, 12260, 11641, 4208, 17.88%, 0, 8, 5, 898.43, 6602718
1712721128, 1, 2075, 12260, 11640, 4207, 17.88%, 0, 8, 5, 0.49, 6615546
1712721139, 1, 2076, 12260, 11639, 4206, 17.88%, 0, 8, 5, 65.01, 6624091
1712721150, 1, 2076, 12261, 11640, 4206, 17.88%, 0, 8, 5, 979.36, 6631460
1712721339, 1, 2076, 12261, 11640, 4206, 17.88%, 0, 9, 5, 1.00, 6639766
1712721349, 1, 2078, 12261, 11639, 4205, 17.88%, 0, 9, 5, 1000.46, 6650102
1712721364, 1, 2079, 12261, 11638, 4204, 17.88%, 0, 9, 5, 964.02, 6664793
1712721554, 1, 2080, 12261, 11637, 4203, 17.88%, 0, 9, 5, 1027.55, 6674614
1712721565, 1, 2080, 12262, 11638, 4203, 17.88%, 0, 9, 5, 1312.76, 6682794
1712723869, 1, 2083, 12262, 11637, 4202, 17.88%, 0, 9, 5, 1133.08, 6701411
1712723880, 1, 2083, 12263, 11638, 4202, 17.88%, 0, 9, 5, 957.17, 6710916
1712724075, 1, 2098, 12405, 11779, 4234, 17.94%, 0, 9, 5, 0.03, 6724810
1712724090, 1, 2099, 12405, 11778, 4233, 17.94%, 0, 9, 5, 978.85, 6736373
1712724285, 1, 2099, 12406, 11779, 4233, 17.94%, 0, 9, 5, 0.75, 6746272
1712724305, 1, 2108, 12406, 11778, 4232, 17.94%, 0, 9, 5, 301.87, 6763873
1712724501, 1, 2110, 12406, 11777, 4231, 17.94%, 0, 9, 5, 68.31, 6774687
1712724511, 1, 2110, 12407, 11778, 4231, 17.94%, 0, 9, 5, 732.84, 6781468
1712724716, 1, 2114, 12407, 11777, 4230, 17.94%, 0, 9, 5, 844.31, 6801677
1712724726, 1, 2117, 12407, 11776, 4229, 17.94%, 0, 9, 5, 167.71, 6810718
1712724921, 1, 2120, 12408, 11776, 4229, 17.94%, 0, 9, 5, 874.51, 6821615
1712725132, 1, 2127, 12408, 11775, 4229, 17.94%, 0, 9, 5, 944.44, 6846955
1712725147, 1, 2134, 12408, 11774, 4228, 17.94%, 0, 9, 5, 800.00, 6859854
1712725342, 1, 2142, 12408, 11773, 4227, 17.94%, 0, 9, 5, 978.52, 6870647
1712725347, 1, 2142, 12409, 11774, 4227, 17.94%, 0, 9, 5, 1004.32, 6875722
1712725547, 1, 2142, 12410, 11775, 4227, 17.94%, 0, 9, 5, 0.35, 6892026
1712725552, 1, 2144, 12410, 11774, 4226, 17.94%, 0, 9, 5, 1024.06, 6897273
1712725568, 1, 2151, 12410, 11773, 4225, 17.94%, 0, 9, 5, 830.29, 6908998
1712725758, 1, 2155, 12410, 11772, 4225, 17.94%, 0, 9, 5, 0.94, 6917042
1712725768, 1, 2164, 12410, 11771, 4224, 17.94%, 0, 9, 5, 1626.59, 6924708
1712728072, 1, 2170, 12410, 11770, 4223, 17.94%, 0, 9, 5, 0.05, 6937706
1712728082, 1, 2180, 12505, 11864, 4230, 18.02%, 0, 9, 5, 66.82, 6947706
1712728097, 1, 2183, 12505, 11863, 4229, 18.02%, 0, 9, 5, 796.51, 6959686
1712728298, 1, 2189, 12505, 11862, 4228, 18.02%, 0, 9, 5, 1040.97, 6977130
1712728308, 1, 2191, 12505, 11861, 4227, 18.02%, 0, 9, 5, 1169.15, 6987366
1712728503, 1, 2194, 12505, 11860, 4226, 18.02%, 0, 9, 5, 1105.47, 7001185
1712728508, 1, 2195, 12505, 11859, 4225, 18.02%, 0, 9, 5, 997.20, 7006005
1712728518, 1, 2197, 12505, 11858, 4224, 18.02%, 0, 9, 5, 971.80, 7014186
1712728703, 1, 2197, 12507, 11860, 4224, 18.03%, 0, 9, 5, 0.28, 7017810
1712728713, 1, 2197, 12508, 11861, 4224, 18.03%, 0, 9, 5, 1114.39, 7026693
1712728728, 1, 2199, 12508, 11860, 4224, 18.03%, 0, 9, 5, 919.39, 7041135
1712728918, 1, 2200, 12508, 11859, 4223, 18.03%, 0, 9, 5, 1072.08, 7051192
1712728934, 1, 2201, 12508, 11858, 4222, 18.03%, 0, 9, 5, 1096.33, 7066345
1712729129, 1, 2203, 12508, 11857, 4221, 18.03%, 0, 9, 5, 956.09, 7079021
1712729139, 1, 2204, 12508, 11856, 4220, 18.03%, 0, 9, 5, 1086.78, 7089332
1712729334, 1, 2205, 12508, 11855, 4219, 18.03%, 0, 9, 5, 0.55, 7102295
1712729349, 1, 2206, 12508, 11854, 4218, 18.03%, 0, 9, 5, 1715.00, 7114701
1712729544, 1, 2206, 12509, 11855, 4218, 18.03%, 0, 9, 5, 0.46, 7125780
1712729560, 1, 2208, 12509, 11854, 4217, 18.03%, 0, 9, 5, 1105.20, 7140124
1712729565, 1, 2208, 12510, 11855, 4217, 18.03%, 0, 9, 5, 1074.95, 7145697
1712729570, 1, 2208, 12511, 11856, 4217, 18.03%, 0, 9, 5, 1064.12, 7151165
1712729765, 1, 2212, 12511, 11855, 4217, 18.03%, 0, 9, 5, 1060.84, 7166735
1712729775, 1, 2213, 12511, 11854, 4216, 18.03%, 0, 9, 5, 1114.69, 7177952
1712729780, 1, 2217, 12511, 11853, 4215, 18.03%, 0, 9, 5, 1187.92, 7183538
1712729975, 1, 2217, 12512, 11854, 4215, 18.03%, 0, 9, 5, 1013.47, 7199395
1712729985, 1, 2219, 12512, 11853, 4215, 18.03%, 0, 9, 5, 1051.89, 7210591
1712729990, 1, 2220, 12512, 11852, 4214, 18.03%, 0, 9, 5, 966.57, 7215208
1712732279, 1, 2221, 12512, 11851, 4213, 18.03%, 0, 9, 5, 0.02, 7220103
1712732289, 1, 2222, 12512, 11850, 4212, 18.03%, 0, 9, 5, 1111.28, 7231606
1712732300, 1, 2224, 12512, 11849, 4211, 18.03%, 0, 9, 5, 932.71, 7241003
1712732495, 1, 2227, 12512, 11848, 4210, 18.03%, 0, 9, 5, 1109.40, 7255821
1712732505, 1, 2229, 12512, 11847, 4209, 18.03%, 0, 9, 5, 974.93, 7264980
1712732705, 1, 2231, 12669, 12003, 4226, 18.07%, 0, 9, 5, 914.95, 7280135
1712732715, 1, 2231, 12670, 12004, 4226, 18.08%, 0, 9, 5, 713.42, 7289469
1712732910, 1, 2231, 12671, 12005, 4226, 18.08%, 0, 9, 5, 0.71, 7302114
1712732915, 1, 2235, 12671, 12004, 4227, 18.08%, 0, 9, 5, 1016.06, 7307186
1712732920, 1, 2236, 12671, 12003, 4226, 18.08%, 0, 9, 5, 999.84, 7312303
1712732936, 1, 2247, 12671, 12002, 4225, 18.08%, 0, 9, 5, 930.90, 7325359
1712733131, 1, 2248, 12671, 12001, 4224, 18.08%, 0, 9, 5, 913.13, 7339611
1712733146, 1, 2252, 12671, 12000, 4222, 18.08%, 0, 9, 5, 1012.90, 7353682
1712733336, 1, 2266, 12671, 11999, 4221, 18.08%, 0, 9, 5, 1022.84, 7363372
1712733346, 1, 2267, 12671, 11998, 4220, 18.08%, 0, 9, 5, 922.16, 7372543
1712733541, 1, 2267, 12672, 11999, 4220, 18.08%, 0, 9, 5, 0.10, 7385277
1712733552, 1, 2269, 12672, 11998, 4219, 18.08%, 0, 9, 5, 1058.39, 7395609
1712733562, 1, 2271, 12673, 11998, 4218, 18.08%, 0, 9, 5, 995.61, 7404979
1712733767, 1, 2277, 12673, 11997, 4217, 18.08%, 0, 9, 5, 953.12, 7430215
1712733777, 1, 2281, 12673, 11996, 4216, 18.08%, 0, 9, 5, 911.21, 7439263
1712733967, 1, 2283, 12673, 11995, 4215, 18.08%, 0, 9, 5, 1034.76, 7449557
1712733982, 1, 2285, 12673, 11994, 4214, 18.08%, 0, 9, 5, 893.75, 7463608
1712734177, 1, 2288, 12674, 11994, 4213, 18.08%, 0, 9, 5, 1081.60, 7476463
1712734193, 1, 2289, 12674, 11993, 4212, 18.08%, 0, 9, 5, 929.48, 7490239
1712736487, 1, 2289, 12675, 11994, 4212, 18.08%, 0, 9, 5, 0.01, 7499985
1712736497, 1, 2290, 12675, 11993, 4212, 18.08%, 0, 9, 5, 1081.93, 7510537
1712736512, 1, 2291, 12675, 11992, 4211, 18.08%, 0, 9, 5, 862.09, 7524154
1712736707, 1, 2292, 12675, 11991, 4210, 18.08%, 0, 9, 5, 943.23, 7537787
1712736722, 1, 2294, 12675, 11990, 4209, 18.08%, 0, 9, 5, 673.80, 7548219
1712736918, 1, 2295, 12771, 12085, 4210, 18.12%, 0, 9, 5, 1001.04, 7559887
1712736933, 1, 2296, 12771, 12084, 4209, 18.12%, 0, 9, 5, 1054.03, 7572063
1712737133, 1, 2297, 12771, 12083, 4208, 18.12%, 0, 9, 5, 507.39, 7586597
1712737328, 1, 2298, 12771, 12082, 4207, 18.12%, 0, 9, 5, 0.69, 7598068
1712737344, 1, 2299, 12771, 12081, 4206, 18.12%, 0, 9, 5, 927.39, 7611175
1712737354, 1, 2300, 12771, 12080, 4205, 18.12%, 0, 9, 5, 804.23, 7617925
1712737549, 1, 2307, 12771, 12079, 4204, 18.12%, 0, 9, 5, 885.41, 7630884
1712737559, 1, 2307, 12772, 12080, 4204, 18.12%, 0, 9, 5, 858.37, 7639715
1712737564, 1, 2307, 12773, 12081, 4204, 18.12%, 0, 9, 5, 844.15, 7643803
1712737754, 1, 2307, 12774, 12082, 4204, 18.12%, 0, 9, 5, 982.94, 7653030
1712737759, 1, 2312, 12774, 12081, 4203, 18.12%, 0, 9, 5, 956.95, 7657552
1712737775, 1, 2312, 12776, 12083, 4203, 18.12%, 0, 9, 5, 754.79, 7668537
1712737969, 1, 2320, 12776, 12082, 4203, 18.12%, 0, 9, 5, 890.14, 7681943
1712737985, 1, 2321, 12776, 12081, 4202, 18.12%, 0, 9, 5, 727.92, 7693295
1712738180, 1, 2323, 12776, 12080, 4201, 18.12%, 0, 9, 5, 870.65, 7703883
1712738190, 1, 2323, 12777, 12081, 4201, 18.12%, 0, 9, 5, 737.63, 7711286
1712740706, 1, 2324, 12777, 12080, 4200, 18.12%, 0, 9, 5, 385.22, 7729486
1712740711, 1, 2325, 12777, 12079, 4199, 18.12%, 0, 9, 5, 786.07, 7734119
1712740906, 1, 2327, 12777, 12078, 4198, 18.12%, 0, 9, 5, 0.09, 7743041
1712740921, 1, 2327, 12778, 12079, 4198, 18.12%, 0, 9, 5, 798.65, 7755929
1712741116, 1, 2328, 12778, 12078, 4197, 18.12%, 0, 9, 5, 0.09, 7767939
1712741132, 1, 2328, 12968, 12267, 4196, 18.58%, 0, 9, 5, 943.94, 7780919
1712741137, 1, 2328, 13379, 12678, 4196, 18.72%, 0, 9, 5, 820.05, 7784794
1712741142, 1, 2329, 13560, 12859, 4372, 18.76%, 0, 9, 5, 829.44, 7788728
1712741332, 1, 2330, 13560, 12858, 4371, 18.76%, 0, 9, 5, 834.49, 7795202
1712741353, 1, 2331, 13560, 12857, 4370, 18.76%, 0, 9, 5, 993.29, 7805866
1712741537, 1, 2331, 13561, 12858, 4370, 18.76%, 0, 9, 5, 0.38, 7809188
1712741562, 1, 2334, 13561, 12857, 4369, 18.76%, 0, 9, 5, 766.28, 7829094
1712741758, 1, 2336, 13561, 12856, 4368, 18.76%, 0, 9, 5, 1002.91, 7841661
1712741768, 1, 2342, 13561, 12855, 4367, 18.76%, 0, 9, 5, 900.59, 7850996
1712741963, 1, 2344, 13561, 12854, 4366, 18.76%, 0, 9, 5, 1196.44, 7862926
1712741978, 1, 2346, 13561, 12853, 4365, 18.76%, 0, 9, 5, 791.77, 7876597
1712742168, 1, 2346, 13563, 12855, 4365, 18.76%, 0, 9, 5, 0.70, 7883052
1712742189, 1, 2347, 13563, 12854, 4364, 18.76%, 0, 9, 5, 780.28, 7902709
1712742378, 1, 2347, 13564, 12855, 4364, 18.76%, 0, 9, 5, 0.24, 7909885
1712742394, 1, 2349, 13564, 12854, 4363, 18.76%, 0, 9, 5, 71.15, 7925141
1712742404, 1, 2349, 13565, 12855, 4363, 18.76%, 0, 9, 5, 638.54, 7931707
1712742604, 1, 2356, 13565, 12854, 4363, 18.76%, 0, 9, 5, 203.36, 7949922
1712744909, 1, 2365, 13565, 12853, 4362, 18.76%, 0, 9, 5, 1161.40, 7965557
1712744919, 1, 2367, 13565, 12852, 4361, 18.76%, 0, 9, 5, 958.36, 7974885
1712745119, 1, 2369, 13565, 12851, 4360, 18.76%, 0, 9, 5, 1049.81, 7991700
1712745129, 1, 2370, 13565, 12850, 4359, 18.76%, 0, 9, 5, 684.05, 7999683
1712745329, 1, 2371, 13686, 12970, 4360, 18.77%, 0, 9, 5, 867.89, 8014812
1712745350, 1, 2372, 13686, 12969, 4359, 18.77%, 0, 9, 5, 788.93, 8030409
1712745540, 1, 2382, 13686, 12968, 4358, 18.77%, 0, 9, 5, 908.72, 8038345
1712745555, 1, 2390, 13686, 12967, 4357, 18.77%, 0, 9, 5, 748.88, 8050945
1712745750, 1, 2392, 13686, 12966, 4356, 18.77%, 0, 9, 5, 1092.82, 8063635
1712745760, 1, 2408, 13686, 12965, 4355, 18.77%, 0, 9, 5, 960.63, 8073735
1712745770, 1, 2410, 13686, 12964, 4354, 18.77%, 0, 9, 5, 872.83, 8082285
1712745960, 1, 2414, 13686, 12963, 4353, 18.77%, 0, 9, 5, 1105.69, 8092663
1712745970, 1, 2415, 13686, 12962, 4352, 18.77%, 0, 9, 5, 1013.90, 8103170
1712745981, 1, 2416, 13686, 12961, 4351, 18.77%, 0, 9, 5, 835.81, 8111262
1712746176, 1, 2417, 13686, 12960, 4350, 18.77%, 0, 9, 5, 1074.55, 8126308
1712746191, 1, 2418, 13686, 12959, 4349, 18.77%, 0, 9, 5, 811.10, 8138416
1712746386, 1, 2419, 13686, 12958, 4348, 18.77%, 0, 9, 5, 1035.91, 8151740
1712746402, 1, 2420, 13686, 12957, 4347, 18.77%, 0, 9, 5, 1150.21, 8164003
1712746591, 1, 2421, 13686, 12956, 4346, 18.77%, 0, 9, 5, 955.10, 8170090
1712746607, 1, 2423, 13686, 12955, 4345, 18.77%, 0, 9, 5, 1155.83, 8179596
1712746797, 1, 2425, 13686, 12954, 4344, 18.77%, 0, 9, 5, 0.58, 8186728
1712746812, 1, 2429, 13686, 12953, 4343, 18.77%, 0, 9, 5, 970.02, 8199109
1712746822, 1, 2429, 13687, 12954, 4343, 18.77%, 0, 9, 5, 950.60, 8208357
1712749120, 1, 2430, 13687, 12953, 4342, 18.77%, 0, 9, 5, 1121.66, 8224168
1712749136, 1, 2431, 13687, 12952, 4341, 18.77%, 0, 9, 5, 895.86, 8237908
1712749326, 1, 2435, 13785, 13049, 4359, 18.93%, 0, 9, 5, 884.63, 8245614
1712749336, 1, 2435, 13786, 13050, 4359, 18.93%, 0, 9, 5, 807.30, 8254380
1712749346, 1, 2441, 13786, 13049, 4358, 18.93%, 0, 9, 5, 800.45, 8262255
1712749546, 1, 2442, 13786, 13048, 4357, 18.93%, 0, 9, 5, 757.23, 8275771
1712749741, 1, 2443, 13786, 13047, 4356, 18.93%, 0, 9, 5, 0.33, 8286659
1712749747, 1, 2443, 13788, 13049, 4356, 18.93%, 0, 9, 5, 822.33, 8290595
1712749752, 1, 2443, 13789, 13050, 4356, 18.93%, 0, 9, 5, 891.59, 8294754
1712749952, 1, 2453, 13789, 13049, 4356, 18.93%, 0, 9, 5, 0.35, 8310971
1712749962, 1, 2454, 13789, 13048, 4354, 18.93%, 0, 9, 5, 1277.81, 8319609
1712749978, 1, 2456, 13789, 13047, 4353, 18.93%, 0, 9, 5, 621.86, 8329704
1712750167, 1, 2462, 13789, 13046, 4352, 18.93%, 0, 9, 5, 1005.95, 8338437
1712750177, 1, 2464, 13789, 13045, 4351, 18.93%, 0, 9, 5, 861.39, 8347772
1712750188, 1, 2467, 13789, 13044, 4350, 18.93%, 0, 9, 5, 830.69, 8355369
1712750383, 1, 2468, 13789, 13043, 4349, 18.93%, 0, 9, 5, 921.79, 8367824
1712750583, 1, 2469, 13789, 13042, 4348, 18.93%, 0, 9, 5, 0.62, 8381308
1712750598, 1, 2472, 13789, 13041, 4347, 18.93%, 0, 9, 5, 768.42, 8394154
1712750608, 1, 2474, 13789, 13040, 4346, 18.93%, 0, 9, 5, 722.81, 8401219
1712750803, 1, 2483, 13789, 13039, 4345, 18.93%, 0, 9, 5, 925.07, 8414134
1712750809, 1, 2485, 13789, 13038, 4344, 18.93%, 0, 9, 5, 756.97, 8417978
1712751009, 1, 2486, 13789, 13037, 4343, 18.93%, 0, 9, 5, 899.52, 8432400
1712751019, 1, 2488, 13789, 13036, 4342, 18.93%, 0, 9, 5, 793.05, 8440949
1712751024, 1, 2488, 13790, 13037, 4342, 18.93%, 0, 9, 5, 643.92, 8443990
1712752221, 1, 2494, 13790, 13036, 4342, 18.93%, 0, 9, 5, 1000.15, 8466172
1712752236, 1, 2506, 13790, 13035, 4341, 18.93%, 0, 9, 5, 908.39, 8479724
1712752246, 1, 2506, 13967, 13211, 4340, 18.95%, 0, 9, 5, 1023.48, 8490024
1712752251, 1, 2513, 14054, 13298, 4352, 18.95%, 0, 9, 5, 1101.24, 8495503
1712752262, 1, 2513, 14055, 13299, 4352, 18.95%, 0, 9, 5, 1273.02, 8506430
1712752272, 1, 2515, 14055, 13298, 4351, 18.95%, 0, 9, 5, 1120.78, 8517835
1712752282, 1, 2516, 14055, 13297, 4350, 18.95%, 0, 9, 5, 1098.57, 8528941
1712752303, 1, 2523, 14055, 13296, 4349, 18.95%, 0, 9, 5, 985.03, 8543981
1712752313, 1, 2532, 14055, 13295, 4348, 18.95%, 0, 9, 5, 147.93, 8554276
1712752330, 1, 2542, 14055, 13294, 4347, 18.95%, 0, 9, 5, 103.03, 8566736
1712752347, 1, 2543, 14055, 13293, 4346, 18.95%, 0, 9, 5, 75.13, 8576124
1712752357, 1, 2543, 14056, 13294, 4346, 18.95%, 0, 9, 5, 1123.25, 8584013
1712752367, 1, 2551, 14056, 13293, 4345, 18.95%, 0, 9, 5, 1029.07, 8594173
1712752372, 1, 2563, 14056, 13292, 4344, 18.95%, 0, 9, 5, 1147.68, 8599213
1712752382, 1, 2567, 14056, 13291, 4343, 18.95%, 0, 9, 5, 1013.19, 8609425
1712752398, 1, 2568, 14056, 13290, 4342, 18.95%, 0, 9, 5, 958.53, 8623328
1712752403, 1, 2569, 14056, 13289, 4341, 18.95%, 0, 9, 5, 960.00, 8628388
1712752418, 1, 2572, 14056, 13288, 4340, 18.95%, 0, 9, 5, 1016.62, 8643141
1712752428, 1, 2573, 14056, 13287, 4339, 18.95%, 0, 9, 5, 1186.47, 8654405
1712752439, 1, 2575, 14056, 13286, 4338, 18.95%, 0, 9, 5, 1212.51, 8666510
1712752449, 1, 2579, 14056, 13285, 4337, 18.95%, 0, 9, 5, 1073.68, 8678046
1712752464, 1, 2582, 14056, 13284, 4336, 18.95%, 0, 9, 5, 1078.75, 8693716
1712752475, 1, 2591, 14056, 13283, 4335, 18.95%, 0, 9, 5, 160.05, 8702980
1712752492, 1, 2594, 14056, 13282, 4334, 18.95%, 0, 9, 5, 985.60, 8714047
1712752507, 1, 2596, 14056, 13281, 4333, 18.95%, 0, 9, 5, 953.98, 8727206
1712752518, 1, 2600, 14056, 13280, 4332, 18.95%, 0, 9, 5, 1114.30, 8736321
1712752533, 1, 2603, 14056, 13279, 4331, 18.95%, 0, 9, 5, 59.38, 8749777
1712752548, 1, 2605, 14057, 13279, 4330, 18.95%, 0, 9, 5, 1275.63, 8763033
1712752574, 1, 2607, 14057, 13278, 4329, 18.95%, 0, 9, 5, 1093.03, 8789012
1712752584, 1, 2610, 14057, 13277, 4328, 18.95%, 0, 9, 5, 1061.83, 8799265
1712752599, 1, 2618, 14057, 13276, 4327, 18.95%, 0, 9, 5, 1056.26, 8813762
1712752610, 1, 2619, 14057, 13275, 4326, 18.95%, 0, 9, 5, 427.51, 8821420
1712752620, 1, 2619, 14058, 13276, 4326, 18.95%, 0, 9, 5, 1094.86, 8828638
1712752635, 1, 2621, 14058, 13275, 4325, 18.95%, 0, 9, 5, 1063.33, 8844952
1712752645, 1, 2621, 14059, 13276, 4325, 18.96%, 0, 9, 5, 1129.40, 8854902
1712752650, 1, 2621, 14060, 13277, 4325, 18.96%, 0, 9, 5, 1087.86, 8860487
1712752661, 1, 2623, 14060, 13276, 4326, 18.96%, 0, 9, 5, 851.30, 8870630
1712752671, 1, 2625, 14060, 13275, 4325, 18.96%, 0, 9, 5, 1120.86, 8876006
1712752686, 1, 2627, 14060, 13274, 4324, 18.96%, 0, 9, 5, 1118.84, 8887904
1712752696, 1, 2633, 14060, 13273, 4323, 18.96%, 0, 9, 5, 890.75, 8897927
1712752706, 1, 2635, 14060, 13272, 4322, 18.96%, 0, 9, 5, 1155.30, 8907681
1712752717, 1, 2639, 14060, 13271, 4321, 18.96%, 0, 9, 5, 389.17, 8918092
1712752733, 1, 2650, 14060, 13270, 4320, 18.96%, 0, 9, 5, 1366.94, 8930313
1712752748, 1, 2655, 14060, 13269, 4318, 18.96%, 0, 9, 5, 1105.02, 8945316
1712752760, 1, 2657, 14060, 13268, 4318, 18.96%, 0, 9, 5, 52.77, 8954810
1712752770, 1, 2659, 14060, 13267, 4317, 18.96%, 0, 9, 5, 1207.25, 8961782
1712752785, 1, 2662, 14060, 13266, 4316, 18.96%, 0, 9, 5, 1091.34, 8975470
1712752795, 1, 2668, 14060, 13265, 4314, 18.96%, 0, 9, 5, 1346.06, 8985558
1712752805, 1, 2688, 14060, 13264, 4313, 18.96%, 0, 9, 5, 1124.89, 8995618
1712752815, 1, 2689, 14060, 13263, 4312, 18.96%, 0, 9, 5, 1151.51, 9007198
1712752827, 1, 2689, 14061, 13264, 4312, 18.96%, 0, 9, 5, 1153.37, 9013982
1712752842, 1, 2690, 14061, 13263, 4311, 18.96%, 0, 9, 5, 144.14, 9032365
1712752857, 1, 2691, 14061, 13262, 4310, 18.96%, 0, 9, 5, 1302.53, 9045831
1712752873, 1, 2699, 14061, 13261, 4309, 18.96%, 0, 9, 5, 1140.33, 9060410
1712752883, 1, 2701, 14061, 13260, 4308, 18.96%, 0, 9, 5, 1061.98, 9071251
1712752893, 1, 2703, 14061, 13259, 4307, 18.96%, 0, 9, 5, 1144.58, 9082897
1712752908, 1, 2707, 14061, 13258, 4306, 18.96%, 0, 9, 5, 1159.56, 9099120
1712752913, 1, 2710, 14061, 13257, 4305, 18.96%, 0, 9, 5, 1119.79, 9104168
1712752923, 1, 2711, 14061, 13256, 4305, 18.96%, 0, 9, 5, 1133.86, 9113840
1712752934, 1, 2713, 14062, 13256, 4304, 18.96%, 0, 9, 5, 1250.04, 9124259
1712752944, 1, 2718, 14062, 13255, 4303, 18.96%, 0, 9, 5, 1244.11, 9136008
1712752959, 1, 2721, 14062, 13254, 4302, 18.96%, 0, 9, 5, 997.22, 9150051
1712752964, 1, 2722, 14062, 13253, 4301, 18.96%, 0, 9, 5, 977.54, 9154851
1712752974, 1, 2723, 14062, 13252, 4300, 18.96%, 0, 9, 5, 1003.06, 9164998
1712752990, 1, 2724, 14062, 13251, 4299, 18.96%, 0, 9, 5, 884.06, 9178605
1712753000, 1, 2725, 14062, 13250, 4298, 18.96%, 0, 9, 5, 917.75, 9187889
1712753005, 1, 2726, 14062, 13249, 4297, 18.96%, 0, 9, 5, 880.14, 9192143
1712753015, 1, 2728, 14062, 13248, 4296, 18.96%, 0, 9, 5, 921.56, 9201046
1712753030, 1, 2730, 14062, 13247, 4295, 18.96%, 0, 9, 5, 1145.70, 9216196
1712753040, 1, 2730, 14063, 13248, 4295, 18.96%, 0, 9, 5, 1007.39, 9224810
1712753055, 1, 2731, 14063, 13247, 4294, 18.96%, 0, 9, 5, 969.27, 9239568
1712753061, 1, 2734, 14063, 13246, 4293, 18.96%, 0, 9, 5, 1018.27, 9244820
1712753066, 1, 2736, 14063, 13245, 4292, 18.96%, 0, 9, 5, 1025.55, 9249954
1712753071, 1, 2740, 14063, 13244, 4291, 18.96%, 0, 9, 5, 951.70, 9254709
1712753081, 1, 2745, 14063, 13243, 4290, 18.96%, 0, 9, 5, 916.04, 9264060
1712753086, 1, 2755, 14063, 13241, 4288, 18.96%, 0, 9, 5, 974.64, 9269128
1712753096, 1, 2759, 14063, 13240, 4287, 18.96%, 0, 9, 5, 925.47, 9279065
1712753101, 1, 2760, 14063, 13239, 4286, 18.96%, 0, 9, 5, 982.69, 9284027
1712753106, 1, 2760, 14064, 13240, 4286, 18.96%, 0, 9, 5, 986.21, 9288823
1712753111, 1, 2760, 14065, 13241, 4286, 18.96%, 0, 9, 5, 1002.75, 9293885
1712753126, 1, 2778, 14065, 13240, 4285, 18.96%, 0, 9, 5, 952.74, 9308714
1712753136, 1, 2779, 14065, 13239, 4284, 18.96%, 0, 9, 5, 965.99, 9318444
1712753142, 1, 2784, 14065, 13238, 4283, 18.96%, 0, 9, 5, 997.89, 9323584
1712753147, 1, 2788, 14065, 13237, 4282, 18.96%, 0, 9, 5, 948.55, 9328303
1712753152, 1, 2790, 14065, 13236, 4281, 18.96%, 0, 9, 5, 868.17, 9332673
1712753171, 1, 2792, 14065, 13235, 4280, 18.96%, 0, 9, 5, 108.83, 9340328
1712753182, 1, 2797, 14065, 13234, 4279, 18.96%, 0, 9, 5, 1534.69, 9347003
1712753193, 1, 2798, 14065, 13233, 4278, 18.96%, 0, 9, 5, 159.60, 9352186
1712753204, 1, 2799, 14065, 13232, 4277, 18.96%, 0, 9, 5, 773.53, 9359168
1712753214, 1, 2801, 14065, 13231, 4276, 18.96%, 0, 9, 5, 108.41, 9365562
1712753224, 1, 2802, 14065, 13230, 4275, 18.96%, 0, 9, 5, 960.78, 9371136
1712753236, 1, 2815, 14065, 13229, 4274, 18.96%, 0, 9, 5, 654.45, 9378371
1712753247, 1, 2822, 14065, 13228, 4273, 18.96%, 0, 9, 5, 116.69, 9384780
1712753317, 1, 2823, 14065, 13227, 4272, 18.96%, 0, 9, 5, 3.47, 9389078
1712753341, 1, 2824, 14065, 13226, 4271, 18.96%, 0, 9, 5, 89.45, 9396574
1712753539, 1, 2825, 14065, 13225, 4270, 18.96%, 0, 9, 5, 19.98, 9402977
1712753551, 1, 2828, 14065, 13224, 4269, 18.96%, 0, 9, 5, 18.20, 9407333
1712753748, 1, 2829, 14065, 13223, 4268, 18.96%, 0, 9, 5, 703.10, 9414497
1712753766, 1, 2831, 14065, 13222, 4267, 18.96%, 0, 9, 5, 86.50, 9420136
1712753960, 1, 2832, 14065, 13221, 4266, 18.96%, 0, 9, 5, 801.33, 9426035
1712753967, 1, 2833, 14065, 13220, 4265, 18.96%, 0, 9, 5, 4.96, 9429724
1712753977, 1, 2834, 14065, 13219, 4264, 18.96%, 0, 9, 5, 741.54, 9434279
1712754165, 1, 2836, 14065, 13218, 4263, 18.96%, 0, 9, 5, 51.95, 9440272
1712754177, 1, 2837, 14065, 13217, 4262, 18.96%, 0, 9, 5, 22.89, 9444555
1712754374, 1, 2838, 14065, 13216, 4261, 18.96%, 0, 9, 5, 1093.50, 9451605
1712754392, 1, 2841, 14065, 13215, 4260, 18.96%, 0, 9, 5, 72.01, 9457371
1712754585, 1, 2849, 14065, 13214, 4259, 18.96%, 0, 9, 5, 141.89, 9463762
1712754596, 1, 2854, 14065, 13213, 4258, 18.96%, 0, 9, 5, 1373.79, 9469599
1712754606, 1, 2855, 14065, 13212, 4257, 18.96%, 0, 9, 5, 1541.87, 9474177
1712754800, 1, 2856, 14065, 13211, 4256, 18.96%, 0, 9, 5, 1295.00, 9479805
1712754810, 1, 2857, 14065, 13210, 4255, 18.96%, 0, 9, 5, 699.96, 9486164
1712755000, 1, 2858, 14065, 13209, 4254, 18.96%, 0, 9, 5, 0.93, 9490164
1712755010, 1, 2860, 14065, 13208, 4253, 18.96%, 0, 9, 5, 818.48, 9497592
1712755015, 1, 2864, 14065, 13207, 4252, 18.96%, 0, 9, 5, 107.14, 9499832
1712755026, 1, 2866, 14065, 13206, 4250, 18.96%, 0, 9, 5, 1016.60, 9509753
1712755210, 1, 2866, 14067, 13208, 4250, 18.96%, 0, 9, 5, 0.89, 9514089
1712755215, 1, 2866, 14068, 13209, 4250, 18.96%, 0, 9, 5, 1063.05, 9519431
1712755225, 1, 2870, 14069, 13209, 4251, 18.96%, 0, 9, 5, 1048.27, 9530701
1712755236, 1, 2876, 14069, 13207, 4249, 18.96%, 0, 9, 5, 1056.21, 9541756
1712757524, 1, 2878, 14069, 13206, 4249, 18.96%, 0, 9, 5, 0.07, 9546740
1712757530, 1, 2879, 14069, 13205, 4248, 18.96%, 0, 9, 5, 52.04, 9552624
1712757540, 1, 2881, 14069, 13204, 4247, 18.96%, 0, 9, 5, 1238.88, 9558543
1712757553, 1, 2882, 14198, 13332, 4249, 18.98%, 0, 9, 5, 38.95, 9563580
1712757745, 1, 2883, 14198, 13331, 4248, 18.98%, 0, 9, 5, 105.97, 9567948
1712757756, 1, 2889, 14198, 13330, 4247, 18.98%, 0, 9, 5, 90.73, 9572296
1712757950, 1, 2890, 14198, 13329, 4246, 18.98%, 0, 9, 5, 23.80, 9578702
1712757960, 1, 2891, 14198, 13328, 4245, 18.98%, 0, 9, 5, 724.02, 9583321
1712758155, 1, 2892, 14198, 13327, 4244, 18.98%, 0, 9, 5, 1.14, 9589469
1712758165, 1, 2896, 14199, 13327, 4243, 18.98%, 0, 9, 5, 653.09, 9594088
1712758181, 1, 2897, 14199, 13326, 4242, 18.98%, 0, 9, 5, 787.24, 9601012
1712758371, 1, 2898, 14199, 13325, 4241, 18.98%, 0, 9, 5, 915.42, 9605502
1712758381, 1, 2900, 14199, 13324, 4240, 18.98%, 0, 9, 5, 1040.42, 9609913
1712758391, 1, 2901, 14199, 13323, 4239, 18.98%, 0, 9, 5, 575.57, 9614177
1712758581, 1, 2915, 14199, 13322, 4238, 18.98%, 0, 9, 5, 1204.20, 9618441
1712758591, 1, 2916, 14199, 13321, 4238, 18.98%, 0, 9, 5, 815.25, 9627770
1712758602, 1, 2918, 14199, 13320, 4237, 18.98%, 0, 9, 5, 745.61, 9634647
1712758791, 1, 2919, 14199, 13319, 4236, 18.98%, 0, 9, 5, 946.80, 9641446
1712758802, 1, 2920, 14199, 13318, 4235, 18.98%, 0, 9, 5, 766.60, 9649225
1712758812, 1, 2922, 14199, 13317, 4234, 18.98%, 0, 9, 5, 845.90, 9656377
1712758997, 1, 2925, 14199, 13316, 4233, 18.98%, 0, 9, 5, 0.44, 9659758
1712759002, 1, 2926, 14199, 13315, 4232, 18.98%, 0, 9, 5, 973.98, 9664633
1712759012, 1, 2927, 14199, 13314, 4231, 18.98%, 0, 9, 5, 773.46, 9673215
1712759017, 1, 2929, 14199, 13313, 4230, 18.98%, 0, 9, 5, 570.39, 9676837
1712759207, 1, 2930, 14199, 13312, 4229, 18.98%, 0, 9, 5, 0.55, 9684117
1712759212, 1, 2938, 14199, 13311, 4228, 18.98%, 0, 9, 5, 1040.91, 9689011
1712759217, 1, 2943, 14199, 13310, 4227, 18.98%, 0, 9, 5, 159.22, 9693480
1712759227, 1, 2944, 14199, 13309, 4226, 18.98%, 0, 9, 5, 733.29, 9700745
1712759417, 1, 2945, 14199, 13308, 4225, 18.98%, 0, 9, 5, 0.12, 9707310
1712759422, 1, 2947, 14199, 13307, 4224, 18.98%, 0, 9, 5, 1012.15, 9711727
1712759433, 1, 2948, 14199, 13306, 4223, 18.98%, 0, 9, 5, 1515.00, 9715906
1712759443, 1, 2950, 14199, 13305, 4222, 18.98%, 0, 9, 5, 1732.00, 9722499
1712761738, 1, 2951, 14199, 13304, 4221, 18.98%, 0, 9, 5, 935.16, 9728319
1712761743, 1, 2951, 14201, 13306, 4221, 18.98%, 0, 9, 5, 927.36, 9733092
1712761758, 1, 2951, 14209, 13314, 4221, 18.98%, 0, 9, 5, 932.18, 9746674
1712761943, 1, 2951, 14212, 13317, 4221, 18.98%, 0, 9, 5, 0.11, 9751428
1712761948, 1, 2952, 14303, 13407, 4232, 19.01%, 0, 9, 5, 876.90, 9755813
1712761953, 1, 2952, 14304, 13408, 4232, 19.01%, 0, 9, 5, 825.55, 9760104
1712761963, 1, 2952, 14305, 13409, 4232, 19.01%, 0, 9, 5, 927.28, 9768802
1712762158, 1, 2953, 14305, 13408, 4232, 19.01%, 0, 9, 5, 1004.77, 9783155
1712762163, 1, 2954, 14305, 13407, 4231, 19.01%, 0, 9, 5, 871.08, 9787590
1712762169, 1, 2955, 14305, 13406, 4230, 19.01%, 0, 9, 5, 912.93, 9792083
1712762179, 1, 2956, 14305, 13405, 4229, 19.01%, 0, 9, 5, 1051.73, 9801196
1712762364, 1, 2956, 14308, 13408, 4229, 19.01%, 0, 9, 5, 0.35, 9803568
1712762390, 1, 2958, 14308, 13406, 4226, 19.01%, 0, 9, 5, 801.17, 9825000
1712762579, 1, 2959, 14308, 13405, 4225, 19.01%, 0, 9, 5, 17.70, 9831602
1712762584, 1, 2961, 14308, 13404, 4224, 19.01%, 0, 9, 5, 1447.23, 9834598
1712762596, 1, 2962, 14309, 13404, 4223, 19.01%, 0, 9, 5, 32.48, 9839316
1712762800, 1, 2966, 14310, 13404, 4222, 19.01%, 0, 9, 5, 1472.34, 9848007
1712762811, 1, 2971, 14310, 13403, 4221, 19.01%, 0, 9, 5, 1187.55, 9858069
1712762995, 1, 2974, 14310, 13402, 4220, 19.01%, 0, 9, 5, 1.83, 9862321
1712763000, 1, 2977, 14311, 13402, 4219, 19.01%, 0, 9, 5, 988.35, 9867015
1712763005, 1, 2977, 14312, 13403, 4219, 19.01%, 0, 9, 5, 851.92, 9871299
1712763010, 1, 2977, 14313, 13404, 4219, 19.01%, 0, 9, 5, 773.44, 9874750
1712763205, 1, 2978, 14313, 13403, 4221, 19.01%, 0, 9, 5, 0.44, 9889563
1712763210, 1, 2979, 14313, 13402, 4220, 19.01%, 0, 9, 5, 69.91, 9892619
1712763221, 1, 2980, 14313, 13401, 4219, 19.01%, 0, 9, 5, 771.44, 9900329
1712763226, 1, 2980, 14314, 13402, 4219, 19.02%, 0, 9, 5, 924.54, 9904999
1712763231, 1, 2984, 14314, 13401, 4219, 19.02%, 0, 9, 5, 1072.76, 9910597
1712763415, 1, 2989, 14314, 13400, 4218, 19.02%, 0, 9, 5, 1.44, 9914769
1712763426, 1, 2992, 14314, 13399, 4216, 19.02%, 0, 9, 5, 878.48, 9922670
1712763431, 1, 2993, 14314, 13398, 4215, 19.02%, 0, 9, 5, 774.28, 9926217
1712763436, 1, 2995, 14314, 13397, 4214, 19.02%, 0, 9, 5, 960.49, 9931050
1712763441, 1, 2996, 14314, 13396, 4213, 19.02%, 0, 9, 5, 1011.97, 9935044
1712763626, 1, 2998, 14314, 13395, 4212, 19.02%, 0, 9, 5, 0.43, 9938928
1712763636, 1, 3002, 14314, 13394, 4211, 19.02%, 0, 9, 5, 812.16, 9945578
1712763641, 1, 3003, 14314, 13393, 4210, 19.02%, 0, 9, 5, 904.72, 9950188
1712763646, 1, 3003, 14315, 13394, 4210, 19.02%, 0, 9, 5, 982.36, 9955229
1712765939, 1, 3010, 14315, 13393, 4209, 19.02%, 0, 9, 5, 0.08, 9965348
1712765946, 1, 3014, 14315, 13392, 4208, 19.02%, 0, 9, 5, 60.40, 9969716
1712765962, 1, 3016, 14315, 13391, 4207, 19.02%, 0, 9, 5, 971.71, 9978134
1712765967, 1, 3018, 14315, 13390, 4206, 19.02%, 0, 9, 5, 914.82, 9982571
1712766150, 1, 3018, 14340, 13414, 4205, 19.03%, 0, 9, 5, 0.11, 9984069
1712766155, 1, 3019, 14374, 13448, 4212, 19.04%, 0, 9, 5, 851.75, 9987057
1712766165, 1, 3025, 14374, 13447, 4211, 19.04%, 0, 9, 5, 859.63, 9993292
1712766170, 1, 3029, 14374, 13446, 4210, 19.04%, 0, 9, 5, 107.14, 9996338
1712766175, 1, 3034, 14374, 13445, 4209, 19.04%, 0, 9, 5, 994.24, 10000249
1712766360, 1, 3035, 14375, 13445, 4208, 19.04%, 0, 9, 5, 0.42, 10004612
1712766370, 1, 3035, 14376, 13446, 4208, 19.04%, 0, 9, 5, 849.69, 10013969
1712766386, 1, 3038, 14376, 13445, 4208, 19.04%, 0, 9, 5, 925.25, 10027254
1712766571, 1, 3041, 14376, 13444, 4207, 19.04%, 0, 9, 5, 0.13, 10031834
1712766581, 1, 3045, 14376, 13443, 4206, 19.04%, 0, 9, 5, 838.50, 10040079
1712766591, 1, 3046, 14376, 13442, 4205, 19.04%, 0, 9, 5, 876.86, 10048520
1712766596, 1, 3047, 14376, 13441, 4204, 19.04%, 0, 9, 5, 845.27, 10052691
1712766781, 1, 3049, 14376, 13440, 4203, 19.04%, 0, 9, 5, 0.97, 10056044
1712766791, 1, 3051, 14376, 13439, 4202, 19.04%, 0, 9, 5, 826.38, 10063818
1712766796, 1, 3056, 14376, 13438, 4201, 19.04%, 0, 9, 5, 820.49, 10067777
1712766807, 1, 3057, 14376, 13437, 4200, 19.04%, 0, 9, 5, 21.58, 10073831
1712766996, 1, 3064, 14376, 13436, 4199, 19.04%, 0, 9, 5, 1014.66, 10082058
1712767002, 1, 3070, 14376, 13435, 4198, 19.04%, 0, 9, 5, 869.62, 10086565
1712767007, 1, 3072, 14376, 13434, 4197, 19.04%, 0, 9, 5, 882.27, 10090059
1712767012, 1, 3073, 14376, 13433, 4196, 19.04%, 0, 9, 5, 852.24, 10094414
1712767017, 1, 3075, 14376, 13432, 4195, 19.04%, 0, 9, 5, 921.95, 10099195
1712770086, 1, 3076, 14376, 13431, 4194, 19.04%, 0, 9, 5, 0.04, 10102605
1712770152, 1, 3076, 14619, 13673, 4193, 19.08%, 0, 9, 5, 1042.58, 10106864
1712770157, 1, 3087, 14630, 13683, 4202, 19.08%, 0, 9, 5, 976.30, 10111677
1712770162, 1, 3088, 14630, 13682, 4201, 19.08%, 0, 9, 5, 1484.37, 10116300
1712770168, 1, 3089, 14630, 13681, 4200, 19.08%, 0, 9, 5, 1039.81, 10121008
1712770173, 1, 3091, 14630, 13680, 4199, 19.08%, 0, 9, 5, 1359.95, 10126125
1712770357, 1, 3098, 14630, 13679, 4198, 19.08%, 0, 9, 5, 0.40, 10130809
1712770363, 1, 3099, 14630, 13678, 4197, 19.08%, 0, 9, 5, 104.67, 10135000
1712770373, 1, 3099, 14631, 13679, 4197, 19.08%, 0, 9, 5, 860.70, 10141547
1712770378, 1, 3099, 14632, 13680, 4197, 19.08%, 0, 9, 5, 842.96, 10145894
1712770383, 1, 3099, 14633, 13681, 4197, 19.08%, 0, 9, 5, 882.23, 10150437
1712770568, 1, 3099, 14634, 13682, 4197, 19.08%, 0, 9, 5, 0.38, 10153981
1712770573, 1, 3099, 14636, 13684, 4197, 19.08%, 0, 9, 5, 872.93, 10158536
1712770578, 1, 3103, 14636, 13683, 4198, 19.08%, 0, 9, 5, 711.94, 10161908
1712770583, 1, 3104, 14636, 13682, 4197, 19.08%, 0, 9, 5, 673.67, 10165154
1712770593, 1, 3110, 14636, 13681, 4196, 19.08%, 0, 9, 5, 753.81, 10173270
1712770778, 1, 3110, 14637, 13682, 4196, 19.08%, 0, 9, 5, 0.16, 10176043
1712770788, 1, 3112, 14637, 13681, 4195, 19.08%, 0, 9, 5, 800.27, 10184918
1712770804, 1, 3115, 14637, 13680, 4194, 19.08%, 0, 9, 5, 661.66, 10195302
1712770993, 1, 3116, 14637, 13679, 4193, 19.08%, 0, 9, 5, 856.00, 10202193
1712771004, 1, 3117, 14637, 13678, 4192, 19.08%, 0, 9, 5, 84.85, 10208350
1712771015, 1, 3122, 14637, 13677, 4191, 19.08%, 0, 9, 5, 178.36, 10213701
1712771204, 1, 3123, 14637, 13676, 4190, 19.08%, 0, 9, 5, 855.74, 10219774
1712771214, 1, 3124, 14637, 13675, 4189, 19.08%, 0, 9, 5, 667.85, 10226362
1712771224, 1, 3125, 14637, 13674, 4188, 19.08%, 0, 9, 5, 925.17, 10235418
1712771409, 1, 3126, 14637, 13673, 4187, 19.08%, 0, 9, 5, 0.53, 10239042
1712771420, 1, 3127, 14637, 13672, 4185, 19.08%, 0, 9, 5, 49.08, 10246620
1712771432, 1, 3128, 14637, 13671, 4184, 19.08%, 0, 9, 5, 47.84, 10251738
1712771625, 1, 3128, 14638, 13672, 4184, 19.08%, 0, 9, 5, 796.46, 10260473
1712771636, 1, 3129, 14638, 13671, 4183, 19.08%, 0, 9, 5, 40.33, 10266537
1712771646, 1, 3132, 14638, 13670, 4182, 19.08%, 0, 9, 5, 73.88, 10270624
1712771835, 1, 3136, 14638, 13669, 4181, 19.08%, 0, 9, 5, 866.69, 10277832
1712771846, 1, 3137, 14638, 13668, 4180, 19.08%, 0, 9, 5, 84.21, 10282661
1712771856, 1, 3138, 14638, 13667, 4179, 19.08%, 0, 9, 5, 1153.57, 10288786
1712772045, 1, 3141, 14638, 13666, 4178, 19.08%, 0, 9, 5, 877.98, 10296287
1712772055, 1, 3143, 14638, 13665, 4177, 19.08%, 0, 9, 5, 747.98, 10303784
1712772060, 1, 3147, 14638, 13664, 4176, 19.08%, 0, 9, 5, 770.03, 10307624
1712772612, 1, 3148, 14638, 13663, 4175, 19.08%, 0, 9, 5, 0.03, 10314527
