# unix_time, cycles_done, cur_path, paths_total, pending_total, pending_favs, map_size, unique_crashes, unique_hangs, max_depth, execs_per_sec
1712451503, 0, 0, 5, 5, 5, 1.24%, 0, 0, 1, 2000.00
1712451633, 0, 0, 52, 52, 5, 1.50%, 0, 0, 2, 0.85
1712451638, 0, 0, 61, 61, 5, 1.51%, 0, 0, 2, 938.98
1712451643, 0, 0, 68, 68, 5, 1.51%, 0, 0, 2, 979.84
1712451648, 0, 0, 70, 70, 5, 1.51%, 0, 0, 2, 978.95
1712451653, 0, 0, 74, 74, 5, 1.53%, 0, 0, 2, 983.17
1712455722, 0, 0, 84, 84, 5, 1.56%, 0, 0, 2, 0.06
1712455843, 0, 0, 86, 86, 5, 1.61%, 0, 0, 2, 0.82
1712455848, 0, 0, 88, 88, 5, 1.61%, 0, 0, 2, 953.85
1712455859, 0, 0, 90, 90, 5, 1.61%, 0, 0, 2, 1043.68
1712455869, 0, 0, 93, 93, 5, 1.62%, 0, 0, 2, 1010.12
1712456054, 0, 0, 96, 96, 5, 1.63%, 0, 0, 2, 0.22
1712456064, 0, 0, 98, 98, 5, 1.63%, 0, 0, 2, 985.01
1712456079, 0, 0, 100, 100, 5, 1.63%, 0, 0, 2, 970.53
1712456264, 0, 0, 102, 102, 5, 1.63%, 0, 0, 2, 0.22
1712456269, 0, 0, 145, 145, 5, 1.86%, 0, 0, 2, 965.40
1712456480, 0, 0, 147, 147, 5, 1.86%, 0, 0, 2, 871.47
1712457321, 0, 0, 156, 156, 5, 1.98%, 0, 0, 2, 967.69
1712457326, 0, 0, 157, 157, 5, 1.98%, 0, 0, 2, 986.72
1712457532, 0, 0, 158, 158, 5, 1.98%, 0, 0, 2, 986.71
1712459883, 0, 0, 160, 160, 5, 1.99%, 0, 0, 2, 0.06
1712459888, 0, 0, 167, 167, 5, 2.00%, 0, 0, 2, 2683.67
1712460056, 0, 0, 176, 176, 5, 2.01%, 0, 0, 2, 3077.67
1712460272, 0, 0, 178, 178, 5, 2.02%, 0, 0, 2, 3037.49
1712460277, 0, 0, 199, 199, 5, 2.03%, 0, 0, 2, 3009.80
1712460282, 0, 0, 264, 264, 5, 2.10%, 0, 0, 2, 2411.10
