# relative_time, cycles_done, cur_item, corpus_count, pending_total, pending_favs, map_size, saved_crashes, saved_hangs, max_depth, execs_per_sec, total_execs, edges_found
156, 0, 0, 54, 54, 5, 3.08%, 0, 0, 2, 0.26, 1011, 919
161, 0, 0, 75, 75, 5, 3.19%, 0, 0, 2, 311.32, 2554, 952
166, 0, 0, 84, 84, 5, 3.25%, 0, 0, 2, 265.50, 3913, 968
171, 0, 0, 92, 92, 5, 3.28%, 0, 0, 2, 209.94, 4997, 977
176, 0, 0, 94, 94, 5, 3.28%, 0, 0, 2, 204.32, 5911, 977
182, 0, 0, 100, 100, 5, 3.29%, 0, 0, 2, 254.69, 7256, 980
4214, 0, 0, 102, 102, 5, 3.29%, 0, 0, 2, 0.00, 8485, 980
4364, 0, 0, 102, 102, 5, 3.29%, 0, 0, 2, 0.14, 8506, 980
4370, 0, 0, 106, 106, 5, 3.29%, 0, 0, 2, 268.39, 9808, 980
4375, 0, 0, 109, 109, 5, 3.31%, 0, 0, 2, 232.61, 11032, 988
4380, 0, 0, 111, 111, 5, 3.32%, 0, 0, 2, 248.65, 12318, 990
4385, 0, 0, 112, 112, 5, 3.32%, 0, 0, 2, 232.28, 13497, 991
4390, 0, 0, 116, 116, 5, 3.38%, 0, 0, 2, 249.08, 14863, 1007
4575, 0, 0, 116, 116, 5, 3.38%, 0, 0, 2, 0.08, 15462, 1007
4580, 0, 0, 119, 119, 5, 3.38%, 0, 0, 2, 278.46, 16839, 1007
4585, 0, 0, 120, 120, 5, 3.38%, 0, 0, 2, 262.32, 18211, 1008
4590, 0, 0, 122, 122, 5, 3.38%, 0, 0, 2, 242.71, 19439, 1008
4595, 0, 0, 125, 125, 5, 3.40%, 0, 0, 2, 244.23, 20684, 1014
4601, 0, 0, 126, 126, 5, 3.40%, 0, 0, 2, 245.18, 21947, 1014
4785, 0, 0, 127, 127, 5, 3.40%, 0, 0, 2, 0.04, 22898, 1014
4790, 0, 0, 128, 128, 5, 3.41%, 0, 0, 2, 246.07, 24145, 1016
4795, 0, 0, 131, 131, 5, 3.45%, 0, 0, 2, 228.78, 25286, 1028
4801, 0, 0, 132, 132, 5, 3.45%, 0, 0, 2, 240.37, 26513, 1029
4806, 0, 1, 958, 957, 4, 7.42%, 0, 0, 2, 1603.08, 34319, 2213
4811, 0, 1, 1995, 1994, 4, 11.67%, 0, 0, 2, 1677.40, 42794, 3482
8421, 0, 1, 2912, 2911, 4, 14.83%, 0, 0, 2, 0.05, 50163, 4423
8572, 0, 1, 2930, 2929, 4, 14.88%, 0, 0, 2, 0.96, 50307, 4439
8577, 0, 1, 3944, 3943, 4, 18.12%, 0, 0, 2, 1658.10, 58437, 5406
8582, 0, 1, 4920, 4919, 4, 20.73%, 0, 0, 2, 1567.81, 66262, 6184
8587, 0, 1, 5909, 5908, 4, 23.43%, 0, 0, 2, 1584.05, 74192, 6989
8592, 0, 1, 6922, 6921, 4, 26.17%, 0, 0, 2, 1584.86, 82317, 7807
8597, 0, 37, 7330, 7326, 2858, 27.64%, 0, 0, 3, 320.24, 86841, 8244
8782, 0, 49, 7330, 7324, 2856, 27.64%, 0, 0, 3, 0.19, 87903, 8244
8787, 0, 54, 7330, 7322, 2854, 27.64%, 0, 0, 3, 194.19, 88881, 8244
8792, 0, 61, 7331, 7322, 2854, 27.64%, 0, 0, 3, 256.50, 90245, 8244
8797, 0, 88, 7331, 7319, 2851, 27.64%, 0, 0, 3, 226.98, 91376, 8244
8802, 0, 97, 7331, 7317, 2849, 27.64%, 0, 0, 3, 260.31, 92715, 8244
8807, 0, 112, 7331, 7315, 2847, 27.64%, 0, 0, 3, 255.78, 94005, 8244
8992, 0, 127, 7331, 7312, 2844, 27.64%, 0, 0, 3, 0.03, 95310, 8244
8997, 0, 143, 7331, 7308, 2840, 27.64%, 0, 0, 3, 411.12, 97175, 8244
9003, 0, 154, 7331, 7302, 2835, 27.64%, 0, 0, 3, 534.04, 100000, 8244
9008, 0, 179, 7331, 7299, 2832, 27.64%, 0, 0, 3, 133.25, 101398, 8244
9013, 0, 179, 7336, 7304, 2832, 27.64%, 0, 0, 3, 178.88, 102363, 8244
9018, 0, 179, 7336, 7304, 2832, 27.64%, 0, 0, 3, 151.60, 103074, 8244
9203, 0, 179, 7336, 7304, 2832, 27.64%, 0, 0, 3, 0.18, 103818, 8244
9208, 0, 179, 7336, 7304, 2832, 27.64%, 0, 0, 3, 197.16, 104814, 8244
9213, 0, 179, 7336, 7304, 2832, 27.64%, 0, 0, 3, 155.84, 105597, 8244
9218, 0, 179, 7336, 7304, 2832, 27.64%, 0, 0, 3, 154.88, 106449, 8244
9223, 0, 179, 7336, 7304, 2832, 27.64%, 0, 0, 3, 183.21, 107415, 8244
9228, 0, 179, 7337, 7305, 2832, 27.64%, 0, 0, 3, 175.11, 108277, 8244
9413, 0, 179, 7337, 7305, 2832, 27.64%, 0, 0, 3, 0.10, 109042, 8244
9418, 0, 179, 7337, 7305, 2832, 27.64%, 0, 0, 3, 181.84, 109906, 8244
9423, 0, 179, 7337, 7305, 2832, 27.64%, 0, 0, 3, 184.19, 110884, 8244
9428, 0, 179, 7337, 7305, 2832, 27.64%, 0, 0, 3, 161.58, 111733, 8244
9434, 0, 179, 7337, 7305, 2832, 27.64%, 0, 0, 3, 122.90, 112314, 8244
9439, 0, 179, 7337, 7305, 2832, 27.64%, 0, 0, 3, 136.19, 113010, 8244
9623, 0, 179, 7337, 7305, 2832, 27.64%, 0, 0, 3, 0.18, 113580, 8244
9628, 0, 179, 7338, 7306, 2832, 27.64%, 0, 0, 3, 132.93, 114297, 8244
9634, 0, 179, 7338, 7306, 2832, 27.64%, 0, 0, 3, 156.95, 115157, 8244
9639, 0, 179, 7338, 7306, 2832, 27.64%, 0, 0, 3, 181.88, 116090, 8244
9644, 0, 179, 7338, 7306, 2832, 27.64%, 0, 0, 3, 151.09, 116810, 8244
9649, 0, 179, 7339, 7307, 2832, 27.64%, 0, 0, 3, 141.08, 117524, 8244
9834, 0, 179, 7339, 7307, 2832, 27.64%, 0, 0, 3, 0.22, 118074, 8244
9839, 0, 179, 7340, 7308, 2832, 27.64%, 0, 0, 3, 176.54, 118987, 8244
9844, 0, 179, 7340, 7308, 2832, 27.64%, 0, 0, 3, 180.86, 119893, 8244
9849, 0, 185, 7343, 7310, 2832, 27.64%, 0, 0, 3, 186.66, 120832, 8244
9854, 0, 185, 7345, 7312, 2832, 27.64%, 0, 0, 3, 203.28, 121840, 8244
9859, 0, 185, 7347, 7314, 2832, 27.64%, 0, 0, 3, 208.00, 122858, 8244
10044, 0, 185, 7347, 7314, 2832, 27.64%, 0, 0, 3, 0.03, 123641, 8244
10049, 0, 185, 7347, 7314, 2832, 27.64%, 0, 0, 3, 183.34, 124622, 8244
10054, 0, 185, 7347, 7314, 2832, 27.64%, 0, 0, 3, 206.98, 125646, 8244
10059, 0, 185, 7347, 7314, 2832, 27.64%, 0, 0, 3, 197.03, 126569, 8244
10064, 0, 185, 7347, 7314, 2832, 27.64%, 0, 0, 3, 196.75, 127550, 8244
10069, 0, 185, 7347, 7314, 2832, 27.64%, 0, 0, 3, 180.15, 128441, 8244
10254, 0, 185, 7347, 7314, 2832, 27.64%, 0, 0, 3, 0.17, 129272, 8244
10260, 0, 185, 7348, 7315, 2832, 27.64%, 0, 0, 3, 195.19, 130224, 8244
10265, 0, 185, 7348, 7315, 2832, 27.64%, 0, 0, 3, 172.13, 131073, 8244
10270, 0, 185, 7348, 7315, 2832, 27.64%, 0, 0, 3, 163.80, 131922, 8244
10275, 0, 185, 7348, 7315, 2832, 27.64%, 0, 0, 3, 169.64, 132816, 8244
10280, 0, 185, 7348, 7315, 2832, 27.64%, 0, 0, 3, 163.41, 133623, 8244
10465, 0, 185, 7348, 7315, 2832, 27.64%, 0, 0, 3, 0.16, 134605, 8244
10470, 0, 185, 7348, 7315, 2832, 27.64%, 0, 0, 3, 206.06, 135533, 8244
10475, 0, 185, 7348, 7315, 2832, 27.64%, 0, 0, 3, 197.16, 136527, 8244
10480, 0, 185, 7348, 7315, 2832, 27.64%, 0, 0, 3, 160.39, 137301, 8244
10485, 0, 185, 7348, 7315, 2832, 27.64%, 0, 0, 3, 154.20, 138075, 8244
10490, 0, 185, 7348, 7315, 2832, 27.64%, 0, 0, 3, 140.85, 138819, 8244
12780, 0, 185, 7348, 7315, 2832, 27.64%, 0, 0, 3, 0.00, 139491, 8244
12785, 0, 186, 7679, 7645, 2831, 28.82%, 0, 0, 3, 1146.80, 142799, 8596
12790, 0, 186, 8573, 8539, 2831, 31.12%, 0, 0, 3, 1372.65, 149979, 9284
12795, 0, 186, 9457, 9423, 2831, 32.36%, 0, 0, 3, 1342.97, 157079, 9654
12800, 0, 186, 10289, 10255, 2831, 33.93%, 0, 0, 3, 1266.60, 163747, 10120
12805, 0, 200, 10582, 10548, 3975, 34.22%, 0, 0, 3, 122.78, 166987, 10208
12990, 0, 211, 10582, 10547, 3974, 34.22%, 0, 0, 3, 0.07, 167509, 10208
12995, 0, 213, 10582, 10546, 3973, 34.22%, 0, 0, 3, 126.88, 168181, 10208
13000, 0, 214, 10582, 10545, 3972, 34.22%, 0, 0, 3, 165.08, 168972, 10208
13005, 0, 223, 10583, 10544, 3970, 34.22%, 0, 0, 3, 192.70, 169972, 10208
13010, 0, 223, 10585, 10546, 3970, 34.22%, 0, 0, 3, 159.97, 170772, 10208
13016, 0, 223, 10585, 10546, 3970, 34.22%, 0, 0, 3, 171.81, 171654, 10208
13200, 0, 223, 10586, 10547, 3970, 34.22%, 0, 0, 3, 0.23, 172462, 10208
13205, 0, 223, 10586, 10547, 3970, 34.22%, 0, 0, 3, 209.02, 173525, 10208
13211, 0, 223, 10586, 10547, 3970, 34.22%, 0, 0, 3, 147.58, 174245, 10208
13216, 0, 223, 10586, 10547, 3970, 34.22%, 0, 0, 3, 122.53, 174859, 10208
13221, 0, 223, 10586, 10547, 3970, 34.22%, 0, 0, 3, 134.12, 175543, 10208
13226, 0, 223, 10587, 10548, 3970, 34.22%, 0, 0, 3, 167.52, 176384, 10208
13411, 0, 223, 10587, 10548, 3970, 34.22%, 0, 0, 3, 0.03, 177022, 10208
13416, 0, 223, 10587, 10548, 3970, 34.22%, 0, 0, 3, 140.76, 177794, 10208
13421, 0, 223, 10587, 10548, 3970, 34.22%, 0, 0, 3, 170.01, 178700, 10208
13426, 0, 223, 10588, 10549, 3970, 34.22%, 0, 0, 3, 172.64, 179595, 10208
13431, 0, 223, 10588, 10549, 3970, 34.22%, 0, 0, 3, 179.11, 180489, 10208
13436, 0, 223, 10588, 10549, 3970, 34.22%, 0, 0, 3, 175.49, 181410, 10208
13621, 0, 223, 10588, 10549, 3970, 34.22%, 0, 0, 3, 0.17, 182088, 10208
13626, 0, 223, 10588, 10549, 3970, 34.22%, 0, 0, 3, 152.00, 182979, 10208
13631, 0, 223, 10588, 10549, 3970, 34.22%, 0, 0, 3, 174.50, 183861, 10208
13636, 0, 223, 10588, 10549, 3970, 34.22%, 0, 0, 3, 158.92, 184632, 10208
13642, 0, 223, 10588, 10549, 3970, 34.22%, 0, 0, 3, 161.80, 185481, 10208
13647, 0, 223, 10589, 10550, 3970, 34.22%, 0, 0, 3, 186.57, 186463, 10208
13831, 0, 223, 10589, 10550, 3970, 34.22%, 0, 0, 3, 0.10, 187258, 10208
13836, 0, 223, 10589, 10550, 3970, 34.22%, 0, 0, 3, 196.39, 188260, 10208
13841, 0, 226, 10589, 10549, 3969, 34.22%, 0, 0, 3, 177.40, 189142, 10208
13847, 0, 231, 10590, 10549, 3968, 34.22%, 0, 0, 3, 197.65, 190217, 10208
13852, 0, 231, 10591, 10550, 3968, 34.22%, 0, 0, 3, 194.12, 191217, 10208
13857, 0, 252, 10591, 10549, 3967, 34.22%, 0, 0, 3, 176.63, 192117, 10208
14042, 0, 268, 10591, 10548, 3966, 34.22%, 0, 0, 3, 0.07, 193112, 10208
14047, 0, 269, 10592, 10548, 3965, 34.22%, 0, 0, 3, 168.93, 194011, 10208
14052, 0, 278, 10593, 10548, 3964, 34.22%, 0, 0, 3, 178.03, 194915, 10208
14057, 0, 280, 10593, 10547, 3964, 34.22%, 0, 0, 3, 201.74, 195935, 10208
14062, 0, 282, 10594, 10547, 3963, 34.22%, 0, 0, 3, 216.95, 197053, 10208
14067, 0, 284, 10594, 10546, 3962, 34.22%, 0, 0, 3, 167.88, 197826, 10208
14252, 0, 294, 10594, 10545, 3961, 34.22%, 0, 0, 3, 0.10, 198347, 10208
14257, 0, 328, 10597, 10547, 3961, 34.22%, 0, 0, 3, 89.36, 198787, 10208
14262, 0, 328, 10598, 10548, 3961, 34.22%, 0, 0, 3, 87.80, 199230, 10208
14268, 0, 328, 10598, 10548, 3961, 34.22%, 0, 0, 3, 91.95, 199694, 10208
14273, 0, 328, 10599, 10549, 3961, 34.22%, 0, 0, 3, 92.64, 200157, 10208
14278, 0, 328, 10600, 10550, 3961, 34.22%, 0, 0, 3, 86.88, 200575, 10208
14462, 0, 328, 10601, 10551, 3961, 34.22%, 0, 0, 3, 0.02, 201014, 10208
14468, 0, 328, 10602, 10552, 3961, 34.22%, 0, 0, 3, 95.39, 201522, 10208
14473, 0, 328, 10602, 10552, 3961, 34.22%, 0, 0, 3, 93.13, 201984, 10208
14478, 0, 328, 10602, 10552, 3961, 34.22%, 0, 0, 3, 94.42, 202473, 10208
14483, 0, 328, 10602, 10552, 3961, 34.22%, 0, 0, 3, 84.40, 202900, 10208
14488, 0, 328, 10602, 10552, 3961, 34.22%, 0, 0, 3, 83.56, 203305, 10208
14673, 0, 328, 10602, 10552, 3961, 34.22%, 0, 0, 3, 0.11, 203666, 10208
14678, 0, 328, 10603, 10553, 3961, 34.22%, 0, 0, 3, 93.46, 204104, 10208
14683, 0, 328, 10603, 10553, 3961, 34.22%, 0, 0, 3, 88.43, 204565, 10208
14688, 0, 328, 10603, 10553, 3961, 34.22%, 0, 0, 3, 82.25, 205001, 10208
14693, 0, 328, 10603, 10553, 3961, 34.22%, 0, 0, 3, 90.86, 205483, 10208
14698, 0, 328, 10603, 10553, 3961, 34.22%, 0, 0, 3, 81.53, 205879, 10208
16987, 0, 328, 10604, 10554, 3961, 34.22%, 0, 0, 3, 0.00, 206255, 10208
16992, 0, 328, 10604, 10554, 3961, 34.22%, 0, 0, 3, 86.40, 206725, 10208
16998, 0, 328, 10604, 10554, 3961, 34.22%, 0, 0, 3, 74.29, 207083, 10208
17003, 0, 328, 10604, 10554, 3961, 34.22%, 0, 0, 3, 88.51, 207523, 10208
17008, 0, 328, 10604, 10554, 3961, 34.22%, 0, 0, 3, 83.16, 207920, 10208
17013, 0, 328, 10604, 10554, 3961, 34.22%, 0, 0, 3, 86.68, 208373, 10208
17198, 0, 328, 10604, 10554, 3961, 34.22%, 0, 0, 3, 0.06, 208774, 10208
17203, 0, 328, 10604, 10554, 3961, 34.22%, 0, 0, 3, 79.90, 209194, 10208
17208, 0, 328, 10604, 10554, 3961, 34.22%, 0, 0, 3, 84.49, 209635, 10208
17213, 0, 328, 10604, 10554, 3961, 34.22%, 0, 0, 3, 83.09, 210053, 10208
17218, 0, 328, 10604, 10554, 3961, 34.22%, 0, 0, 3, 78.33, 210446, 10208
17223, 0, 328, 10604, 10554, 3961, 34.22%, 0, 0, 3, 81.04, 210873, 10208
17408, 0, 328, 10604, 10554, 3961, 34.22%, 0, 0, 3, 0.01, 211259, 10208
17413, 0, 328, 10605, 10555, 3961, 34.22%, 0, 0, 3, 89.63, 211707, 10208
17418, 0, 328, 10605, 10555, 3961, 34.22%, 0, 0, 3, 84.12, 212149, 10208
17424, 0, 328, 10605, 10555, 3961, 34.22%, 0, 0, 3, 85.51, 212595, 10208
17429, 0, 328, 10605, 10555, 3961, 34.22%, 0, 0, 3, 83.26, 213015, 10208
17434, 0, 328, 10605, 10555, 3961, 34.22%, 0, 0, 3, 84.45, 213445, 10208
17618, 0, 328, 10605, 10555, 3961, 34.22%, 0, 0, 3, 0.02, 213794, 10208
17624, 0, 328, 10605, 10555, 3961, 34.22%, 0, 0, 3, 84.02, 214212, 10208
17629, 0, 328, 10605, 10555, 3961, 34.22%, 0, 0, 3, 86.71, 214643, 10208
17634, 0, 328, 10605, 10555, 3961, 34.22%, 0, 0, 3, 80.60, 215060, 10208
17639, 0, 328, 10606, 10556, 3961, 34.22%, 0, 0, 3, 91.41, 215543, 10208
17644, 0, 328, 10606, 10556, 3961, 34.22%, 0, 0, 3, 75.93, 215923, 10208
17829, 0, 328, 10607, 10557, 3961, 34.22%, 0, 0, 3, 0.08, 216282, 10208
17834, 0, 328, 10608, 10558, 3961, 34.22%, 0, 0, 3, 95.01, 216745, 10208
17839, 0, 328, 10608, 10558, 3961, 34.22%, 0, 0, 3, 85.92, 217172, 10208
17844, 0, 328, 10608, 10558, 3961, 34.22%, 0, 0, 3, 81.91, 217589, 10208
17850, 0, 333, 10609, 10558, 3961, 34.22%, 0, 0, 3, 80.65, 217999, 10208
17855, 0, 333, 10610, 10559, 3961, 34.22%, 0, 0, 3, 86.74, 218435, 10208
18039, 0, 333, 10610, 10559, 3961, 34.22%, 0, 0, 3, 0.09, 218815, 10208
18044, 0, 333, 10611, 10560, 3961, 34.22%, 0, 0, 3, 77.13, 219198, 10208
18049, 0, 333, 10612, 10561, 3961, 34.22%, 0, 0, 3, 86.48, 219661, 10208
18055, 0, 333, 10612, 10561, 3961, 34.22%, 0, 0, 3, 83.45, 220081, 10208
18060, 0, 333, 10612, 10561, 3961, 34.22%, 0, 0, 3, 83.62, 220484, 10208
18065, 0, 333, 10612, 10561, 3961, 34.22%, 0, 0, 3, 87.54, 220929, 10208
18250, 0, 333, 10612, 10561, 3961, 34.22%, 0, 0, 3, 0.04, 221328, 10208
18255, 0, 333, 10612, 10561, 3961, 34.22%, 0, 0, 3, 79.93, 221753, 10208
18260, 0, 333, 10612, 10561, 3961, 34.22%, 0, 0, 3, 75.82, 222160, 10208
18265, 0, 333, 10612, 10561, 3961, 34.22%, 0, 0, 3, 76.82, 222548, 10208
18270, 0, 333, 10612, 10561, 3961, 34.22%, 0, 0, 3, 77.47, 222947, 10208
18275, 0, 333, 10612, 10561, 3961, 34.22%, 0, 0, 3, 89.06, 223425, 10208
18460, 0, 333, 10612, 10561, 3961, 34.22%, 0, 0, 3, 0.05, 223774, 10208
18465, 0, 333, 10613, 10562, 3961, 34.22%, 0, 0, 3, 103.64, 224264, 10208
18470, 0, 333, 10613, 10562, 3961, 34.22%, 0, 0, 3, 77.87, 224630, 10208
18475, 0, 333, 10613, 10562, 3961, 34.22%, 0, 0, 3, 86.39, 225063, 10208
18481, 0, 333, 10613, 10562, 3961, 34.22%, 0, 0, 3, 91.69, 225535, 10208
18486, 0, 333, 10613, 10562, 3961, 34.22%, 0, 0, 3, 87.64, 225979, 10208
18670, 0, 333, 10613, 10562, 3961, 34.22%, 0, 0, 3, 0.11, 226321, 10208
18676, 0, 333, 10613, 10562, 3961, 34.22%, 0, 0, 3, 78.44, 226747, 10208
18681, 0, 333, 10613, 10562, 3961, 34.22%, 0, 0, 3, 91.15, 227225, 10208
18686, 0, 333, 10613, 10562, 3961, 34.22%, 0, 0, 3, 88.97, 227658, 10208
18691, 0, 333, 10613, 10562, 3961, 34.22%, 0, 0, 3, 83.35, 228065, 10208
18696, 0, 333, 10613, 10562, 3961, 34.22%, 0, 0, 3, 88.60, 228511, 10208
18881, 0, 333, 10613, 10562, 3961, 34.22%, 0, 0, 3, 0.01, 228877, 10208
18886, 0, 333, 10613, 10562, 3961, 34.22%, 0, 0, 3, 80.53, 229304, 10208
18891, 0, 333, 10613, 10562, 3961, 34.22%, 0, 0, 3, 82.90, 229737, 10208
18896, 0, 333, 10613, 10562, 3961, 34.22%, 0, 0, 3, 84.32, 230165, 10208
18901, 0, 333, 10613, 10562, 3961, 34.22%, 0, 0, 3, 88.95, 230620, 10208
18907, 0, 333, 10613, 10562, 3961, 34.22%, 0, 0, 3, 78.08, 231001, 10208
21196, 0, 333, 10613, 10562, 3961, 34.22%, 0, 0, 3, 0.01, 231379, 10208
21202, 0, 333, 10613, 10562, 3961, 34.22%, 0, 0, 3, 77.03, 231804, 10208
21207, 0, 333, 10613, 10562, 3961, 34.22%, 0, 0, 3, 82.79, 232206, 10208
21212, 0, 333, 10613, 10562, 3961, 34.22%, 0, 0, 3, 84.39, 232635, 10208
21217, 0, 333, 10613, 10562, 3961, 34.22%, 0, 0, 3, 79.89, 233027, 10208
21222, 0, 333, 10613, 10562, 3961, 34.22%, 0, 0, 3, 81.54, 233459, 10208
21407, 0, 333, 10613, 10562, 3961, 34.22%, 0, 0, 3, 0.02, 233785, 10208
21412, 0, 333, 10614, 10563, 3961, 34.22%, 0, 0, 3, 89.45, 234251, 10208
21417, 0, 333, 10614, 10563, 3961, 34.22%, 0, 0, 3, 81.62, 234670, 10208
21422, 0, 333, 10614, 10563, 3961, 34.22%, 0, 0, 3, 86.51, 235122, 10208
21427, 0, 333, 10614, 10563, 3961, 34.22%, 0, 0, 3, 87.48, 235559, 10208
21433, 0, 333, 10614, 10563, 3961, 34.22%, 0, 0, 3, 76.82, 235957, 10208
21617, 0, 333, 10614, 10563, 3961, 34.22%, 0, 0, 3, 0.02, 236313, 10208
21622, 0, 333, 10614, 10563, 3961, 34.22%, 0, 0, 3, 82.71, 236722, 10208
21627, 0, 334, 10743, 10691, 3960, 35.12%, 0, 0, 3, 816.41, 238120, 10475
21633, 0, 364, 11147, 11092, 4170, 36.33%, 0, 0, 3, 862.74, 243255, 10838
21638, 0, 439, 11150, 11093, 4168, 36.33%, 0, 0, 3, 109.73, 244506, 10838
21643, 0, 439, 11151, 11094, 4168, 36.33%, 0, 0, 3, 104.80, 245027, 10838
21827, 0, 439, 11151, 11094, 4168, 36.33%, 0, 0, 3, 0.04, 245475, 10838
21833, 0, 439, 11151, 11094, 4168, 36.33%, 0, 0, 3, 100.49, 246023, 10838
21838, 0, 439, 11151, 11094, 4168, 36.33%, 0, 0, 3, 110.15, 246607, 10838
21843, 0, 439, 11151, 11094, 4168, 36.33%, 0, 0, 3, 109.02, 247157, 10838
21848, 0, 439, 11151, 11094, 4168, 36.33%, 0, 0, 3, 104.79, 247685, 10838
21853, 0, 439, 11152, 11095, 4168, 36.33%, 0, 0, 3, 102.14, 248210, 10838
22038, 0, 439, 11152, 11095, 4168, 36.33%, 0, 0, 3, 0.09, 248696, 10838
22043, 0, 439, 11152, 11095, 4168, 36.33%, 0, 0, 3, 101.43, 249228, 10838
22048, 0, 439, 11152, 11095, 4168, 36.33%, 0, 0, 3, 106.54, 249768, 10838
22053, 0, 439, 11153, 11096, 4168, 36.33%, 0, 0, 3, 100.69, 250289, 10838
22058, 0, 439, 11153, 11096, 4168, 36.33%, 0, 0, 3, 111.99, 250873, 10838
22063, 0, 439, 11153, 11096, 4168, 36.33%, 0, 0, 3, 101.34, 251411, 10838
22248, 0, 439, 11153, 11096, 4168, 36.33%, 0, 0, 3, 0.06, 251907, 10838
22253, 0, 439, 11153, 11096, 4168, 36.33%, 0, 0, 3, 121.92, 252505, 10838
22258, 0, 439, 11153, 11096, 4168, 36.33%, 0, 0, 3, 112.73, 253065, 10838
22263, 0, 439, 11153, 11096, 4168, 36.33%, 0, 0, 3, 108.76, 253611, 10838
22269, 0, 439, 11153, 11096, 4168, 36.33%, 0, 0, 3, 109.37, 254149, 10838
22274, 0, 439, 11153, 11096, 4168, 36.33%, 0, 0, 3, 110.94, 254713, 10838
25254, 0, 439, 11153, 11096, 4168, 36.33%, 0, 0, 3, 0.01, 255181, 10838
25405, 0, 439, 11153, 11096, 4168, 36.33%, 0, 0, 3, 0.03, 255186, 10838
25410, 0, 439, 11153, 11096, 4168, 36.33%, 0, 0, 3, 99.46, 255670, 10838
25415, 0, 439, 11153, 11096, 4168, 36.33%, 0, 0, 3, 102.54, 256211, 10838
25420, 0, 439, 11153, 11096, 4168, 36.33%, 0, 0, 3, 94.98, 256703, 10838
25425, 0, 439, 11153, 11096, 4168, 36.33%, 0, 0, 3, 102.76, 257243, 10838
25430, 0, 439, 11153, 11096, 4168, 36.33%, 0, 0, 3, 106.14, 257767, 10838
25615, 0, 439, 11153, 11096, 4168, 36.33%, 0, 0, 3, 0.03, 258215, 10838
25620, 0, 451, 11153, 11095, 4168, 36.33%, 0, 0, 3, 97.47, 258697, 10838
25625, 0, 451, 11153, 11095, 4168, 36.33%, 0, 0, 3, 105.75, 259239, 10838
25631, 0, 452, 11604, 11545, 4167, 37.40%, 0, 0, 3, 1163.36, 263216, 11156
25636, 0, 454, 12097, 12038, 4380, 38.01%, 0, 0, 3, 135.52, 267371, 11339
25641, 0, 454, 12097, 12038, 4380, 38.01%, 0, 0, 3, 105.94, 267861, 11339
25825, 0, 477, 12097, 12037, 4380, 38.01%, 0, 0, 3, 0.08, 268281, 11339
25830, 0, 477, 12097, 12037, 4380, 38.01%, 0, 0, 3, 106.93, 268831, 11339
25836, 0, 481, 12097, 12036, 4380, 38.01%, 0, 0, 3, 104.43, 269379, 11339
25841, 0, 485, 12097, 12035, 4379, 38.01%, 0, 0, 3, 98.38, 269876, 11339
25846, 0, 485, 12097, 12035, 4379, 38.01%, 0, 0, 3, 103.30, 270411, 11339
25851, 0, 507, 12097, 12034, 4378, 38.01%, 0, 0, 3, 103.56, 270955, 11339
26036, 0, 507, 12097, 12034, 4378, 38.01%, 0, 0, 3, 0.01, 271395, 11339
26041, 0, 508, 12097, 12033, 4377, 38.01%, 0, 0, 3, 106.33, 271957, 11339
26046, 0, 508, 12097, 12033, 4377, 38.01%, 0, 0, 3, 106.09, 272517, 11339
26051, 0, 523, 12098, 12032, 4376, 38.01%, 0, 0, 3, 182.93, 273507, 11339
26056, 0, 523, 12098, 12032, 4376, 38.01%, 0, 0, 3, 208.15, 274620, 11339
26061, 0, 559, 12098, 12031, 4376, 38.01%, 0, 0, 3, 225.36, 275792, 11339
26246, 0, 579, 12098, 12026, 4371, 38.01%, 0, 0, 3, 0.39, 277679, 11339
26251, 0, 583, 12098, 12022, 4367, 38.01%, 0, 0, 3, 522.11, 280448, 11339
26257, 0, 592, 12098, 12016, 4361, 38.01%, 0, 0, 3, 535.38, 283288, 11339
26262, 0, 600, 12098, 12012, 4357, 38.01%, 0, 0, 3, 458.41, 285555, 11339
26267, 0, 612, 12098, 12007, 4353, 38.01%, 0, 0, 3, 537.13, 288348, 11339
26272, 0, 621, 12098, 12003, 4349, 38.01%, 0, 0, 3, 553.64, 291107, 11339
26457, 0, 637, 12098, 12000, 4346, 38.01%, 0, 0, 3, 0.09, 292441, 11339
26462, 0, 637, 12098, 12000, 4346, 38.01%, 0, 0, 3, 121.71, 293014, 11339
26467, 0, 652, 12098, 11999, 4345, 38.01%, 0, 0, 3, 103.19, 293520, 11339
26472, 0, 652, 12098, 11999, 4345, 38.01%, 0, 0, 3, 110.13, 294056, 11339
26477, 0, 665, 12099, 11997, 4342, 38.01%, 0, 0, 3, 622.42, 296191, 11339
26482, 0, 672, 12099, 11993, 4338, 38.01%, 0, 0, 3, 525.87, 298765, 11339
26667, 0, 678, 12099, 11990, 4335, 38.01%, 0, 0, 3, 0.40, 300583, 11339
26672, 0, 720, 12100, 11987, 4331, 38.01%, 0, 0, 3, 84.82, 302634, 11339
26677, 0, 735, 12100, 11986, 4330, 38.01%, 0, 0, 3, 157.33, 303521, 11339
26682, 0, 739, 12100, 11985, 4329, 38.01%, 0, 0, 3, 147.31, 304238, 11339
26687, 0, 749, 12101, 11984, 4327, 38.01%, 0, 0, 3, 179.01, 305205, 11339
26692, 0, 749, 12101, 11984, 4327, 38.01%, 0, 0, 3, 189.97, 306135, 11339
26877, 0, 756, 12102, 11984, 4326, 38.01%, 0, 0, 3, 0.03, 306985, 11339
26882, 0, 759, 12102, 11983, 4326, 38.01%, 0, 0, 3, 186.52, 308014, 11339
26887, 0, 765, 12104, 11984, 4325, 38.01%, 0, 0, 3, 181.29, 308928, 11339
26893, 0, 765, 12104, 11984, 4325, 38.01%, 0, 0, 3, 163.97, 309819, 11339
26898, 0, 765, 12104, 11984, 4325, 38.01%, 0, 0, 3, 142.42, 310494, 11339
26903, 0, 766, 12105, 11984, 4325, 38.01%, 0, 0, 3, 135.24, 311185, 11339
27088, 0, 767, 12105, 11983, 4324, 38.01%, 0, 0, 3, 0.05, 311863, 11339
27093, 0, 772, 12105, 11982, 4323, 38.01%, 0, 0, 3, 153.50, 312718, 11339
27098, 0, 804, 12107, 11982, 4321, 38.01%, 0, 0, 3, 194.94, 313755, 11339
27103, 0, 804, 12107, 11982, 4321, 38.01%, 0, 0, 3, 202.04, 314781, 11339
27108, 0, 804, 12107, 11982, 4321, 38.01%, 0, 0, 3, 175.64, 315705, 11339
27113, 0, 813, 12108, 11982, 4321, 38.01%, 0, 0, 3, 187.83, 316675, 11339
27298, 0, 814, 12110, 11983, 4321, 38.01%, 0, 0, 3, 0.12, 317574, 11339
27303, 0, 814, 12110, 11983, 4321, 38.01%, 0, 0, 3, 204.54, 318466, 11339
27308, 0, 814, 12111, 11984, 4321, 38.01%, 0, 0, 3, 207.57, 319501, 11339
27313, 0, 814, 12111, 11984, 4321, 38.01%, 0, 0, 3, 188.66, 320479, 11339
27318, 0, 814, 12111, 11984, 4321, 38.01%, 0, 0, 3, 181.46, 321376, 11339
27323, 0, 825, 12111, 11983, 4320, 38.01%, 0, 0, 3, 199.68, 322458, 11339
29613, 0, 828, 12112, 11983, 4319, 38.01%, 0, 0, 3, 0.02, 323315, 11339
29618, 0, 829, 12113, 11983, 4319, 38.01%, 0, 0, 3, 229.74, 324389, 11339
29623, 0, 831, 12295, 12164, 4354, 38.25%, 0, 0, 3, 174.29, 326777, 11410
29628, 0, 831, 12295, 12164, 4354, 38.25%, 0, 0, 3, 183.77, 327752, 11410
29633, 0, 831, 12295, 12164, 4354, 38.25%, 0, 0, 3, 196.72, 328763, 11410
29638, 0, 832, 12297, 12165, 4354, 38.25%, 0, 0, 3, 214.98, 329863, 11410
29823, 0, 832, 12297, 12165, 4354, 38.25%, 0, 0, 3, 0.13, 330589, 11410
29828, 0, 838, 12297, 12164, 4353, 38.25%, 0, 0, 3, 156.74, 331402, 11410
29833, 0, 838, 12297, 12164, 4353, 38.25%, 0, 0, 3, 91.79, 331759, 11410
29839, 0, 840, 12298, 12164, 4352, 38.25%, 0, 0, 3, 86.63, 332183, 11410
29844, 0, 840, 12298, 12164, 4352, 38.25%, 0, 0, 3, 84.62, 332606, 11410
29849, 0, 840, 12299, 12165, 4352, 38.25%, 0, 0, 3, 86.64, 333068, 11410
30034, 0, 840, 12299, 12165, 4352, 38.25%, 0, 0, 3, 0.09, 333419, 11410
30039, 0, 840, 12299, 12165, 4352, 38.25%, 0, 0, 3, 101.88, 333945, 11410
30044, 0, 840, 12301, 12167, 4352, 38.25%, 0, 0, 3, 92.02, 334403, 11410
30049, 0, 840, 12301, 12167, 4352, 38.25%, 0, 0, 3, 84.36, 334827, 11410
30054, 0, 840, 12301, 12167, 4352, 38.25%, 0, 0, 3, 85.50, 335275, 11410
30059, 0, 840, 12301, 12167, 4352, 38.25%, 0, 0, 3, 78.51, 335673, 11410
30244, 0, 840, 12301, 12167, 4352, 38.25%, 0, 0, 3, 0.07, 336028, 11410
30249, 0, 840, 12301, 12167, 4352, 38.25%, 0, 0, 3, 93.86, 336506, 11410
30254, 0, 840, 12301, 12167, 4352, 38.25%, 0, 0, 3, 88.68, 336950, 11410
30259, 0, 840, 12301, 12167, 4352, 38.25%, 0, 0, 3, 85.38, 337366, 11410
30264, 0, 840, 12301, 12167, 4352, 38.25%, 0, 0, 3, 78.90, 337755, 11410
30269, 0, 840, 12301, 12167, 4352, 38.25%, 0, 0, 3, 78.78, 338173, 11410
30454, 0, 840, 12301, 12167, 4352, 38.25%, 0, 0, 3, 0.04, 338564, 11410
30459, 0, 840, 12301, 12167, 4352, 38.25%, 0, 0, 3, 83.50, 339006, 11410
30465, 0, 840, 12301, 12167, 4352, 38.25%, 0, 0, 3, 79.78, 339409, 11410
30470, 0, 840, 12301, 12167, 4352, 38.25%, 0, 0, 3, 82.11, 339830, 11410
30475, 0, 840, 12301, 12167, 4352, 38.25%, 0, 0, 3, 85.90, 340278, 11410
30480, 0, 840, 12301, 12167, 4352, 38.25%, 0, 0, 3, 95.29, 340782, 11410
30664, 0, 840, 12301, 12167, 4352, 38.25%, 0, 0, 3, 0.07, 341111, 11410
30670, 0, 844, 12301, 12166, 4352, 38.25%, 0, 0, 3, 84.87, 341572, 11410
30675, 0, 844, 12302, 12167, 4352, 38.25%, 0, 0, 3, 86.07, 342020, 11410
30680, 0, 844, 12302, 12167, 4352, 38.25%, 0, 0, 3, 88.58, 342491, 11410
30685, 0, 845, 12302, 12166, 4352, 38.25%, 0, 0, 3, 90.12, 342958, 11410
30690, 0, 845, 12303, 12167, 4352, 38.25%, 0, 0, 3, 89.43, 343412, 11410
30875, 0, 845, 12303, 12167, 4352, 38.25%, 0, 0, 3, 0.01, 343766, 11410
30880, 0, 848, 12303, 12166, 4351, 38.25%, 0, 0, 3, 81.86, 344199, 11410
30885, 0, 849, 12303, 12165, 4350, 38.25%, 0, 0, 3, 83.01, 344629, 11410
30890, 0, 849, 12303, 12165, 4350, 38.25%, 0, 0, 3, 78.10, 345039, 11410
30896, 0, 862, 12303, 12161, 4346, 38.25%, 0, 0, 3, 540.35, 347297, 11410
30901, 0, 892, 12303, 12157, 4342, 38.25%, 0, 0, 3, 490.18, 349843, 11410
31085, 0, 898, 12303, 12154, 4339, 38.25%, 0, 0, 3, 0.53, 351653, 11410
31090, 0, 906, 12303, 12149, 4334, 38.25%, 0, 0, 3, 573.61, 354267, 11410
31095, 0, 913, 12303, 12144, 4329, 38.25%, 0, 0, 3, 590.15, 357322, 11410
31100, 0, 918, 12303, 12139, 4324, 38.25%, 0, 0, 3, 601.12, 360337, 11410
31105, 0, 922, 12303, 12135, 4320, 38.25%, 0, 0, 3, 518.45, 362907, 11410
31111, 0, 933, 12303, 12132, 4317, 38.25%, 0, 0, 3, 437.50, 364493, 11410
31296, 0, 942, 12303, 12128, 4313, 38.25%, 0, 0, 3, 0.06, 366977, 11410
31301, 0, 955, 12303, 12126, 4311, 38.25%, 0, 0, 3, 295.98, 368422, 11410
31306, 0, 966, 12303, 12123, 4308, 38.25%, 0, 0, 3, 397.89, 370310, 11410
31311, 0, 980, 12303, 12118, 4303, 38.25%, 0, 0, 3, 478.24, 372955, 11410
31316, 0, 989, 12303, 12114, 4299, 38.25%, 0, 0, 3, 474.82, 375337, 11410
31321, 0, 993, 12303, 12111, 4296, 38.25%, 0, 0, 3, 425.38, 377421, 11410
31506, 0, 1005, 12303, 12107, 4292, 38.25%, 0, 0, 3, 0.10, 379834, 11410
31511, 0, 1012, 12303, 12102, 4287, 38.25%, 0, 0, 3, 438.44, 382163, 11410
31516, 0, 1045, 12303, 12096, 4281, 38.25%, 0, 0, 3, 583.12, 385292, 11410
31521, 0, 1059, 12303, 12090, 4275, 38.25%, 0, 0, 3, 624.05, 388609, 11410
31526, 0, 1068, 12303, 12086, 4272, 38.25%, 0, 0, 3, 490.73, 391012, 11410
31531, 0, 1083, 12303, 12083, 4269, 38.25%, 0, 0, 3, 355.30, 392792, 11410
33821, 0, 1102, 12303, 12081, 4267, 38.25%, 0, 0, 3, 0.02, 393619, 11410
33826, 0, 1103, 12303, 12080, 4266, 38.25%, 0, 0, 3, 163.94, 394471, 11410
33831, 0, 1131, 12461, 12237, 4302, 38.53%, 0, 1, 3, 107.98, 396251, 11494
33836, 0, 1131, 12462, 12238, 4302, 38.53%, 0, 1, 3, 91.76, 396686, 11494
33841, 0, 1131, 12462, 12238, 4302, 38.53%, 0, 1, 3, 90.84, 397144, 11494
33846, 0, 1159, 12462, 12236, 4300, 38.53%, 0, 1, 3, 74.22, 398106, 11494
34031, 0, 1159, 12462, 12236, 4300, 38.53%, 0, 1, 3, 0.04, 398462, 11494
34036, 0, 1167, 12462, 12235, 4299, 38.53%, 0, 1, 3, 90.04, 398927, 11494
34041, 0, 1168, 12463, 12235, 4298, 38.53%, 0, 1, 3, 85.42, 399359, 11494
34047, 0, 1168, 12463, 12235, 4298, 38.53%, 0, 1, 3, 86.39, 399790, 11494
34052, 0, 1168, 12463, 12235, 4298, 38.53%, 0, 1, 3, 74.43, 400161, 11494
34057, 0, 1168, 12464, 12236, 4298, 38.53%, 0, 1, 3, 82.55, 400574, 11494
34242, 0, 1168, 12464, 12236, 4298, 38.53%, 0, 1, 3, 0.07, 400922, 11494
34247, 0, 1168, 12464, 12236, 4298, 38.53%, 0, 1, 3, 87.05, 401333, 11494
34252, 0, 1174, 12465, 12236, 4297, 38.53%, 0, 1, 3, 256.41, 402477, 11494
34257, 0, 1180, 12467, 12237, 4297, 38.53%, 0, 1, 3, 245.72, 403799, 11494
34262, 0, 1180, 12468, 12238, 4297, 38.53%, 0, 1, 3, 233.19, 404922, 11494
34267, 0, 1180, 12468, 12238, 4297, 38.53%, 0, 1, 3, 191.96, 405925, 11494
34452, 0, 1180, 12468, 12238, 4297, 38.53%, 0, 1, 3, 0.16, 406962, 11494
34457, 0, 1182, 12468, 12237, 4296, 38.53%, 0, 1, 3, 250.11, 408202, 11494
34462, 0, 1183, 12468, 12236, 4295, 38.53%, 0, 1, 3, 122.42, 408654, 11494
34467, 0, 1188, 12468, 12233, 4293, 38.53%, 0, 1, 3, 312.70, 410134, 11494
34472, 0, 1197, 12468, 12228, 4288, 38.53%, 0, 1, 3, 531.59, 413110, 11494
34477, 0, 1216, 12468, 12225, 4285, 38.53%, 0, 1, 3, 423.86, 414938, 11494
34662, 0, 1233, 12468, 12221, 4281, 38.53%, 0, 1, 3, 0.24, 417833, 11494
34667, 0, 1254, 12468, 12218, 4278, 38.53%, 0, 1, 3, 110.32, 419396, 11494
34673, 0, 1254, 12468, 12218, 4278, 38.53%, 0, 1, 3, 107.32, 419938, 11494
34678, 0, 1256, 12468, 12217, 4277, 38.53%, 0, 1, 3, 107.26, 420488, 11494
34683, 0, 1273, 12468, 12215, 4275, 38.53%, 0, 1, 3, 303.34, 421885, 11494
34688, 0, 1282, 12468, 12211, 4271, 38.53%, 0, 1, 3, 384.10, 424090, 11494
37878, 0, 1282, 12469, 12212, 4271, 38.53%, 0, 1, 3, 0.01, 425092, 11494
38029, 0, 1282, 12469, 12212, 4271, 38.53%, 0, 1, 3, 0.18, 425119, 11494
38034, 0, 1284, 12650, 12391, 4270, 38.91%, 0, 1, 3, 1656.34, 427792, 11605
38039, 0, 1286, 13083, 12824, 4383, 39.24%, 0, 1, 3, 169.32, 432130, 11705
38044, 0, 1288, 13083, 12823, 4382, 39.24%, 0, 1, 3, 139.32, 432909, 11705
38049, 0, 1288, 13083, 12823, 4382, 39.24%, 0, 1, 3, 110.29, 433421, 11705
38055, 0, 1306, 13083, 12821, 4381, 39.24%, 0, 1, 3, 178.28, 434404, 11705
38239, 0, 1319, 13083, 12819, 4379, 39.24%, 0, 1, 3, 0.12, 435310, 11705
38244, 0, 1334, 13084, 12819, 4378, 39.24%, 0, 1, 3, 310.98, 436934, 11705
38250, 0, 1341, 13084, 12817, 4377, 39.24%, 0, 1, 3, 242.80, 438174, 11705
38255, 0, 1350, 13084, 12815, 4375, 39.24%, 0, 1, 3, 208.15, 439158, 11705
38260, 0, 1351, 13084, 12814, 4374, 39.24%, 0, 1, 3, 234.13, 440302, 11705
38265, 0, 1352, 13086, 12815, 4373, 39.24%, 0, 1, 3, 205.21, 441316, 11705
38450, 0, 1352, 13086, 12815, 4373, 39.24%, 0, 1, 3, 0.20, 442087, 11705
38455, 0, 1352, 13086, 12815, 4373, 39.24%, 0, 1, 3, 198.94, 443191, 11705
38460, 0, 1354, 13086, 12814, 4373, 39.24%, 0, 1, 3, 202.27, 444220, 11705
38465, 0, 1355, 13086, 12813, 4372, 39.24%, 0, 1, 3, 195.73, 445204, 11705
38470, 0, 1358, 13087, 12813, 4371, 39.24%, 0, 1, 3, 211.13, 446287, 11705
38475, 0, 1365, 13087, 12812, 4370, 39.24%, 0, 1, 3, 235.80, 447467, 11705
38660, 0, 1387, 13087, 12809, 4367, 39.24%, 0, 1, 3, 0.20, 449189, 11705
38665, 0, 1398, 13087, 12806, 4365, 39.24%, 0, 1, 3, 386.39, 451142, 11705
38670, 0, 1418, 13087, 12802, 4361, 39.24%, 0, 1, 3, 445.74, 453305, 11705
38675, 0, 1425, 13087, 12798, 4357, 39.24%, 0, 1, 3, 462.90, 455702, 11705
38680, 0, 1436, 13087, 12794, 4353, 39.24%, 0, 1, 3, 497.94, 458425, 11705
38685, 0, 1456, 13087, 12790, 4349, 39.24%, 0, 1, 3, 458.14, 460601, 11705
38870, 0, 1469, 13087, 12786, 4345, 39.24%, 0, 1, 3, 0.06, 463145, 11705
38875, 0, 1476, 13087, 12781, 4340, 39.24%, 0, 1, 3, 528.09, 465875, 11705
38881, 0, 1481, 13087, 12777, 4336, 39.24%, 0, 1, 3, 538.08, 468715, 11705
38886, 0, 1490, 13087, 12772, 4331, 39.24%, 0, 1, 3, 552.86, 471735, 11705
38891, 0, 1495, 13087, 12767, 4326, 39.24%, 0, 1, 3, 562.23, 474559, 11705
38896, 0, 1512, 13087, 12763, 4322, 39.24%, 0, 1, 3, 442.40, 476945, 11705
39081, 0, 1523, 13087, 12760, 4319, 39.24%, 0, 1, 3, 0.16, 478609, 11705
39086, 0, 1535, 13087, 12755, 4314, 39.24%, 0, 1, 3, 548.93, 481440, 11705
39091, 0, 1550, 13087, 12751, 4310, 39.24%, 0, 1, 3, 532.73, 484085, 11705
39096, 0, 1566, 13087, 12746, 4305, 39.24%, 0, 1, 3, 560.01, 487104, 11705
39101, 0, 1575, 13087, 12741, 4300, 39.24%, 0, 1, 3, 589.96, 490137, 11705
39106, 0, 1590, 13088, 12737, 4295, 39.24%, 0, 1, 3, 589.12, 493254, 11705
39291, 0, 1597, 13088, 12733, 4291, 39.24%, 0, 1, 3, 0.06, 495957, 11705
39296, 0, 1605, 13088, 12729, 4287, 39.24%, 0, 1, 3, 511.12, 498582, 11705
39301, 0, 1613, 13088, 12725, 4283, 39.24%, 0, 1, 3, 546.38, 501182, 11705
39306, 0, 1622, 13088, 12720, 4278, 39.24%, 0, 1, 3, 505.15, 503610, 11705
39311, 0, 1627, 13088, 12717, 4275, 39.24%, 0, 1, 3, 373.82, 505546, 11705
39316, 0, 1630, 13088, 12715, 4273, 39.24%, 0, 1, 3, 292.54, 506612, 11705
39501, 0, 1634, 13088, 12712, 4270, 39.24%, 0, 1, 3, 0.27, 508581, 11705
39506, 0, 1645, 13088, 12710, 4268, 39.24%, 0, 1, 3, 266.96, 509800, 11705
39512, 0, 1652, 13088, 12706, 4264, 39.24%, 0, 1, 3, 458.36, 512388, 11705
39517, 0, 1664, 13088, 12702, 4261, 39.24%, 0, 1, 3, 491.22, 514824, 11705
39522, 0, 1686, 13088, 12697, 4256, 39.24%, 0, 1, 3, 513.58, 517402, 11705
39527, 0, 1697, 13088, 12694, 4254, 39.24%, 0, 1, 3, 478.28, 519651, 11705
39712, 0, 1709, 13088, 12689, 4249, 39.24%, 0, 1, 3, 0.51, 521824, 11705
39717, 0, 1734, 13088, 12685, 4245, 39.24%, 0, 1, 3, 508.88, 524712, 11705
39722, 0, 1750, 13088, 12680, 4240, 39.24%, 0, 1, 3, 517.13, 527352, 11705
39727, 0, 1758, 13088, 12675, 4235, 39.24%, 0, 1, 3, 554.04, 530197, 11705
39732, 0, 1766, 13088, 12670, 4230, 39.24%, 0, 1, 3, 600.05, 533208, 11705
39737, 0, 1776, 13088, 12666, 4226, 39.24%, 0, 1, 3, 494.29, 535842, 11705
39922, 0, 1782, 13088, 12665, 4225, 39.24%, 0, 1, 3, 0.17, 536732, 11705
39927, 0, 1801, 13088, 12662, 4222, 39.24%, 0, 1, 3, 242.78, 538122, 11705
39932, 0, 1801, 13089, 12663, 4222, 39.24%, 0, 1, 3, 120.10, 538549, 11705
39937, 0, 1801, 13089, 12663, 4222, 39.24%, 0, 1, 3, 91.74, 538997, 11705
39942, 0, 1806, 13089, 12661, 4221, 39.24%, 0, 1, 3, 173.97, 539881, 11705
39948, 0, 1811, 13089, 12659, 4219, 39.24%, 0, 1, 3, 252.52, 541177, 11705
42236, 0, 1821, 13090, 12658, 4217, 39.24%, 0, 1, 3, 0.02, 543268, 11705
42241, 0, 1830, 13169, 12733, 4236, 39.30%, 0, 1, 3, 638.58, 546421, 11723
42247, 0, 1841, 13169, 12727, 4230, 39.30%, 0, 1, 3, 644.07, 549511, 11723
42252, 0, 1845, 13169, 12725, 4228, 39.30%, 0, 1, 3, 246.42, 550993, 11723
42257, 0, 1849, 13169, 12722, 4225, 39.30%, 0, 1, 3, 291.45, 552608, 11723
42262, 0, 1853, 13169, 12719, 4222, 39.30%, 0, 1, 3, 388.59, 554737, 11723
42447, 0, 1862, 13169, 12716, 4219, 39.30%, 0, 1, 3, 0.08, 556446, 11723
42452, 0, 1882, 13169, 12712, 4215, 39.30%, 0, 1, 3, 383.24, 558522, 11723
42457, 0, 1887, 13169, 12708, 4211, 39.30%, 0, 1, 3, 399.19, 560583, 11723
42462, 0, 1901, 13169, 12706, 4209, 39.30%, 0, 1, 3, 285.31, 562138, 11723
42467, 0, 1924, 13169, 12702, 4205, 39.30%, 0, 1, 3, 439.07, 564582, 11723
42472, 0, 1939, 13169, 12699, 4202, 39.30%, 0, 1, 3, 284.45, 566053, 11723
42657, 0, 1945, 13169, 12697, 4200, 39.30%, 0, 1, 3, 0.11, 567063, 11723
42662, 0, 1950, 13169, 12695, 4198, 39.30%, 0, 1, 3, 269.28, 568263, 11723
42667, 0, 1962, 13169, 12692, 4195, 39.30%, 0, 1, 3, 381.17, 570424, 11723
42672, 0, 1968, 13170, 12689, 4191, 39.30%, 0, 1, 3, 384.81, 572550, 11723
42677, 0, 1968, 13170, 12689, 4191, 39.30%, 0, 1, 3, 221.64, 573442, 11723
42683, 0, 1971, 13170, 12687, 4190, 39.30%, 0, 1, 3, 219.92, 574642, 11723
42867, 0, 1979, 13170, 12685, 4189, 39.30%, 0, 1, 3, 0.07, 575411, 11723
42873, 0, 1980, 13170, 12684, 4188, 39.30%, 0, 1, 3, 183.78, 576401, 11723
42878, 0, 1985, 13170, 12682, 4186, 39.30%, 0, 1, 3, 185.71, 577385, 11723
42883, 0, 1986, 13171, 12682, 4185, 39.30%, 0, 1, 3, 183.44, 578337, 11723
42888, 0, 1995, 13171, 12681, 4184, 39.30%, 0, 1, 3, 196.97, 579342, 11723
42893, 0, 2004, 13171, 12679, 4182, 39.30%, 0, 1, 3, 263.93, 580317, 11723
43078, 0, 2024, 13171, 12677, 4180, 39.30%, 0, 1, 3, 0.02, 581063, 11723
43083, 0, 2037, 13171, 12675, 4178, 39.30%, 0, 1, 3, 214.44, 582151, 11723
43088, 0, 2043, 13171, 12674, 4177, 39.30%, 0, 1, 3, 191.81, 583095, 11723
43093, 0, 2048, 13171, 12673, 4176, 39.30%, 0, 1, 3, 159.06, 583884, 11723
43098, 0, 2052, 13171, 12671, 4174, 39.30%, 0, 1, 3, 181.92, 584823, 11723
43103, 0, 2054, 13171, 12670, 4173, 39.30%, 0, 1, 3, 173.09, 585672, 11723
43288, 0, 2058, 13171, 12668, 4171, 39.30%, 0, 1, 3, 0.02, 586479, 11723
43293, 0, 2058, 13172, 12669, 4171, 39.30%, 0, 1, 3, 194.46, 587497, 11723
43298, 0, 2081, 13172, 12667, 4170, 39.30%, 0, 1, 3, 244.43, 588586, 11723
43304, 0, 2082, 13174, 12668, 4169, 39.30%, 0, 1, 3, 129.18, 589164, 11723
43309, 0, 2082, 13174, 12668, 4169, 39.30%, 0, 1, 3, 100.60, 589650, 11723
43314, 0, 2082, 13174, 12668, 4169, 39.30%, 0, 1, 3, 85.16, 590052, 11723
43498, 0, 2082, 13174, 12668, 4169, 39.30%, 0, 1, 3, 0.02, 590415, 11723
43503, 0, 2082, 13174, 12668, 4169, 39.30%, 0, 1, 3, 73.48, 590771, 11723
43509, 0, 2084, 13175, 12668, 4169, 39.30%, 0, 1, 3, 90.82, 591218, 11723
43514, 0, 2095, 13175, 12667, 4169, 39.30%, 0, 1, 3, 215.70, 592595, 11723
43519, 0, 2095, 13176, 12668, 4169, 39.30%, 0, 1, 3, 175.53, 593483, 11723
43524, 0, 2097, 13176, 12666, 4168, 39.30%, 0, 1, 3, 153.84, 594350, 11723
43709, 0, 2097, 13176, 12666, 4168, 39.30%, 0, 1, 3, 0.01, 594595, 11723
43714, 0, 2104, 13176, 12662, 4164, 39.30%, 0, 1, 3, 694.48, 596907, 11723
43719, 0, 2111, 13176, 12656, 4158, 39.30%, 0, 1, 3, 733.89, 600700, 11723
43724, 0, 2120, 13176, 12654, 4156, 39.30%, 0, 1, 3, 90.49, 601760, 11723
43729, 0, 2127, 13176, 12651, 4153, 39.30%, 0, 1, 3, 514.85, 603352, 11723
43734, 0, 2148, 13176, 12647, 4149, 39.30%, 0, 1, 3, 466.89, 605627, 11723
43919, 0, 2158, 13176, 12644, 4146, 39.30%, 0, 1, 3, 0.47, 607967, 11723
43924, 0, 2175, 13176, 12639, 4141, 39.30%, 0, 1, 3, 483.36, 610517, 11723
43929, 0, 2184, 13176, 12634, 4136, 39.30%, 0, 1, 3, 579.31, 613657, 11723
43934, 0, 2187, 13176, 12632, 4134, 39.30%, 0, 1, 3, 419.90, 615766, 11723
43939, 0, 2199, 13176, 12627, 4129, 39.30%, 0, 1, 3, 499.52, 618272, 11723
43944, 0, 2204, 13176, 12623, 4125, 39.30%, 0, 1, 3, 486.05, 620654, 11723
44129, 0, 2208, 13176, 12619, 4121, 39.30%, 0, 1, 3, 0.28, 623312, 11723
44135, 0, 2212, 13176, 12615, 4117, 39.30%, 0, 1, 3, 499.82, 625842, 11723
44140, 0, 2216, 13176, 12611, 4113, 39.30%, 0, 1, 3, 485.87, 628340, 11723
44145, 0, 2224, 13176, 12606, 4108, 39.30%, 0, 1, 3, 483.59, 630791, 11723
44150, 0, 2231, 13176, 12603, 4105, 39.30%, 0, 1, 3, 420.29, 632886, 11723
44155, 0, 2234, 13176, 12601, 4103, 39.30%, 0, 1, 3, 293.59, 634082, 11723
46444, 0, 2239, 13176, 12598, 4100, 39.30%, 0, 1, 3, 0.02, 636009, 11723
46449, 0, 2248, 13271, 12688, 4116, 39.41%, 0, 1, 3, 603.29, 639445, 11755
46454, 0, 2262, 13271, 12684, 4112, 39.41%, 0, 1, 3, 512.10, 641943, 11755
46459, 0, 2270, 13271, 12681, 4109, 39.41%, 0, 1, 3, 453.61, 644149, 11755
46464, 0, 2280, 13271, 12677, 4105, 39.41%, 0, 1, 3, 395.06, 646155, 11755
46469, 0, 2283, 13271, 12674, 4102, 39.41%, 0, 1, 3, 399.42, 648173, 11755
46654, 0, 2313, 13271, 12670, 4098, 39.41%, 0, 1, 3, 0.20, 650263, 11755
46659, 0, 2332, 13271, 12666, 4094, 39.41%, 0, 1, 3, 573.52, 652980, 11755
46664, 0, 2342, 13271, 12662, 4090, 39.41%, 0, 1, 3, 490.49, 655477, 11755
46669, 0, 2347, 13271, 12658, 4086, 39.41%, 0, 1, 3, 456.64, 657733, 11755
46674, 0, 2369, 13271, 12655, 4083, 39.41%, 0, 1, 3, 88.17, 659349, 11755
46679, 0, 2369, 13272, 12656, 4083, 39.41%, 0, 1, 3, 83.37, 659773, 11755
46864, 0, 2369, 13273, 12657, 4083, 39.41%, 0, 1, 3, 0.02, 660163, 11755
46869, 0, 2369, 13273, 12657, 4083, 39.41%, 0, 1, 3, 85.97, 660621, 11755
46874, 0, 2369, 13273, 12657, 4083, 39.41%, 0, 1, 3, 88.07, 661048, 11755
46880, 0, 2369, 13273, 12657, 4083, 39.41%, 0, 1, 3, 89.52, 661509, 11755
46885, 0, 2374, 13274, 12657, 4082, 39.41%, 0, 1, 3, 83.45, 661940, 11755
46890, 0, 2374, 13274, 12657, 4082, 39.41%, 0, 1, 3, 84.87, 662387, 11755
47075, 0, 2374, 13274, 12657, 4082, 39.41%, 0, 1, 3, 0.06, 662757, 11755
47080, 0, 2391, 13274, 12655, 4081, 39.41%, 0, 1, 3, 71.25, 663784, 11755
47085, 0, 2396, 13274, 12653, 4079, 39.41%, 0, 1, 3, 222.30, 665130, 11755
47090, 0, 2406, 13274, 12650, 4076, 39.41%, 0, 1, 3, 309.80, 666706, 11755
47095, 0, 2411, 13274, 12648, 4074, 39.41%, 0, 1, 3, 277.86, 668074, 11755
47100, 0, 2441, 13274, 12645, 4071, 39.41%, 0, 1, 3, 327.26, 669640, 11755
47285, 0, 2445, 13274, 12642, 4068, 39.41%, 0, 1, 3, 0.07, 671326, 11755
47290, 0, 2450, 13274, 12639, 4065, 39.41%, 0, 1, 3, 380.79, 673176, 11755
47295, 0, 2461, 13274, 12635, 4061, 39.41%, 0, 1, 3, 468.71, 675637, 11755
47300, 0, 2469, 13274, 12630, 4057, 39.41%, 0, 1, 3, 583.12, 678614, 11755
47305, 0, 2478, 13274, 12625, 4052, 39.41%, 0, 1, 3, 573.47, 681548, 11755
47310, 0, 2492, 13274, 12621, 4048, 39.41%, 0, 1, 3, 542.03, 684194, 11755
47495, 0, 2499, 13274, 12617, 4044, 39.41%, 0, 1, 3, 0.50, 686356, 11755
47501, 0, 2532, 13274, 12613, 4040, 39.41%, 0, 1, 3, 518.82, 689144, 11755
47506, 0, 2547, 13274, 12610, 4037, 39.41%, 0, 1, 3, 337.53, 690870, 11755
47511, 0, 2597, 13274, 12607, 4034, 39.41%, 0, 1, 3, 341.22, 692428, 11755
47516, 0, 2607, 13274, 12604, 4031, 39.41%, 0, 1, 3, 351.19, 694393, 11755
47521, 0, 2616, 13274, 12600, 4027, 39.41%, 0, 1, 3, 415.18, 696450, 11755
47706, 0, 2620, 13276, 12601, 4026, 39.41%, 0, 1, 3, 0.15, 698709, 11755
47711, 0, 2627, 13277, 12599, 4024, 39.41%, 0, 1, 3, 537.91, 701424, 11755
47716, 0, 2647, 13278, 12597, 4021, 39.41%, 0, 1, 3, 535.12, 703692, 11755
47721, 0, 2663, 13280, 12597, 4019, 39.41%, 0, 1, 3, 507.05, 706286, 11755
47726, 0, 2675, 13280, 12593, 4016, 39.41%, 0, 1, 3, 452.10, 708492, 11755
47731, 0, 2698, 13280, 12588, 4011, 39.41%, 0, 1, 3, 596.43, 711557, 11755
47916, 0, 2707, 13280, 12586, 4009, 39.41%, 0, 1, 3, 0.16, 713119, 11755
47921, 0, 2716, 13280, 12582, 4005, 39.41%, 0, 1, 3, 449.12, 715588, 11755
47926, 0, 2735, 13280, 12577, 4000, 39.41%, 0, 1, 3, 437.71, 718068, 11755
47932, 0, 2739, 13280, 12574, 3997, 39.41%, 0, 1, 3, 392.86, 720046, 11755
47937, 0, 2754, 13280, 12571, 3994, 39.41%, 0, 1, 3, 419.88, 722172, 11755
47942, 0, 2765, 13280, 12567, 3990, 39.41%, 0, 1, 3, 415.77, 724204, 11755
48127, 0, 2774, 13280, 12564, 3987, 39.41%, 0, 1, 3, 0.12, 726032, 11755
48132, 0, 2784, 13281, 12562, 3984, 39.41%, 0, 1, 3, 437.93, 728251, 11755
48137, 0, 2808, 13282, 12561, 3982, 39.41%, 0, 1, 3, 386.72, 730197, 11755
48142, 0, 2814, 13282, 12557, 3978, 39.41%, 0, 1, 3, 419.42, 732490, 11755
48147, 0, 2828, 13282, 12553, 3974, 39.41%, 0, 1, 3, 488.04, 735048, 11755
48152, 0, 2841, 13282, 12549, 3970, 39.41%, 0, 1, 3, 470.68, 737430, 11755
48337, 0, 2855, 13282, 12545, 3966, 39.41%, 0, 1, 3, 0.12, 739731, 11755
48342, 0, 2859, 13282, 12543, 3964, 39.41%, 0, 1, 3, 268.47, 741010, 11755
48347, 0, 2878, 13282, 12541, 3962, 39.41%, 0, 1, 3, 344.59, 742542, 11755
48352, 0, 2886, 13282, 12539, 3960, 39.41%, 0, 1, 3, 221.51, 743586, 11755
48357, 0, 2892, 13282, 12536, 3958, 39.41%, 0, 1, 3, 422.32, 745618, 11755
48362, 0, 2898, 13282, 12531, 3953, 39.41%, 0, 1, 3, 515.92, 748300, 11755
50651, 0, 2905, 13282, 12527, 3949, 39.41%, 0, 1, 3, 0.00, 750648, 11755
50656, 0, 2908, 13364, 12607, 3967, 39.52%, 0, 1, 3, 401.74, 752676, 11789
50661, 0, 2919, 13364, 12604, 3964, 39.52%, 0, 1, 3, 353.79, 754238, 11789
50666, 0, 2931, 13364, 12601, 3962, 39.52%, 0, 1, 3, 404.55, 756318, 11789
50671, 0, 2937, 13364, 12598, 3959, 39.52%, 0, 1, 3, 348.87, 758076, 11789
50676, 0, 2943, 13364, 12595, 3956, 39.52%, 0, 1, 3, 364.16, 759897, 11789
50861, 0, 2949, 13364, 12592, 3953, 39.52%, 0, 1, 3, 0.40, 761454, 11789
50866, 0, 2956, 13364, 12588, 3949, 39.52%, 0, 1, 3, 445.74, 763677, 11789
50872, 0, 2961, 13364, 12586, 3947, 39.52%, 0, 1, 3, 333.30, 765036, 11789
50877, 0, 2967, 13364, 12581, 3942, 39.52%, 0, 1, 3, 468.14, 767625, 11789
50882, 0, 2974, 13364, 12577, 3938, 39.52%, 0, 1, 3, 499.28, 770120, 11789
50887, 0, 2978, 13364, 12573, 3934, 39.52%, 0, 1, 3, 449.54, 772461, 11789
51072, 0, 2979, 13366, 12574, 3933, 39.52%, 0, 1, 3, 0.11, 773504, 11789
51077, 0, 2979, 13366, 12574, 3933, 39.52%, 0, 1, 3, 188.53, 774428, 11789
51082, 0, 2980, 13366, 12573, 3932, 39.52%, 0, 1, 3, 203.01, 775400, 11789
51087, 0, 2986, 13366, 12569, 3928, 39.52%, 0, 1, 3, 453.06, 777866, 11789
51092, 0, 2997, 13366, 12566, 3925, 39.52%, 0, 1, 3, 458.34, 780089, 11789
51097, 0, 3014, 13366, 12562, 3921, 39.52%, 0, 1, 3, 410.15, 782080, 11789
51282, 0, 3018, 13366, 12560, 3920, 39.52%, 0, 1, 3, 0.08, 783608, 11789
51287, 0, 3036, 13366, 12555, 3915, 39.52%, 0, 1, 3, 537.43, 786234, 11789
51292, 0, 3046, 13366, 12550, 3910, 39.52%, 0, 1, 3, 577.77, 789214, 11789
51297, 0, 3049, 13366, 12547, 3907, 39.52%, 0, 1, 3, 456.52, 791426, 11789
51302, 0, 3069, 13366, 12544, 3904, 39.52%, 0, 1, 3, 395.25, 792977, 11789
51307, 0, 3085, 13366, 12540, 3900, 39.52%, 0, 1, 3, 484.46, 795590, 11789
51492, 0, 3094, 13366, 12536, 3896, 39.52%, 0, 1, 3, 0.21, 797568, 11789
51497, 0, 3111, 13366, 12531, 3892, 39.52%, 0, 1, 3, 489.27, 800072, 11789
51502, 0, 3124, 13366, 12527, 3888, 39.52%, 0, 1, 3, 88.06, 802520, 11789
51508, 0, 3124, 13366, 12527, 3888, 39.52%, 0, 1, 3, 93.55, 803004, 11789
51513, 0, 3147, 13366, 12523, 3884, 39.52%, 0, 1, 3, 552.57, 805344, 11789
51518, 0, 3161, 13366, 12518, 3879, 39.52%, 0, 1, 3, 518.41, 808174, 11789
51703, 0, 3165, 13366, 12517, 3878, 39.52%, 0, 1, 3, 0.03, 809009, 11789
51708, 0, 3180, 13366, 12515, 3876, 39.52%, 0, 1, 3, 186.88, 809972, 11789
51713, 0, 3210, 13366, 12513, 3874, 39.52%, 0, 1, 3, 172.86, 810878, 11789
51718, 0, 3213, 13366, 12512, 3873, 39.52%, 0, 1, 3, 177.01, 811811, 11789
51723, 0, 3216, 13366, 12510, 3871, 39.52%, 0, 1, 3, 232.15, 812910, 11789
51728, 0, 3219, 13366, 12508, 3869, 39.52%, 0, 1, 3, 204.83, 814054, 11789
51913, 0, 3223, 13366, 12506, 3867, 39.52%, 0, 1, 3, 0.03, 815159, 11789
51918, 0, 3230, 13366, 12504, 3865, 39.52%, 0, 1, 3, 627.20, 816590, 11789
51923, 0, 3238, 13366, 12500, 3861, 39.52%, 0, 1, 3, 460.53, 818762, 11789
51928, 0, 3247, 13367, 12498, 3858, 39.52%, 0, 1, 3, 453.64, 821070, 11789
51934, 0, 3249, 13367, 12496, 3856, 39.52%, 0, 1, 3, 372.38, 822695, 11789
51939, 0, 3267, 13367, 12492, 3852, 39.52%, 0, 1, 3, 441.88, 825117, 11789
52124, 0, 3289, 13367, 12488, 3848, 39.52%, 0, 1, 3, 0.13, 827093, 11789
52129, 0, 3302, 13367, 12484, 3845, 39.52%, 0, 1, 3, 447.01, 829485, 11789
52134, 0, 3304, 13369, 12485, 3844, 39.52%, 0, 1, 3, 398.07, 831412, 11789
52139, 0, 3305, 13369, 12484, 3843, 39.52%, 0, 1, 3, 286.78, 832835, 11789
52144, 0, 3314, 13370, 12484, 3842, 39.52%, 0, 1, 3, 220.34, 833918, 11789
52149, 0, 3318, 13370, 12483, 3841, 39.52%, 0, 1, 3, 211.49, 834998, 11789
52334, 0, 3318, 13371, 12484, 3841, 39.52%, 0, 1, 3, 0.09, 835877, 11789
52339, 0, 3331, 13371, 12480, 3838, 39.52%, 0, 1, 3, 444.34, 838041, 11789
52344, 0, 3336, 13372, 12478, 3836, 39.52%, 0, 1, 3, 471.20, 840440, 11789
52349, 0, 3339, 13372, 12475, 3833, 39.52%, 0, 1, 3, 423.59, 842640, 11789
52354, 0, 3343, 13372, 12471, 3829, 39.52%, 0, 1, 3, 425.78, 844704, 11789
52359, 0, 3348, 13372, 12467, 3825, 39.52%, 0, 1, 3, 502.23, 847416, 11789
52544, 0, 3361, 13372, 12466, 3824, 39.52%, 0, 1, 3, 0.06, 848030, 11789
52549, 0, 3369, 13372, 12462, 3820, 39.52%, 0, 1, 3, 410.46, 850351, 11789
52555, 0, 3374, 13372, 12457, 3815, 39.52%, 0, 1, 3, 520.07, 853166, 11789
52560, 0, 3378, 13372, 12453, 3811, 39.52%, 0, 1, 3, 504.32, 855786, 11789
52565, 0, 3382, 13372, 12449, 3807, 39.52%, 0, 1, 3, 485.87, 858146, 11789
52570, 0, 3386, 13372, 12445, 3803, 39.52%, 0, 1, 3, 479.82, 860528, 11789
54859, 0, 3392, 13372, 12441, 3799, 39.52%, 0, 1, 3, 0.01, 862504, 11789
54864, 0, 3400, 13524, 12591, 3832, 39.68%, 0, 1, 3, 606.68, 865551, 11835
54869, 0, 3412, 13524, 12588, 3829, 39.68%, 0, 1, 3, 68.78, 866935, 11835
54874, 0, 3414, 13524, 12587, 3828, 39.68%, 0, 1, 3, 570.00, 867465, 11835
54880, 0, 3423, 13524, 12584, 3825, 39.68%, 0, 1, 3, 472.17, 869647, 11835
54885, 0, 3427, 13524, 12580, 3821, 39.68%, 0, 1, 3, 441.08, 871752, 11835
55069, 0, 3430, 13524, 12577, 3818, 39.68%, 0, 1, 3, 0.18, 873784, 11835
55074, 0, 3434, 13524, 12574, 3815, 39.68%, 0, 1, 3, 340.16, 875638, 11835
55080, 0, 3449, 13524, 12569, 3810, 39.68%, 0, 1, 3, 457.38, 878161, 11835
55085, 0, 3455, 13524, 12567, 3808, 39.68%, 0, 1, 3, 366.21, 879856, 11835
55090, 0, 3461, 13524, 12565, 3806, 39.68%, 0, 1, 3, 244.60, 881132, 11835
55095, 0, 3469, 13524, 12561, 3802, 39.68%, 0, 1, 3, 393.47, 883183, 11835
55280, 0, 3478, 13524, 12557, 3798, 39.68%, 0, 1, 3, 0.49, 885102, 11835
55285, 0, 3482, 13524, 12553, 3794, 39.68%, 0, 1, 3, 502.06, 887716, 11835
55290, 0, 3486, 13524, 12549, 3791, 39.68%, 0, 1, 3, 473.37, 889990, 11835
55295, 0, 3489, 13524, 12546, 3788, 39.68%, 0, 1, 3, 412.25, 891966, 11835
55300, 0, 3501, 13524, 12542, 3784, 39.68%, 0, 1, 3, 474.85, 894406, 11835
55305, 0, 3514, 13524, 12538, 3780, 39.68%, 0, 1, 3, 457.06, 896824, 11835
55490, 0, 3519, 13524, 12535, 3777, 39.68%, 0, 1, 3, 0.18, 898646, 11835
55495, 0, 3539, 13524, 12530, 3773, 39.68%, 0, 1, 3, 546.02, 901410, 11835
55500, 0, 3543, 13524, 12526, 3770, 39.68%, 0, 1, 3, 481.93, 903745, 11835
55505, 0, 3546, 13524, 12523, 3767, 39.68%, 0, 1, 3, 402.52, 905750, 11835
55510, 0, 3551, 13524, 12519, 3763, 39.68%, 0, 1, 3, 404.48, 907730, 11835
55516, 0, 3555, 13524, 12515, 3759, 39.68%, 0, 1, 3, 440.88, 910126, 11835
55700, 0, 3589, 13524, 12512, 3756, 39.68%, 0, 1, 3, 0.20, 912190, 11835
55705, 0, 3613, 13524, 12508, 3752, 39.68%, 0, 1, 3, 437.16, 914382, 11835
55711, 0, 3655, 13524, 12505, 3749, 39.68%, 0, 1, 3, 441.69, 916574, 11835
55716, 0, 3661, 13524, 12503, 3747, 39.68%, 0, 1, 3, 239.22, 917566, 11835
55721, 0, 3672, 13525, 12502, 3745, 39.68%, 0, 1, 3, 403.56, 919587, 11835
55726, 0, 3685, 13525, 12497, 3740, 39.68%, 0, 1, 3, 491.97, 922145, 11835
55911, 0, 3693, 13526, 12495, 3737, 39.68%, 0, 1, 3, 0.22, 924576, 11835
55916, 0, 3704, 13526, 12491, 3733, 39.68%, 0, 1, 3, 531.75, 927266, 11835
55921, 0, 3712, 13526, 12487, 3729, 39.68%, 0, 1, 3, 497.43, 929703, 11835
55926, 0, 3727, 13526, 12482, 3724, 39.68%, 0, 1, 3, 557.31, 932536, 11835
55931, 0, 3736, 13526, 12477, 3719, 39.68%, 0, 1, 3, 573.30, 935382, 11835
55936, 0, 3743, 13526, 12473, 3715, 39.68%, 0, 1, 3, 550.25, 938166, 11835
56121, 0, 3754, 13526, 12469, 3711, 39.68%, 0, 1, 3, 0.78, 940536, 11835
56126, 0, 3768, 13526, 12464, 3706, 39.68%, 0, 1, 3, 529.44, 943226, 11835
56131, 0, 3771, 13526, 12461, 3703, 39.68%, 0, 1, 3, 452.01, 945510, 11835
56136, 0, 3783, 13526, 12456, 3698, 39.68%, 0, 1, 3, 522.99, 948106, 11835
56141, 0, 3789, 13526, 12452, 3694, 39.68%, 0, 1, 3, 536.29, 950856, 11835
56147, 0, 3801, 13526, 12447, 3689, 39.68%, 0, 1, 3, 503.25, 953325, 11835
56331, 0, 3805, 13526, 12444, 3686, 39.68%, 0, 1, 3, 0.50, 955476, 11835
56337, 0, 3817, 13526, 12440, 3682, 39.68%, 0, 1, 3, 455.86, 957668, 11835
56342, 0, 3824, 13526, 12437, 3679, 39.68%, 0, 1, 3, 386.08, 959596, 11835
56347, 0, 3827, 13526, 12434, 3676, 39.68%, 0, 1, 3, 349.36, 961333, 11835
56352, 0, 3834, 13526, 12431, 3673, 39.68%, 0, 1, 3, 372.84, 963203, 11835
56357, 0, 3851, 13526, 12427, 3669, 39.68%, 0, 1, 3, 406.88, 965388, 11835
56542, 0, 3874, 13526, 12424, 3667, 39.68%, 0, 1, 3, 0.23, 967193, 11835
56547, 0, 3884, 13526, 12421, 3664, 39.68%, 0, 1, 3, 449.34, 969476, 11835
56552, 0, 3895, 13526, 12417, 3660, 39.68%, 0, 1, 3, 456.81, 971847, 11835
56557, 0, 3904, 13526, 12414, 3657, 39.68%, 0, 1, 3, 377.67, 973655, 11835
56562, 0, 3925, 13526, 12410, 3653, 39.68%, 0, 1, 3, 395.91, 975733, 11835
56567, 0, 3933, 13526, 12407, 3650, 39.68%, 0, 1, 3, 406.85, 977780, 11835
56752, 0, 3948, 13526, 12403, 3646, 39.68%, 0, 1, 3, 0.40, 979844, 11835
56757, 0, 3957, 13526, 12399, 3642, 39.68%, 0, 1, 3, 433.70, 982148, 11835
56762, 0, 3962, 13526, 12397, 3640, 39.68%, 0, 1, 3, 353.87, 983554, 11835
56768, 0, 3985, 13526, 12393, 3636, 39.68%, 0, 1, 3, 469.08, 986139, 11835
56773, 0, 3989, 13526, 12391, 3634, 39.68%, 0, 1, 3, 148.47, 987138, 11835
56778, 0, 3998, 13526, 12389, 3632, 39.68%, 0, 1, 3, 242.92, 988392, 11835
59067, 0, 4006, 13526, 12386, 3629, 39.68%, 0, 1, 3, 0.03, 990102, 11835
59072, 0, 4011, 13651, 12509, 3636, 39.73%, 0, 1, 3, 530.74, 992636, 11850
59077, 0, 4017, 13651, 12505, 3632, 39.73%, 0, 1, 3, 445.44, 994752, 11850
59082, 0, 4029, 13651, 12501, 3628, 39.73%, 0, 1, 3, 415.02, 996822, 11850
59087, 0, 4034, 13651, 12498, 3625, 39.73%, 0, 1, 3, 377.12, 998650, 11850
59092, 0, 4043, 13651, 12494, 3621, 39.73%, 0, 1, 3, 419.20, 1000742, 11850
59277, 0, 4045, 13651, 12492, 3619, 39.73%, 0, 1, 3, 0.19, 1002474, 11850
59282, 0, 4049, 13651, 12488, 3615, 39.73%, 0, 1, 3, 417.93, 1004670, 11850
59287, 0, 4055, 13651, 12484, 3611, 39.73%, 0, 1, 3, 430.84, 1006798, 11850
59292, 0, 4070, 13651, 12480, 3607, 39.73%, 0, 1, 3, 452.59, 1009158, 11850
59297, 0, 4071, 13651, 12479, 3606, 39.73%, 0, 1, 3, 252.55, 1010121, 11850
59302, 0, 4095, 13651, 12475, 3602, 39.73%, 0, 1, 3, 431.05, 1012270, 11850
59487, 0, 4100, 13651, 12470, 3597, 39.73%, 0, 1, 3, 0.25, 1015372, 11850
59493, 0, 4112, 13651, 12466, 3593, 39.73%, 0, 1, 3, 467.92, 1017756, 11850
59498, 0, 4118, 13651, 12463, 3590, 39.73%, 0, 1, 3, 403.62, 1019766, 11850
59503, 0, 4129, 13651, 12459, 3586, 39.73%, 0, 1, 3, 439.42, 1022086, 11850
59508, 0, 4149, 13652, 12457, 3583, 39.73%, 0, 1, 3, 474.93, 1024537, 11850
59513, 0, 4159, 13652, 12452, 3578, 39.73%, 0, 1, 3, 515.62, 1027183, 11850
63123, 0, 4168, 13652, 12449, 3575, 39.73%, 0, 1, 3, 0.01, 1029397, 11850
63274, 0, 4168, 13652, 12449, 3575, 39.73%, 0, 1, 3, 0.38, 1029454, 11850
63279, 0, 4171, 13894, 12689, 3600, 39.84%, 1, 1, 3, 521.83, 1032351, 11883
63284, 0, 4172, 13894, 12688, 3599, 39.84%, 1, 1, 3, 238.93, 1033189, 11883
63289, 0, 4176, 13894, 12685, 3596, 39.84%, 1, 1, 3, 257.96, 1034721, 11883
63294, 0, 4180, 13894, 12683, 3594, 39.84%, 1, 1, 3, 229.52, 1035945, 11883
63299, 0, 4195, 13896, 12683, 3592, 39.84%, 1, 1, 3, 348.58, 1037533, 11883
63484, 0, 4203, 13896, 12681, 3590, 39.84%, 1, 1, 3, 0.16, 1039353, 11883
63489, 0, 4234, 13896, 12677, 3586, 39.84%, 1, 1, 3, 495.44, 1041979, 11883
63494, 0, 4259, 13896, 12673, 3582, 39.84%, 1, 1, 3, 492.67, 1044433, 11883
63499, 0, 4284, 13896, 12668, 3577, 39.84%, 1, 1, 3, 591.07, 1047473, 11883
63504, 0, 4291, 13896, 12664, 3573, 39.84%, 1, 1, 3, 484.84, 1049950, 11883
63510, 0, 4306, 13896, 12660, 3570, 39.84%, 1, 1, 3, 461.17, 1052368, 11883
63694, 0, 4314, 13896, 12657, 3568, 39.84%, 1, 1, 3, 0.04, 1053725, 11883
63699, 0, 4337, 13896, 12654, 3565, 39.84%, 1, 1, 3, 457.61, 1055991, 11883
63705, 0, 4354, 13896, 12650, 3561, 39.84%, 1, 1, 3, 442.04, 1058135, 11883
63710, 0, 4357, 13896, 12647, 3558, 39.84%, 1, 1, 3, 383.80, 1060124, 11883
63715, 0, 4360, 13896, 12644, 3555, 39.84%, 1, 1, 3, 360.45, 1062029, 11883
63720, 0, 4363, 13897, 12642, 3552, 39.84%, 1, 1, 3, 403.51, 1064002, 11883
63905, 0, 4367, 13897, 12639, 3549, 39.84%, 1, 1, 3, 0.50, 1065753, 11883
63910, 0, 4369, 13897, 12637, 3547, 39.84%, 1, 1, 3, 330.59, 1067461, 11883
63915, 0, 4374, 13897, 12633, 3543, 39.84%, 1, 1, 3, 438.60, 1069774, 11883
63920, 0, 4410, 13897, 12629, 3539, 39.84%, 1, 1, 3, 430.72, 1072022, 11883
63925, 0, 4418, 13897, 12627, 3537, 39.84%, 1, 1, 3, 174.04, 1073058, 11883
63930, 0, 4427, 13897, 12622, 3532, 39.84%, 1, 1, 3, 516.93, 1076082, 11883
64115, 0, 4439, 13897, 12618, 3528, 39.84%, 1, 1, 3, 0.28, 1078402, 11883
64120, 0, 4445, 13897, 12614, 3524, 39.84%, 1, 1, 3, 436.54, 1080752, 11883
64125, 0, 4446, 13897, 12613, 3523, 39.84%, 1, 1, 3, 243.77, 1081646, 11883
64130, 0, 4447, 13897, 12612, 3522, 39.84%, 1, 1, 3, 154.44, 1082393, 11883
64135, 0, 4449, 13897, 12610, 3520, 39.84%, 1, 1, 3, 186.70, 1083287, 11883
64140, 0, 4452, 13897, 12608, 3518, 39.84%, 1, 1, 3, 196.02, 1084307, 11883
64325, 0, 4455, 13897, 12607, 3517, 39.84%, 1, 1, 3, 0.36, 1085452, 11883
64331, 0, 4460, 13897, 12603, 3513, 39.84%, 1, 1, 3, 325.99, 1087130, 11883
64336, 0, 4462, 13897, 12601, 3511, 39.84%, 1, 1, 3, 343.51, 1088816, 11883
64341, 0, 4479, 13898, 12598, 3507, 39.84%, 1, 1, 3, 374.61, 1090922, 11883
64346, 0, 4481, 13898, 12597, 3507, 39.84%, 1, 1, 3, 274.25, 1092084, 11883
64351, 0, 4490, 13898, 12593, 3503, 39.84%, 1, 1, 3, 431.98, 1094463, 11883
64536, 0, 4496, 13898, 12589, 3499, 39.84%, 1, 1, 3, 0.63, 1096809, 11883
64541, 0, 4502, 13898, 12586, 3496, 39.84%, 1, 1, 3, 147.50, 1098885, 11883
64546, 0, 4513, 13898, 12583, 3493, 39.84%, 1, 1, 3, 394.13, 1100918, 11883
64551, 0, 4561, 13898, 12578, 3488, 39.84%, 1, 1, 3, 446.93, 1103335, 11883
64556, 0, 4568, 13898, 12576, 3486, 39.84%, 1, 1, 3, 332.36, 1104825, 11883
64561, 0, 4580, 13898, 12572, 3482, 39.84%, 1, 1, 3, 417.23, 1107167, 11883
64746, 0, 4607, 13898, 12568, 3478, 39.84%, 1, 1, 3, 0.45, 1109400, 11883
64751, 0, 4613, 13898, 12565, 3475, 39.84%, 1, 1, 3, 375.48, 1111259, 11883
64756, 0, 4628, 13898, 12562, 3473, 39.84%, 1, 1, 3, 438.77, 1113511, 11883
64761, 0, 4663, 13898, 12558, 3470, 39.84%, 1, 1, 3, 424.82, 1115599, 11883
64766, 0, 4679, 13898, 12555, 3467, 39.84%, 1, 1, 3, 413.73, 1117695, 11883
64772, 0, 4696, 13898, 12550, 3462, 39.84%, 1, 1, 3, 459.68, 1120227, 11883
64957, 0, 4708, 13898, 12547, 3459, 39.84%, 1, 1, 3, 0.16, 1122387, 11883
64962, 0, 4734, 13898, 12543, 3455, 39.84%, 1, 1, 3, 427.12, 1124623, 11883
64967, 0, 4748, 13898, 12538, 3450, 39.84%, 1, 1, 3, 509.44, 1127346, 11883
64972, 0, 4754, 13899, 12536, 3447, 39.84%, 1, 1, 3, 490.23, 1129933, 11883
64977, 0, 4761, 13900, 12534, 3444, 39.84%, 1, 1, 3, 489.21, 1132361, 11883
64982, 0, 4785, 13900, 12530, 3440, 39.84%, 1, 1, 3, 511.79, 1134893, 11883
65167, 0, 4787, 13901, 12529, 3438, 39.84%, 1, 1, 3, 0.20, 1136862, 11883
65172, 0, 4800, 13901, 12524, 3433, 39.84%, 1, 1, 3, 524.66, 1139590, 11883
65177, 0, 4827, 13901, 12519, 3428, 39.84%, 1, 1, 3, 582.30, 1142340, 11883
65182, 0, 4835, 13901, 12515, 3424, 39.84%, 1, 1, 3, 548.63, 1145130, 11883
65187, 0, 4862, 13901, 12510, 3419, 39.84%, 1, 1, 3, 561.23, 1147993, 11883
65192, 0, 4866, 13901, 12506, 3415, 39.84%, 1, 1, 3, 500.79, 1150480, 11883
67481, 0, 4873, 13901, 12502, 3411, 39.84%, 1, 1, 3, 0.04, 1152990, 11883
67486, 0, 4878, 13983, 12580, 3431, 39.94%, 1, 1, 3, 561.88, 1155973, 11915
67491, 0, 4882, 13983, 12577, 3428, 39.94%, 1, 1, 3, 431.73, 1157989, 11915
67496, 0, 4887, 13983, 12572, 3423, 39.94%, 1, 1, 3, 519.50, 1160591, 11915
67501, 0, 4892, 13983, 12568, 3419, 39.94%, 1, 1, 3, 448.82, 1162857, 11915
67506, 0, 4895, 13983, 12565, 3416, 39.94%, 1, 1, 3, 407.82, 1164957, 11915
67691, 0, 4900, 13983, 12562, 3413, 39.94%, 1, 1, 3, 0.02, 1166961, 11915
67696, 0, 4911, 13984, 12558, 3408, 39.94%, 1, 1, 3, 577.67, 1169791, 11915
67701, 0, 4915, 13984, 12555, 3406, 39.94%, 1, 1, 3, 479.14, 1172161, 11915
67706, 0, 4922, 13984, 12550, 3401, 39.94%, 1, 1, 3, 533.56, 1174898, 11915
67711, 0, 4926, 13984, 12546, 3397, 39.94%, 1, 1, 3, 519.70, 1177388, 11915
67716, 0, 4930, 13984, 12542, 3393, 39.94%, 1, 1, 3, 500.46, 1179968, 11915
67901, 0, 4931, 13984, 12541, 3392, 39.94%, 1, 1, 3, 0.07, 1180674, 11915
67906, 0, 4935, 13984, 12537, 3388, 39.94%, 1, 1, 3, 563.71, 1182694, 11915
67912, 0, 4950, 13984, 12533, 3384, 39.94%, 1, 1, 3, 518.61, 1185118, 11915
67917, 0, 4963, 13984, 12530, 3381, 39.94%, 1, 1, 3, 449.05, 1187215, 11915
67922, 0, 4967, 13984, 12526, 3377, 39.94%, 1, 1, 3, 432.00, 1189268, 11915
67927, 0, 4971, 13984, 12523, 3374, 39.94%, 1, 1, 3, 426.22, 1191308, 11915
68112, 0, 4976, 13984, 12520, 3371, 39.94%, 1, 1, 3, 0.12, 1193038, 11915
68117, 0, 4981, 13984, 12517, 3368, 39.94%, 1, 1, 3, 364.69, 1194971, 11915
68122, 0, 4989, 13984, 12513, 3364, 39.94%, 1, 1, 3, 386.32, 1197035, 11915
68127, 0, 5002, 13984, 12510, 3362, 39.94%, 1, 1, 3, 424.81, 1199260, 11915
68132, 0, 5017, 13984, 12506, 3358, 39.94%, 1, 1, 3, 415.86, 1201324, 11915
68137, 0, 5028, 13984, 12503, 3355, 39.94%, 1, 1, 3, 430.24, 1203500, 11915
71538, 0, 5031, 13984, 12500, 3352, 39.94%, 1, 1, 3, 0.02, 1205372, 11915
71689, 0, 5032, 13984, 12499, 3351, 39.94%, 1, 1, 3, 0.40, 1205432, 11915
71694, 0, 5033, 14565, 13079, 3350, 41.02%, 1, 1, 3, 994.64, 1210690, 12236
71699, 0, 5034, 15054, 13568, 3550, 41.41%, 1, 1, 3, 797.86, 1215183, 12352
71704, 0, 5040, 15054, 13564, 3546, 41.41%, 1, 1, 3, 473.37, 1217205, 12352
71709, 0, 5049, 15054, 13561, 3543, 41.41%, 1, 1, 3, 429.58, 1219271, 12352
71714, 0, 5056, 15054, 13557, 3539, 41.41%, 1, 1, 3, 397.59, 1221284, 12352
71899, 0, 5060, 15054, 13554, 3536, 41.41%, 1, 1, 3, 0.53, 1223215, 12352
71905, 0, 5075, 15054, 13550, 3532, 41.41%, 1, 1, 3, 513.22, 1225917, 12352
71910, 0, 5090, 15054, 13545, 3527, 41.41%, 1, 1, 3, 525.51, 1228557, 12352
71915, 0, 5099, 15054, 13541, 3523, 41.41%, 1, 1, 3, 501.70, 1231367, 12352
71920, 0, 5105, 15054, 13537, 3519, 41.41%, 1, 1, 3, 423.10, 1233415, 12352
71925, 0, 5107, 15056, 13538, 3519, 41.41%, 1, 1, 3, 439.13, 1235709, 12352
72110, 0, 5115, 15057, 13538, 3518, 41.41%, 1, 1, 3, 0.31, 1237327, 12352
72115, 0, 5125, 15057, 13534, 3514, 41.41%, 1, 1, 3, 395.37, 1239284, 12352
72120, 0, 5135, 15057, 13531, 3511, 41.41%, 1, 1, 3, 440.07, 1241500, 12352
72125, 0, 5150, 15057, 13527, 3507, 41.41%, 1, 1, 3, 398.42, 1243463, 12352
72130, 0, 5154, 15057, 13524, 3504, 41.41%, 1, 1, 3, 389.72, 1245389, 12352
72135, 0, 5158, 15057, 13520, 3500, 41.41%, 1, 1, 3, 457.60, 1247646, 12352
72320, 0, 5162, 15057, 13517, 3497, 41.41%, 1, 1, 3, 0.13, 1249620, 12352
72325, 0, 5169, 15057, 13514, 3494, 41.41%, 1, 1, 3, 371.47, 1251627, 12352
72330, 0, 5174, 15057, 13511, 3491, 41.41%, 1, 1, 3, 385.48, 1253588, 12352
72336, 0, 5186, 15057, 13506, 3486, 41.41%, 1, 1, 3, 491.91, 1256109, 12352
72341, 0, 5206, 15057, 13502, 3482, 41.41%, 1, 1, 3, 562.99, 1258978, 12352
72346, 0, 5232, 15057, 13497, 3478, 41.41%, 1, 1, 3, 472.56, 1261482, 12352
72530, 0, 5244, 15057, 13494, 3475, 41.41%, 1, 1, 3, 0.45, 1263588, 12352
72535, 0, 5253, 15057, 13491, 3472, 41.41%, 1, 1, 3, 353.34, 1265336, 12352
72541, 0, 5267, 15057, 13487, 3468, 41.41%, 1, 1, 3, 417.68, 1267572, 12352
72546, 0, 5283, 15057, 13485, 3466, 41.41%, 1, 1, 3, 297.11, 1269084, 12352
72551, 0, 5289, 15057, 13482, 3463, 41.41%, 1, 1, 3, 334.59, 1270710, 12352
72556, 0, 5292, 15057, 13480, 3461, 41.41%, 1, 1, 3, 314.27, 1272143, 12352
72741, 0, 5294, 15057, 13478, 3459, 41.41%, 1, 1, 3, 0.06, 1273388, 12352
72746, 0, 5315, 15057, 13474, 3455, 41.41%, 1, 1, 3, 359.67, 1275522, 12352
72751, 0, 5320, 15057, 13470, 3451, 41.41%, 1, 1, 3, 414.00, 1277764, 12352
72756, 0, 5322, 15057, 13468, 3449, 41.41%, 1, 1, 3, 296.51, 1279332, 12352
72761, 0, 5325, 15057, 13466, 3447, 41.41%, 1, 1, 3, 189.86, 1280136, 12352
72766, 0, 5326, 15057, 13465, 3446, 41.41%, 1, 1, 3, 129.27, 1280768, 12352
72951, 0, 5327, 15057, 13464, 3445, 41.41%, 1, 1, 3, 0.09, 1281374, 12352
72956, 0, 5328, 15057, 13463, 3444, 41.41%, 1, 1, 3, 157.66, 1282188, 12352
72961, 0, 5332, 15057, 13461, 3442, 41.41%, 1, 1, 3, 183.13, 1283157, 12352
72966, 0, 5333, 15057, 13460, 3441, 41.41%, 1, 1, 3, 175.82, 1283982, 12352
72971, 0, 5336, 15057, 13458, 3439, 41.41%, 1, 1, 3, 170.05, 1284888, 12352
72977, 0, 5337, 15057, 13457, 3439, 41.41%, 1, 1, 3, 176.18, 1285839, 12352
73161, 0, 5338, 15057, 13456, 3439, 41.41%, 1, 1, 3, 0.02, 1286508, 12352
73166, 0, 5347, 15057, 13453, 3436, 41.41%, 1, 1, 3, 451.96, 1288395, 12352
73172, 0, 5365, 15057, 13449, 3432, 41.41%, 1, 1, 3, 430.63, 1290580, 12352
73177, 0, 5371, 15057, 13445, 3428, 41.41%, 1, 1, 3, 414.39, 1292772, 12352
73182, 0, 5382, 15057, 13441, 3424, 41.41%, 1, 1, 3, 519.79, 1295318, 12352
73187, 0, 5395, 15057, 13437, 3421, 41.41%, 1, 1, 3, 500.25, 1297828, 12352
73372, 0, 5421, 15057, 13433, 3417, 41.41%, 1, 1, 3, 0.50, 1299981, 12352
73377, 0, 5444, 15057, 13429, 3413, 41.41%, 1, 1, 3, 516.83, 1302478, 12352
73382, 0, 5452, 15057, 13426, 3410, 41.41%, 1, 1, 3, 448.78, 1304622, 12352
73387, 0, 5460, 15057, 13421, 3405, 41.41%, 1, 1, 3, 503.74, 1307148, 12352
73392, 0, 5476, 15057, 13417, 3401, 41.41%, 1, 1, 3, 501.27, 1309648, 12352
73397, 0, 5499, 15057, 13413, 3397, 41.41%, 1, 1, 3, 526.96, 1312408, 12352
73582, 0, 5509, 15057, 13408, 3392, 41.41%, 1, 1, 3, 0.11, 1314878, 12352
73587, 0, 5513, 15057, 13404, 3388, 41.41%, 1, 1, 3, 558.27, 1317778, 12352
73592, 0, 5523, 15057, 13399, 3383, 41.41%, 1, 1, 3, 535.19, 1320398, 12352
73598, 0, 5552, 15058, 13398, 3381, 41.41%, 1, 1, 3, 425.46, 1322515, 12352
73603, 0, 5561, 15059, 13396, 3378, 41.41%, 1, 1, 3, 374.49, 1324484, 12352
73608, 0, 5574, 15059, 13393, 3375, 41.41%, 1, 1, 3, 376.17, 1326515, 12352
75897, 0, 5579, 15059, 13390, 3372, 41.41%, 1, 1, 3, 0.02, 1328218, 12352
75902, 0, 5586, 15137, 13465, 3378, 41.47%, 1, 1, 3, 587.13, 1331052, 12369
75907, 0, 5596, 15137, 13461, 3374, 41.47%, 1, 1, 3, 504.86, 1333358, 12369
75912, 0, 5601, 15138, 13460, 3372, 41.47%, 1, 1, 3, 411.27, 1335211, 12369
75917, 0, 5605, 15138, 13456, 3368, 41.47%, 1, 1, 3, 433.08, 1337459, 12369
75922, 0, 5612, 15138, 13453, 3365, 41.47%, 1, 1, 3, 398.77, 1339499, 12369
76107, 0, 5616, 15138, 13449, 3361, 41.47%, 1, 1, 3, 0.18, 1341699, 12369
76112, 0, 5620, 15138, 13446, 3358, 41.47%, 1, 1, 3, 381.75, 1343534, 12369
76117, 0, 5636, 15139, 13444, 3355, 41.47%, 1, 1, 3, 487.92, 1346168, 12369
76122, 0, 5643, 15139, 13441, 3352, 41.47%, 1, 1, 3, 388.67, 1348056, 12369
76128, 0, 5657, 15139, 13437, 3348, 41.47%, 1, 1, 3, 396.24, 1349970, 12369
76133, 0, 5662, 15139, 13434, 3345, 41.47%, 1, 1, 3, 428.54, 1352122, 12369
76319, 0, 5666, 15139, 13431, 3342, 41.47%, 1, 1, 3, 0.04, 1354010, 12369
76324, 0, 5671, 15139, 13427, 3338, 41.47%, 1, 1, 3, 419.49, 1356106, 12369
76329, 0, 5689, 15139, 13424, 3335, 41.47%, 1, 1, 3, 375.33, 1358053, 12369
76334, 0, 5705, 15139, 13421, 3332, 41.47%, 1, 1, 3, 382.56, 1359958, 12369
76339, 0, 5714, 15139, 13417, 3328, 41.47%, 1, 1, 3, 468.51, 1362323, 12369
76344, 0, 5721, 15139, 13414, 3325, 41.47%, 1, 1, 3, 412.31, 1364207, 12369
76529, 0, 5728, 15139, 13410, 3321, 41.47%, 1, 1, 3, 0.22, 1366370, 12369
76534, 0, 5737, 15139, 13406, 3317, 41.47%, 1, 1, 3, 448.60, 1368608, 12369
76539, 0, 5751, 15139, 13402, 3313, 41.47%, 1, 1, 3, 478.98, 1370927, 12369
76544, 0, 5754, 15139, 13399, 3310, 41.47%, 1, 1, 3, 453.95, 1373222, 12369
76549, 0, 5759, 15139, 13394, 3305, 41.47%, 1, 1, 3, 478.32, 1375826, 12369
76554, 0, 5762, 15139, 13391, 3302, 41.47%, 1, 1, 3, 416.33, 1377642, 12369
76739, 0, 5766, 15139, 13387, 3298, 41.47%, 1, 1, 3, 0.05, 1379890, 12369
76744, 0, 5772, 15139, 13382, 3293, 41.47%, 1, 1, 3, 607.55, 1383098, 12369
76749, 0, 5785, 15139, 13378, 3289, 41.47%, 1, 1, 3, 557.83, 1385744, 12369
76755, 0, 5791, 15139, 13374, 3285, 41.47%, 1, 1, 3, 455.39, 1387961, 12369
76760, 0, 5793, 15140, 13373, 3284, 41.47%, 1, 1, 3, 410.38, 1389985, 12369
76765, 0, 5797, 15140, 13369, 3280, 41.47%, 1, 1, 3, 456.64, 1392366, 12369
76950, 0, 5800, 15140, 13366, 3277, 41.47%, 1, 1, 3, 0.04, 1394193, 12369
76955, 0, 5812, 15140, 13362, 3273, 41.47%, 1, 1, 3, 381.91, 1396152, 12369
76960, 0, 5821, 15140, 13359, 3270, 41.47%, 1, 1, 3, 387.97, 1398106, 12369
76965, 0, 5826, 15140, 13356, 3267, 41.47%, 1, 1, 3, 372.35, 1400088, 12369
76970, 0, 5849, 15140, 13353, 3264, 41.47%, 1, 1, 3, 321.76, 1401717, 12369
76975, 0, 5859, 15140, 13349, 3260, 41.47%, 1, 1, 3, 501.82, 1404420, 12369
77160, 0, 5863, 15140, 13345, 3256, 41.47%, 1, 1, 3, 0.25, 1406613, 12369
77165, 0, 5867, 15140, 13341, 3253, 41.47%, 1, 1, 3, 416.95, 1408761, 12369
77170, 0, 5871, 15141, 13340, 3252, 41.47%, 1, 1, 3, 387.81, 1410769, 12369
77175, 0, 5874, 15141, 13337, 3249, 41.47%, 1, 1, 3, 380.98, 1412513, 12369
77181, 0, 5878, 15141, 13333, 3245, 41.47%, 1, 1, 3, 408.97, 1414800, 12369
77186, 0, 5882, 15141, 13330, 3242, 41.47%, 1, 1, 3, 402.94, 1416960, 12369
77371, 0, 5884, 15142, 13330, 3241, 41.47%, 1, 1, 3, 0.42, 1417968, 12369
77376, 0, 5890, 15142, 13326, 3237, 41.47%, 1, 1, 3, 469.91, 1420490, 12369
77381, 0, 5894, 15142, 13322, 3233, 41.47%, 1, 1, 3, 487.09, 1423052, 12369
77386, 0, 5899, 15142, 13318, 3229, 41.47%, 1, 1, 3, 435.08, 1425215, 12369
77391, 0, 5933, 15142, 13314, 3225, 41.47%, 1, 1, 3, 417.13, 1427367, 12369
77396, 0, 5937, 15142, 13312, 3223, 41.47%, 1, 1, 3, 357.64, 1429063, 12369
77581, 0, 5940, 15142, 13309, 3220, 41.47%, 1, 1, 3, 0.21, 1430737, 12369
77586, 0, 5944, 15142, 13306, 3217, 41.47%, 1, 1, 3, 310.63, 1432355, 12369
77591, 0, 5949, 15142, 13303, 3214, 41.47%, 1, 1, 3, 394.52, 1434498, 12369
77596, 0, 5955, 15142, 13299, 3210, 41.47%, 1, 1, 3, 374.08, 1436394, 12369
77601, 0, 5966, 15142, 13296, 3207, 41.47%, 1, 1, 3, 359.00, 1438236, 12369
77606, 0, 5985, 15142, 13294, 3205, 41.47%, 1, 1, 3, 266.41, 1439483, 12369
77791, 0, 6001, 15142, 13291, 3202, 41.47%, 1, 1, 3, 0.44, 1441655, 12369
77796, 0, 6006, 15144, 13290, 3199, 41.48%, 1, 1, 3, 468.31, 1444015, 12372
77801, 0, 6008, 15144, 13288, 3198, 41.48%, 1, 1, 3, 432.99, 1446141, 12372
77807, 0, 6019, 15144, 13285, 3195, 41.48%, 1, 1, 3, 348.46, 1447837, 12372
77812, 0, 6023, 15144, 13282, 3192, 41.48%, 1, 1, 3, 388.49, 1449958, 12372
77817, 0, 6032, 15144, 13276, 3186, 41.48%, 1, 1, 3, 435.54, 1452239, 12372
80105, 0, 6035, 15144, 13273, 3183, 41.48%, 1, 1, 3, 0.03, 1454135, 12372
80110, 0, 6037, 15201, 13328, 3195, 41.53%, 1, 1, 3, 448.59, 1456355, 12387
80115, 0, 6062, 15201, 13324, 3191, 41.53%, 1, 1, 3, 396.13, 1458531, 12387
80120, 0, 6067, 15201, 13321, 3188, 41.53%, 1, 1, 3, 359.60, 1460169, 12387
80125, 0, 6072, 15201, 13319, 3186, 41.53%, 1, 1, 3, 253.55, 1461493, 12387
80131, 0, 6076, 15201, 13316, 3183, 41.53%, 1, 1, 3, 350.16, 1463169, 12387
80315, 0, 6087, 15201, 13313, 3180, 41.53%, 1, 1, 3, 0.49, 1464920, 12387
80320, 0, 6102, 15201, 13310, 3177, 41.53%, 1, 1, 3, 430.41, 1467027, 12387
80326, 0, 6110, 15201, 13306, 3173, 41.53%, 1, 1, 3, 422.06, 1469203, 12387
80331, 0, 6125, 15201, 13303, 3171, 41.53%, 1, 1, 3, 386.30, 1471179, 12387
80336, 0, 6132, 15201, 13299, 3167, 41.53%, 1, 1, 3, 409.86, 1473251, 12387
80341, 0, 6148, 15201, 13296, 3164, 41.53%, 1, 1, 3, 416.99, 1475523, 12387
80526, 0, 6152, 15201, 13294, 3162, 41.53%, 1, 1, 3, 0.28, 1476513, 12387
80531, 0, 6155, 15201, 13292, 3160, 41.53%, 1, 1, 3, 275.98, 1477973, 12387
80536, 0, 6157, 15201, 13290, 3158, 41.53%, 1, 1, 3, 188.00, 1478808, 12387
80541, 0, 6161, 15201, 13288, 3156, 41.53%, 1, 1, 3, 226.53, 1479911, 12387
80546, 0, 6180, 15201, 13286, 3154, 41.53%, 1, 1, 3, 314.50, 1481358, 12387
80551, 0, 6191, 15201, 13283, 3152, 41.53%, 1, 1, 3, 350.92, 1483270, 12387
80736, 0, 6203, 15201, 13280, 3149, 41.53%, 1, 1, 3, 0.08, 1485126, 12387
80741, 0, 6214, 15201, 13276, 3145, 41.53%, 1, 1, 3, 396.37, 1487218, 12387
80747, 0, 6217, 15201, 13273, 3142, 41.53%, 1, 1, 3, 313.83, 1488975, 12387
80752, 0, 6224, 15201, 13271, 3140, 41.53%, 1, 1, 3, 297.39, 1490323, 12387
80757, 0, 6231, 15201, 13268, 3137, 41.53%, 1, 1, 3, 359.37, 1492263, 12387
80762, 0, 6259, 15201, 13264, 3133, 41.53%, 1, 1, 3, 423.35, 1494395, 12387
80947, 0, 6269, 15201, 13261, 3130, 41.53%, 1, 1, 3, 0.60, 1496430, 12387
80952, 0, 6291, 15201, 13257, 3126, 41.53%, 1, 1, 3, 481.89, 1498731, 12387
80957, 0, 6300, 15201, 13253, 3122, 41.53%, 1, 1, 3, 430.26, 1500947, 12387
80962, 0, 6319, 15201, 13250, 3119, 41.53%, 1, 1, 3, 451.72, 1503179, 12387
80967, 0, 6328, 15201, 13247, 3116, 41.53%, 1, 1, 3, 525.66, 1504693, 12387
80972, 0, 6334, 15201, 13243, 3112, 41.53%, 1, 1, 3, 466.88, 1507068, 12387
81157, 0, 6339, 15201, 13240, 3109, 41.53%, 1, 1, 3, 0.04, 1508875, 12387
81162, 0, 6345, 15201, 13237, 3106, 41.53%, 1, 1, 3, 450.54, 1510992, 12387
81167, 0, 6356, 15201, 13233, 3102, 41.53%, 1, 1, 3, 448.29, 1513099, 12387
81172, 0, 6366, 15201, 13229, 3098, 41.53%, 1, 1, 3, 477.38, 1515549, 12387
81177, 0, 6385, 15201, 13225, 3094, 41.53%, 1, 1, 3, 500.11, 1518057, 12387
81182, 0, 6389, 15201, 13222, 3091, 41.53%, 1, 1, 3, 341.60, 1519709, 12387
81367, 0, 6391, 15201, 13220, 3089, 41.53%, 1, 1, 3, 0.45, 1520787, 12387
81372, 0, 6394, 15201, 13217, 3086, 41.53%, 1, 1, 3, 405.11, 1522765, 12387
81377, 0, 6397, 15201, 13214, 3083, 41.53%, 1, 1, 3, 409.08, 1524755, 12387
81382, 0, 6402, 15201, 13210, 3079, 41.53%, 1, 1, 3, 465.83, 1527120, 12387
81388, 0, 6410, 15202, 13209, 3077, 41.53%, 1, 1, 3, 267.12, 1528305, 12387
81393, 0, 6412, 15202, 13208, 3076, 41.53%, 1, 1, 3, 223.66, 1529245, 12387
81578, 0, 6416, 15202, 13204, 3072, 41.53%, 1, 1, 3, 0.35, 1531963, 12387
81583, 0, 6423, 15202, 13199, 3067, 41.53%, 1, 1, 3, 501.89, 1534810, 12387
81588, 0, 6428, 15202, 13195, 3063, 41.53%, 1, 1, 3, 492.75, 1537230, 12387
81593, 0, 6431, 15203, 13193, 3061, 41.53%, 1, 1, 3, 403.70, 1539433, 12388
81598, 0, 6435, 15203, 13191, 3059, 41.53%, 1, 1, 3, 271.92, 1540512, 12388
81603, 0, 6450, 15203, 13186, 3054, 41.53%, 1, 1, 3, 567.51, 1543853, 12388
81788, 0, 6455, 15203, 13181, 3049, 41.53%, 1, 1, 3, 0.47, 1546805, 12388
81793, 0, 6463, 15203, 13176, 3044, 41.53%, 1, 1, 3, 606.65, 1549820, 12388
81798, 0, 6472, 15203, 13172, 3040, 41.53%, 1, 1, 3, 517.96, 1552237, 12388
81803, 0, 6480, 15203, 13167, 3036, 41.53%, 1, 1, 3, 568.31, 1555242, 12388
81808, 0, 6506, 15203, 13162, 3031, 41.53%, 1, 1, 3, 574.33, 1558319, 12388
81813, 0, 6522, 15203, 13157, 3026, 41.53%, 1, 1, 3, 556.25, 1561088, 12388
81998, 0, 6525, 15203, 13154, 3023, 41.53%, 1, 1, 3, 0.37, 1563065, 12388
82003, 0, 6532, 15203, 13151, 3020, 41.53%, 1, 1, 3, 387.72, 1564982, 12388
82009, 0, 6545, 15203, 13147, 3016, 41.53%, 1, 1, 3, 443.10, 1567113, 12388
82014, 0, 6550, 15203, 13143, 3012, 41.53%, 1, 1, 3, 500.03, 1569717, 12388
82019, 0, 6556, 15203, 13139, 3008, 41.53%, 1, 1, 3, 483.40, 1572161, 12388
82024, 0, 6572, 15203, 13134, 3003, 41.53%, 1, 1, 3, 530.04, 1574787, 12388
84313, 0, 6582, 15203, 13131, 3000, 41.53%, 1, 1, 3, 0.00, 1577042, 12388
84318, 0, 6589, 15287, 13209, 3020, 41.63%, 1, 1, 3, 503.10, 1579440, 12417
84323, 0, 6594, 15287, 13205, 3016, 41.63%, 1, 1, 3, 436.18, 1581548, 12417
84328, 0, 6609, 15287, 13201, 3012, 41.63%, 1, 1, 3, 479.94, 1584109, 12417
84333, 0, 6615, 15287, 13198, 3009, 41.63%, 1, 1, 3, 393.87, 1586079, 12417
84338, 0, 6624, 15287, 13194, 3005, 41.63%, 1, 1, 3, 419.20, 1588244, 12417
84523, 0, 6630, 15287, 13191, 3002, 41.63%, 1, 1, 3, 0.27, 1590204, 12417
84528, 0, 6638, 15287, 13186, 2997, 41.63%, 1, 1, 3, 511.56, 1592760, 12417
84533, 0, 6642, 15287, 13183, 2994, 41.63%, 1, 1, 3, 447.57, 1594999, 12417
84538, 0, 6651, 15287, 13179, 2990, 41.63%, 1, 1, 3, 481.33, 1597192, 12417
84543, 0, 6656, 15287, 13176, 2987, 41.63%, 1, 1, 3, 427.74, 1599324, 12417
84548, 0, 6661, 15287, 13172, 2983, 41.63%, 1, 1, 3, 412.82, 1601492, 12417
84733, 0, 6670, 15287, 13169, 2980, 41.63%, 1, 1, 3, 0.22, 1603524, 12417
84738, 0, 6683, 15287, 13165, 2976, 41.63%, 1, 1, 3, 416.91, 1605668, 12417
84743, 0, 6695, 15287, 13162, 2974, 41.63%, 1, 1, 3, 414.78, 1607636, 12417
84749, 0, 6710, 15287, 13158, 2970, 41.63%, 1, 1, 3, 382.15, 1609554, 12417
84754, 0, 6725, 15287, 13156, 2968, 41.63%, 1, 1, 3, 346.75, 1611307, 12417
84759, 0, 6734, 15287, 13153, 2965, 41.63%, 1, 1, 3, 341.24, 1612978, 12417
84944, 0, 6741, 15288, 13151, 2962, 41.63%, 1, 1, 3, 0.09, 1615163, 12417
84949, 0, 6747, 15288, 13148, 2959, 41.63%, 1, 1, 3, 342.87, 1616885, 12417
84954, 0, 6750, 15288, 13145, 2956, 41.63%, 1, 1, 3, 352.96, 1618709, 12417
84959, 0, 6754, 15289, 13143, 2953, 41.63%, 1, 1, 3, 412.27, 1620962, 12417
84964, 0, 6758, 15289, 13140, 2950, 41.63%, 1, 1, 3, 442.41, 1623250, 12417
84969, 0, 6764, 15289, 13136, 2946, 41.63%, 1, 1, 3, 446.14, 1625490, 12417
85154, 0, 6772, 15289, 13133, 2943, 41.63%, 1, 1, 3, 0.27, 1627538, 12417
85159, 0, 6778, 15289, 13129, 2939, 41.63%, 1, 1, 3, 420.49, 1629706, 12417
85164, 0, 6787, 15289, 13125, 2935, 41.63%, 1, 1, 3, 434.88, 1631946, 12417
85169, 0, 6790, 15289, 13122, 2932, 41.63%, 1, 1, 3, 416.00, 1633810, 12417
85174, 0, 6796, 15289, 13119, 2929, 41.63%, 1, 1, 3, 441.26, 1635938, 12417
85179, 0, 6799, 15289, 13116, 2926, 41.63%, 1, 1, 3, 370.76, 1637721, 12417
85364, 0, 6804, 15290, 13115, 2925, 41.63%, 1, 1, 3, 0.19, 1639367, 12418
85370, 0, 6815, 15290, 13111, 2921, 41.63%, 1, 1, 3, 452.56, 1641505, 12418
85375, 0, 6821, 15290, 13108, 2918, 41.63%, 1, 1, 3, 378.71, 1643518, 12418
85380, 0, 6829, 15290, 13105, 2915, 41.63%, 1, 1, 3, 345.10, 1645108, 12418
85385, 0, 6838, 15290, 13102, 2912, 41.63%, 1, 1, 3, 374.47, 1647132, 12418
85390, 0, 6843, 15290, 13099, 2909, 41.63%, 1, 1, 3, 330.75, 1648723, 12418
85575, 0, 6846, 15290, 13097, 2907, 41.63%, 1, 1, 3, 0.30, 1649977, 12418
85580, 0, 6852, 15290, 13094, 2904, 41.63%, 1, 1, 3, 339.51, 1651663, 12418
85585, 0, 6854, 15291, 13093, 2902, 41.63%, 1, 1, 3, 362.34, 1653487, 12418
85590, 0, 6856, 15291, 13091, 2900, 41.63%, 1, 1, 3, 320.35, 1655096, 12418
85595, 0, 6859, 15291, 13088, 2897, 41.63%, 1, 1, 3, 362.92, 1656900, 12418
85600, 0, 6865, 15291, 13085, 2894, 41.63%, 1, 1, 3, 348.52, 1658636, 12418
85785, 0, 6868, 15291, 13082, 2891, 41.63%, 1, 1, 3, 0.03, 1660220, 12418
85790, 0, 6871, 15291, 13080, 2889, 41.63%, 1, 1, 3, 289.15, 1661573, 12418
85795, 0, 6874, 15291, 13077, 2886, 41.63%, 1, 1, 3, 341.72, 1663364, 12418
85800, 0, 6880, 15291, 13074, 2883, 41.63%, 1, 1, 3, 359.01, 1665062, 12418
85806, 0, 6887, 15291, 13071, 2880, 41.63%, 1, 1, 3, 378.81, 1667016, 12418
85811, 0, 6895, 15291, 13068, 2877, 41.63%, 1, 1, 3, 377.92, 1668935, 12418
85996, 0, 6905, 15291, 13065, 2874, 41.63%, 1, 1, 3, 0.12, 1670756, 12418
86001, 0, 6911, 15291, 13062, 2871, 41.63%, 1, 1, 3, 338.22, 1672562, 12418
86006, 0, 6915, 15291, 13059, 2868, 41.63%, 1, 1, 3, 324.57, 1674182, 12418
86011, 0, 6927, 15291, 13056, 2865, 41.63%, 1, 1, 3, 366.00, 1676072, 12418
86016, 0, 6934, 15291, 13052, 2861, 41.63%, 1, 1, 3, 423.23, 1678304, 12418
86021, 0, 6945, 15291, 13049, 2858, 41.63%, 1, 1, 3, 404.74, 1680312, 12418
86206, 0, 6960, 15291, 13045, 2854, 41.63%, 1, 1, 3, 0.30, 1682420, 12418
86211, 0, 6973, 15291, 13042, 2851, 41.63%, 1, 1, 3, 371.94, 1684304, 12418
86216, 0, 6976, 15291, 13039, 2848, 41.63%, 1, 1, 3, 387.89, 1686286, 12418
86221, 0, 6981, 15291, 13035, 2844, 41.63%, 1, 1, 3, 478.47, 1688591, 12418
86226, 0, 6984, 15291, 13033, 2842, 41.63%, 1, 1, 3, 118.38, 1689906, 12418
86231, 0, 6989, 15291, 13029, 2838, 41.63%, 1, 1, 3, 326.85, 1691846, 12418
