0.0440139770508
0.167001008987
0.160003900528
0.206518888474
0.204966068268
0.214936971664
0.183876037598
0.191422939301
0.196733951569
0.226803779602
0.196340084076
0.177490949631
0.168370008469
0.198124170303
0.17822599411
0.182615995407
0.195591926575
0.213538885117
0.215025186539
0.198808908463
0.213011026382
0.187867164612
0.182506084442
0.263623952866
0.314813137054
0.30895113945
0.219501018524
0.218154907227
0.223562002182
0.346925020218
0.199812889099
0.00440716743469
0.00894808769226
0.00636982917786
0.0055239200592
0.00647497177124
0.00583004951477
0.00261402130127
0.00880599021912
0.00212216377258
0.00212693214417
0.0157101154327
0.0592050552368
0.215798854828
0.199305057526
0.0987858772278
0.338376998901
0.225254774094
0.163522958755
0.00263404846191
0.00919699668884
0.0525548458099
0.226500988007
0.367999076843
1.20544099808
1.01321792603
0.954960107803
0.824242830276
0.322335958481
0.302616119385
1.28318119049
1.13058996201
1.52896714211
0.0568919181824
0.371038913727
0.619501829147
0.330805063248
0.564362049103
0.57182097435
2.17442917824
0.633733987808
0.0522708892822
0.233031988144
0.0636599063873
0.252038955688
0.135818004608
0.959649085999
0.145250082016
0.270065069199
1.69779086113
1.92739415169
3.06003189087
1.91261291504
0.347230195999
0.460784196854
1.54511713982
1.6935710907
0.0272748470306
0.20018696785
1.87854790688
0.874691963196
1.31182193756
0.569114208221
0.580480098724
0.952526807785
1.20245790482
1.23875498772
0.69361114502
0.973697900772
0.979169130325
2917.00753903
1.56920099258
0.162075996399
1.00017499924
0.00417184829712
0.001305103302
0.207024097443
0.666593074799
0.428582906723
0.366842985153
0.0239701271057
0.0019838809967
1.10499787331
0.210024833679
0.816234111786
0.885911941528
0.00852298736572
0.00754308700562
3.77268099785
2.2799911499
3.77713012695
2.1802649498
0.326974153519
0.140773057938
0.218773126602
0.0541489124298
0.794206142426
0.672348976135
0.571544885635
0.387185096741
0.611294031143
0.241916894913
1.10221600533
0.849973917007
0.00288987159729
0.00129699707031
0.0046501159668
0.00830817222595
0.00699901580811
0.00921487808228
0.005774974823
0.0108630657196
0.00571799278259
0.0055251121521
1.02667307854
0.555535078049
0.14985704422
0.149339199066
0.734211921692
0.224808931351
1.17825913429
0.0109341144562
0.704791069031
0.999344110489
0.077427148819
0.0176060199738
0.925148010254
1.48721599579
1.09741997719
1.3471031189
0.0543119907379
0.0075581073761
0.530474185944
0.62920999527
0.45800113678
180.505843163
0.0619239807129
0.237786054611
0.0345759391785
0.0161368846893
0.0109269618988
0.014673948288
0.389622211456
0.414973020554
0.342901945114
0.0815908908844
0.399058818817
0.369871139526
0.120012998581
0.18163895607
3.08147883415
2.5381128788
0.840684890747
0.787820100784
0.762325048447
1.91129493713
1.71591186523
0.00694417953491
0.00474786758423
0.28525185585
1.6994509697
1.72853517532
1.73274707794
1.56443691254
1.54333806038
1.22793197632
0.750921964645
1.04685711861
1.51786708832
0.170306921005
0.0364019870758
0.959417104721
0.882286071777
1.11427521706
1.27189493179
0.810730934143
0.862591981888
0.0344071388245
0.00858020782471
0.00930976867676
0.0214738845825
0.0249938964844
0.0172140598297
1.04825496674
0.957085132599
0.247703075409
0.548501968384
0.769857168198
0.762915849686
0.16016292572
0.0305631160736
1.69109106064
1.41308403015
1.91730880737
1.16373515129
0.133958101273
0.132071018219
0.0904901027679
0.0550382137299
0.783726930618
0.731192111969
0.791863918304
0.869669914246
0.778969049454
0.790230989456
0.768213033676
0.76268196106
0.794368028641
0.771964073181
0.825942993164
0.888119935989
1.09585809708
1.0214240551
0.0069408416748
0.00570297241211
0.035964012146
0.0146510601044
1.94437885284
1.38129496574
1.38875102997
1.82314610481
1.27760195732
1.53337287903
0.0805108547211
0.0256409645081
0.0136158466339
0.00665211677551
0.0408179759979
0.108804941177
0.107077121735
0.00948691368103
0.0137500762939
0.0139651298523
1.04548001289
1.18222403526
0.936868906021
1.01700019836
0.304496049881
2.06460690498
2.1068418026
1.57231593132
1.22567105293
0.0395650863647
0.0181159973145
0.0263440608978
0.0455861091614
0.221743106842
0.117698907852
0.0181097984314
0.0147888660431
0.00986909866333
0.0295050144196
0.0336019992828
0.00664305686951
0.0121040344238
0.635099887848
0.534165859222
0.360982179642
0.105474948883
3.0347840786
2.60103487968
1.90230989456
1.9143280983
0.674591064453
0.318693876266
0.253522157669
0.167196989059
0.583641052246
0.128442049026
1.11579489708
1.02179694176
0.677388906479
0.856507062912
0.0162780284882
0.0104279518127
0.0337100028992
0.0125710964203
1.75037288666
1.16979908943
0.063266992569
0.0270321369171
0.00904297828674
0.0169680118561
0.0132219791412
0.428685903549
0.275686979294
0.603848934174
0.668501853943
0.730195999146
0.844993114471
0.27680683136
0.13213801384
0.136477947235
0.142911911011
0.304654121399
0.202532052994
0.115188121796
0.0401630401611
0.0227239131927
0.0452880859375
1.68880820274
1.68245410919
1.38622498512
0.508875846863
0.496602058411
0.563640832901
0.00674796104431
0.0156090259552
0.304866075516
2.25457286835
0.133502960205
0.176488161087
0.144680023193
0.245283126831
0.102991104126
0.279865980148
0.117831945419
0.138324975967
0.23277592659
0.200047016144
0.192944049835
0.147811174393
0.148458957672
0.200977087021
0.121755123138
0.203977823257
0.12989616394
0.18860578537
0.220932006836
0.136518001556
0.114068031311
0.192653179169
0.139242172241
0.0966989994049
0.122070074081
0.178066015244
0.117092847824
0.115112066269
0.10730099678
0.139444828033
0.176753997803
0.0967140197754
180.999470949
1.39555811882
0.556020021439
0.235162973404
0.0100951194763
0.00983810424805
0.00706601142883
0.0171580314636
1.56231307983
1.01172280312
1.70341897011
1.52137494087
1.27047204971
1.39264392853
0.0562129020691
0.0986762046814
0.688889026642
0.54612493515
0.110346078873
0.0768928527832
0.0787000656128
0.0228691101074
0.032525062561
0.0246939659119
0.0709209442139
0.185281038284
0.0260350704193
0.0274271965027
0.169330835342
0.0442659854889
0.0286118984222
0.126137018204
0.151773929596
0.0289359092712
0.130367994308
0.294636011124
0.134484052658
0.160222768784
0.138887882233
0.101928949356
0.0206270217896
0.0437469482422
0.498826980591
0.297564029694
1.16337704659
1.24865698814
0.991748809814
0.762692928314
0.0193769931793
0.00562310218811
0.00733995437622
1.30322694778
0.971397161484
181.838686943
1.18152999878
1.17506694794
1.27510094643
0.0120170116425
0.0330328941345
0.00379705429077
0.00475287437439
0.482475996017
0.164719104767
0.431806087494
0.108201980591
0.181766033173
0.181932926178
0.291625022888
0.438346147537
0.125711917877
0.0666611194611
0.0746288299561
0.0956590175629
0.00855493545532
0.0166671276093
0.0356121063232
0.020035982132
0.0194320678711
0.0144579410553
0.533625125885
0.643861055374
0.724284887314
0.660213947296
0.444365978241
0.530686855316
0.397243976593
0.250864028931
0.00785183906555
0.00382995605469
1.08235692978
0.503929853439
0.0779068470001
0.0575821399689
0.956764936447
1.40598583221
0.767519950867
0.7305560112
0.855177164078
1.19002890587
0.32248711586
0.272711992264
0.422171115875
180.518460989
0.501683950424
0.272011995316
1.28530097008
0.859838008881
0.772792100906
0.700246095657
0.0175800323486
0.0132818222046
0.00924491882324
0.06751704216
0.0338959693909
0.0425062179565
0.0501880645752
0.069228887558
0.0343940258026
0.917760133743
0.851726055145
0.0534229278564
0.00927305221558
180.568807125
0.592145204544
0.0666341781616
0.049033164978
0.0126540660858
0.00467085838318
0.257014989853
0.229063034058
0.852530956268
0.803836107254
0.00780701637268
0.012186050415
0.408951997757
0.440953969955
3.76899695396
4.05023002625
0.896978855133
0.947613954544
0.916135072708
0.897605895996
0.186474084854
0.0957789421082
0.0100088119507
0.0323131084442
0.00569796562195
0.00795197486877
0.00495886802673
0.00548410415649
1.69946813583
1.17463684082
0.0240118503571
0.124814033508
0.0746259689331
0.0101141929626
0.0181090831757
0.0582990646362
0.109531879425
0.00489282608032
0.0053858757019
0.809735059738
1.02332496643
0.91320514679
0.805284976959
0.245927095413
0.114670991898
0.0673141479492
0.0201318264008
0.0742170810699
0.0391011238098
0.421861886978
0.151551008224
0.796612024307
0.761849880219
0.0496609210968
0.061460018158
181.075907946
0.462849140167
0.0315508842468
0.0112040042877
0.384536027908
0.381268978119
0.123245000839
0.062784910202
0.049262046814
0.0118660926819
2.16224598885
1.69080209732
0.684143066406
0.181193113327
0.175217866898
0.0796689987183
0.0765900611877
0.0749170780182
0.0452530384064
1.82421922684
180.673964024
1.3854830265
1.01136898994
0.139775037766
0.0859608650208
0.156548976898
0.0866000652313
1.17827391624
1.01608395576
0.149078130722
0.0977220535278
0.0323939323425
0.0373859405518
0.0311398506165
0.0158410072327
0.0199320316315
0.0122032165527
0.0112321376801
0.0151829719543
0.106737852097
1.03007984161
1.02086901665
0.186967849731
0.171272039413
0.360244989395
0.345633029938
0.300921916962
0.548502922058
1.09383702278
1.04224586487
1.09598493576
0.506047964096
0.108480215073
0.0531539916992
0.0564138889313
0.0127580165863
0.255424976349
0.175294876099
0.17507815361
0.115287065506
0.0634050369263
0.507039070129
0.306798934937
0.373764038086
0.110471963882
0.0995509624481
0.0686948299408
0.0450520515442
0.0815050601959
0.0584740638733
0.736332893372
0.898030996323
0.903100013733
0.859838008881
0.0234949588776
0.0115461349487
1.19971704483
1.38328695297
0.852287054062
1.02320408821
0.800399065018
0.581593990326
0.0132701396942
0.0284130573273
0.954393863678
1.01887702942
1.02418804169
1.0031208992
0.913057088852
0.859912872314
3.03458595276
3.78397512436
1.38526415825
1.35663414001
0.960055828094
0.989549875259
0.176216125488
0.0557839870453
2.520870924
1.68030500412
1.18279314041
0.663748979568
1.17150092125
1.17860603333
1.37925100327
3.51805520058
0.208809137344
0.265300035477
0.0138149261475
0.0124599933624
0.0305647850037
0.0213398933411
0.34429693222
0.528556108475
0.17019200325
0.0504689216614
0.0189399719238
2.20155596733
1.49324297905
0.0138039588928
0.0120360851288
0.0349519252777
0.166985034943
0.125155925751
0.856215000153
0.89145898819
0.126873016357
0.0331950187683
0.0392367839813
0.048082113266
0.0484809875488
0.0660400390625
0.0407600402832
0.0580058097839
0.0866141319275
0.0470988750458
0.261771917343
0.0312750339508
0.117974042892
0.0728809833527
0.15370798111
0.266320943832
0.144144058228
0.0451128482819
0.0187079906464
0.0402989387512
1.39785599709
0.430125951767
2.56228995323
1.52921080589
0.0260548591614
0.711312055588
0.506040096283
0.0182020664215
0.0122320652008
181.173457861
0.00860214233398
0.648212909698
0.733126163483
0.0178959369659
0.00495100021362
0.815562963486
0.725775003433
0.0208179950714
0.0133109092712
0.00431704521179
0.00629782676697
0.903027057648
1.08953690529
0.951130151749
1.27175402641
0.903458833694
1.17708110809
180.420342207
0.0107889175415
0.0133609771729
0.014808177948
0.0103678703308
0.00843000411987
0.00950193405151
1.02153897285
0.311633825302
1.39689803123
1.16698598862
0.131129026413
0.0723261833191
0.225219011307
1.48606801033
0.0501539707184
0.0573868751526
0.0481841564178
0.00632119178772
0.00482988357544
1.02212405205
0.73340177536
0.882278203964
0.848773956299
0.0204029083252
0.00920295715332
0.487376928329
0.385339975357
0.0314040184021
0.0455510616302
0.0438268184662
0.476535081863
0.536469221115
0.00688099861145
0.00844383239746
0.0606338977814
0.0134978294373
1.18542695045
1.38257598877
0.844879865646
1.26106214523
0.489387989044
0.633200883865
0.583765983582
0.554011106491
0.717935085297
0.478926897049
1.26528000832
0.304750204086
0.281121969223
0.565866947174
0.294776916504
0.239999055862
0.341691017151
0.247653007507
0.173598766327
1.39247512817
0.898140192032
1.39347410202
0.0384998321533
0.704632997513
0.326454877853
0.560776948929
0.648116111755
0.834004878998
0.505131006241
1.52444410324
1.38616013527
0.01930809021
0.295897006989
0.0623559951782
0.0080840587616
0.0139570236206
0.00837206840515
0.164452075958
0.165864944458
0.130010128021
0.0697720050812
0.0834469795227
0.808300971985
0.95526599884
0.0362350940704
0.0220050811768
0.0140390396118
0.018828868866
1.89538812637
1.56669902802
0.0238180160522
0.0222749710083
0.530852079391
0.402752161026
0.0179750919342
0.0304820537567
0.00339984893799
0.0052490234375
0.00474786758423
1.11995577812
0.873652935028
1.38861012459
1.68201208115
181.133293152
0.773026943207
0.0100769996643
0.00735998153687
0.775260925293
0.847052097321
0.478293180466
0.124012947083
0.14141702652
2.31715297699
0.007737159729
0.00456595420837
0.440953969955
0.0895841121674
1.19335889816
1.09547305107
0.0812909603119
0.0435409545898
0.403910160065
0.282423973083
2.16105008125
1.3844139576
0.901048898697
0.691462039948
0.0806980133057
0.038036108017
0.0117440223694
0.00618100166321
0.00564098358154
0.00665998458862
0.0105259418488
0.00510787963867
0.00981116294861
0.00594878196716
0.0053858757019
0.00836396217346
0.00572609901428
0.0775380134583
1.51725101471
1.16296505928
0.481918096542
0.0725331306458
0.0928409099579
0.26277589798
1.09685206413
1.16832304001
0.0205361843109
0.0382001399994
0.00837993621826
0.0107660293579
1.39467000961
1.70274114609
0.160629034042
0.0639469623566
0.568680763245
0.241482019424
0.024267911911
0.056636095047
0.043121099472
0.0336771011353
0.0169570446014
0.0177381038666
0.691164970398
0.936766147614
0.689676046371
0.749227046967
0.968374013901
0.649291038513
0.850431919098
2.18443894386
1.69228410721
1.4181740284
1.08349394798
0.535342931747
0.617355108261
1.52846097946
1.01493215561
0.926158905029
0.499732971191
0.197222948074
0.0520470142365
0.0349390506744
0.0264267921448
0.183721065521
0.214224100113
1.20071983337
0.442049026489
0.923135995865
1.09534311295
2.16461801529
1.28296399117
1.11308884621
1.10156607628
0.00421595573425
0.00381302833557
0.0322761535645
0.0348708629608
0.011137008667
0.0150470733643
0.0131540298462
1.01763296127
1.30079102516
0.477657079697
0.596434831619
1.28756213188
0.960175991058
0.172688007355
0.254091024399
0.438107967377
0.161877155304
0.028862953186
0.0281579494476
0.0605089664459
0.0597679615021
1.18785595894
1.27060890198
0.0421230792999
0.0272719860077
1.69923186302
2.53504109383
0.0515849590302
0.0557250976562
1.89093804359
1.53380703926
0.179968833923
0.178196907043
0.860628128052
0.768268108368
0.177645206451
0.215508937836
0.101654052734
0.0145797729492
0.00178194046021
0.00571918487549
0.00462698936462
1.09544610977
0.65923500061
1.29476189613
1.4969329834
0.0205328464508
0.0105009078979
0.779670953751
0.0203130245209
0.0314328670502
1.08790588379
0.646192073822
1.29850006104
1.09711885452
0.754559993744
0.491266965866
0.0244309902191
0.0617079734802
0.0427360534668
0.532288789749
0.848502159119
1.29512286186
1.26003694534
0.0198209285736
0.0591371059418
0.145046949387
0.0796389579773
0.0155889987946
0.915995121002
1.01071000099
1.01464605331
0.940932035446
0.61104798317
0.383149147034
0.059996843338
0.147709131241
0.310058832169
0.695964097977
0.16002702713
0.2037088871
1.1071460247
1.17669701576
1.09469985962
1.17579698563
1.3991060257
0.0538039207458
0.0224578380585
0.243897914886
0.0726587772369
0.0181119441986
0.0209860801697
0.845812082291
0.653295040131
0.406708955765
0.17649102211
0.0535550117493
0.0430479049683
0.870596885681
0.897001981735
0.0259737968445
0.0599319934845
0.0560700893402
0.731724977493
0.581846952438
0.0490190982819
0.0927951335907
1.28217506409
1.27278518677
0.154253959656
0.190219163895
0.159285068512
0.242132902145
1.02396082878
0.750750780106
0.660860061646
0.788066864014
0.977746009827
1.09167003632
0.906509160995
0.849781990051
0.320770025253
0.00188994407654
1.90847706795
0.968456029892
1.38855791092
1.08210706711
1.89331197739
1.33353805542
2.17227697372
1.6879940033
0.492871046066
0.1947889328
1.28353190422
1.69162583351
1.69394183159
1.89868307114
0.00319695472717
0.00136590003967
2.1626970768
1.68053293228
0.0190060138702
0.0144970417023
0.270908117294
0.309928178787
0.0348739624023
0.01185297966
0.907979011536
1.09017276764
0.844982862473
0.96265411377
0.120718955994
0.0746400356293
1.29091000557
0.697324991226
0.986685037613
1.09671092033
1.747205019
1.02797102928
1.52672886848
1.3269598484
1.2342300415
0.209673881531
0.202476024628
1.66595721245
1.68084597588
0.13158082962
0.139688968658
0.00695180892944
0.0160839557648
0.00457692146301
0.00759792327881
0.00698900222778
0.00987696647644
0.00510907173157
0.0065860748291
0.815331935883
0.749848842621
0.77770781517
0.715542078018
0.730633020401
0.741386890411
0.470854043961
0.478586912155
0.731830120087
0.850461006165
1.27133798599
1.69776892662
0.0129749774933
0.00708293914795
1.52459907532
1.08515119553
1.26942491531
0.0555980205536
0.0304780006409
0.0126271247864
0.0299110412598
0.0584080219269
1.07823085785
1.04485702515
1.10327601433
0.0147171020508
0.00838494300842
0.0107481479645
0.0117130279541
0.579668998718
0.280539035797
0.589827060699
0.240291833878
0.252018928528
0.239637851715
0.00576782226562
0.00583600997925
0.00746393203735
0.00581693649292
0.95420384407
0.791216850281
0.436563968658
0.217667102814
0.386775970459
0.959638118744
1.02486395836
3.03643393517
1.70590806007
0.674250125885
0.578175067902
0.785211086273
0.949841022491
0.106064081192
0.116272926331
0.0671329498291
0.00815010070801
0.0552399158478
0.0255239009857
0.0321969985962
0.0288398265839
0.0136868953705
0.612716913223
0.120943069458
2.2131588459
1.28691387177
0.458848953247
0.636491060257
0.189196825027
0.175878047943
0.0126938819885
0.0520830154419
0.0181620121002
0.029098033905
0.0193619728088
0.00608897209167
0.00587511062622
0.857440948486
0.847764015198
0.188336849213
0.0743908882141
0.856289863586
0.951946020126
0.709987163544
0.761518955231
0.03227186203
0.0120680332184
0.00941395759583
0.0412561893463
0.901549100876
1.37769007683
0.0267190933228
0.020082950592
0.0426449775696
0.0240490436554
0.954654932022
1.01295995712
0.905009031296
1.13664078712
0.594875812531
0.661751031876
1.2763261795
0.799376010895
0.61436009407
0.338730812073
0.477366924286
0.119064092636
0.0303120613098
0.0269961357117
0.0250458717346
0.109260797501
0.0385019779205
0.429916143417
0.286228895187
0.139315843582
0.277695178986
0.904365062714
1.10131597519
2.17356991768
2.16576004028
1.17558002472
1.1703350544
1.54547214508
0.0103330612183
0.0100450515747
0.02672290802
0.0158059597015
1.3305978775
1.11342000961
1.27021503448
1.68642997742
0.745145082474
0.264990091324
0.220376014709
0.263496160507
1.01774287224
0.586236000061
0.367180109024
1.1888551712
1.38486194611
0.0166120529175
0.0153381824493
0.0265638828278
0.0262899398804
0.029011964798
0.377828121185
0.105990886688
1.17859601974
1.09059119225
0.0242898464203
0.0254008769989
0.0286228656769
0.0195889472961
0.0139729976654
0.0129079818726
0.328554153442
0.0597629547119
0.0522229671478
0.0114619731903
0.0759580135345
0.10626578331
0.166691064835
0.0661599636078
1.09821486473
0.842638015747
0.297811985016
0.162593126297
0.948748111725
0.911680221558
0.665040016174
0.585892915726
0.666923999786
0.893679141998
0.0851089954376
0.0729610919952
0.00691795349121
0.0183990001678
0.286069154739
0.481592178345
0.0686049461365
0.333832025528
0.0437989234924
0.0167319774628
0.517573833466
0.0582730770111
1.72133803368
1.17661094666
0.0263278484344
0.0523788928986
0.050794839859
1.39077401161
1.37859487534
0.392802000046
0.172971010208
0.146415948868
0.0887320041656
0.472362995148
0.294224977493
0.288398981094
0.266511917114
1.09101104736
0.811491012573
0.0331139564514
0.0136158466339
1.98204112053
1.03422093391
0.0416579246521
0.0544579029083
1.39783287048
1.01458191872
0.0714869499207
0.427942037582
0.0186738967896
0.00539302825928
0.491415977478
0.503941059113
0.915441036224
0.963192939758
1.54486703873
1.04501700401
0.0463399887085
0.0253710746765
1.0966629982
1.02028203011
3.03242588043
2.54423904419
391.323683023
0.467223882675
1.28748106956
0.846624851227
0.811028003693
0.330013990402
0.099946975708
0.0111789703369
0.543709039688
0.206461906433
0.0125560760498
0.00333094596863
0.534534931183
0.592761039734
0.6296479702
0.224802970886
0.0357069969177
0.00941896438599
0.00466799736023
0.00463104248047
0.0197730064392
0.0283079147339
1.05812215805
0.618762969971
0.958057880402
1.08729195595
0.513815879822
0.576845884323
1.19211912155
0.949873924255
0.243947029114
0.279863119125
0.245367050171
0.232841968536
0.274544000626
0.268206119537
0.687844991684
0.722252130508
0.702113866806
0.0487658977509
0.0300869941711
0.964745998383
181.329442024
0.00978493690491
0.0141439437866
0.0196139812469
1.68547797203
1.23847103119
0.00871300697327
0.00726819038391
1.69997787476
1.40088796616
0.84901714325
0.376051187515
0.380038022995
0.051609992981
0.700052022934
1.08994698524
1.64702415466
1.00947284698
1.3869869709
0.450607061386
0.0309529304504
0.0172238349915
0.958321094513
1.39040398598
0.890532016754
0.449122190475
1.2724070549
1.02119612694
0.110455989838
0.133462905884
0.0589809417725
0.0654540061951
0.972644090652
1.08686590195
1.27642989159
1.09158992767
0.0194389820099
0.00325298309326
0.00907397270203
0.00231218338013
0.960723161697
0.953179836273
0.00725889205933
0.00453901290894
0.573043107986
0.604460000992
0.0267608165741
0.0519440174103
0.0496768951416
0.0116012096405
0.0335988998413
1.1789419651
0.901792049408
0.0106692314148
0.0077269077301
0.905953168869
1.08431196213
1.17672300339
181.281249046
1.16894888878
0.819310903549
0.843071937561
1.18989801407
1.16922903061
1.38289213181
0.20310997963
0.0233180522919
0.216994047165
4.33931279182
0.802481174469
0.631914138794
0.395555973053
0.47359418869
0.0344491004944
0.0286939144135
0.0143420696259
0.0115659236908
0.609575033188
0.224295139313
0.0293369293213
0.04261302948
0.358066082001
0.0737450122833
0.0355222225189
0.0505239963531
1.55061006546
0.955374002457
0.0081307888031
0.0114629268646
0.471784114838
0.463915109634
0.0085620880127
0.0144820213318
0.202944040298
0.105504989624
0.351263999939
0.210001945496
0.463514089584
180.571799994
0.362478971481
0.29342007637
0.0158889293671
0.00618290901184
0.800379991531
0.459944963455
0.0083749294281
0.00470590591431
0.00355696678162
0.00445199012756
0.0116839408875
0.0187220573425
0.00468015670776
0.00431394577026
0.0137541294098
0.963859796524
0.918267011642
0.0873391628265
0.0113749504089
0.0146510601044
0.0283010005951
0.0280299186707
0.0144250392914
0.69372010231
0.850579977036
180.516215086
0.885987043381
0.0878250598907
0.0758531093597
0.45419883728
0.248621940613
0.115648984909
0.124176979065
1.16720199585
0.959386825562
0.00268602371216
0.00140690803528
1.38490891457
1.38200807571
0.00135803222656
1.26575112343
1.16837286949
0.055878162384
0.197503089905
0.698477983475
1.0068230629
1.03895115852
1.09054589272
0.0154321193695
0.00796914100647
0.0061399936676
0.0094358921051
1.52909493446
1.3944940567
0.00552916526794
0.00679111480713
0.00555300712585
0.0073390007019
0.712229013443
0.636198043823
0.179433107376
0.0615170001984
0.0775470733643
0.151427984238
0.125286817551
0.121994018555
0.0860989093781
0.0858449935913
0.0632848739624
0.0611000061035
2284.23635483
0.110918998718
1.39192986488
1.02134203911
0.0310568809509
0.00546884536743
0.0150790214539
0.0252289772034
0.0218331813812
3.03718400002
2.15891504288
0.431571006775
0.297295093536
0.0345628261566
0.0557889938354
1.68818593025
1.05593395233
0.34849691391
0.141976118088
0.711941957474
0.282840013504
0.239969968796
0.376998901367
0.692717075348
0.535385131836
0.0949950218201
0.0493979454041
0.00888991355896
0.00921511650085
0.046581029892
0.0487389564514
0.134068965912
0.0568809509277
0.52281498909
0.214416980743
0.262585878372
0.126501083374
0.00191116333008
0.0175650119781
0.0215640068054
0.963695049286
0.799741029739
0.0125789642334
0.00475597381592
0.0269079208374
0.0444469451904
0.0433900356293
0.0027220249176
0.00172996520996
0.017884016037
0.0173699855804
0.00749397277832
0.014111995697
1.03267908096
0.725959062576
0.886539936066
0.0090320110321
0.00833606719971
0.0078558921814
0.010990858078
0.00645017623901
0.00824093818665
0.00992703437805
0.00709199905396
0.00583505630493
0.00626277923584
0.00652694702148
0.00716996192932
0.00604200363159
0.00738191604614
0.0075740814209
0.00634598731995
0.138828992844
0.0184671878815
1.03675079346
0.80708193779
0.0149071216583
0.00689911842346
1.54398202896
1.01513504982
0.156597852707
0.0874719619751
1.09507703781
0.761063098907
0.00767397880554
0.0106360912323
0.0142240524292
0.0135049819946
0.0356030464172
0.0131502151489
0.00589609146118
0.00501704216003
1.09181714058
1.67807793617
0.899307012558
0.7650411129
1.01359701157
0.291427135468
0.475286006927
0.00854086875916
0.0101799964905
0.010155916214
0.00839710235596
0.0084080696106
0.107741117477
0.0552530288696
0.00812792778015
0.0143859386444
0.00828909873962
0.00931906700134
0.00842690467834
0.601394176483
0.182867050171
0.00588011741638
0.00472688674927
0.906590938568
1.09618091583
0.0265109539032
0.0111768245697
1.42456388474
0.482033014297
0.0619699954987
0.00448298454285
0.39035320282
0.0504150390625
0.727747917175
0.911682844162
0.80126786232
0.85384106636
0.0104100704193
0.0182428359985
0.0628430843353
0.0151197910309
0.962598085403
0.949167966843
0.547188997269
0.259542226791
0.899173021317
0.950401067734
0.46398806572
0.511634111404
0.702279090881
0.0095591545105
0.00834608078003
0.0102279186249
0.012069940567
0.0145921707153
0.0135140419006
0.0118081569672
0.0138909816742
0.526481866837
180.388067961
0.437206029892
0.175788879395
0.257001876831
0.194164037704
0.0248289108276
0.0301887989044
0.668575048447
0.66225194931
0.958060979843
0.80304312706
1.28734612465
1.3731610775
1.27266907692
1.26931500435
0.525479078293
0.625450134277
0.73681306839
0.857268095016
0.087739944458
0.318883895874
0.187251091003
1.17361998558
1.68242383003
0.056079864502
0.0245950222015
0.0123219490051
0.0750951766968
0.101248979568
0.00964283943176
0.00884890556335
1.5273900032
1.09488987923
0.0169529914856
0.00654983520508
0.378895044327
0.195024967194
0.733623981476
0.644243001938
0.737838983536
0.766277074814
0.668148040771
1.39499187469
0.021125793457
0.0383570194244
0.0353269577026
0.96534705162
1.15536212921
1.71021509171
1.37527394295
0.671159029007
0.666884183884
0.164370059967
0.0703890323639
0.0250699520111
0.116507053375
0.13641500473
0.594478130341
0.347949981689
0.00952196121216
0.021388053894
0.102651834488
0.11386013031
0.0346748828888
0.0453610420227
0.00821495056152
0.00982093811035
0.596782922745
0.0759589672089
0.0304009914398
0.0078661441803
0.180144071579
0.0574178695679
0.672965049744
0.276619911194
0.239831924438
0.298846006393
1.41825199127
0.958059072495
0.00903987884521
0.0130870342255
0.012218952179
0.0258181095123
0.00573897361755
0.705475091934
0.741256952286
1.02008080482
0.873918056488
0.00746917724609
0.0399839878082
0.00774097442627
0.0171191692352
1.69252705574
1.27023005486
1.68903112411
1.58415412903
1.92377495766
1.08596682549
1.33855390549
0.728754997253
0.00497007369995
0.0145268440247
0.686304807663
0.663976192474
0.704061031342
2.53179478645
1.22072100639
0.959234952927
2284.10678101
0.0201199054718
0.00810384750366
1.1703119278
0.995963096619
0.842900037766
0.268517971039
2.52835083008
1.59340381622
0.25165104866
0.166522026062
3.64834690094
3.39662313461
1.16724705696
181.126832962
0.0494329929352
0.0141201019287
0.0342080593109
0.0369479656219
1.90567207336
3.034085989
0.0857589244843
0.0707149505615
0.400107860565
0.262447834015
0.900737047195
0.950115919113
0.698221921921
0.900454998016
0.00154900550842
1.69150781631
1.08764505386
0.0413248538971
0.0322408676147
0.37882399559
180.386213064
1.11429405212
1.26603102684
1.26930999756
1.16879606247
1.37684011459
0.150970935822
0.106135845184
0.515116930008
0.578737020493
0.151872158051
0.047385931015
0.611502885818
0.477400064468
0.011204957962
0.0164229869843
0.00334692001343
0.0040979385376
1.27486300468
1.4762430191
0.295446872711
0.181802034378
0.720707893372
0.335958957672
0.0301778316498
0.0118360519409
0.0789811611176
0.0111639499664
0.855144023895
1.05004811287
1.17495989799
1.17203903198
0.0121810436249
0.010883808136
0.0344598293304
0.0136640071869
0.0215659141541
0.0232589244843
0.00841617584229
0.00737285614014
0.102650880814
1.41024804115
0.810693979263
0.131506204605
0.0774381160736
0.505301952362
0.227988004684
181.004286766
0.809169054031
3.01744699478
2.52378892899
0.548856973648
0.684432029724
0.123558998108
0.0606408119202
0.0103800296783
0.00723910331726
1.18321490288
0.897632837296
0.134151935577
0.118541955948
0.0189251899719
0.00664401054382
2.53025388718
0.826120853424
0.205471038818
0.00630784034729
1.7135848999
0.60400390625
0.0108449459076
0.0306270122528
0.00712203979492
0.00875020027161
1.2044172287
0.500126123428
0.915447950363
1.17032885551
1.1779999733
1.1788520813
1.09254980087
1.16834712029
1.27710413933
0.810490131378
0.453830003738
0.3244099617
0.0236451625824
0.0360291004181
0.0376150608063
0.418106079102
0.246263027191
0.961869955063
0.856596946716
1.53809404373
1.39127206802
0.0540838241577
0.109761953354
0.00751209259033
0.00743079185486
0.00723600387573
0.00792503356934
0.0132200717926
0.0118839740753
0.0600311756134
0.0393080711365
0.956300973892
1.08338904381
0.00662398338318
0.00490188598633
0.176285982132
0.0132699012756
0.146519899368
1.09303092957
1.18728280067
1.09969496727
0.699674844742
0.802124023438
0.244932889938
0.206296205521
0.77728509903
0.587923049927
0.698590993881
0.165101051331
3.77710485458
1.53049111366
0.00865387916565
0.0121469497681
0.802860021591
0.516263961792
0.00896596908569
0.0123760700226
0.278469085693
0.145584106445
180.553817034
1.38279604912
0.984752893448
0.806872844696
1.38699603081
1.26410007477
0.848066091537
1.16549682617
0.0396258831024
0.0361261367798
0.860821962357
0.760197877884
1.28092718124
1.25913095474
0.856876850128
0.809205055237
0.963141918182
1.01601791382
0.00807309150696
0.00704216957092
0.736033916473
0.494087934494
1.26804089546
1.08525419235
1.5441391468
1.09350895882
0.103136062622
0.0198509693146
0.675396203995
0.661316871643
0.17294883728
0.00792407989502
0.00816488265991
0.084098815918
0.0185868740082
0.0615620613098
0.0355768203735
0.00850605964661
0.00651216506958
0.812461853027
1.01327419281
1.70279383659
1.39056921005
0.0214700698853
0.0275270938873
0.380648136139
0.422950983047
0.0200281143188
0.0144469738007
0.0191121101379
0.0111739635468
0.0824270248413
0.0772068500519
0.0351481437683
0.00660395622253
0.0107049942017
0.00828695297241
1.01513791084
0.702028036118
0.899750947952
1.01257205009
0.0626740455627
0.0347380638123
0.244642019272
0.159605979919
0.0620319843292
0.182522058487
0.185343980789
0.12998008728
0.123150110245
0.100041151047
0.0778360366821
1.28315401077
1.01479387283
0.828551054001
0.4000852108
0.0207200050354
0.0172319412231
0.00811696052551
0.00792288780212
1.68980097771
1.39115285873
0.0856049060822
0.0823888778687
0.894224882126
0.804217100143
0.1326379776
0.0814340114594
0.195472002029
0.118973970413
1.15256094933
1.7521109581
0.908229827881
0.895038843155
0.698812961578
0.643311977386
0.77535200119
0.83970618248
0.0241639614105
0.0322721004486
0.138581037521
0.0281970500946
1.68344902992
0.716799020767
0.610647916794
0.5290620327
1.38846111298
1.2626080513
0.502332925797
0.494232177734
0.117397069931
0.970791816711
0.846405982971
0.0795660018921
0.0718369483948
0.14496588707
0.0470237731934
2.52678203583
2.40711307526
0.00564789772034
0.00861787796021
0.165683031082
0.116857051849
0.118640184402
1.28566479683
1.1758749485
0.961621046066
0.892012119293
0.950305938721
0.0166659355164
0.00494384765625
0.0368249416351
0.0331590175629
0.899688005447
1.02218294144
0.0082848072052
0.00841593742371
0.760960817337
0.273723125458
0.482440948486
0.246320962906
0.0818088054657
0.0426490306854
0.0772271156311
0.0212941169739
0.0655391216278
0.406523942947
0.306621074677
0.0152711868286
0.106371879578
0.092700958252
0.647042989731
0.679074048996
0.63286113739
1.09691500664
1.17501211166
0.433875083923
0.431344032288
0.804543972015
0.230559825897
0.0821061134338
0.0795080661774
0.243173122406
0.0963678359985
1.52074885368
0.565751075745
0.0136590003967
0.0123171806335
0.59677195549
0.672410011292
1.02139902115
1.26978206635
0.301864862442
0.154467105865
0.436271190643
0.155462026596
0.577813148499
0.608327865601
0.427852153778
0.303827047348
181.827970982
1.90152692795
0.0189559459686
0.00800013542175
0.89949297905
0.829061985016
1.53007006645
0.951652050018
0.0122640132904
0.0680549144745
1.3729031086
0.416062116623
0.265320062637
0.0688161849976
1.28389286995
0.457257986069
2.52966117859
2.52036809921
0.18067908287
0.0674340724945
0.00279903411865
0.00138282775879
0.0189669132233
0.0215058326721
180.327959061
1.01661086082
0.893327951431
0.00797200202942
0.00293684005737
0.694912910461
0.609782218933
0.68790602684
0.225714206696
0.0367109775543
0.0751459598541
0.219189882278
0.0418860912323
0.698897123337
0.891222000122
0.0505139827728
0.0170419216156
0.0121810436249
0.0108771324158
0.00536608695984
3.0313539505
2.1641600132
2.53085613251
182.155846119
0.133571863174
0.0449869632721
2.53026795387
1.89359712601
1.27276015282
1.17523288727
1.16729903221
1.08731293678
0.0299439430237
0.0207190513611
0.223362922668
0.0600471496582
0.0556969642639
0.0365190505981
0.00696396827698
0.0180640220642
0.025741815567
0.0487811565399
0.0208768844604
0.954169988632
0.617041110992
0.951845884323
0.142651081085
1.70219111443
180.847377062
1.02320289612
0.895048141479
0.0025417804718
0.0013599395752
0.358989953995
0.228318929672
1.71301698685
1.89750504494
0.758244037628
0.289750099182
0.0391969680786
0.0241611003876
0.0525660514832
0.09898686409
0.00574493408203
0.00704479217529
0.818307876587
1.02025985718
0.0202689170837
0.0115399360657
0.0111510753632
0.0114178657532
0.0110189914703
0.804481983185
0.900213003159
0.737655878067
0.368307113647
180.631768942
1.3918068409
0.765333890915
0.902018070221
0.0117239952087
0.0107100009918
0.156628131866
0.026398897171
0.0138440132141
0.0111899375916
0.0360541343689
0.0271768569946
0.548402070999
0.343391895294
1.27490901947
1.26842403412
0.0222609043121
0.0484688282013
0.0615620613098
2.51599907875
2.15754699707
1.09104990959
1.08085417747
1.95425081253
0.316603183746
0.415412902832
0.145102024078
0.0339641571045
0.0128281116486
0.812000989914
0.902464866638
0.268891096115
0.16566491127
0.202816963196
0.139897108078
1.27617096901
1.61055493355
0.182011127472
0.077495098114
0.03005194664
0.015349149704
1.17728590965
0.894963979721
0.284755945206
0.252332925797
0.0501139163971
0.00921416282654
0.120674133301
0.0374181270599
0.968394041061
0.676054954529
0.0993959903717
0.0378189086914
0.00376892089844
0.00555014610291
1.17754793167
1.02259397507
0.139747142792
0.0357069969177
0.847630977631
0.82294511795
0.533452033997
0.114489078522
0.565048933029
0.153424978256
0.0123178958893
0.00775289535522
0.0222170352936
0.0141220092773
0.36341714859
0.203099012375
0.111661911011
0.0366249084473
0.00677299499512
0.033271074295
0.673629045486
0.273155927658
0.0039370059967
0.00411820411682
0.00327610969543
0.00236701965332
0.0711510181427
0.0628991127014
0.480487108231
0.137400865555
0.00478601455688
0.00460505485535
0.0227749347687
0.045520067215
0.0423350334167
1.90623998642
1.16279697418
0.0657250881195
0.0136728286743
0.0228519439697
0.00950288772583
0.0382878780365
0.0114269256592
1.88836312294
1.51337599754
0.726060152054
0.154356956482
0.323591947556
0.363205909729
0.0343987941742
0.0129580497742
0.868237018585
180.490353823
1.09734988213
0.967834949493
0.0165638923645
0.00760197639465
0.0949521064758
0.144598007202
0.0583989620209
1.09244418144
1.33823895454
1.084597826
0.858657836914
0.216958999634
1.42558908463
1.37837314606
0.855247974396
0.480157136917
0.292652845383
0.401794910431
0.764819860458
0.43781208992
0.0994830131531
0.0558450222015
2043.42019582
0.957672119141
0.80966091156
1.02255892754
0.807281970978
0.959472894669
0.173304080963
0.0338070392609
0.0668740272522
0.0213549137115
0.00786399841309
0.00417995452881
0.0104231834412
0.00412893295288
1.0204770565
1.08430719376
0.677055835724
0.28662109375
0.301830053329
0.206217050552
0.00438809394836
0.00322985649109
0.0410208702087
0.0271279811859
0.774549007416
0.902484893799
0.195508003235
0.106447935104
0.00380706787109
0.00317311286926
0.00291109085083
0.0053551197052
0.0160570144653
0.0127110481262
0.331262111664
0.175658941269
0.672083854675
1.05086803436
0.0382661819458
0.0234658718109
0.0139241218567
0.0117638111115
2.17002797127
0.318709850311
0.0140450000763
1.1741540432
0.955539941788
0.699982881546
0.53352189064
0.769073009491
0.952440023422
0.00831413269043
0.0148940086365
1.51733994484
0.680267095566
0.00261402130127
0.00127792358398
0.529855012894
0.381371021271
0.279195070267
0.0957190990448
0.00434994697571
0.00517392158508
0.00330400466919
0.00415992736816
0.022931098938
0.00599908828735
0.0278768539429
0.0207281112671
0.0028510093689
0.00492811203003
0.548310995102
0.247503995895
1.09149599075
1.31538295746
1.18259000778
0.890491962433
0.161931991577
0.136003017426
2.18052387238
1.91416287422
0.0130989551544
0.00556898117065
0.0927121639252
0.0320990085602
0.292737007141
0.0196130275726
0.00936698913574
0.00526595115662
1.09871101379
1.01468396187
0.162794113159
0.0881559848785
1.17483997345
1.16549396515
1.28617596626
1.38190293312
1.27233695984
1.25955700874
0.00879001617432
0.00701689720154
0.0112872123718
0.00705409049988
0.295148134232
0.226335048676
0.395128965378
0.392688989639
1.01616621017
1.09505605698
0.00545287132263
0.0052649974823
0.0623509883881
0.0184671878815
0.153272867203
0.0417408943176
0.14830994606
0.065896987915
1.38078403473
1.17583203316
1.49780797958
1.97605895996
1.37610697746
0.23189997673
0.134518146515
0.0190749168396
0.0215520858765
0.556360960007
0.344996929169
0.430788993835
0.269391059875
1.91094303131
0.847723007202
0.0137012004852
0.00497007369995
0.223122119904
0.363224983215
0.171713113785
0.10090303421
1.01704192162
0.845290184021
0.929295063019
0.839818954468
1.17639613152
1.08214712143
0.731290817261
0.589830875397
0.826849937439
0.367383956909
1.09743714333
1.0917339325
0.0093719959259
0.0270209312439
0.896270990372
180.538755894
0.860466003418
1.0173099041
0.0028350353241
0.00134587287903
0.64883518219
0.508275032043
0.0411109924316
0.0200710296631
0.654726028442
0.168667078018
1.92891192436
1.27013301849
0.0388550758362
0.00870490074158
1.38516807556
1.27073192596
0.0272448062897
0.0704782009125
0.0266020298004
1.90771198273
2.09452199936
1.09928393364
180.90589118
0.197351932526
0.103114843369
0.668910980225
0.899257898331
0.0572481155396
0.0312840938568
1.27574205399
1.38957715034
0.332977056503
0.26186299324
1.88211989403
1.85409116745
0.0470631122589
0.0501301288605
0.0711030960083
0.0361020565033
1.26706886292
1.08794593811
0.157507181168
0.0951969623566
0.050498008728
0.0730049610138
0.0192270278931
0.0221071243286
0.384562969208
0.281144857407
0.148849964142
0.2407579422
1.01494002342
1.2124838829
0.206643104553
0.0090548992157
0.648345947266
0.320775985718
0.0577411651611
0.0574190616608
0.00628590583801
0.00385499000549
1.89636301994
0.711930990219
0.00416493415833
0.00547218322754
0.565818071365
0.406841993332
0.00959300994873
0.0133140087128
0.0321462154388
0.0244140625
0.536888122559
0.662214994431
0.113010168076
0.0934410095215
0.351505994797
0.40048289299
0.0516169071198
0.0556561946869
1.89128398895
1.51400113106
1.27326989174
1.01774597168
0.0236821174622
0.0295839309692
0.712633132935
0.482704877853
1.53833198547
1.51528000832
1.37918305397
1.70186901093
0.00638580322266
0.00709891319275
0.227385997772
0.18235707283
0.014778137207
0.0160620212555
0.0934498310089
0.0084388256073
3.77148294449
1.37029910088
1.09876894951
1.08676791191
1.10048699379
1.08964800835
0.328766822815
0.688138008118
0.268947839737
0.680994033813
0.223961830139
0.161654949188
0.160008192062
0.277339935303
0.176428079605
0.153064012527
0.146611213684
0.428520917892
0.318652153015
0.293349027634
0.389070987701
0.306522846222
3.0359108448
1.69896411896
0.00580811500549
0.0103399753571
0.00723600387573
0.00912499427795
0.368354082108
0.0356740951538
1.3942220211
0.932394981384
1.27181100845
1.15335583687
0.00241899490356
0.00128793716431
0.00919198989868
0.0428881645203
1.19000816345
1.17244386673
0.0451338291168
0.0189869403839
0.190274953842
0.0934238433838
0.0109031200409
180.706029892
0.465102910995
0.226804971695
0.0976700782776
0.136216163635
0.153496026993
3.71492695808
2.47332906723
0.682364940643
0.0289289951324
0.494541883469
0.485402107239
0.114278078079
0.0170409679413
0.0196850299835
0.0802209377289
0.0110177993774
0.0270230770111
0.0228011608124
0.808986902237
0.726042032242
0.754288911819
0.549009084702
0.854048967361
180.314298868
0.0156629085541
0.019996881485
1.01943612099
0.898219108582
0.568466901779
0.672788858414
1.09944009781
0.951953887939
3.77034378052
1.79053616524
0.0203559398651
0.0357320308685
0.0372321605682
0.0213191509247
0.00192499160767
0.0144510269165
0.0278851985931
0.0154509544373
0.092118024826
0.0103368759155
3.78168201447
180.776398897
0.216795921326
0.0486719608307
2.15850520134
2.38820695877
1.01123094559
1.01499819756
0.00448298454285
0.00324892997742
1.53312206268
1.27096605301
0.0342128276825
0.0139708518982
0.134755849838
0.0366740226746
1.52518105507
1.17493700981
0.0171830654144
0.0256719589233
0.105130195618
0.0298240184784
0.0240550041199
0.00355505943298
0.0328590869904
0.0106952190399
1.16915798187
0.957054138184
0.00561189651489
0.0969710350037
0.25034403801
0.423590898514
0.95693397522
0.719253063202
0.467862844467
0.367314815521
0.884012937546
0.437782049179
1.22571206093
0.148986816406
0.0281360149384
0.0254080295563
0.00516891479492
0.00310897827148
1.6599009037
0.413647890091
0.701375007629
0.958950042725
0.00911593437195
0.0101459026337
0.107795000076
0.00984787940979
3.02535104752
1.90313792229
0.979038000107
0.695909976959
0.0444710254669
0.0107619762421
0.701462984085
0.895640134811
1.27899813652
2.18477797508
0.848849058151
0.476755142212
0.380270004272
0.0201869010925
0.68353509903
0.266550064087
0.898463010788
0.693725824356
0.0882639884949
0.0801219940186
1.10157799721
1.07701182365
0.736619949341
0.8010430336
1.39185285568
1.05738306046
0.51046204567
0.29586315155
0.797543048859
0.780949115753
0.947510004044
1.2341439724
0.415163993835
0.521322011948
0.195634126663
0.0860149860382
3.78378391266
1.89192700386
0.765789031982
0.768026828766
0.427112102509
0.46382689476
0.848164081573
1.16076207161
0.0302879810333
0.0130069255829
0.957171201706
1.1476931572
0.494392871857
0.135510921478
1.04872703552
0.959120035172
0.127830028534
0.0486810207367
1.39051198959
1.39375591278
1.9167509079
1.17005300522
0.0268330574036
0.0264439582825
0.859110832214
1.02454209328
0.572816848755
0.419321060181
1.27455997467
0.896122932434
0.845144987106
0.728359937668
1.02079606056
0.535415887833
0.177982807159
0.223232984543
0.00446915626526
0.120632886887
0.727469921112
0.850600004196
0.0126090049744
0.0104568004608
2.52285885811
1.67619514465
92.6755340099
1.64246892929
0.00934481620789
0.00602602958679
0.0572261810303
0.0391521453857
0.850554943085
0.614983081818
0.271211147308
0.206071853638
0.529499053955
0.142063140869
0.0245990753174
0.0278210639954
0.00283479690552
0.00130009651184
1.51803708076
0.950776815414
0.543529987335
0.101006031036
0.109086990356
0.550411939621
0.454903125763
0.434314966202
0.0452091693878
0.0130281448364
0.450860023499
0.181106090546
0.00369501113892
0.00381803512573
2.16784501076
2.0981259346
0.956132173538
0.893178939819
0.543329000473
0.318893909454
0.277148008347
0.30148100853
0.859664201736
1.27226185799
1.01927685738
1.26883411407
0.0340068340302
0.0154118537903
1.38617491722
1.35482692719
0.0129420757294
0.0232310295105
0.0219280719757
1.13621592522
1.17082715034
0.0490889549255
0.0112929344177
0.571969032288
0.125262975693
0.118204116821
0.0384879112244
0.0509550571442
0.0448491573334
0.00809788703918
0.0116438865662
0.0114130973816
0.02268409729
0.0194621086121
0.146045207977
0.115223884583
0.195749044418
0.178557157516
1.52251791954
180.969090939
0.595211982727
0.177676916122
0.689661979675
0.361310958862
0.00769996643066
0.0271039009094
0.528795957565
0.441814899445
0.151838064194
0.0820820331573
0.043319940567
0.0596919059753
0.0134589672089
0.0308399200439
0.0419399738312
0.0504100322723
0.0213050842285
1.3158249855
0.414658069611
0.516824960709
0.971366882324
1.17276597023
0.759220838547
0.06281208992
0.0437791347504
0.126410007477
0.199455976486
0.296907186508
1.14418387413
0.961838960648
1.01810908318
0.763136148453
0.00542807579041
0.00523090362549
0.805948972702
1.37940406799
0.00499081611633
0.00577306747437
1.02647304535
0.451239824295
1.09668302536
1.26463699341
0.270564079285
0.13223195076
2.16511178017
2.15777683258
1.27113890648
0.978554964066
0.0189409255981
0.00546908378601
0.00173783302307
1.70470714569
1.16744089127
0.764122962952
0.76105093956
0.73256111145
0.137149810791
1.16941094398
0.491487026215
0.500082015991
0.432974100113
0.0598509311676
0.05189204216
0.673136949539
0.568588018417
0.900903940201
0.840746879578
0.780342102051
0.64310503006
0.03737616539
0.0135259628296
0.765823125839
0.392892837524
0.0843088626862
0.911108970642
0.349527835846
0.0694220066071
0.117835044861
1.08744812012
1.51471710205
0.357172012329
0.365746974945
0.0422508716583
0.0263211727142
0.00918102264404
0.00368118286133
0.00482988357544
0.00437211990356
1.10482501984
0.636875867844
0.00839304924011
0.0222051143646
0.00255703926086
0.00156712532043
0.115287065506
0.0298271179199
0.727073907852
0.0865089893341
180.527948856
0.175591945648
1.89304709435
1.45833611488
0.142650842667
0.159696102142
0.044243812561
0.00907707214355
0.0066339969635
0.00304794311523
0.314877033234
0.106001853943
0.139052867889
0.00897216796875
0.954572916031
0.919416904449
0.0747969150543
0.0258700847626
0.0125980377197
0.018177986145
0.032527923584
0.0448818206787
0.261463880539
0.0540399551392
0.0429449081421
0.0174880027771
0.699802875519
0.848031044006
0.0230178833008
0.0419068336487
0.0419569015503
0.898907184601
0.895457983017
0.0555860996246
0.0522880554199
0.852926015854
0.747985124588
0.664791107178
0.643448114395
0.628802061081
0.4797539711
0.226529121399
1.01462101936
0.91018819809
1.09044408798
0.901398181915
0.0976021289825
0.0453610420227
2.17068600655
181.911918879
1.26896214485
1.37992787361
1.69352006912
1.26113009453
0.473684072495
0.142374992371
1.48207187653
1.31431913376
2.18928408623
1.51987504959
0.00329804420471
0.00175499916077
1.26876211166
1.15999603271
0.00966382026672
0.012528181076
0.00726008415222
0.00539302825928
0.207618951797
0.0184009075165
0.668143987656
0.659324884415
0.661630153656
0.41329908371
0.0806310176849
0.0135300159454
0.023453950882
0.0243649482727
0.306872844696
0.160640954971
1.39709305763
1.09618592262
2.17787194252
1.2633190155
0.0447378158569
0.0182678699493
0.899371147156
0.609819889069
0.388364076614
0.0894739627838
0.00743985176086
0.00369000434875
0.0224740505219
0.0100500583649
0.0374941825867
0.0811898708344
0.0315880775452
0.0446999073029
0.00608110427856
0.00346493721008
0.223074197769
0.196494102478
0.764518976212
0.38486289978
1.18061995506
1.37818217278
0.0276789665222
0.0301818847656
0.0183260440826
0.0143661499023
0.355169057846
0.0260779857635
0.00978994369507
0.00783109664917
1.02896904945
0.793736934662
0.243923902512
0.145706892014
0.0255441665649
0.0194721221924
0.00766897201538
0.0247769355774
0.010498046875
0.0107460021973
0.00976395606995
0.0128600597382
0.0356640815735
0.0420770645142
0.00731682777405
0.0125260353088
1.17126393318
0.920661211014
1.09700393677
1.16946792603
0.805345058441
0.83019900322
0.356761932373
0.345545768738
0.0261929035187
0.0426750183105
1.38456702232
0.953721046448
0.193296909332
0.0225548744202
0.0485980510712
0.04168009758
0.860413074493
0.611858844757
1.52316784859
1.37544894218
1.17764186859
1.10447192192
0.00294494628906
0.00146722793579
0.0226540565491
0.0047299861908
0.0178570747375
0.00947284698486
1.9372549057
1.08744192123
0.538170814514
0.423189163208
0.379292964935
0.207384824753
0.0180687904358
0.0152118206024
0.2723300457
0.0895261764526
0.0121760368347
2.17364215851
1.68133807182
0.654992103577
0.430055141449
0.880068063736
0.22145318985
1.26948523521
0.997961044312
0.0419180393219
0.067911863327
0.0586349964142
0.205632209778
0.160149097443
0.16838312149
0.249193906784
0.077544927597
0.0655918121338
1.38698101044
1.08785796165
0.0346529483795
0.044487953186
1.09138894081
0.951564073563
0.0197920799255
0.0109069347382
0.506015062332
0.221126079559
2.51936602592
1.27180886269
0.0208120346069
0.0104789733887
0.169200897217
0.165083885193
0.0144169330597
0.0113279819489
0.00529599189758
0.00377702713013
0.0238149166107
0.0146200656891
0.0169751644135
0.00637483596802
0.175696134567
0.165062904358
0.00775480270386
0.00701594352722
3.02416586876
2.16813898087
0.226833105087
0.136184930801
1.90153813362
0.0117290019989
0.00479006767273
0.00874590873718
0.00483107566833
0.451315164566
0.282725811005
1.89446592331
0.719946861267
0.168078899384
0.029088973999
1.69314002991
1.16459584236
1.17271709442
1.0842218399
0.849889039993
0.734040021896
0.46697306633
0.197709083557
1.70654392242
0.990716934204
3.01754188538
2.83717298508
0.123234987259
0.0751049518585
0.00438714027405
0.0034511089325
0.43532204628
0.15399813652
0.0151829719543
0.00898194313049
0.731893062592
0.576248168945
1.90095281601
1.3849170208
0.0143978595734
0.0779850482941
0.0237019062042
0.0777728557587
0.0131249427795
0.031919002533
0.0203101634979
0.00163006782532
0.00144004821777
1.90010809898
1.69139289856
2.52869415283
1.69131779671
1.6871201992
1.8999350071
2.51953005791
0.735893964767
0.636600971222
0.879463195801
0.333513975143
0.977772951126
0.727055072784
0.992879867554
0.183840036392
0.375235080719
0.934173107147
0.712213039398
0.897576093674
0.776115894318
1.53549408913
0.24444103241
0.80065703392
0.351689815521
1.46793007851
0.575943946838
0.653622865677
0.595013141632
0.897847890854
1.09021401405
0.212939023972
0.0844140052795
0.26357293129
0.107583999634
1.2770318985
1.09762787819
0.182916879654
0.26980805397
1.75281310081
1.00561690331
1.70055794716
1.26625394821
0.299674034119
0.0651590824127
0.291495084763
0.80353808403
1.02681493759
0.00790810585022
0.00425887107849
1.68592000008
1.6968331337
0.73326587677
0.665638923645
2.52625012398
3.01910400391
0.0121219158173
0.0070641040802
0.00625586509705
1.52653694153
1.38893890381
0.905503988266
0.627470016479
1.0474460125
0.655241966248
0.900439023972
0.720597028732
1.32063603401
1.57263493538
1.09287691116
1.08562994003
0.0744891166687
0.0682010650635
1.69695591927
1.01739192009
1.09789896011
0.483217000961
1.2723839283
1.68084311485
0.024719953537
0.0150849819183
0.157705783844
0.106697797775
0.122950077057
0.0783598423004
182.358319044
1.35193800926
0.512652158737
0.218472003937
0.326339006424
0.157278060913
2.53398394585
3.03328800201
0.647996902466
0.437465906143
0.140688896179
0.124946117401
1.18741297722
1.08843588829
0.855947971344
0.419986963272
1.27372002602
1.43621206284
0.725561141968
0.729410886765
1.09855008125
1.3834900856
0.0127608776093
0.0163340568542
1.5169210434
1.17309689522
0.802388906479
1.01008987427
0.853507041931
0.690505027771
0.899016141891
0.85720705986
1.38163614273
1.36738395691
0.434118032455
0.237725019455
0.527215003967
0.412209033966
180.511733055
1.3949098587
1.51288795471
1.49733686447
0.102163791656
0.0430841445923
0.0284631252289
0.0136058330536
0.00868797302246
0.0152490139008
0.274464130402
0.175835132599
0.902460098267
0.786853075027
0.87800693512
0.530759096146
0.361363887787
0.21357178688
0.165577173233
0.0688059329987
3.01724100113
2.1651802063
0.00574803352356
0.00446009635925
0.419281959534
0.266115903854
0.00777888298035
0.00630617141724
0.832053899765
0.355015993118
0.00630307197571
0.0129721164703
0.567849159241
0.553151130676
1.391685009
1.38418316841
0.294143915176
0.112205028534
1.68654179573
0.936677932739
0.512739896774
0.358145952225
0.772363185883
0.472942113876
1.5238571167
180.352802038
0.637798070908
1.20372009277
1.09933209419
0.930840969086
0.366049051285
0.0598959922791
0.699767112732
0.532372951508
0.855955839157
1.27074790001
1.1766140461
1.2625977993
0.626515865326
0.0633230209351
0.0733959674835
0.0215120315552
0.697326898575
0.51181602478
2.52362585068
2.9209997654
0.0771989822388
0.0586929321289
0.961995840073
0.95024394989
0.71285200119
0.0245981216431
0.00944685935974
0.460575819016
0.131333112717
0.695583105087
0.65157699585
1.17847204208
1.0892560482
0.695713996887
0.635495185852
0.0831739902496
0.264818906784
0.0220699310303
0.0177190303802
1.2652630806
1.26674985886
181.021028996
0.627720117569
1.37983012199
1.45728087425
0.0248000621796
0.0187511444092
0.268514871597
0.0563278198242
1.09368109703
0.92181801796
1.38846206665
1.6882750988
1.5182929039
0.789386034012
0.813185930252
0.95201587677
0.395699977875
0.186189889908
0.185746908188
0.172866106033
0.0719699859619
0.0883030891418
181.249441862
0.488044977188
1.11873602867
0.0143229961395
0.198552131653
0.0553021430969
0.556038856506
0.684414148331
0.638620853424
0.847291231155
0.660283088684
0.218735218048
0.132516145706
0.527481079102
0.365427970886
0.70269203186
0.800399065018
0.0218260288239
0.0098729133606
0.0181241035461
0.0637037754059
0.233685016632
0.179640054703
0.0534729957581
0.0133318901062
0.951724052429
1.26314210892
0.557399988174
0.395709037781
2283.93820095
1.01787590981
0.959203004837
1.16409993172
1.08972597122
1.01540803909
0.017391204834
0.0393710136414
0.337651014328
0.0147879123688
0.0389471054077
0.0161380767822
0.328541040421
0.231146097183
0.0327410697937
0.0187089443207
0.139605998993
0.0652430057526
0.812782049179
0.532467126846
1.68296098709
1.13860702515
0.847954034805
0.497188091278
180.478412151
1.90029883385
0.899006843567
0.985823154449
1.01109600067
0.882773160934
0.486387014389
0.373788833618
0.950932979584
1.86672687531
1.17534899712
1.27028083801
0.024729013443
0.0243849754333
0.00218200683594
0.479097127914
0.347985029221
0.850108861923
0.566627025604
1.17646217346
181.265784025
0.527173042297
0.351850032806
0.071319103241
0.0194361209869
0.348106145859
0.195182085037
0.530388832092
0.0154690742493
0.0634138584137
0.0481610298157
0.246721982956
0.0425980091095
1.03481507301
0.950857162476
1.19089317322
0.632405996323
2.1600830555
2.51902413368
1.17803692818
0.329683065414
1.02825593948
180.582378149
0.00461411476135
0.00397992134094
0.279443979263
0.105772018433
0.00771498680115
0.00798416137695
1.2719938755
1.27048301697
0.00712203979492
0.0070219039917
0.00468921661377
0.00579595565796
0.140029907227
0.0669219493866
0.00650882720947
0.0146770477295
0.00885105133057
0.00531482696533
0.251347064972
0.109800100327
1.69538784027
1.38296890259
2.17076706886
2.53014111519
180.861550093
0.520091056824
0.499751806259
0.21751499176
1.03157186508
1.01355791092
1.17026305199
1.26492500305
0.230000972748
0.124559164047
0.00416493415833
0.00339293479919
0.672824859619
0.954834938049
0.160273790359
0.237164020538
0.17268705368
0.0231847763062
0.804342031479
0.895198106766
0.667349100113
0.80121588707
0.00757098197937
0.00765085220337
180.479296923
0.484459161758
1.02051687241
0.75840306282
0.274651050568
0.0652589797974
0.961457967758
1.0219938755
2.53629517555
1.46425509453
0.0167090892792
0.0113780498505
0.0202448368073
0.0200970172882
0.00896310806274
0.00618004798889
0.544988870621
0.337050914764
0.0063591003418
0.00422382354736
0.95448589325
0.899013996124
0.351402997971
0.0850989818573
1.27952504158
180.613534927
0.31559586525
0.211246013641
0.850807189941
0.65501999855
2.52285194397
2.16278505325
0.841761112213
0.162425041199
2.70536184311
0.783828020096
0.043093919754
0.0724558830261
1.89008903503
1.09143400192
0.809688091278
0.928004026413
181.059673071
2.17772603035
0.850572109222
0.493143081665
0.952518939972
0.719464063644
0.0044469833374
0.00800395011902
0.588773012161
0.325101852417
1.38282990456
1.58016419411
0.807068109512
0.801697969437
0.00638604164124
0.00777697563171
0.707812070847
0.608242034912
1.5440568924
1.17980790138
180.828231096
0.366379976273
1.90191197395
1.22939395905
0.325510025024
0.196754932404
0.00568890571594
0.00522112846375
0.023894071579
0.0401639938354
0.0377359390259
0.818455934525
0.52870798111
0.00587701797485
0.0113558769226
0.370870113373
0.275611162186
0.00888895988464
0.00539493560791
0.255334854126
0.12837600708
1.02157306671
0.802047967911
0.672574996948
0.552648067474
0.765701055527
0.270179033279
1.03775501251
0.737353086472
0.174194097519
0.080414056778
0.895707130432
0.494580030441
0.0189008712769
0.0124390125275
1.95091295242
0.862234115601
1.27891087532
0.954150915146
1.01447606087
0.449552059174
1.5290620327
0.446734905243
0.57208108902
0.157330036163
0.193163156509
0.196112155914
0.074832201004
0.0622270107269
0.530510902405
0.173985958099
1.08519601822
1.51884007454
0.771486997604
1.18079304695
0.193708896637
0.0628671646118
0.0276279449463
0.0233669281006
0.0349068641663
0.849664211273
0.0776329040527
0.471101045609
0.235249042511
0.00464797019958
0.804682016373
0.596873998642
0.943890810013
0.530042886734
1.18802690506
1.27649402618
1.01712107658
0.279636859894
0.0792169570923
0.770150184631
0.542877912521
0.802925109863
0.659688949585
1.19478821754
0.694195985794
3.04008197784
1.16096186638
0.204905986786
0.0694880485535
1.17443299294
1.62314987183
0.644042015076
0.389595031738
0.101531028748
0.0712950229645
0.366155147552
0.152346134186
0.052903175354
0.0245230197906
0.635327100754
0.979793071747
1.26207590103
0.841576099396
0.0181481838226
0.0336320400238
0.193665981293
0.217622041702
1.18257808685
0.396930932999
0.64056801796
0.865509033203
0.116070985794
0.163069009781
0.0862741470337
0.143792152405
0.4983959198
0.268658161163
0.233268022537
0.112498998642
0.497720956802
0.208305120468
0.0217490196228
0.00404000282288
0.0116398334503
0.00409293174744
0.00358414649963
0.29253911972
0.133532047272
0.0737290382385
0.123803853989
1.96477890015
0.175430059433
0.254858970642
0.0541000366211
0.918524026871
0.242871046066
1.53081011772
2.16683197021
0.00439214706421
0.00423002243042
1.0910179615
0.175367116928
0.232661008835
0.72761797905
0.38038611412
1.27295804024
1.08238315582
1.3159070015
1.16910219193
0.514397144318
0.595957994461
0.539421081543
1.39468789101
0.389054059982
2.16761302948
2.16062688828
0.432605981827
0.223215103149
1.09834003448
0.908062934875
0.510080099106
0.238825082779
1.05473208427
0.558385848999
0.422409057617
0.160031080246
0.766545057297
0.96984910965
1.61936688423
1.34012413025
0.00675702095032
0.00949597358704
0.156022071838
0.267712116241
0.898508071899
0.813941955566
0.00406694412231
0.00345396995544
0.660541057587
0.657939910889
1.52025079727
1.19361686707
1.3739259243
1.51647496223
0.560235977173
0.508687019348
0.855682849884
0.317732095718
0.798497915268
0.355140924454
0.309039115906
0.223114013672
0.281799077988
0.121747016907
1.52547502518
1.89326095581
0.663527011871
2.51817393303
1.52799797058
1.05179595947
0.851652860641
0.810302972794
0.00621390342712
0.0122430324554
3.12562084198
2.37953901291
0.808203935623
0.568745851517
1.17109489441
0.947331905365
3.78717207909
1.45991396904
0.819755077362
0.177208900452
1.02216100693
0.55316400528
0.00382709503174
0.00452589988708
0.0035400390625
0.00382494926453
0.690151929855
0.0517039299011
0.784663915634
0.40808391571
0.617166042328
0.746150016785
0.844924926758
0.748310089111
0.412216901779
0.23859500885
0.902263879776
0.580199956894
0.288748979568
0.179715871811
1.70206689835
0.693433046341
0.697080850601
0.430968046188
0.0742440223694
0.00742602348328
1.167137146
1.51375484467
1.27896118164
1.37905287743
0.0161578655243
0.012953042984
0.00823879241943
0.0104129314423
0.0128450393677
0.00852513313293
0.0531089305878
0.0144031047821
0.0334510803223
0.862393856049
0.468204975128
0.30832195282
0.138936042786
1.89666891098
1.24496889114
0.875513076782
0.599715948105
0.00648403167725
0.0059928894043
1.38509607315
1.17588806152
0.194389104843
0.128719091415
0.902436971664
0.243714094162
1.29667687416
1.01777291298
1.17223286629
0.443917036057
0.308171987534
1.71620893478
0.727620124817
0.777456045151
0.61466217041
0.0120289325714
0.00563478469849
0.092719078064
0.0703690052032
0.0369298458099
0.032604932785
0.00398397445679
0.00218391418457
0.105068922043
0.04225897789
0.446818113327
0.0463991165161
0.902518033981
0.560483932495
0.136179924011
0.0522439479828
0.914535999298
3.76537394524
2.50370907784
0.00410199165344
0.00430917739868
0.00309085845947
0.0989601612091
0.0625109672546
1.01350188255
1.4053440094
0.803288936615
0.210870027542
0.359241008759
0.282420873642
1.2650001049
0.831039905548
0.101927995682
0.0373640060425
0.0181350708008
0.0403568744659
1.09770107269
1.37818312645
1.16592383385
0.422569990158
0.215138196945
0.347210884094
0.0702121257782
1.08426594734
1.30646705627
0.694628000259
0.0532619953156
1.08775115013
0.888381004333
0.718810081482
0.344819068909
0.663619995117
0.120223999023
0.0263659954071
0.00466203689575
1.5267560482
1.51495599747
0.901394128799
0.96120595932
0.901024103165
0.644860982895
0.65269780159
1.93453001976
1.01703381538
0.809313058853
0.317281007767
0.0588750839233
0.0601739883423
0.00504589080811
0.004390001297
0.730885028839
0.74453997612
1.98378396034
0.888448953629
0.576150894165
0.317275047302
1.26340007782
0.862335205078
0.808089017868
0.894707918167
1.8787021637
0.836371183395
0.0125188827515
0.035040140152
0.348870038986
0.166290044785
1.26886105537
0.00758409500122
0.0087890625
1.38398098946
1.00270390511
0.102784156799
0.0715398788452
0.0091700553894
0.0104289054871
0.0334270000458
0.0104367733002
0.0159230232239
0.0120301246643
0.298918962479
0.182049036026
0.036602973938
0.0101819038391
0.645778894424
0.492585897446
0.61532497406
0.501049995422
0.666973114014
0.84325003624
0.0909898281097
0.0544481277466
0.63556599617
0.571841955185
0.47422003746
0.148519039154
0.429867982864
0.277804136276
0.00387382507324
0.00373005867004
0.342985153198
0.166207075119
0.00372505187988
0.00347185134888
0.498615980148
0.195892095566
0.629658937454
0.120177984238
0.655279874802
0.504420995712
0.282059907913
0.146646976471
0.122804164886
0.0778720378876
1.18467903137
1.02970290184
0.329434156418
0.161777973175
0.125052928925
0.0885128974915
0.70494890213
0.394637107849
0.00989294052124
0.00785303115845
0.585762023926
0.260377883911
0.00735592842102
0.026468038559
0.0215380191803
0.0174479484558
0.622838020325
0.137614965439
0.811561107635
0.710276126862
2.15847396851
1.70062303543
0.00960397720337
0.00743913650513
1.26410102844
1.17544293404
0.033784866333
0.0269978046417
0.123539924622
0.0912969112396
0.339843988419
0.0291061401367
0.854117155075
0.668022871017
1.01650977135
0.38249707222
3.12982702255
1.38070106506
0.00868701934814
0.0163459777832
1.39102101326
0.89518904686
0.773900032043
0.76184296608
0.0204050540924
0.00988793373108
0.00784802436829
0.00766611099243
0.952993154526
1.02144885063
0.0933470726013
0.127789020538
0.57707285881
0.506800889969
0.907410144806
0.805577993393
0.583214998245
0.856989860535
0.909863948822
0.0257229804993
0.0159749984741
0.158519983292
0.160049915314
0.403523921967
0.393638134003
1.89800095558
1.88509893417
2.1789150238
1.23113512993
0.0865769386292
0.013916015625
0.465587854385
0.23860001564
0.0642049312592
0.0916829109192
0.474201202393
0.275077104568
0.315145015717
0.520793914795
0.512984991074
0.222726106644
0.0108621120453
0.0120751857758
0.799758195877
0.646619081497
0.107702970505
0.033842086792
0.13954615593
0.107761859894
0.0626909732819
0.0553228855133
0.00521802902222
0.00435209274292
0.324139118195
0.165269136429
0.439063072205
0.275741100311
0.104171991348
0.015114068985
0.0031099319458
0.00369811058044
0.643290996552
0.438407897949
0.897332906723
0.954930067062
1.08544898033
1.08528614044
0.903383970261
1.00793600082
1.69061779976
1.5195851326
0.643812179565
0.453016042709
0.00504112243652
0.00758194923401
1.17957520485
0.802707910538
0.0505368709564
0.0249660015106
0.443911075592
0.307405948639
0.00327301025391
0.00368404388428
1.11155104637
0.958945035934
1.18004393578
1.01817703247
0.557996034622
0.268306016922
1.26699018478
1.16884899139
1.38975691795
0.857372999191
0.771152973175
0.465563058853
0.22807097435
0.2813539505
0.845013141632
0.951002120972
181.489016056
1.45903897285
1.2963540554
0.809888839722
1.01584792137
0.693808794022
0.13542509079
0.218719959259
0.187626838684
0.075098991394
0.0664448738098
0.0887970924377
0.28307890892
0.243832111359
0.102325201035
0.00978803634644
1.08820581436
1.19323396683
0.927067041397
1.05379414558
0.433819055557
0.117913007736
0.00308084487915
0.00344586372375
181.359680891
0.981220006943
1.28260803223
0.680907011032
1.69557881355
1.51443386078
0.010176897049
0.00192785263062
1.11437892914
1.03719615936
0.78436589241
0.511296033859
1.38383197784
0.896834135056
0.152225017548
0.0519299507141
1.38308405876
1.29580807686
0.0102219581604
0.00792503356934
180.635905027
0.311885118484
0.849039077759
0.282079935074
0.0460050106049
0.0776419639587
0.252906084061
0.0674450397491
0.554008960724
0.815380811691
0.861397981644
0.763381004333
0.0837149620056
0.0189619064331
1.01593589783
0.844079017639
0.0909140110016
0.17887711525
0.867793798447
0.497615814209
0.0109300613403
0.00785684585571
1.02442193031
1.08888316154
0.569994926453
0.129462003708
0.0726788043976
0.0269432067871
0.338973045349
0.22390294075
0.634871006012
0.472317934036
0.844696044922
0.513859033585
0.00385689735413
0.00407099723816
0.685544967651
0.411361932755
0.00823497772217
0.0361821651459
0.265030145645
0.0772039890289
1.0030400753
0.569931983948
0.847414016724
0.576865911484
1.04479694366
0.85280585289
0.148284912109
0.0711228847504
0.0506639480591
0.613326072693
0.277325868607
0.32818198204
0.0273239612579
1.01978182793
1.17758107185
1.53714704514
1.38822507858
0.284106969833
0.168050050735
0.0106301307678
0.00978302955627
1.1040558815
1.02032780647
0.765506982803
0.689697027206
0.178600072861
0.0819711685181
0.727737188339
0.177848100662
0.213908910751
0.115604877472
0.280609130859
0.121425151825
0.351717948914
0.196683883667
180.872380972
0.378430128098
0.360851049423
0.162755966187
0.0839691162109
0.229313135147
0.124346017838
0.115872144699
0.0274708271027
0.00708413124084
0.0199320316315
0.135559082031
0.1189930439
0.193101167679
0.0996918678284
0.869843959808
0.668370008469
0.00457906723022
1.04230999947
1.02619314194
1.28578186035
0.410696983337
0.0843780040741
0.00479888916016
0.847193956375
0.165610074997
0.728238105774
0.349132061005
0.00653696060181
0.005695104599
0.642421960831
0.559065103531
0.715167045593
0.737411975861
0.0833468437195
0.0225019454956
0.558284044266
0.176251888275
0.956867933273
1.08116197586
1.17223501205
1.01913690567
0.909514904022
0.805709838867
0.340768098831
0.310612916946
1.19886207581
0.992242097855
0.643931150436
0.600882053375
180.615736961
0.764768838882
0.319713115692
0.147783994675
0.602730989456
0.252220153809
0.00351905822754
0.00196099281311
0.898552894592
0.953516960144
0.262871980667
0.309168100357
0.234380960464
0.0448970794678
0.474420070648
0.0573401451111
0.422127008438
0.127635955811
0.0257318019867
0.0180830955505
0.715085983276
0.173372030258
0.00775408744812
0.00658202171326
1.38960695267
1.08632898331
0.609780073166
0.150925159454
0.913733959198
0.545393943787
0.501871109009
0.221755981445
0.0527169704437
0.698086977005
0.749227046967
0.956307888031
0.742929935455
1.90899300575
1.37796211243
0.145855903625
0.0686981678009
0.0114970207214
0.0119340419769
0.0113101005554
0.0228219032288
0.0305740833282
0.00995182991028
0.163707971573
0.107659101486
0.0631790161133
0.0712108612061
1.89378213882
1.4362051487
0.523989915848
0.258512973785
0.810799121857
0.845649003983
0.00357604026794
0.00301814079285
0.424344062805
0.187942028046
0.271167039871
0.32937502861
0.0139739513397
0.0416979789734
0.812325954437
0.275031089783
0.00376892089844
0.0057270526886
0.184355974197
0.0704388618469
0.0228879451752
0.0225150585175
0.0098237991333
1.43144392967
0.808022975922
0.303263902664
0.0706610679626
1.03197693825
0.682689189911
0.233454942703
0.0912699699402
0.964187860489
0.75338602066
0.0664050579071
0.00805401802063
0.146566867828
0.0197548866272
0.0294349193573
0.008376121521
0.0175681114197
0.00683903694153
0.0358409881592
0.0129308700562
0.32853603363
0.0227079391479
0.286246061325
0.124495983124
0.31835103035
0.19159078598
0.0534188747406
0.0421431064606
1.69422698021
1.5209581852
0.638844013214
0.605833053589
0.00681281089783
0.0067880153656
0.0656299591064
0.0190720558167
0.606859207153
0.261502027512
3.02362108231
1.27102518082
0.00989699363708
0.0178120136261
0.0071280002594
0.00615215301514
0.186480045319
0.14798116684
0.778466939926
0.635786056519
0.00564312934875
0.00189995765686
0.640774965286
0.686698913574
0.850848913193
0.688400030136
0.0110220909119
0.00343990325928
0.595129013062
0.753408193588
0.951811075211
0.750337123871
1.52946615219
1.38736701012
0.683277130127
0.327195167542
0.531005859375
0.343301057816
0.0539879798889
0.0260779857635
0.0416991710663
0.00527095794678
1.17273712158
0.804219007492
0.546200037003
0.1247382164
0.0608448982239
0.811713218689
1.52004694939
0.725353956223
0.528981924057
0.00521516799927
0.00305700302124
0.0686609745026
0.0452289581299
0.00729203224182
0.00741696357727
0.852509975433
0.379288911819
0.140816926956
0.0465340614319
0.580911874771
0.296089887619
0.894358873367
0.799543142319
0.724261045456
0.420217037201
2.19856214523
1.90409708023
0.11997294426
0.0399119853973
0.436172008514
0.232168912888
0.552956104279
0.467892169952
0.118650913239
0.0536561012268
0.00599694252014
0.0215001106262
0.747287988663
1.09885406494
2.1828520298
0.894853830338
0.429571866989
0.483628988266
0.389958143234
0.521600008011
0.552423000336
0.320437192917
0.134742021561
0.0171611309052
1.01816082001
0.95471906662
0.722141027451
0.373505830765
0.764933109283
0.236357927322
1.53043913841
181.035948992
1.05144810677
0.588963985443
0.0790770053864
0.0285098552704
0.88382101059
0.484691143036
0.0781989097595
0.0400998592377
0.386459112167
0.0515911579132
0.728140115738
0.391141891479
0.164772033691
0.0566740036011
0.0177819728851
0.00388312339783
0.870729923248
0.826047897339
0.8525390625
0.468455076218
0.205659151077
0.0657169818878
0.507705926895
0.320087194443
1.01613306999
180.823047161
0.150322914124
0.0647399425507
0.471770048141
0.183539152145
0.276756048203
0.0146989822388
0.0105130672455
0.11151099205
0.0193281173706
0.371289014816
0.234803915024
0.392395973206
0.231556892395
0.340251922607
0.109005212784
2.18638086319
1.19176697731
0.57897901535
0.372555971146
2.52608799934
1.89246797562
0.00738215446472
0.00616097450256
180.552256107
0.288410186768
0.240840196609
0.186802864075
1.40593194962
0.731868028641
0.0183749198914
0.0109438896179
0.85688996315
0.35807800293
1.09774780273
1.08868718147
0.615401029587
0.11289191246
0.770051956177
0.84286904335
0.950342178345
0.894919872284
0.733315944672
0.368213176727
0.0042679309845
0.00536012649536
0.618522882462
0.567756891251
0.502624988556
0.544620990753
0.0792980194092
0.0348770618439
0.00748085975647
0.00548410415649
0.23365187645
0.130604028702
0.727566003799
0.617287158966
0.00455403327942
0.00446796417236
0.0312719345093
0.060702085495
0.323938846588
0.360934972763
0.112686157227
0.0698881149292
0.179677009583
0.0850448608398
0.688441038132
0.640588998795
1.89931678772
1.38444685936
180.679396152
0.176639080048
2.18674683571
1.38742995262
0.264582872391
0.149296998978
0.00650382041931
0.00909113883972
0.00672698020935
0.317352056503
0.0111129283905
0.00333714485168
0.00167083740234
0.00977516174316
0.0185580253601
0.786917209625
0.470116138458
0.00394105911255
0.00399303436279
0.1455950737
0.011647939682
0.632974147797
0.14435505867
1.68511009216
1.89178490639
0.012797832489
0.00511813163757
3875.85296988
0.808480024338
0.90723991394
0.621059894562
0.585574865341
0.274682044983
0.266531944275
0.0430619716644
0.0674979686737
0.125179052353
0.0154490470886
0.120131015778
0.0907211303711
0.0634710788727
0.38743185997
0.0327479839325
0.844167947769
0.388491153717
1.27401685715
1.53011012077
0.518197059631
0.665987014771
0.585260152817
0.188559055328
0.728292942047
0.411849975586
0.0196030139923
0.0158820152283
0.422143936157
0.377430915833
0.632534980774
0.332896947861
0.18538403511
0.0907671451569
1.26734185219
1.13543391228
0.0749909877777
0.108057022095
0.180003881454
0.098151922226
0.00514197349548
0.00430083274841
0.369047880173
0.121580839157
1.89120197296
1.38465595245
0.138669013977
0.0441570281982
0.0325539112091
0.00336098670959
0.00344800949097
0.591287136078
0.100106954575
0.899091005325
1.16879200935
1.68401789665
1.26858115196
0.0686500072479
0.041090965271
0.0024209022522
0.422914981842
0.245895147324
0.151129961014
0.0806910991669
1.17134904861
0.307631969452
0.963032960892
1.16503000259
0.808562994003
0.948323011398
180.991379023
0.759918928146
0.299613952637
0.30205488205
0.958952903748
0.692698955536
0.767186880112
0.455813169479
0.48193693161
0.171720027924
0.0380349159241
0.0848019123077
0.23460483551
0.0632638931274
0.717606067657
0.48615193367
0.417565107346
0.50001001358
0.410743951797
0.145043849945
0.0662899017334
0.883042097092
0.578119039536
0.31529211998
0.102859020233
0.395469903946
0.178215026855
0.636307001114
0.329806089401
1.35093712807
0.637975931168
0.311566829681
0.112617969513
1.17687892914
1.07646894455
0.451642990112
0.14035820961
0.989693880081
0.539258003235
0.659107923508
0.396735191345
0.857447862625
0.978981971741
0.101310014725
0.0592958927155
0.00688600540161
0.0153949260712
0.0136549472809
0.0093400478363
0.00871706008911
0.0122818946838
0.00567698478699
0.224461078644
0.0982389450073
0.526973009109
0.251144170761
0.158039093018
0.053729057312
0.00282692909241
0.00383305549622
0.722580194473
0.484981060028
0.662743091583
0.415063858032
0.531889915466
0.401681900024
0.0821549892426
0.0514898300171
1.17151808739
1.08464813232
0.901599884033
0.681617975235
0.00336289405823
0.00370478630066
0.897016048431
180.542329788
1.02749896049
0.795274972916
0.0590507984161
0.0471398830414
1.19193792343
1.07998895645
0.338347196579
0.150073051453
1.04686188698
1.01943993568
1.03518605232
0.69550204277
0.692713022232
0.501425981522
1.09064602852
0.591516017914
0.828294992447
0.228296041489
0.475247859955
0.292269945145
180.552129984
1.17065095901
0.488667964935
0.0308690071106
0.372403144836
0.274649858475
0.587050914764
0.386058092117
1.28358793259
1.01999807358
0.974244117737
0.663408994675
0.298840999603
0.268507957458
0.116952896118
0.107522964478
0.761030197144
0.547571897507
0.226537942886
0.0891239643097
0.00538921356201
0.00338888168335
0.327151060104
0.0877809524536
0.0300400257111
0.0939750671387
0.0156581401825
0.00685906410217
0.00356388092041
0.00303602218628
0.454882144928
0.275959014893
0.726101875305
0.419450998306
0.711361885071
0.959978103638
1.11872696877
0.802154064178
0.00661706924438
0.256912946701
0.166229009628
3.76509308815
1.70664191246
0.00409603118896
0.0037739276886
0.652570009232
0.302723169327
0.48108792305
0.199739933014
0.240564107895
0.0785450935364
0.16837310791
0.0721869468689
0.666061878204
0.416661024094
0.00346684455872
0.652658939362
0.48021697998
1.39173102379
1.08208990097
0.159829854965
0.55118393898
0.193879842758
0.533378839493
0.103767156601
0.136950016022
0.403239965439
0.331160783768
0.0075409412384
0.015209197998
0.554136991501
0.847020149231
2.53126788139
2284.22604084
3.03784799576
1.91040682793
0.177326202393
0.181782007217
1.29188203812
0.561941862106
0.0690670013428
1.91215491295
1.56327319145
0.607283830643
0.11677312851
0.119693994522
0.0471699237823
0.0420050621033
0.0420899391174
1.17267084122
0.284204959869
0.490733146667
0.443953990936
0.254408836365
0.0208230018616
0.0129380226135
1.38036108017
0.584895133972
1.02359890938
0.852991104126
1.03725600243
0.889021873474
0.00730895996094
0.0121788978577
0.173704862595
0.0122871398926
0.950565099716
0.482853889465
0.275068044662
0.275202989578
0.0741939544678
0.122814893723
0.0880770683289
0.0172181129456
0.418147087097
0.205535888672
0.514842987061
0.548247814178
0.378862857819
0.235939979553
0.703650951385
0.439913988113
0.617479085922
0.231667041779
0.593412876129
0.387904882431
0.00385594367981
0.00488185882568
1.16562700272
0.985245943069
0.00330996513367
0.00411987304688
0.352175951004
0.143697023392
0.0802240371704
0.251218795776
0.150333166122
0.807386159897
0.892796993256
0.624768972397
0.362725973129
0.105603933334
0.0238971710205
180.935045004
0.756145000458
0.417269945145
0.251991033554
0.00755500793457
0.00921201705933
0.0358150005341
0.0328299999237
0.810169935226
0.815847873688
0.275229930878
0.0736949443817
0.00508594512939
0.00687503814697
0.0128800868988
0.0197689533234
0.665499925613
0.104528903961
0.123193979263
0.197777032852
0.13974404335
0.0865058898926
0.638309001923
0.286554813385
0.0100831985474
0.00786995887756
0.956559181213
180.935547829
0.310649871826
0.252277851105
0.0215048789978
0.0190141201019
0.00555014610291
0.00299715995789
0.188086032867
0.0757160186768
0.0757629871368
0.0386848449707
0.204235076904
0.147342920303
0.596872091293
0.351799964905
0.100873947144
0.0199360847473
0.344772815704
0.450949907303
0.407440900803
0.165744066238
0.0640289783478
0.855512857437
0.600061893463
0.0430541038513
0.00985193252563
0.0538921356201
0.0298609733582
0.701347112656
0.380537986755
0.551253080368
0.224769115448
0.00388288497925
0.00299119949341
0.326048135757
0.155872821808
0.214047193527
0.325383901596
0.254930019379
1.67982006073
1.79221701622
0.243443965912
0.156023025513
0.129520893097
0.0473079681396
0.0771880149841
0.0534760951996
0.494642972946
0.0994291305542
0.89821100235
1.01135706902
1.01844501495
0.0110869407654
0.0159029960632
0.0120270252228
0.0232479572296
0.00964188575745
0.0120749473572
0.0928561687469
0.115630865097
0.0448169708252
0.0819139480591
0.0517399311066
0.0939259529114
0.0504839420319
0.613748073578
0.20516204834
0.426104068756
0.225287914276
0.668780088425
0.598769903183
0.697034835815
0.716549158096
0.463857889175
0.344497919083
0.451560974121
0.296247959137
0.356673955917
0.222936868668
0.455834150314
0.22620511055
0.00953197479248
0.0191910266876
0.196657896042
0.0178201198578
0.00531101226807
0.00465083122253
0.0614018440247
0.0416088104248
0.118729829788
0.0762889385223
0.0695350170135
0.073478937149
0.198101043701
0.198410987854
0.161511898041
0.563076972961
0.982321023941
1.58579993248
0.958925962448
0.253220081329
0.159759998322
0.375338077545
0.19032907486
0.0250480175018
0.0144579410553
0.217898845673
0.147300004959
0.209874868393
0.0282118320465
0.326534986496
0.116940975189
0.0127289295197
0.0150721073151
0.0452558994293
0.0390090942383
0.00815105438232
0.0129430294037
1.26063799858
1.37983703613
0.0839350223541
0.164916038513
1.00512003899
0.758678913116
0.0263829231262
0.00687694549561
2.5323278904
1.69172215462
0.248178005219
0.181526184082
0.0993111133575
0.0166890621185
0.010712146759
0.00932002067566
0.18866610527
0.118041038513
0.0717620849609
0.0281140804291
0.0192890167236
0.0260529518127
0.0881929397583
0.123043060303
0.00545787811279
0.0176038742065
0.250661849976
0.20765709877
1.37982010841
1.68406796455
1.68781208992
1.17251801491
0.92964220047
1.12899899483
1.50801897049
0.398649930954
0.202615022659
0.00804281234741
0.00782108306885
0.495625019073
0.0489468574524
0.00962615013123
0.00388693809509
0.325468063354
0.00955009460449
0.342033147812
0.106106042862
0.0832390785217
0.0837869644165
0.300731897354
0.148027896881
0.0530710220337
0.0290451049805
2.16464090347
2.16553282738
2.52374505997
0.0219919681549
0.00621485710144
0.730272054672
1.26058578491
0.340924024582
0.513626098633
0.904732942581
0.845082998276
0.663304805756
0.478408813477
0.0219240188599
0.00513815879822
0.275504112244
0.158438920975
0.720392942429
0.190175056458
0.018129825592
0.0222699642181
0.100414037704
0.118582963943
0.128597974777
0.315072059631
0.429654836655
0.201599836349
0.00502014160156
0.0121729373932
0.0567169189453
0.0416140556335
0.0115959644318
0.0114090442657
0.592995166779
0.418364048004
0.179929018021
0.271795988083
0.0124619007111
0.00756597518921
0.967917919159
0.803719997406
0.00499296188354
0.00387406349182
0.0948958396912
0.0138490200043
0.418937921524
0.308449029922
0.220799922943
0.133296966553
0.0265231132507
0.0120878219604
0.0106770992279
0.0153419971466
0.38786315918
0.248910903931
0.273234844208
0.109679222107
0.0688769817352
0.0404720306396
0.222362995148
0.210178852081
0.0296850204468
0.00841403007507
0.424676179886
0.257361888885
0.24719619751
0.107997894287
0.610239982605
0.349980115891
0.0257358551025
0.0698170661926
0.31193113327
0.0985658168793
0.313415050507
0.15907907486
0.375293970108
0.214930057526
0.112737178802
0.0560660362244
0.042130947113
0.044899225235
0.0980591773987
0.138566970825
0.804212093353
0.575132846832
0.00946998596191
0.0515840053558
0.305752038956
0.227588891983
0.0767900943756
0.00861215591431
0.095055103302
0.13268494606
1.52158594131
1.26608705521
0.361295938492
0.141579866409
0.0432140827179
0.019917011261
0.0463519096375
0.0526649951935
0.00711989402771
0.00784611701965
0.80418586731
1.1704621315
0.288167953491
0.10914516449
1.37693500519
1.52562117577
0.692487001419
0.0532999038696
0.36790895462
0.192281007767
0.641555070877
0.592878818512
0.305881023407
0.190119028091
0.055006980896
0.00845408439636
0.0147738456726
0.0128221511841
0.02725481987
0.0231790542603
0.393920898438
0.20987200737
0.38497209549
0.182265043259
1.12020897865
0.855782985687
0.0317380428314
0.00594305992126
0.58524107933
0.616358995438
0.440890073776
0.710381984711
0.628354072571
0.303287982941
0.00570487976074
0.00727891921997
1.54917287827
1.1939060688
0.0398101806641
0.0173318386078
0.359563827515
0.178510904312
1.26851677895
1.17614412308
0.247548103333
0.149274110794
0.019996881485
0.0232570171356
0.0119180679321
0.0205500125885
0.434458971024
0.280284881592
0.137448072433
0.183951854706
0.292249917984
0.161942958832
0.00622701644897
0.00359201431274
0.00371193885803
0.00409317016602
0.0693831443787
0.122006177902
0.0816440582275
0.469434976578
0.456657886505
0.0152480602264
0.0097668170929
0.00847101211548
0.0094530582428
0.471113920212
0.293662071228
2.51505303383
2.13161706924
0.0273938179016
0.0479278564453
0.00878596305847
0.00719499588013
0.0358431339264
0.051990032196
0.0922708511353
0.167788982391
0.0337769985199
0.0269660949707
1.89468717575
1.6816008091
0.517062902451
0.200891017914
3.79152989388
2.51840209961
0.0109188556671
0.018856048584
0.0164480209351
0.0196950435638
0.00876498222351
0.00587892532349
0.0626249313354
0.0214340686798
0.0558929443359
0.0361478328705
0.270482063293
0.0835559368134
0.0393960475922
0.0483551025391
0.453763961792
0.4240629673
0.353636026382
0.290828943253
0.0417149066925
0.0214309692383
0.0704498291016
0.0131208896637
0.159995794296
0.0939610004425
1.2788310051
0.895081996918
0.12587594986
0.0645861625671
0.770941972733
0.767711162567
0.146050214767
0.00441193580627
0.232528924942
0.204282999039
0.0101158618927
0.0184779167175
0.38002705574
0.140941858292
0.00486993789673
0.00496101379395
0.10223197937
0.120147943497
0.413300991058
0.519037008286
0.572510957718
0.602117061615
0.0501170158386
0.0229499340057
0.571480989456
0.147125005722
0.280053138733
0.305850982666
0.0538458824158
0.535742044449
0.194550037384
1.89533805847
1.7384519577
0.00688505172729
0.00389504432678
0.00533890724182
0.00705099105835
0.0352170467377
0.0361309051514
0.0117049217224
0.0266981124878
0.128828048706
0.0343759059906
0.592482805252
0.373183965683
0.0155739784241
0.0494480133057
0.00363492965698
0.250061035156
0.126824855804
0.452387094498
0.0504968166351
0.376327037811
0.175531864166
0.318343877792
0.453901052475
0.767260074615
0.880280971527
0.274488925934
0.219279050827
0.546626091003
0.299901008606
0.00890302658081
0.0108139514923
0.0129201412201
0.0102980136871
0.0107879638672
0.009850025177
0.211982965469
0.0301930904388
0.0066339969635
0.00395107269287
0.12360906601
0.130134105682
0.00742316246033
0.00913286209106
0.575510978699
0.397715091705
0.704810857773
0.37889289856
0.0120050907135
0.454908132553
0.474987030029
0.401832103729
0.494733095169
0.533210992813
0.0707321166992
0.0436050891876
0.163701057434
0.254230976105
3.78049898148
1.89825201035
1.10449981689
0.469522953033
0.0959877967834
0.0525929927826
1.38266086578
1.6914191246
0.162795066833
0.0598239898682
0.414484977722
0.340799808502
1.27526211739
0.844244003296
0.577527999878
0.264723062515
0.0154399871826
0.0107460021973
0.4763879776
0.216946125031
0.621098041534
0.361233949661
0.40890288353
0.545027971268
0.350104093552
0.211347103119
0.0492329597473
0.292809009552
0.0945301055908
0.0885920524597
0.0814819335938
0.265748023987
0.0725340843201
0.572021007538
0.232635974884
0.00310111045837
0.00559592247009
2.52355885506
2.15747785568
1.89236593246
1.6979341507
0.0891149044037
0.137270212173
0.29393696785
0.205001115799
0.0358810424805
0.0176661014557
0.300015926361
0.152889966965
0.139649152756
0.141000032425
0.00678992271423
0.00405097007751
0.00730895996094
0.00351595878601
0.00580906867981
0.00505089759827
0.181879043579
0.135740041733
0.757057905197
0.148308038712
0.219412088394
0.512850999832
0.200375080109
0.0434999465942
1.69763278961
2.53959798813
0.357082128525
0.202206850052
0.0903360843658
0.0353608131409
