# relative_time, cycles_done, cur_item, corpus_count, pending_total, pending_favs, map_size, saved_crashes, saved_hangs, max_depth, execs_per_sec, total_execs, edges_found
156, 0, 0, 91, 91, 5, 3.16%, 0, 0, 2, 0.47, 1151, 944
161, 0, 0, 119, 119, 5, 3.25%, 0, 0, 2, 221.15, 2350, 968
166, 0, 0, 134, 134, 5, 3.29%, 0, 0, 2, 245.86, 3647, 980
172, 0, 0, 148, 148, 5, 3.31%, 0, 0, 2, 187.31, 4580, 987
177, 0, 0, 153, 153, 5, 3.31%, 0, 0, 2, 164.14, 5443, 987
182, 0, 0, 159, 159, 5, 3.37%, 0, 0, 2, 178.93, 6373, 1005
4212, 0, 0, 163, 163, 5, 3.37%, 0, 0, 2, 0.01, 6971, 1006
4363, 0, 0, 164, 164, 5, 3.37%, 0, 0, 2, 0.25, 7008, 1006
4368, 0, 0, 167, 167, 5, 3.39%, 0, 0, 2, 201.09, 7994, 1011
4373, 0, 0, 172, 172, 5, 3.42%, 0, 0, 2, 187.17, 8921, 1019
4378, 0, 0, 173, 173, 5, 3.42%, 0, 0, 2, 190.42, 9858, 1019
4383, 0, 0, 178, 178, 5, 3.42%, 0, 0, 2, 138.63, 10565, 1019
4389, 0, 0, 179, 179, 5, 3.42%, 0, 0, 2, 132.82, 11218, 1019
4573, 0, 0, 182, 182, 5, 3.42%, 0, 0, 2, 0.03, 11781, 1019
4578, 0, 0, 182, 182, 5, 3.42%, 0, 0, 2, 118.19, 12433, 1019
4583, 0, 0, 184, 184, 5, 3.44%, 0, 0, 2, 172.52, 13301, 1025
4589, 0, 0, 184, 184, 5, 3.44%, 0, 0, 2, 175.22, 14156, 1025
4594, 0, 0, 188, 188, 5, 3.44%, 0, 0, 2, 188.56, 15108, 1025
4599, 0, 0, 191, 191, 5, 3.44%, 0, 0, 2, 184.81, 16011, 1026
4784, 0, 0, 193, 193, 5, 3.45%, 0, 0, 2, 0.18, 16928, 1030
4789, 0, 0, 193, 193, 5, 3.45%, 0, 0, 2, 187.68, 17792, 1030
4794, 0, 0, 194, 194, 5, 3.46%, 0, 0, 2, 156.93, 18534, 1031
4799, 0, 0, 195, 195, 5, 3.47%, 0, 0, 2, 150.85, 19262, 1035
4804, 0, 0, 197, 197, 5, 3.48%, 0, 0, 2, 169.46, 20133, 1037
4809, 0, 0, 200, 200, 5, 3.48%, 0, 0, 2, 153.60, 20889, 1037
8420, 0, 0, 200, 200, 5, 3.48%, 0, 0, 2, 0.01, 21449, 1037
8570, 0, 0, 200, 200, 5, 3.48%, 0, 0, 2, 0.16, 21473, 1037
8575, 0, 0, 202, 202, 5, 3.48%, 0, 0, 2, 124.49, 22249, 1038
8580, 0, 0, 202, 202, 5, 3.48%, 0, 0, 2, 136.33, 22989, 1038
8586, 0, 0, 203, 203, 5, 3.48%, 0, 0, 2, 132.92, 23676, 1038
8591, 0, 0, 203, 203, 5, 3.48%, 0, 0, 2, 132.32, 24388, 1038
8596, 0, 0, 203, 203, 5, 3.48%, 0, 0, 2, 137.87, 25096, 1038
8781, 0, 0, 204, 204, 5, 3.49%, 0, 0, 2, 0.01, 25773, 1040
8786, 0, 0, 204, 204, 5, 3.49%, 0, 0, 2, 131.84, 26485, 1040
8791, 0, 1, 358, 357, 4, 4.31%, 0, 0, 2, 1174.27, 28740, 1287
8796, 0, 1, 986, 985, 4, 7.04%, 0, 0, 2, 1136.82, 34436, 2099
8801, 0, 1, 1753, 1752, 4, 9.31%, 0, 0, 2, 1137.22, 40575, 2777
8806, 0, 1, 2516, 2515, 4, 11.50%, 0, 0, 2, 1197.07, 46679, 3429
8991, 0, 1, 2930, 2929, 4, 12.49%, 0, 0, 2, 0.53, 49993, 3725
8996, 0, 1, 3848, 3847, 4, 16.23%, 0, 0, 2, 1570.88, 57545, 4840
9001, 0, 1, 4763, 4762, 4, 19.04%, 0, 0, 2, 1434.99, 64882, 5680
9006, 0, 1, 5504, 5503, 4, 21.27%, 0, 0, 2, 1200.39, 70835, 6346
9011, 0, 1, 6121, 6120, 4, 23.05%, 0, 0, 2, 984.03, 75781, 6875
9016, 0, 14, 6358, 6357, 2361, 23.64%, 0, 0, 2, 127.15, 77909, 7051
9201, 0, 36, 6358, 6355, 2359, 23.64%, 0, 0, 2, 0.02, 78911, 7051
9206, 0, 80, 6358, 6351, 2355, 23.64%, 0, 0, 2, 213.31, 80185, 7051
9211, 0, 148, 6358, 6347, 2351, 23.64%, 0, 0, 2, 265.28, 81518, 7051
9217, 0, 192, 6358, 6345, 2349, 23.64%, 0, 0, 2, 216.67, 82677, 7051
9222, 0, 199, 6360, 6346, 2348, 23.64%, 0, 0, 3, 172.14, 83454, 7051
9227, 0, 199, 6360, 6346, 2348, 23.64%, 0, 0, 3, 127.25, 84067, 7051
9412, 0, 199, 6360, 6346, 2348, 23.64%, 0, 0, 3, 0.14, 84531, 7051
9417, 0, 199, 6360, 6346, 2348, 23.64%, 0, 0, 3, 120.87, 85165, 7051
9422, 0, 203, 6360, 6345, 2347, 23.64%, 0, 0, 3, 154.78, 85977, 7051
9427, 0, 257, 6361, 6344, 2345, 23.64%, 0, 0, 3, 206.46, 87072, 7051
9432, 0, 261, 6361, 6343, 2345, 23.64%, 0, 0, 3, 202.16, 88128, 7051
9437, 0, 261, 6362, 6344, 2345, 23.64%, 0, 0, 3, 174.58, 88937, 7051
9622, 0, 265, 6362, 6342, 2344, 23.64%, 0, 0, 3, 0.07, 89846, 7051
9627, 0, 271, 6362, 6341, 2343, 23.64%, 0, 0, 3, 187.50, 90860, 7051
9632, 0, 295, 6362, 6335, 2337, 23.64%, 0, 0, 3, 416.73, 93291, 7051
9638, 0, 305, 6362, 6333, 2335, 23.64%, 0, 0, 3, 269.77, 94531, 7051
9643, 0, 307, 6363, 6333, 2334, 23.64%, 0, 0, 3, 195.06, 95463, 7051
9648, 0, 336, 6364, 6331, 2331, 23.64%, 0, 0, 3, 352.89, 97125, 7051
9832, 0, 338, 6364, 6330, 2330, 23.64%, 0, 0, 3, 0.17, 98360, 7051
9838, 0, 423, 6366, 6329, 2327, 23.64%, 0, 0, 3, 129.10, 99273, 7051
9843, 0, 423, 6367, 6330, 2327, 23.64%, 0, 0, 3, 110.75, 99820, 7051
9848, 0, 423, 6367, 6330, 2327, 23.64%, 0, 0, 3, 111.73, 100372, 7051
9853, 0, 423, 6368, 6331, 2327, 23.64%, 0, 0, 3, 104.25, 100893, 7051
9858, 0, 423, 6368, 6331, 2327, 23.64%, 0, 0, 3, 102.44, 101413, 7051
10043, 0, 423, 6369, 6332, 2327, 23.64%, 0, 0, 3, 0.10, 101834, 7052
10048, 0, 423, 6370, 6333, 2327, 23.64%, 0, 0, 3, 100.84, 102359, 7053
10053, 0, 423, 6370, 6333, 2327, 23.64%, 0, 0, 3, 98.40, 102859, 7053
10058, 0, 423, 6371, 6334, 2327, 23.64%, 0, 0, 3, 111.17, 103428, 7053
10063, 0, 423, 6372, 6335, 2327, 23.65%, 0, 0, 3, 100.67, 103945, 7054
10068, 0, 423, 6372, 6335, 2327, 23.65%, 0, 0, 3, 104.21, 104461, 7054
10253, 0, 423, 6372, 6335, 2327, 23.65%, 0, 0, 3, 0.04, 104964, 7054
10258, 0, 423, 6373, 6336, 2327, 23.65%, 0, 0, 3, 103.56, 105506, 7054
10263, 0, 423, 6374, 6337, 2327, 23.65%, 0, 0, 3, 110.73, 106079, 7054
10268, 0, 423, 6374, 6337, 2327, 23.65%, 0, 0, 3, 109.72, 106611, 7054
10273, 0, 423, 6374, 6337, 2327, 23.65%, 0, 0, 3, 102.42, 107143, 7054
10279, 0, 423, 6374, 6337, 2327, 23.65%, 0, 0, 3, 91.50, 107595, 7054
10463, 0, 423, 6374, 6337, 2327, 23.65%, 0, 0, 3, 0.07, 108021, 7054
10469, 0, 423, 6374, 6337, 2327, 23.65%, 0, 0, 3, 100.31, 108580, 7054
10474, 0, 423, 6374, 6337, 2327, 23.65%, 0, 0, 3, 103.03, 109121, 7054
10479, 0, 423, 6374, 6337, 2327, 23.65%, 0, 0, 3, 101.09, 109639, 7054
10484, 0, 423, 6374, 6337, 2327, 23.65%, 0, 0, 3, 93.66, 110113, 7054
10489, 0, 423, 6374, 6337, 2327, 23.65%, 0, 0, 3, 99.71, 110588, 7054
12779, 0, 423, 6375, 6338, 2327, 23.65%, 0, 0, 3, 0.01, 111088, 7054
12784, 0, 423, 6375, 6338, 2327, 23.65%, 0, 0, 3, 98.82, 111608, 7054
12789, 0, 423, 6375, 6338, 2327, 23.65%, 0, 0, 3, 96.13, 112112, 7054
12795, 0, 423, 6375, 6338, 2327, 23.65%, 0, 0, 3, 97.30, 112619, 7054
12800, 0, 423, 6377, 6340, 2327, 23.65%, 0, 0, 3, 107.17, 113178, 7054
12805, 0, 428, 6377, 6339, 2330, 23.65%, 0, 0, 3, 96.05, 113646, 7054
12990, 0, 428, 6377, 6339, 2330, 23.65%, 0, 0, 3, 0.09, 114104, 7054
12995, 0, 440, 6782, 6743, 2494, 24.51%, 0, 0, 3, 149.53, 118563, 7312
13000, 0, 440, 6783, 6744, 2494, 24.51%, 0, 0, 3, 207.81, 119749, 7312
13005, 0, 444, 6783, 6743, 2494, 24.51%, 0, 0, 3, 212.11, 120869, 7312
13010, 0, 452, 6784, 6743, 2494, 24.51%, 0, 0, 3, 43.21, 122007, 7312
13015, 0, 452, 6786, 6745, 2494, 24.51%, 0, 0, 3, 77.95, 122472, 7312
13200, 0, 452, 6787, 6746, 2494, 24.51%, 0, 0, 3, 0.07, 122778, 7312
13205, 0, 452, 6787, 6746, 2494, 24.51%, 0, 0, 3, 80.50, 123200, 7312
13210, 0, 452, 6788, 6747, 2494, 24.51%, 0, 0, 3, 80.92, 123609, 7312
13215, 0, 452, 6789, 6748, 2494, 24.51%, 0, 0, 3, 88.38, 124056, 7312
13220, 0, 452, 6789, 6748, 2494, 24.51%, 0, 0, 3, 84.85, 124495, 7312
13226, 0, 452, 6789, 6748, 2494, 24.51%, 0, 0, 3, 77.33, 124884, 7312
13410, 0, 452, 6789, 6748, 2494, 24.51%, 0, 0, 3, 0.07, 125193, 7312
13415, 0, 452, 6789, 6748, 2494, 24.51%, 0, 0, 3, 82.54, 125606, 7312
13420, 0, 452, 6789, 6748, 2494, 24.51%, 0, 0, 3, 85.71, 126042, 7312
13425, 0, 452, 6789, 6748, 2494, 24.51%, 0, 0, 3, 90.27, 126526, 7312
13431, 0, 452, 6789, 6748, 2494, 24.51%, 0, 0, 3, 83.89, 126932, 7312
13436, 0, 452, 6789, 6748, 2494, 24.51%, 0, 0, 3, 80.08, 127345, 7312
13621, 0, 452, 6789, 6748, 2494, 24.51%, 0, 0, 3, 0.01, 127698, 7312
13626, 0, 452, 6789, 6748, 2494, 24.51%, 0, 0, 3, 81.01, 128113, 7312
13631, 0, 452, 6789, 6748, 2494, 24.51%, 0, 0, 3, 92.94, 128585, 7312
13636, 0, 452, 6790, 6749, 2494, 24.51%, 0, 0, 3, 85.65, 129026, 7312
13641, 0, 452, 6791, 6750, 2494, 24.51%, 0, 0, 3, 87.18, 129483, 7312
13647, 0, 452, 6791, 6750, 2494, 24.51%, 0, 0, 3, 73.94, 129857, 7312
13831, 0, 452, 6791, 6750, 2494, 24.51%, 0, 0, 3, 0.01, 130209, 7312
13836, 0, 452, 6791, 6750, 2494, 24.51%, 0, 0, 3, 87.53, 130681, 7312
13841, 0, 452, 6791, 6750, 2494, 24.51%, 0, 0, 3, 89.53, 131150, 7312
13846, 0, 452, 6791, 6750, 2494, 24.51%, 0, 0, 3, 86.06, 131567, 7312
13852, 0, 452, 6791, 6750, 2494, 24.51%, 0, 0, 3, 83.71, 131992, 7312
13857, 0, 452, 6791, 6750, 2494, 24.51%, 0, 0, 3, 77.16, 132386, 7312
14041, 0, 452, 6791, 6750, 2494, 24.51%, 0, 0, 3, 0.06, 132730, 7312
14046, 0, 452, 6791, 6750, 2494, 24.51%, 0, 0, 3, 77.68, 133149, 7312
14052, 0, 452, 6791, 6750, 2494, 24.51%, 0, 0, 3, 91.03, 133635, 7312
14057, 0, 452, 6791, 6750, 2494, 24.51%, 0, 0, 3, 84.52, 134064, 7312
14062, 0, 452, 6791, 6750, 2494, 24.51%, 0, 0, 3, 86.43, 134510, 7312
14067, 0, 452, 6792, 6751, 2494, 24.51%, 0, 0, 3, 82.29, 134908, 7312
14252, 0, 452, 6793, 6752, 2494, 24.51%, 0, 0, 3, 0.02, 135294, 7312
14257, 0, 452, 6793, 6752, 2494, 24.51%, 0, 0, 3, 78.83, 135725, 7312
14262, 0, 452, 6793, 6752, 2494, 24.51%, 0, 0, 3, 79.02, 136129, 7312
14267, 0, 452, 6793, 6752, 2494, 24.51%, 0, 0, 3, 81.24, 136541, 7312
14272, 0, 452, 6793, 6752, 2494, 24.51%, 0, 0, 3, 80.68, 136965, 7312
14277, 0, 452, 6793, 6752, 2494, 24.51%, 0, 0, 3, 80.83, 137392, 7312
16838, 0, 452, 6793, 6752, 2494, 24.51%, 0, 0, 3, 0.00, 137720, 7312
16989, 0, 452, 6793, 6752, 2494, 24.51%, 0, 0, 3, 0.10, 137735, 7312
16994, 0, 452, 6793, 6752, 2494, 24.51%, 0, 0, 3, 88.98, 138186, 7312
17000, 0, 452, 6794, 6753, 2494, 24.51%, 0, 0, 3, 80.93, 138604, 7312
17005, 0, 452, 6795, 6754, 2494, 24.51%, 0, 0, 3, 83.94, 139026, 7312
17010, 0, 452, 6795, 6754, 2494, 24.51%, 0, 0, 3, 74.25, 139398, 7312
17015, 0, 452, 6795, 6754, 2494, 24.51%, 0, 0, 3, 73.53, 139770, 7312
17200, 0, 452, 6795, 6754, 2494, 24.51%, 0, 0, 3, 0.05, 140170, 7312
17205, 0, 452, 6795, 6754, 2494, 24.51%, 0, 0, 3, 90.87, 140653, 7312
17210, 0, 452, 6795, 6754, 2494, 24.51%, 0, 0, 3, 85.32, 141063, 7312
17215, 0, 474, 6795, 6753, 2494, 24.51%, 0, 0, 3, 84.92, 141506, 7312
17220, 0, 475, 6900, 6857, 2493, 25.32%, 0, 0, 3, 617.44, 142684, 7554
17225, 0, 475, 7422, 7379, 2493, 26.69%, 0, 0, 3, 814.18, 147124, 7962
17410, 0, 475, 7817, 7774, 2493, 27.55%, 0, 0, 3, 1.12, 150580, 8217
17415, 0, 475, 8572, 8529, 2493, 29.90%, 0, 0, 3, 1249.54, 157136, 8918
17420, 0, 475, 9205, 9162, 2493, 31.34%, 0, 0, 3, 1146.86, 162634, 9347
17425, 0, 485, 9408, 9365, 3260, 31.63%, 0, 0, 3, 85.67, 164651, 9434
17430, 0, 499, 9409, 9365, 3260, 31.63%, 0, 0, 3, 79.85, 165061, 9434
17435, 0, 499, 9409, 9365, 3260, 31.63%, 0, 0, 3, 76.49, 165438, 9434
17620, 0, 499, 9409, 9365, 3260, 31.63%, 0, 0, 3, 0.11, 165808, 9434
17626, 0, 501, 9409, 9364, 3259, 31.63%, 0, 0, 3, 94.54, 166279, 9434
17631, 0, 501, 9409, 9364, 3259, 31.63%, 0, 0, 3, 84.74, 166712, 9434
17636, 0, 524, 9409, 9362, 3257, 31.63%, 0, 0, 3, 81.16, 167124, 9434
17641, 0, 524, 9409, 9362, 3257, 31.63%, 0, 0, 3, 85.82, 167569, 9434
17646, 0, 590, 9409, 9360, 3256, 31.63%, 0, 0, 3, 163.77, 168427, 9434
17831, 0, 600, 9409, 9359, 3255, 31.63%, 0, 0, 3, 0.19, 169027, 9434
17836, 0, 615, 9409, 9356, 3252, 31.63%, 0, 0, 3, 288.00, 170513, 9434
17841, 0, 618, 9409, 9354, 3251, 31.63%, 0, 0, 3, 265.53, 171783, 9434
17846, 0, 628, 9409, 9352, 3249, 31.63%, 0, 0, 3, 293.76, 173098, 9434
17851, 0, 640, 9409, 9349, 3246, 31.63%, 0, 0, 3, 330.41, 174913, 9434
17856, 0, 651, 9409, 9345, 3243, 31.63%, 0, 0, 3, 352.53, 176781, 9434
18041, 0, 656, 9409, 9342, 3240, 31.63%, 0, 0, 3, 0.01, 178400, 9434
18047, 0, 677, 9409, 9339, 3237, 31.63%, 0, 0, 3, 156.57, 179520, 9434
18052, 0, 677, 9412, 9342, 3237, 31.63%, 0, 0, 3, 104.29, 179982, 9434
18057, 0, 677, 9412, 9342, 3237, 31.63%, 0, 0, 3, 85.98, 180387, 9434
18062, 0, 677, 9412, 9342, 3237, 31.63%, 0, 0, 3, 79.33, 180785, 9434
18067, 0, 677, 9413, 9343, 3237, 31.63%, 0, 0, 3, 80.15, 181204, 9434
18252, 0, 677, 9413, 9343, 3237, 31.63%, 0, 0, 3, 0.04, 181532, 9434
18257, 0, 677, 9413, 9343, 3237, 31.63%, 0, 0, 3, 84.81, 181988, 9434
18262, 0, 677, 9413, 9343, 3237, 31.63%, 0, 0, 3, 78.10, 182377, 9434
18267, 0, 677, 9413, 9343, 3237, 31.63%, 0, 0, 3, 92.48, 182856, 9434
18272, 0, 677, 9414, 9344, 3237, 31.63%, 0, 0, 3, 88.62, 183307, 9434
18277, 0, 677, 9414, 9344, 3237, 31.63%, 0, 0, 3, 84.14, 183740, 9434
18462, 0, 677, 9414, 9344, 3237, 31.63%, 0, 0, 3, 0.07, 184084, 9434
18467, 0, 677, 9414, 9344, 3237, 31.63%, 0, 0, 3, 82.39, 184537, 9434
18472, 0, 677, 9414, 9344, 3237, 31.63%, 0, 0, 3, 87.32, 184964, 9434
18477, 0, 677, 9414, 9344, 3237, 31.63%, 0, 0, 3, 78.33, 185367, 9434
18483, 0, 677, 9414, 9344, 3237, 31.63%, 0, 0, 3, 83.38, 185818, 9434
18488, 0, 677, 9414, 9344, 3237, 31.63%, 0, 0, 3, 81.09, 186223, 9434
18672, 0, 677, 9414, 9344, 3237, 31.63%, 0, 0, 3, 0.07, 186570, 9434
18677, 0, 677, 9414, 9344, 3237, 31.63%, 0, 0, 3, 87.21, 187013, 9434
18682, 0, 677, 9414, 9344, 3237, 31.63%, 0, 0, 3, 85.22, 187449, 9434
18688, 0, 677, 9414, 9344, 3237, 31.63%, 0, 0, 3, 85.17, 187901, 9434
18693, 0, 677, 9414, 9344, 3237, 31.63%, 0, 0, 3, 81.22, 188315, 9434
18698, 0, 677, 9414, 9344, 3237, 31.63%, 0, 0, 3, 78.03, 188712, 9434
18883, 0, 677, 9414, 9344, 3237, 31.63%, 0, 0, 3, 0.07, 189108, 9434
18888, 0, 677, 9414, 9344, 3237, 31.63%, 0, 0, 3, 83.41, 189538, 9434
18893, 0, 677, 9414, 9344, 3237, 31.63%, 0, 0, 3, 79.20, 189940, 9434
18898, 0, 677, 9414, 9344, 3237, 31.63%, 0, 0, 3, 82.20, 190384, 9434
18903, 0, 677, 9414, 9344, 3237, 31.63%, 0, 0, 3, 82.75, 190820, 9434
18908, 0, 677, 9414, 9344, 3237, 31.63%, 0, 0, 3, 80.40, 191229, 9434
21198, 0, 677, 9414, 9344, 3237, 31.63%, 0, 0, 3, 0.00, 191558, 9434
21203, 0, 677, 9414, 9344, 3237, 31.63%, 0, 0, 3, 80.13, 191965, 9434
21208, 0, 678, 9414, 9343, 3237, 31.63%, 0, 0, 3, 88.57, 192420, 9434
21213, 0, 679, 9672, 9600, 3236, 32.19%, 0, 0, 3, 835.83, 194793, 9603
21218, 0, 716, 9793, 9718, 3325, 32.39%, 0, 0, 3, 547.00, 197527, 9663
21223, 0, 724, 9793, 9715, 3322, 32.39%, 0, 0, 3, 389.73, 199216, 9663
21408, 0, 729, 9793, 9712, 3319, 32.39%, 0, 0, 3, 0.12, 200975, 9663
21413, 0, 755, 9794, 9709, 3315, 32.39%, 0, 0, 3, 564.78, 203859, 9663
21419, 0, 770, 9795, 9709, 3314, 32.39%, 0, 0, 3, 332.00, 205237, 9663
21424, 0, 791, 9797, 9710, 3314, 32.39%, 0, 0, 3, 231.75, 206359, 9663
21429, 0, 791, 9797, 9710, 3314, 32.39%, 0, 0, 3, 185.61, 207273, 9663
21434, 0, 814, 9798, 9709, 3312, 32.39%, 0, 0, 3, 189.23, 208330, 9663
21619, 0, 814, 9799, 9710, 3312, 32.39%, 0, 0, 3, 0.05, 208976, 9663
21624, 0, 814, 9800, 9711, 3312, 32.39%, 0, 0, 3, 193.02, 210012, 9663
21629, 0, 814, 9800, 9711, 3312, 32.39%, 0, 0, 3, 162.22, 210810, 9663
21634, 0, 814, 9800, 9711, 3312, 32.39%, 0, 0, 3, 170.45, 211683, 9663
21639, 0, 814, 9800, 9711, 3312, 32.39%, 0, 0, 3, 167.17, 212526, 9663
21644, 0, 821, 9802, 9712, 3312, 32.39%, 0, 0, 3, 127.71, 213138, 9663
21829, 0, 821, 9802, 9712, 3312, 32.39%, 0, 0, 3, 0.18, 213788, 9663
21834, 0, 821, 9802, 9712, 3312, 32.39%, 0, 0, 3, 153.38, 214528, 9663
21839, 0, 821, 9803, 9713, 3312, 32.39%, 0, 0, 3, 169.85, 215385, 9663
21844, 0, 821, 9803, 9713, 3312, 32.39%, 0, 0, 3, 179.49, 216336, 9663
21849, 0, 821, 9803, 9713, 3312, 32.39%, 0, 0, 3, 119.72, 216833, 9663
21854, 0, 822, 9803, 9712, 3311, 32.39%, 0, 0, 3, 152.25, 217689, 9663
22039, 0, 824, 9804, 9712, 3310, 32.39%, 0, 0, 3, 0.07, 218306, 9663
22044, 0, 824, 9804, 9712, 3310, 32.39%, 0, 0, 3, 171.42, 219196, 9663
22050, 0, 826, 9805, 9712, 3310, 32.39%, 0, 0, 3, 122.97, 219767, 9663
22055, 0, 826, 9806, 9713, 3310, 32.39%, 0, 0, 3, 136.23, 220474, 9663
22060, 0, 826, 9806, 9713, 3310, 32.39%, 0, 0, 3, 177.01, 221436, 9663
22065, 0, 902, 9806, 9704, 3301, 32.39%, 0, 0, 3, 953.18, 224793, 9663
22250, 0, 920, 9806, 9695, 3292, 32.39%, 0, 0, 3, 0.25, 228489, 9663
22255, 0, 934, 9807, 9693, 3290, 32.39%, 0, 0, 3, 503.64, 230839, 9663
22260, 0, 957, 9808, 9692, 3288, 32.39%, 0, 0, 3, 368.13, 232651, 9663
22265, 0, 972, 9808, 9687, 3284, 32.39%, 0, 0, 3, 521.58, 235120, 9663
22270, 0, 985, 9808, 9684, 3281, 32.39%, 0, 0, 3, 442.46, 237099, 9663
22275, 0, 994, 9809, 9682, 3278, 32.39%, 0, 0, 3, 471.90, 239420, 9663
22460, 0, 1024, 9809, 9677, 3274, 32.39%, 0, 0, 3, 0.11, 241807, 9663
22465, 0, 1036, 9809, 9675, 3272, 32.39%, 0, 0, 3, 252.62, 242992, 9663
22470, 0, 1042, 9809, 9673, 3270, 32.39%, 0, 0, 3, 114.47, 244411, 9663
22475, 0, 1049, 9810, 9672, 3268, 32.39%, 0, 0, 3, 205.13, 245594, 9663
22481, 0, 1052, 9810, 9671, 3267, 32.39%, 0, 0, 3, 207.86, 246626, 9663
22486, 0, 1069, 9810, 9668, 3264, 32.39%, 0, 0, 3, 304.87, 248310, 9663
22671, 0, 1072, 9810, 9666, 3262, 32.39%, 0, 0, 3, 0.08, 249579, 9663
22676, 0, 1088, 9810, 9663, 3259, 32.39%, 0, 0, 3, 300.62, 251142, 9663
22681, 0, 1109, 9811, 9661, 3257, 32.39%, 0, 0, 3, 449.63, 253283, 9663
22686, 0, 1134, 9811, 9656, 3252, 32.39%, 0, 0, 3, 461.09, 255856, 9663
22691, 0, 1135, 9812, 9656, 3251, 32.39%, 0, 0, 3, 277.13, 257288, 9663
22696, 0, 1135, 9814, 9658, 3251, 32.39%, 0, 0, 3, 199.77, 258142, 9663
22881, 0, 1135, 9814, 9658, 3251, 32.39%, 0, 0, 3, 0.15, 258724, 9663
22886, 0, 1155, 9814, 9656, 3250, 32.39%, 0, 0, 3, 278.23, 260086, 9663
22891, 0, 1173, 9814, 9653, 3249, 32.39%, 0, 0, 3, 266.78, 261288, 9663
22896, 0, 1182, 9814, 9652, 3248, 32.39%, 0, 0, 3, 71.61, 262011, 9663
22901, 0, 1187, 9814, 9650, 3246, 32.39%, 0, 0, 3, 172.51, 262810, 9663
22906, 0, 1188, 9815, 9650, 3245, 32.39%, 0, 0, 3, 240.55, 264191, 9663
23091, 0, 1193, 9815, 9648, 3245, 32.39%, 0, 0, 3, 0.12, 264983, 9663
23096, 0, 1203, 9815, 9644, 3241, 32.39%, 0, 0, 3, 481.06, 267299, 9663
23101, 0, 1222, 9815, 9641, 3239, 32.39%, 0, 0, 3, 319.56, 268973, 9663
23107, 0, 1233, 9815, 9637, 3235, 32.39%, 0, 0, 3, 408.76, 271177, 9663
23112, 0, 1253, 9815, 9635, 3233, 32.39%, 0, 0, 3, 379.01, 272669, 9663
23117, 0, 1256, 9816, 9635, 3232, 32.39%, 0, 0, 3, 277.77, 273936, 9663
25407, 0, 1272, 9816, 9633, 3230, 32.39%, 0, 0, 3, 0.04, 274749, 9663
25413, 0, 1280, 9952, 9767, 3228, 32.73%, 0, 1, 3, 17.17, 276800, 9762
25423, 0, 1280, 9961, 9776, 3228, 32.73%, 0, 8, 3, 2.65, 276886, 9764
25429, 0, 1289, 10057, 9872, 3295, 32.87%, 0, 10, 3, 518.90, 277833, 9804
25434, 0, 1295, 10057, 9871, 3295, 32.87%, 0, 10, 3, 291.98, 279234, 9804
25617, 0, 1297, 10060, 9873, 3294, 32.87%, 0, 10, 3, 0.16, 279731, 9804
25622, 0, 1297, 10060, 9873, 3294, 32.87%, 0, 10, 3, 202.42, 280735, 9804
25627, 0, 1297, 10060, 9873, 3294, 32.87%, 0, 10, 3, 178.90, 281616, 9804
25632, 0, 1297, 10061, 9874, 3294, 32.87%, 0, 10, 3, 181.44, 282505, 9804
25637, 0, 1297, 10061, 9874, 3294, 32.87%, 0, 10, 3, 158.28, 283258, 9804
25643, 0, 1297, 10061, 9874, 3294, 32.87%, 0, 10, 3, 149.47, 283987, 9804
25828, 0, 1297, 10061, 9874, 3294, 32.87%, 0, 10, 3, 0.11, 284574, 9804
25833, 0, 1297, 10061, 9874, 3294, 32.87%, 0, 10, 3, 122.56, 285266, 9804
25838, 0, 1297, 10061, 9874, 3294, 32.87%, 0, 10, 3, 182.99, 286162, 9804
25843, 0, 1297, 10061, 9874, 3294, 32.87%, 0, 10, 3, 174.22, 287074, 9804
25848, 0, 1297, 10061, 9874, 3294, 32.87%, 0, 10, 3, 156.30, 287833, 9804
25853, 0, 1297, 10061, 9874, 3294, 32.87%, 0, 10, 3, 155.33, 288625, 9804
29464, 0, 1305, 10061, 9873, 3294, 32.87%, 0, 10, 3, 0.01, 289288, 9804
29614, 0, 1305, 10061, 9873, 3294, 32.87%, 0, 10, 3, 0.25, 289326, 9804
29620, 0, 1313, 10675, 10485, 3292, 34.52%, 0, 10, 3, 951.43, 294545, 10297
29625, 0, 1314, 11262, 11072, 3601, 35.01%, 0, 10, 3, 897.97, 299441, 10444
29630, 0, 1318, 11262, 11070, 3599, 35.01%, 0, 10, 3, 218.57, 300719, 10444
29635, 0, 1321, 11262, 11068, 3597, 35.01%, 0, 10, 3, 196.41, 301676, 10444
29640, 0, 1322, 11262, 11067, 3596, 35.01%, 0, 10, 3, 202.33, 302687, 10444
29825, 0, 1350, 11262, 11063, 3592, 35.01%, 0, 10, 3, 0.35, 304683, 10444
29830, 0, 1390, 11263, 11059, 3588, 35.01%, 0, 10, 3, 687.26, 308014, 10444
29835, 0, 1392, 11263, 11058, 3587, 35.01%, 0, 10, 3, 101.60, 308738, 10444
29840, 0, 1414, 11263, 11057, 3586, 35.01%, 0, 10, 3, 143.23, 309430, 10444
29845, 0, 1417, 11263, 11056, 3585, 35.01%, 0, 10, 3, 138.72, 310200, 10444
29850, 0, 1424, 11263, 11054, 3583, 35.01%, 0, 10, 3, 166.20, 310947, 10444
30035, 0, 1442, 11263, 11052, 3581, 35.01%, 0, 10, 3, 0.03, 312111, 10444
30040, 0, 1442, 11263, 11052, 3581, 35.01%, 0, 10, 3, 104.80, 312632, 10444
30045, 0, 1443, 11263, 11051, 3580, 35.01%, 0, 10, 3, 184.88, 313632, 10444
30050, 0, 1447, 11263, 11050, 3579, 35.01%, 0, 10, 3, 131.74, 314210, 10444
30055, 0, 1449, 11263, 11049, 3578, 35.01%, 0, 10, 3, 112.54, 314768, 10444
30061, 0, 1449, 11264, 11050, 3578, 35.01%, 0, 10, 3, 102.73, 315273, 10444
30246, 0, 1449, 11264, 11050, 3578, 35.01%, 0, 10, 3, 0.06, 315669, 10444
30251, 0, 1453, 11264, 11049, 3577, 35.01%, 0, 10, 3, 108.22, 316211, 10444
30256, 0, 1456, 11264, 11047, 3575, 35.01%, 0, 10, 3, 141.14, 317035, 10444
30261, 0, 1490, 11264, 11042, 3570, 35.01%, 0, 10, 3, 590.58, 319543, 10444
30266, 0, 1511, 11264, 11038, 3566, 35.01%, 0, 10, 3, 392.71, 321391, 10444
30271, 0, 1537, 11264, 11035, 3563, 35.01%, 0, 10, 3, 318.94, 323105, 10444
30456, 0, 1538, 11265, 11035, 3562, 35.01%, 0, 10, 3, 0.16, 323730, 10444
30461, 0, 1538, 11265, 11035, 3562, 35.01%, 0, 10, 3, 159.74, 324486, 10444
30466, 0, 1538, 11265, 11035, 3562, 35.01%, 0, 10, 3, 138.70, 325142, 10444
30471, 0, 1545, 11265, 11033, 3560, 35.01%, 0, 10, 3, 166.39, 326151, 10444
30476, 0, 1545, 11265, 11033, 3560, 35.01%, 0, 10, 3, 109.25, 326626, 10444
30481, 0, 1558, 11265, 11030, 3557, 35.01%, 0, 10, 3, 270.12, 328009, 10444
30666, 0, 1573, 11265, 11028, 3555, 35.01%, 0, 10, 3, 0.08, 329179, 10444
30671, 0, 1578, 11265, 11026, 3554, 35.01%, 0, 10, 3, 204.11, 330362, 10444
30677, 0, 1582, 11265, 11024, 3552, 35.01%, 0, 10, 3, 262.95, 331734, 10444
30682, 0, 1584, 11265, 11023, 3551, 35.01%, 0, 10, 3, 137.95, 332248, 10444
30687, 0, 1584, 11265, 11023, 3551, 35.01%, 0, 10, 3, 105.22, 332728, 10444
30692, 0, 1587, 11266, 11023, 3550, 35.01%, 0, 10, 3, 145.32, 333469, 10444
30877, 0, 1587, 11266, 11023, 3550, 35.01%, 0, 10, 3, 0.17, 334334, 10444
30882, 0, 1602, 11266, 11020, 3547, 35.01%, 0, 10, 3, 312.06, 335935, 10444
30887, 0, 1604, 11266, 11019, 3546, 35.01%, 0, 10, 3, 155.58, 336487, 10444
30892, 0, 1609, 11266, 11016, 3544, 35.01%, 0, 10, 3, 187.32, 337497, 10444
30897, 0, 1611, 11269, 11018, 3543, 35.01%, 0, 10, 3, 196.05, 338431, 10444
30902, 0, 1611, 11269, 11018, 3543, 35.01%, 0, 10, 3, 180.80, 339370, 10444
31087, 0, 1612, 11269, 11017, 3543, 35.01%, 0, 10, 3, 0.20, 340228, 10444
31092, 0, 1617, 11270, 11017, 3543, 35.01%, 0, 10, 3, 234.55, 341399, 10444
31097, 0, 1627, 11270, 11016, 3542, 35.01%, 0, 10, 3, 131.06, 341923, 10444
31102, 0, 1627, 11270, 11016, 3542, 35.01%, 0, 10, 3, 111.54, 342461, 10444
31108, 0, 1638, 11270, 11012, 3538, 35.01%, 0, 10, 3, 345.53, 344225, 10444
31113, 0, 1660, 11272, 11011, 3535, 35.01%, 0, 10, 3, 279.01, 345663, 10444
31297, 0, 1660, 11273, 11012, 3535, 35.01%, 0, 10, 3, 0.19, 346366, 10444
31302, 0, 1660, 11273, 11012, 3535, 35.01%, 0, 10, 3, 159.21, 347185, 10444
31308, 0, 1660, 11274, 11013, 3535, 35.01%, 0, 10, 3, 181.08, 348140, 10444
31313, 0, 1660, 11274, 11013, 3535, 35.01%, 0, 10, 3, 185.75, 349064, 10444
31318, 0, 1660, 11274, 11013, 3535, 35.01%, 0, 10, 3, 223.38, 350283, 10444
31323, 0, 1660, 11274, 11013, 3535, 35.01%, 0, 10, 3, 215.92, 351319, 10444
31508, 0, 1660, 11274, 11013, 3535, 35.01%, 0, 10, 3, 0.02, 352307, 10444
31513, 0, 1660, 11274, 11013, 3535, 35.01%, 0, 10, 3, 249.52, 353577, 10444
31518, 0, 1660, 11274, 11013, 3535, 35.01%, 0, 10, 3, 240.99, 354799, 10444
31523, 0, 1680, 11274, 11010, 3534, 35.01%, 0, 10, 3, 248.67, 356067, 10444
31528, 0, 1690, 11274, 11008, 3532, 35.01%, 0, 10, 3, 283.46, 357391, 10444
31533, 0, 1698, 11275, 11008, 3531, 35.01%, 0, 10, 3, 93.06, 358676, 10444
33823, 0, 1699, 11275, 11007, 3530, 35.01%, 0, 10, 3, 0.01, 359204, 10444
33828, 0, 1700, 11275, 11006, 3529, 35.01%, 0, 10, 3, 107.27, 359796, 10444
33833, 0, 1703, 11455, 11185, 3600, 35.43%, 0, 10, 3, 112.00, 361742, 10569
33838, 0, 1703, 11455, 11185, 3600, 35.43%, 0, 10, 3, 104.30, 362304, 10569
33843, 0, 1704, 11455, 11184, 3600, 35.43%, 0, 10, 3, 88.36, 362755, 10569
33848, 0, 1706, 11455, 11183, 3599, 35.43%, 0, 10, 3, 95.44, 363221, 10569
34033, 0, 1706, 11455, 11183, 3599, 35.43%, 0, 10, 3, 0.18, 363714, 10569
34038, 0, 1707, 11456, 11183, 3598, 35.43%, 0, 10, 3, 190.05, 364581, 10569
34043, 0, 1714, 11456, 11181, 3596, 35.43%, 0, 10, 3, 207.27, 365563, 10569
34048, 0, 1730, 11456, 11179, 3594, 35.43%, 0, 10, 3, 249.71, 366893, 10569
34053, 0, 1731, 11457, 11179, 3593, 35.43%, 0, 10, 3, 205.65, 367910, 10569
34059, 0, 1737, 11459, 11179, 3591, 35.43%, 0, 10, 3, 207.75, 369044, 10569
34243, 0, 1737, 11459, 11179, 3591, 35.43%, 0, 10, 3, 0.20, 369984, 10569
34249, 0, 1738, 11459, 11178, 3591, 35.43%, 0, 10, 3, 281.23, 371339, 10569
34254, 0, 1746, 11459, 11174, 3587, 35.43%, 0, 10, 3, 328.37, 373378, 10569
34259, 0, 1747, 11460, 11174, 3587, 35.44%, 0, 10, 3, 240.12, 374545, 10570
34264, 0, 1754, 11460, 11172, 3585, 35.44%, 0, 10, 3, 204.86, 375417, 10570
34269, 0, 1754, 11461, 11173, 3585, 35.44%, 0, 10, 3, 198.75, 376440, 10570
34454, 0, 1755, 11465, 11176, 3584, 35.44%, 0, 10, 3, 0.27, 377508, 10571
34459, 0, 1755, 11465, 11176, 3584, 35.44%, 0, 10, 3, 226.50, 378652, 10571
34464, 0, 1755, 11465, 11176, 3584, 35.44%, 0, 10, 3, 278.45, 380066, 10571
34469, 0, 1755, 11466, 11177, 3584, 35.44%, 0, 10, 3, 246.98, 381263, 10571
34474, 0, 1755, 11467, 11178, 3584, 35.44%, 0, 10, 3, 203.30, 382178, 10571
34479, 0, 1755, 11467, 11178, 3584, 35.44%, 0, 10, 3, 181.49, 383061, 10571
34664, 0, 1755, 11468, 11179, 3584, 35.44%, 0, 10, 3, 0.12, 383863, 10571
34669, 0, 1755, 11468, 11179, 3584, 35.44%, 0, 10, 3, 317.73, 385417, 10571
34674, 0, 1755, 11469, 11180, 3584, 35.44%, 0, 10, 3, 251.59, 386589, 10571
34679, 0, 1755, 11469, 11180, 3584, 35.44%, 0, 10, 3, 241.28, 387832, 10571
34684, 0, 1755, 11469, 11180, 3584, 35.44%, 0, 10, 3, 211.18, 388884, 10571
34690, 0, 1755, 11470, 11181, 3584, 35.44%, 0, 10, 3, 205.30, 389987, 10571
34874, 0, 1755, 11470, 11181, 3584, 35.44%, 0, 10, 3, 0.22, 390991, 10571
34879, 0, 1755, 11470, 11181, 3584, 35.44%, 0, 10, 3, 274.18, 392411, 10571
34885, 0, 1755, 11470, 11181, 3584, 35.44%, 0, 10, 3, 261.24, 393741, 10571
34890, 0, 1755, 11471, 11182, 3584, 35.44%, 0, 10, 3, 243.97, 394962, 10571
34895, 0, 1758, 11472, 11182, 3584, 35.44%, 0, 10, 3, 269.63, 396265, 10571
34900, 0, 1763, 11473, 11179, 3580, 35.44%, 0, 10, 3, 380.44, 398551, 10571
35085, 0, 1766, 11473, 11177, 3578, 35.44%, 0, 10, 3, 0.79, 400018, 10571
35090, 0, 1780, 11473, 11172, 3573, 35.44%, 0, 10, 3, 631.67, 403132, 10571
35095, 0, 1792, 11473, 11168, 3569, 35.44%, 0, 10, 3, 426.20, 404858, 10571
35100, 0, 1807, 11473, 11161, 3562, 35.44%, 0, 10, 3, 533.20, 407852, 10571
35105, 0, 1824, 11473, 11157, 3558, 35.44%, 0, 10, 3, 490.86, 410075, 10571
35111, 0, 1834, 11473, 11154, 3555, 35.44%, 0, 10, 3, 352.41, 411740, 10571
35295, 0, 1841, 11474, 11153, 3553, 35.44%, 0, 10, 3, 0.04, 413365, 10571
35300, 0, 1860, 11474, 11150, 3551, 35.44%, 0, 10, 3, 406.07, 415387, 10571
35305, 0, 1869, 11474, 11147, 3549, 35.44%, 0, 10, 3, 240.11, 416365, 10571
35310, 0, 1886, 11474, 11144, 3546, 35.44%, 0, 10, 3, 275.56, 417679, 10571
35315, 0, 1893, 11474, 11141, 3543, 35.44%, 0, 10, 3, 328.64, 419385, 10571
35321, 0, 1911, 11474, 11139, 3541, 35.44%, 0, 10, 3, 250.30, 420549, 10571
35505, 0, 1923, 11475, 11137, 3538, 35.44%, 0, 10, 3, 0.17, 421526, 10571
35510, 0, 1923, 11475, 11137, 3538, 35.44%, 0, 10, 3, 150.35, 422189, 10571
35515, 0, 1924, 11475, 11136, 3537, 35.44%, 0, 10, 3, 163.78, 423023, 10571
35521, 0, 1929, 11475, 11134, 3535, 35.44%, 0, 10, 3, 159.03, 423851, 10571
35526, 0, 1931, 11475, 11133, 3534, 35.44%, 0, 10, 3, 221.64, 424834, 10571
35531, 0, 1937, 11475, 11130, 3531, 35.44%, 0, 10, 3, 251.29, 426281, 10571
35716, 0, 1946, 11475, 11126, 3527, 35.44%, 0, 10, 3, 0.22, 427651, 10571
35721, 0, 1951, 11475, 11125, 3526, 35.44%, 0, 10, 3, 166.43, 428420, 10571
35726, 0, 1959, 11475, 11124, 3525, 35.44%, 0, 10, 3, 119.12, 428950, 10571
35731, 0, 1960, 11475, 11123, 3524, 35.44%, 0, 10, 3, 107.55, 429468, 10571
35736, 0, 1974, 11475, 11120, 3521, 35.44%, 0, 10, 3, 214.36, 430756, 10571
35741, 0, 1987, 11476, 11119, 3519, 35.44%, 0, 10, 3, 213.59, 431959, 10571
37757, 0, 1997, 11476, 11118, 3518, 35.44%, 0, 10, 3, 0.01, 432959, 10571
37762, 0, 2004, 11478, 11119, 3517, 35.44%, 0, 10, 3, 93.03, 433688, 10572
37767, 0, 2004, 11478, 11119, 3517, 35.44%, 0, 10, 3, 100.90, 434219, 10572
37772, 0, 2004, 11478, 11119, 3517, 35.44%, 0, 10, 3, 106.32, 434767, 10572
37777, 0, 2004, 11478, 11119, 3517, 35.44%, 0, 10, 3, 107.19, 435291, 10572
37782, 0, 2005, 11700, 11340, 3516, 35.80%, 0, 10, 3, 1492.82, 437525, 10680
37787, 0, 2012, 12059, 11697, 3709, 36.51%, 0, 10, 3, 855.67, 441716, 10892
37792, 0, 2028, 12059, 11694, 3706, 36.51%, 0, 10, 3, 396.43, 443123, 10892
37798, 0, 2032, 12059, 11690, 3702, 36.51%, 0, 10, 3, 403.45, 445263, 10892
37803, 0, 2035, 12059, 11687, 3699, 36.51%, 0, 10, 3, 345.15, 446900, 10892
37808, 0, 2053, 12059, 11684, 3696, 36.51%, 0, 10, 3, 399.10, 448805, 10892
37813, 0, 2093, 12059, 11679, 3691, 36.51%, 0, 10, 3, 409.95, 451219, 10892
37818, 0, 2110, 12059, 11676, 3688, 36.51%, 0, 10, 3, 361.22, 452914, 10892
37823, 0, 2114, 12060, 11674, 3685, 36.51%, 0, 10, 3, 364.01, 454924, 10892
37828, 0, 2118, 12061, 11673, 3683, 36.51%, 0, 10, 3, 416.03, 456861, 10892
37833, 0, 2133, 12061, 11671, 3681, 36.51%, 0, 10, 3, 372.35, 458608, 10892
37838, 0, 2138, 12062, 11670, 3679, 36.51%, 0, 10, 3, 337.96, 460330, 10892
37843, 0, 2149, 12062, 11667, 3676, 36.51%, 0, 10, 3, 282.62, 461670, 10892
37848, 0, 2159, 12063, 11666, 3674, 36.51%, 0, 10, 3, 266.85, 463037, 10892
37853, 0, 2161, 12063, 11665, 3673, 36.51%, 0, 10, 3, 231.70, 464175, 10892
37858, 0, 2173, 12063, 11662, 3670, 36.51%, 0, 10, 3, 229.17, 465475, 10892
37864, 0, 2187, 12063, 11661, 3669, 36.51%, 0, 10, 3, 213.33, 466403, 10892
37869, 0, 2205, 12063, 11658, 3666, 36.51%, 0, 10, 3, 272.78, 467817, 10892
37874, 0, 2215, 12063, 11656, 3664, 36.51%, 0, 10, 3, 258.97, 469127, 10892
37879, 0, 2218, 12064, 11655, 3662, 36.51%, 0, 10, 3, 230.98, 470334, 10892
38031, 0, 2218, 12064, 11655, 3662, 36.51%, 0, 10, 3, 0.07, 470622, 10892
38036, 0, 2226, 12065, 11654, 3661, 36.51%, 0, 10, 3, 281.47, 472091, 10892
38041, 0, 2230, 12065, 11652, 3659, 36.51%, 0, 10, 3, 300.15, 473837, 10892
38046, 0, 2237, 12065, 11648, 3655, 36.51%, 0, 10, 3, 381.25, 475911, 10892
38051, 0, 2240, 12065, 11645, 3652, 36.51%, 0, 10, 3, 350.14, 477802, 10892
38056, 0, 2243, 12065, 11643, 3650, 36.51%, 0, 10, 3, 318.61, 479183, 10892
38241, 0, 2259, 12066, 11638, 3644, 36.51%, 0, 10, 3, 0.45, 481665, 10892
38246, 0, 2269, 12066, 11633, 3639, 36.51%, 0, 10, 3, 586.60, 484592, 10892
38252, 0, 2282, 12066, 11630, 3636, 36.51%, 0, 10, 3, 405.39, 486540, 10892
38257, 0, 2283, 12066, 11629, 3635, 36.51%, 0, 10, 3, 269.16, 487508, 10892
38262, 0, 2306, 12066, 11627, 3633, 36.51%, 0, 10, 3, 208.80, 488724, 10892
38267, 0, 2318, 12066, 11623, 3629, 36.51%, 0, 10, 3, 394.31, 490891, 10892
38452, 0, 2323, 12066, 11620, 3626, 36.51%, 0, 10, 3, 0.57, 492906, 10892
38457, 0, 2327, 12066, 11616, 3622, 36.51%, 0, 10, 3, 348.95, 494899, 10892
38462, 0, 2331, 12066, 11613, 3619, 36.51%, 0, 10, 3, 299.05, 496422, 10892
38467, 0, 2333, 12066, 11611, 3617, 36.51%, 0, 10, 3, 273.30, 497713, 10892
38472, 0, 2335, 12066, 11609, 3615, 36.51%, 0, 10, 3, 336.73, 499338, 10892
38477, 0, 2355, 12068, 11606, 3610, 36.51%, 0, 10, 3, 525.71, 502072, 10892
38662, 0, 2358, 12068, 11604, 3608, 36.51%, 0, 10, 3, 0.03, 502977, 10892
38667, 0, 2363, 12068, 11600, 3604, 36.51%, 0, 10, 3, 465.48, 505362, 10892
38672, 0, 2366, 12068, 11597, 3601, 36.51%, 0, 10, 3, 345.26, 507027, 10892
38677, 0, 2383, 12068, 11593, 3597, 36.51%, 0, 10, 3, 367.32, 508861, 10892
38682, 0, 2388, 12068, 11591, 3595, 36.51%, 0, 10, 3, 242.96, 510116, 10892
38688, 0, 2398, 12068, 11588, 3593, 36.51%, 0, 10, 3, 243.30, 511412, 10892
38872, 0, 2400, 12068, 11587, 3592, 36.51%, 0, 10, 3, 0.20, 512344, 10892
38878, 0, 2405, 12069, 11586, 3590, 36.51%, 0, 10, 3, 206.45, 513403, 10892
38883, 0, 2406, 12069, 11585, 3589, 36.51%, 0, 10, 3, 211.20, 514463, 10892
38888, 0, 2423, 12070, 11584, 3587, 36.51%, 0, 10, 3, 232.42, 515762, 10892
38893, 0, 2424, 12071, 11584, 3586, 36.51%, 0, 10, 3, 202.06, 516761, 10892
38898, 0, 2424, 12072, 11585, 3586, 36.51%, 0, 10, 3, 191.01, 517702, 10892
39083, 0, 2424, 12072, 11585, 3586, 36.51%, 0, 10, 3, 0.05, 518476, 10892
39088, 0, 2425, 12072, 11584, 3585, 36.51%, 0, 10, 3, 175.16, 519379, 10892
39093, 0, 2429, 12073, 11584, 3584, 36.51%, 0, 10, 3, 203.12, 520445, 10892
39098, 0, 2438, 12075, 11585, 3583, 36.51%, 0, 10, 3, 157.25, 521215, 10892
39103, 0, 2438, 12075, 11585, 3583, 36.51%, 0, 10, 3, 151.31, 522013, 10892
39108, 0, 2438, 12075, 11585, 3583, 36.51%, 0, 10, 3, 143.81, 522757, 10892
39293, 0, 2443, 12075, 11584, 3582, 36.51%, 0, 10, 3, 0.20, 523573, 10892
39298, 0, 2451, 12076, 11581, 3579, 36.51%, 0, 10, 3, 553.68, 526349, 10892
39303, 0, 2455, 12076, 11577, 3575, 36.51%, 0, 10, 3, 409.49, 528246, 10892
39309, 0, 2458, 12078, 11577, 3573, 36.51%, 0, 10, 3, 469.08, 531031, 10892
39314, 0, 2462, 12078, 11575, 3571, 36.51%, 0, 10, 3, 292.39, 532187, 10892
39319, 0, 2466, 12079, 11574, 3569, 36.51%, 0, 10, 3, 279.85, 533804, 10892
39503, 0, 2475, 12079, 11572, 3567, 36.51%, 0, 10, 3, 0.20, 535123, 10892
39509, 0, 2497, 12079, 11568, 3563, 36.51%, 0, 10, 3, 331.80, 536709, 10892
39514, 0, 2499, 12080, 11568, 3563, 36.51%, 0, 10, 3, 235.63, 537796, 10892
39519, 0, 2503, 12080, 11566, 3561, 36.51%, 0, 10, 3, 224.37, 538932, 10892
39524, 0, 2504, 12080, 11565, 3560, 36.51%, 0, 10, 3, 171.92, 539723, 10892
39529, 0, 2507, 12081, 11565, 3559, 36.51%, 0, 10, 3, 201.94, 540723, 10892
39714, 0, 2518, 12081, 11563, 3558, 36.51%, 0, 10, 3, 0.18, 541663, 10892
39719, 0, 2521, 12082, 11562, 3556, 36.51%, 0, 10, 3, 213.29, 542742, 10892
39724, 0, 2521, 12082, 11562, 3556, 36.51%, 0, 10, 3, 199.69, 543714, 10892
39729, 0, 2523, 12083, 11562, 3555, 36.51%, 0, 10, 3, 221.34, 544925, 10892
39734, 0, 2547, 12083, 11560, 3554, 36.51%, 0, 10, 3, 183.86, 545734, 10892
39739, 0, 2567, 12083, 11556, 3551, 36.51%, 0, 10, 3, 412.90, 548161, 10892
39924, 0, 2614, 12083, 11550, 3545, 36.51%, 0, 10, 3, 0.32, 550544, 10892
39929, 0, 2629, 12083, 11546, 3541, 36.51%, 0, 10, 3, 480.44, 553025, 10892
39934, 0, 2643, 12083, 11541, 3536, 36.51%, 0, 10, 3, 460.23, 555264, 10892
39940, 0, 2660, 12083, 11537, 3532, 36.51%, 0, 10, 3, 299.57, 556545, 10892
39945, 0, 2662, 12084, 11537, 3531, 36.51%, 0, 10, 3, 303.79, 557986, 10892
39950, 0, 2665, 12084, 11535, 3529, 36.51%, 0, 10, 3, 250.69, 559210, 10892
42238, 0, 2668, 12084, 11534, 3528, 36.51%, 0, 10, 3, 0.01, 559930, 10892
42244, 0, 2674, 12246, 11694, 3572, 36.74%, 0, 10, 3, 1225.09, 562268, 10959
42249, 0, 2684, 12246, 11692, 3570, 36.74%, 0, 10, 3, 229.99, 563642, 10959
42254, 0, 2688, 12246, 11690, 3568, 36.74%, 0, 10, 3, 218.34, 564846, 10959
42259, 0, 2691, 12247, 11689, 3566, 36.74%, 0, 10, 3, 204.63, 565831, 10959
42264, 0, 2692, 12247, 11688, 3565, 36.74%, 0, 10, 3, 189.19, 566690, 10959
42449, 0, 2694, 12247, 11687, 3564, 36.74%, 0, 10, 3, 0.07, 567461, 10959
42454, 0, 2697, 12247, 11686, 3563, 36.74%, 0, 10, 3, 190.80, 568403, 10959
42459, 0, 2708, 12247, 11684, 3561, 36.74%, 0, 10, 3, 197.41, 569462, 10959
42464, 0, 2721, 12248, 11683, 3559, 36.74%, 0, 10, 3, 272.91, 570897, 10959
42469, 0, 2733, 12248, 11678, 3554, 36.74%, 0, 10, 3, 406.98, 573105, 10959
42474, 0, 2741, 12248, 11675, 3551, 36.74%, 0, 10, 3, 361.85, 575010, 10959
42659, 0, 2747, 12248, 11672, 3548, 36.74%, 0, 10, 3, 0.50, 576444, 10959
42664, 0, 2752, 12248, 11671, 3547, 36.74%, 0, 10, 3, 191.46, 577503, 10959
42669, 0, 2756, 12248, 11668, 3544, 36.74%, 0, 10, 3, 257.97, 578912, 10959
42674, 0, 2764, 12248, 11663, 3539, 36.74%, 0, 10, 3, 252.30, 580262, 10959
42679, 0, 2766, 12248, 11661, 3537, 36.74%, 0, 10, 3, 901.80, 581566, 10959
42684, 0, 2777, 12248, 11657, 3533, 36.74%, 0, 10, 3, 525.42, 583672, 10959
42869, 0, 2792, 12248, 11653, 3529, 36.74%, 0, 10, 3, 0.10, 585801, 10959
42874, 0, 2793, 12250, 11654, 3528, 36.74%, 0, 10, 3, 437.29, 587990, 10959
42880, 0, 2799, 12250, 11652, 3526, 36.74%, 0, 10, 3, 91.47, 589350, 10959
42885, 0, 2799, 12250, 11652, 3526, 36.74%, 0, 10, 3, 99.09, 589867, 10959
42890, 0, 2810, 12251, 11652, 3525, 36.74%, 0, 10, 3, 115.29, 590473, 10959
42895, 0, 2813, 12251, 11650, 3524, 36.74%, 0, 10, 3, 148.05, 591165, 10959
43080, 0, 2822, 12252, 11650, 3523, 36.74%, 0, 10, 3, 0.42, 592228, 10959
43085, 0, 2831, 12252, 11647, 3521, 36.74%, 0, 10, 3, 286.55, 593950, 10959
43090, 0, 2832, 12252, 11646, 3520, 36.74%, 0, 10, 3, 202.56, 594912, 10959
43095, 0, 2848, 12252, 11641, 3516, 36.74%, 0, 10, 3, 307.79, 596756, 10959
43100, 0, 2859, 12252, 11636, 3512, 36.74%, 0, 10, 3, 381.19, 598693, 10959
43105, 0, 2864, 12252, 11633, 3509, 36.74%, 0, 10, 3, 365.35, 600549, 10959
43290, 0, 2871, 12252, 11628, 3504, 36.74%, 0, 10, 3, 0.13, 602400, 10959
43295, 0, 2887, 12252, 11623, 3499, 36.74%, 0, 10, 3, 329.48, 604338, 10959
43300, 0, 2892, 12252, 11618, 3494, 36.74%, 0, 10, 3, 480.54, 607009, 10959
43305, 0, 2904, 12252, 11612, 3488, 36.74%, 0, 10, 3, 444.76, 609402, 10959
43310, 0, 2914, 12252, 11608, 3484, 36.74%, 0, 10, 3, 409.38, 611240, 10959
43315, 0, 2930, 12252, 11600, 3476, 36.74%, 0, 10, 3, 450.17, 613532, 10959
43500, 0, 2934, 12252, 11597, 3473, 36.74%, 0, 10, 3, 0.62, 615492, 10959
43506, 0, 2941, 12252, 11593, 3469, 36.74%, 0, 10, 3, 477.90, 618030, 10959
43511, 0, 2945, 12252, 11589, 3465, 36.74%, 0, 10, 3, 456.19, 620250, 10959
43516, 0, 2958, 12253, 11586, 3461, 36.74%, 0, 10, 3, 414.77, 622485, 10959
43521, 0, 2960, 12253, 11585, 3460, 36.74%, 0, 10, 3, 286.21, 623652, 10959
43526, 0, 2965, 12253, 11582, 3457, 36.74%, 0, 10, 3, 381.65, 625776, 10959
43711, 0, 2973, 12253, 11578, 3453, 36.74%, 0, 10, 3, 0.53, 627893, 10959
43716, 0, 2979, 12253, 11573, 3448, 36.74%, 0, 10, 3, 607.91, 630949, 10959
43721, 0, 2982, 12253, 11570, 3445, 36.74%, 0, 10, 3, 411.55, 632877, 10959
43726, 0, 2984, 12254, 11569, 3443, 36.74%, 0, 10, 3, 341.30, 634508, 10959
43731, 0, 2993, 12254, 11566, 3440, 36.74%, 0, 10, 3, 336.18, 636200, 10959
43736, 0, 2996, 12256, 11566, 3438, 36.74%, 0, 10, 3, 620.07, 639394, 10959
43921, 0, 3003, 12256, 11561, 3433, 36.74%, 0, 10, 3, 0.39, 642457, 10959
43926, 0, 3007, 12256, 11558, 3430, 36.74%, 0, 10, 3, 358.92, 644225, 10959
43931, 0, 3016, 12256, 11554, 3427, 36.74%, 0, 10, 3, 357.94, 646019, 10959
43936, 0, 3019, 12256, 11551, 3424, 36.74%, 0, 10, 3, 352.84, 647805, 10959
43942, 0, 3027, 12256, 11547, 3420, 36.74%, 0, 10, 3, 399.05, 649935, 10959
43947, 0, 3032, 12256, 11544, 3417, 36.74%, 0, 10, 3, 394.88, 651728, 10959
44131, 0, 3035, 12256, 11541, 3414, 36.74%, 0, 10, 3, 0.22, 653754, 10959
44136, 0, 3037, 12257, 11541, 3413, 36.74%, 0, 10, 3, 247.30, 654973, 10959
44142, 0, 3043, 12257, 11538, 3410, 36.74%, 0, 10, 3, 284.06, 656515, 10959
44147, 0, 3054, 12257, 11536, 3408, 36.74%, 0, 10, 3, 267.93, 657765, 10959
44152, 0, 3057, 12257, 11535, 3407, 36.74%, 0, 10, 3, 92.77, 658444, 10959
44157, 0, 3059, 12257, 11534, 3406, 36.74%, 0, 10, 3, 138.97, 659205, 10959
46446, 0, 3060, 12257, 11533, 3405, 36.74%, 0, 10, 3, 0.02, 659841, 10959
46451, 0, 3061, 12257, 11532, 3404, 36.74%, 0, 10, 3, 143.03, 660543, 10959
46456, 0, 3063, 12454, 11728, 3443, 36.93%, 0, 10, 3, 141.06, 662679, 11017
46461, 0, 3064, 12454, 11727, 3442, 36.93%, 0, 10, 3, 134.96, 663303, 11017
46466, 0, 3066, 12454, 11726, 3441, 36.93%, 0, 10, 3, 156.78, 664081, 11017
46471, 0, 3068, 12454, 11724, 3439, 36.93%, 0, 10, 3, 143.10, 664765, 11017
46656, 0, 3069, 12454, 11723, 3438, 36.93%, 0, 10, 3, 0.19, 665393, 11017
46661, 0, 3070, 12454, 11722, 3437, 36.93%, 0, 10, 3, 124.06, 666085, 11017
46666, 0, 3071, 12454, 11721, 3436, 36.93%, 0, 10, 3, 126.67, 666787, 11017
46671, 0, 3079, 12454, 11719, 3434, 36.93%, 0, 10, 3, 242.69, 667993, 11017
46676, 0, 3087, 12454, 11717, 3432, 36.93%, 0, 10, 3, 279.93, 669452, 11017
46682, 0, 3090, 12454, 11714, 3429, 36.93%, 0, 10, 3, 274.59, 670932, 11017
46867, 0, 3092, 12454, 11712, 3427, 36.93%, 0, 10, 3, 0.25, 672187, 11017
46872, 0, 3098, 12454, 11708, 3423, 36.93%, 0, 10, 3, 359.31, 674129, 11017
46877, 0, 3106, 12454, 11704, 3419, 36.93%, 0, 10, 3, 356.54, 675944, 11017
46882, 0, 3113, 12454, 11700, 3415, 36.93%, 0, 10, 3, 413.63, 678125, 11017
46887, 0, 3118, 12454, 11695, 3410, 36.93%, 0, 10, 3, 569.47, 681123, 11017
46892, 0, 3128, 12454, 11692, 3407, 36.93%, 0, 10, 3, 92.64, 682663, 11017
47077, 0, 3131, 12455, 11691, 3405, 36.93%, 0, 10, 3, 0.57, 683694, 11017
47082, 0, 3141, 12455, 11687, 3401, 36.93%, 0, 10, 3, 598.58, 686624, 11017
47087, 0, 3146, 12455, 11683, 3397, 36.93%, 0, 10, 3, 489.27, 689087, 11017
47092, 0, 3150, 12455, 11679, 3393, 36.93%, 0, 10, 3, 463.49, 691424, 11017
47097, 0, 3162, 12455, 11676, 3390, 36.93%, 0, 10, 3, 411.55, 693528, 11017
47102, 0, 3168, 12455, 11672, 3386, 36.93%, 0, 10, 3, 467.86, 695856, 11017
47287, 0, 3175, 12455, 11668, 3382, 36.93%, 0, 10, 3, 0.31, 697848, 11017
47292, 0, 3185, 12456, 11664, 3377, 36.93%, 0, 10, 3, 534.58, 700431, 11017
47297, 0, 3189, 12456, 11661, 3374, 36.93%, 0, 10, 3, 398.45, 702306, 11017
47302, 0, 3191, 12458, 11662, 3373, 36.93%, 0, 10, 3, 320.03, 703921, 11017
47308, 0, 3192, 12458, 11661, 3372, 36.93%, 0, 10, 3, 346.67, 705628, 11017
47313, 0, 3199, 12458, 11658, 3369, 36.93%, 0, 10, 3, 332.15, 707269, 11017
47498, 0, 3203, 12458, 11655, 3366, 36.93%, 0, 10, 3, 0.31, 708969, 11017
47503, 0, 3203, 12461, 11658, 3366, 36.93%, 0, 10, 3, 323.63, 710584, 11017
47508, 0, 3206, 12461, 11656, 3365, 36.93%, 0, 10, 3, 296.45, 712066, 11017
47513, 0, 3208, 12462, 11655, 3363, 36.93%, 0, 10, 3, 288.44, 713473, 11017
47518, 0, 3209, 12462, 11654, 3363, 36.93%, 0, 10, 3, 294.93, 715013, 11017
47523, 0, 3211, 12462, 11652, 3361, 36.93%, 0, 10, 3, 283.39, 716518, 11017
47708, 0, 3214, 12463, 11651, 3360, 36.93%, 0, 10, 3, 0.14, 717850, 11017
47713, 0, 3217, 12464, 11649, 3357, 36.93%, 0, 10, 3, 341.02, 719581, 11017
47718, 0, 3220, 12464, 11646, 3355, 36.93%, 0, 10, 3, 308.07, 721087, 11017
47723, 0, 3223, 12464, 11643, 3352, 36.93%, 0, 10, 3, 281.14, 722442, 11017
47728, 0, 3224, 12465, 11643, 3351, 36.93%, 0, 10, 3, 252.35, 723729, 11017
47734, 0, 3225, 12466, 11643, 3351, 36.93%, 0, 10, 3, 275.63, 725206, 11017
47918, 0, 3226, 12466, 11642, 3350, 36.93%, 0, 10, 3, 0.28, 726411, 11017
47924, 0, 3228, 12467, 11642, 3350, 36.93%, 0, 10, 3, 272.12, 727853, 11017
47929, 0, 3239, 12467, 11639, 3347, 36.93%, 0, 10, 3, 340.29, 729470, 11017
47934, 0, 3248, 12468, 11636, 3343, 36.93%, 0, 10, 3, 465.48, 732187, 11017
47939, 0, 3255, 12469, 11634, 3340, 36.93%, 0, 10, 3, 526.44, 734632, 11017
47944, 0, 3260, 12470, 11633, 3339, 36.93%, 0, 10, 3, 485.40, 737370, 11017
48129, 0, 3270, 12470, 11630, 3336, 36.93%, 0, 10, 3, 0.35, 738837, 11017
48134, 0, 3278, 12470, 11626, 3332, 36.93%, 0, 10, 3, 439.09, 740945, 11017
48139, 0, 3279, 12471, 11626, 3331, 36.93%, 0, 10, 3, 347.75, 742710, 11017
48144, 0, 3284, 12471, 11624, 3329, 36.93%, 0, 10, 3, 246.03, 743720, 11017
48149, 0, 3302, 12471, 11621, 3327, 36.93%, 0, 10, 3, 319.89, 745424, 11017
48154, 0, 3311, 12471, 11619, 3325, 36.93%, 0, 10, 3, 279.06, 746646, 11017
48339, 0, 3311, 12473, 11621, 3325, 36.93%, 0, 10, 3, 0.12, 747098, 11017
48344, 0, 3311, 12474, 11622, 3325, 36.93%, 0, 10, 3, 114.27, 747671, 11017
48349, 0, 3311, 12474, 11622, 3325, 36.93%, 0, 10, 3, 113.13, 748255, 11017
48354, 0, 3311, 12474, 11622, 3325, 36.93%, 0, 10, 3, 105.68, 748773, 11017
48359, 0, 3311, 12474, 11622, 3325, 36.93%, 0, 10, 3, 98.86, 749262, 11017
48364, 0, 3311, 12474, 11622, 3325, 36.93%, 0, 10, 3, 101.05, 749769, 11017
50653, 0, 3311, 12474, 11622, 3325, 36.93%, 0, 10, 3, 0.00, 750235, 11017
50658, 0, 3311, 12474, 11622, 3325, 36.93%, 0, 10, 3, 104.65, 750735, 11017
50663, 0, 3311, 12474, 11622, 3325, 36.93%, 0, 10, 3, 119.72, 751325, 11017
50668, 0, 3311, 12474, 11622, 3325, 36.93%, 0, 10, 3, 100.75, 751831, 11017
50673, 0, 3311, 12474, 11622, 3325, 36.93%, 0, 10, 3, 99.60, 752341, 11017
50678, 0, 3311, 12474, 11622, 3325, 36.93%, 0, 10, 3, 100.64, 752841, 11017
50864, 0, 3311, 12474, 11622, 3325, 36.93%, 0, 10, 3, 0.09, 753333, 11017
50869, 0, 3312, 12474, 11621, 3326, 36.93%, 0, 10, 3, 94.24, 753866, 11017
50874, 0, 3317, 12562, 11706, 3335, 37.09%, 0, 10, 3, 467.05, 756116, 11064
50879, 0, 3322, 12562, 11703, 3332, 37.09%, 0, 10, 3, 340.33, 757778, 11064
50884, 0, 3334, 12562, 11700, 3329, 37.09%, 0, 10, 3, 404.21, 759776, 11064
50889, 0, 3344, 12562, 11697, 3326, 37.09%, 0, 10, 3, 338.25, 761474, 11064
51074, 0, 3348, 12562, 11695, 3324, 37.09%, 0, 10, 3, 0.20, 762818, 11064
51079, 0, 3355, 12562, 11690, 3319, 37.09%, 0, 10, 3, 419.53, 765256, 11064
51084, 0, 3359, 12562, 11688, 3317, 37.09%, 0, 10, 3, 337.13, 766896, 11064
51089, 0, 3370, 12562, 11686, 3315, 37.09%, 0, 10, 3, 225.27, 768052, 11064
51094, 0, 3375, 12562, 11683, 3312, 37.09%, 0, 10, 3, 299.84, 769537, 11064
51099, 0, 3393, 12562, 11679, 3308, 37.09%, 0, 10, 3, 492.58, 772359, 11064
51284, 0, 3404, 12563, 11677, 3305, 37.09%, 0, 10, 3, 0.25, 774757, 11064
51289, 0, 3420, 12563, 11672, 3300, 37.09%, 0, 10, 3, 473.17, 777223, 11064
51294, 0, 3430, 12563, 11668, 3296, 37.09%, 0, 10, 3, 457.84, 779407, 11064
51300, 0, 3448, 12563, 11665, 3293, 37.09%, 0, 10, 3, 359.78, 781341, 11064
51305, 0, 3460, 12564, 11664, 3292, 37.09%, 0, 10, 3, 319.51, 782894, 11065
51310, 0, 3467, 12564, 11660, 3288, 37.09%, 0, 10, 3, 410.18, 784947, 11065
51495, 0, 3471, 12564, 11657, 3285, 37.09%, 0, 10, 3, 0.35, 786920, 11065
51500, 0, 3475, 12565, 11655, 3282, 37.09%, 0, 10, 3, 380.17, 788911, 11065
51505, 0, 3489, 12565, 11652, 3279, 37.09%, 0, 10, 3, 407.75, 790911, 11065
51510, 0, 3492, 12565, 11649, 3276, 37.09%, 0, 10, 3, 431.01, 793039, 11065
51515, 0, 3500, 12565, 11646, 3273, 37.09%, 0, 10, 3, 302.40, 794493, 11065
51520, 0, 3503, 12565, 11644, 3271, 37.09%, 0, 10, 3, 309.92, 796071, 11065
51705, 0, 3505, 12565, 11642, 3269, 37.09%, 0, 10, 3, 0.33, 797143, 11065
51710, 0, 3514, 12565, 11639, 3266, 37.09%, 0, 10, 3, 303.95, 798723, 11065
51715, 0, 3521, 12566, 11637, 3264, 37.09%, 0, 10, 3, 474.63, 801358, 11065
51720, 0, 3522, 12566, 11636, 3263, 37.09%, 0, 10, 3, 217.53, 802182, 11065
51725, 0, 3530, 12566, 11633, 3261, 37.09%, 0, 10, 3, 331.13, 803884, 11065
51730, 0, 3545, 12566, 11628, 3256, 37.09%, 0, 10, 3, 527.08, 806480, 11065
51916, 0, 3553, 12566, 11625, 3253, 37.09%, 0, 10, 3, 0.16, 808640, 11065
51921, 0, 3565, 12566, 11620, 3248, 37.09%, 0, 10, 3, 618.79, 811386, 11065
51926, 0, 3578, 12568, 11616, 3242, 37.10%, 0, 10, 3, 501.37, 813607, 11067
51931, 0, 3586, 12568, 11612, 3240, 37.10%, 0, 10, 3, 518.75, 816394, 11067
51936, 0, 3592, 12568, 11608, 3236, 37.10%, 0, 10, 3, 477.11, 818653, 11067
51941, 0, 3599, 12568, 11604, 3232, 37.10%, 0, 10, 3, 447.14, 821089, 11067
52126, 0, 3610, 12568, 11600, 3229, 37.10%, 0, 10, 3, 0.40, 823132, 11067
52131, 0, 3617, 12568, 11595, 3224, 37.10%, 0, 10, 3, 647.74, 826096, 11067
52136, 0, 3618, 12569, 11595, 3223, 37.10%, 0, 10, 3, 423.08, 827875, 11067
52141, 0, 3623, 12569, 11591, 3220, 37.10%, 0, 10, 3, 430.50, 829787, 11067
52146, 0, 3633, 12569, 11587, 3216, 37.10%, 0, 10, 3, 477.85, 832359, 11067
52151, 0, 3640, 12570, 11584, 3212, 37.10%, 0, 10, 3, 415.72, 834658, 11067
52336, 0, 3646, 12570, 11582, 3210, 37.10%, 0, 10, 3, 0.07, 835922, 11067
52341, 0, 3654, 12570, 11579, 3207, 37.10%, 0, 10, 3, 361.09, 837771, 11067
52346, 0, 3661, 12570, 11577, 3205, 37.10%, 0, 10, 3, 313.63, 839256, 11067
52351, 0, 3668, 12571, 11575, 3202, 37.10%, 0, 10, 3, 327.86, 840965, 11067
52357, 0, 3670, 12571, 11573, 3200, 37.10%, 0, 10, 3, 317.38, 842687, 11067
52362, 0, 3679, 12572, 11571, 3198, 37.10%, 0, 10, 3, 338.59, 844412, 11067
54711, 0, 3685, 12572, 11568, 3195, 37.10%, 0, 10, 3, 0.02, 845622, 11067
54862, 0, 3685, 12572, 11568, 3195, 37.10%, 0, 10, 3, 0.34, 845674, 11067
54867, 0, 3687, 12902, 11896, 3194, 38.03%, 0, 10, 3, 791.57, 849411, 11343
54872, 0, 3691, 13610, 12604, 3385, 38.61%, 0, 10, 3, 1005.94, 855076, 11517
54877, 0, 3701, 13610, 12602, 3383, 38.61%, 0, 10, 3, 472.62, 856474, 11517
54882, 0, 3716, 13610, 12598, 3379, 38.61%, 0, 10, 3, 321.36, 857912, 11517
54887, 0, 3737, 13610, 12594, 3375, 38.61%, 0, 10, 3, 422.84, 859944, 11517
55072, 0, 3742, 13610, 12590, 3371, 38.61%, 0, 10, 3, 0.11, 862376, 11517
55077, 0, 3748, 13611, 12586, 3367, 38.61%, 0, 10, 3, 469.00, 864752, 11517
55082, 0, 3756, 13611, 12582, 3363, 38.61%, 0, 10, 3, 405.12, 866751, 11517
55088, 0, 3760, 13611, 12579, 3360, 38.61%, 0, 10, 3, 352.89, 868480, 11517
55093, 0, 3763, 13611, 12576, 3357, 38.61%, 0, 10, 3, 323.89, 870131, 11517
55098, 0, 3772, 13611, 12573, 3354, 38.61%, 0, 10, 3, 347.54, 871919, 11517
55283, 0, 3781, 13611, 12569, 3350, 38.61%, 0, 10, 3, 0.65, 874316, 11517
55288, 0, 3789, 13611, 12563, 3344, 38.61%, 0, 10, 3, 706.87, 877835, 11517
55293, 0, 3796, 13611, 12558, 3339, 38.61%, 0, 10, 3, 571.31, 880679, 11517
55298, 0, 3805, 13611, 12552, 3333, 38.61%, 0, 10, 3, 562.71, 883605, 11517
55303, 0, 3823, 13611, 12548, 3329, 38.61%, 0, 10, 3, 465.22, 886124, 11517
55308, 0, 3840, 13612, 12545, 3325, 38.61%, 0, 10, 3, 493.92, 888570, 11517
55493, 0, 3848, 13612, 12542, 3322, 38.61%, 0, 10, 3, 0.13, 890270, 11517
55498, 0, 3850, 13612, 12541, 3321, 38.61%, 0, 10, 3, 241.68, 891458, 11517
55503, 0, 3852, 13612, 12539, 3319, 38.61%, 0, 10, 3, 250.74, 892785, 11517
55508, 0, 3854, 13613, 12538, 3317, 38.61%, 0, 10, 3, 264.12, 894277, 11517
55513, 0, 3855, 13613, 12537, 3317, 38.61%, 0, 10, 3, 279.61, 895632, 11517
55519, 0, 3860, 13613, 12535, 3315, 38.61%, 0, 10, 3, 280.10, 897067, 11517
55703, 0, 3863, 13613, 12532, 3312, 38.61%, 0, 10, 3, 0.19, 898267, 11517
55709, 0, 3875, 13613, 12529, 3309, 38.61%, 0, 10, 3, 269.45, 899612, 11517
55714, 0, 3882, 13613, 12527, 3307, 38.61%, 0, 10, 3, 232.87, 900801, 11517
55719, 0, 3891, 13613, 12525, 3305, 38.61%, 0, 10, 3, 269.69, 902092, 11517
55724, 0, 3894, 13613, 12522, 3302, 38.61%, 0, 10, 3, 313.01, 903857, 11517
55729, 0, 3897, 13613, 12519, 3299, 38.61%, 0, 10, 3, 329.28, 905525, 11517
55914, 0, 3897, 13616, 12522, 3299, 38.62%, 0, 10, 3, 0.12, 907054, 11519
55919, 0, 3897, 13616, 12522, 3299, 38.62%, 0, 10, 3, 326.77, 908720, 11519
55924, 0, 3898, 13616, 12521, 3300, 38.62%, 0, 10, 3, 343.10, 910574, 11519
55929, 0, 3902, 13616, 12517, 3296, 38.62%, 0, 10, 3, 356.90, 912374, 11519
55934, 0, 3909, 13617, 12515, 3294, 38.62%, 0, 10, 3, 474.52, 914748, 11520
55939, 0, 3916, 13617, 12511, 3290, 38.62%, 0, 10, 3, 388.27, 916853, 11520
56124, 0, 3952, 13617, 12508, 3287, 38.62%, 0, 10, 3, 0.12, 918486, 11520
56129, 0, 3963, 13617, 12505, 3284, 38.62%, 0, 10, 3, 449.17, 920724, 11520
56134, 0, 3968, 13617, 12500, 3279, 38.62%, 0, 10, 3, 478.63, 923320, 11520
56139, 0, 3976, 13617, 12496, 3275, 38.62%, 0, 10, 3, 425.43, 925513, 11520
56144, 0, 3987, 13619, 12494, 3271, 38.62%, 0, 10, 3, 506.92, 927896, 11520
56150, 0, 3994, 13619, 12492, 3271, 38.62%, 0, 10, 3, 410.50, 929975, 11520
56335, 0, 3997, 13619, 12489, 3268, 38.62%, 0, 10, 3, 0.12, 931624, 11520
56340, 0, 4003, 13619, 12485, 3264, 38.62%, 0, 10, 3, 347.69, 933244, 11520
56345, 0, 4013, 13619, 12482, 3261, 38.62%, 0, 10, 3, 305.54, 934757, 11520
56350, 0, 4014, 13619, 12481, 3260, 38.62%, 0, 10, 3, 239.88, 935899, 11520
56355, 0, 4018, 13619, 12479, 3258, 38.62%, 0, 10, 3, 243.61, 937138, 11520
56360, 0, 4023, 13619, 12476, 3255, 38.62%, 0, 10, 3, 306.97, 938615, 11520
56545, 0, 4028, 13619, 12472, 3251, 38.62%, 0, 10, 3, 0.50, 941171, 11520
56550, 0, 4075, 13619, 12468, 3247, 38.62%, 0, 10, 3, 503.74, 943519, 11520
56555, 0, 4093, 13619, 12465, 3245, 38.62%, 0, 10, 3, 322.05, 944981, 11520
56560, 0, 4102, 13619, 12461, 3241, 38.62%, 0, 10, 3, 430.05, 947555, 11520
56565, 0, 4107, 13619, 12458, 3238, 38.62%, 0, 10, 3, 426.64, 949595, 11520
56570, 0, 4110, 13619, 12455, 3235, 38.62%, 0, 10, 3, 359.92, 951324, 11520
56755, 0, 4113, 13619, 12452, 3232, 38.62%, 0, 10, 3, 0.27, 953195, 11520
56760, 0, 4118, 13619, 12448, 3228, 38.62%, 0, 10, 3, 431.71, 955459, 11520
56765, 0, 4125, 13619, 12443, 3223, 38.62%, 0, 10, 3, 479.15, 958101, 11520
56771, 0, 4128, 13619, 12440, 3220, 38.62%, 0, 10, 3, 381.60, 959991, 11520
56776, 0, 4134, 13619, 12436, 3216, 38.62%, 0, 10, 3, 439.14, 962299, 11520
56781, 0, 4139, 13619, 12433, 3213, 38.62%, 0, 10, 3, 443.45, 964475, 11520
59070, 0, 4150, 13619, 12428, 3208, 38.62%, 0, 10, 3, 0.01, 966487, 11520
59075, 0, 4155, 13763, 12569, 3216, 38.68%, 0, 10, 3, 566.25, 969745, 11538
59080, 0, 4166, 13763, 12565, 3212, 38.68%, 0, 10, 3, 473.85, 972064, 11538
59085, 0, 4185, 13763, 12562, 3209, 38.68%, 0, 10, 3, 454.29, 974134, 11538
59091, 0, 4189, 13763, 12560, 3207, 38.68%, 0, 10, 3, 80.19, 975276, 11538
59096, 0, 4189, 13764, 12561, 3207, 38.68%, 0, 10, 3, 80.85, 975674, 11538
59280, 0, 4189, 13764, 12561, 3207, 38.68%, 0, 10, 3, 0.02, 976060, 11538
59286, 0, 4199, 13764, 12559, 3206, 38.68%, 0, 10, 3, 165.76, 976901, 11538
59291, 0, 4206, 13766, 12559, 3204, 38.68%, 0, 10, 3, 454.43, 979264, 11538
59296, 0, 4214, 13766, 12557, 3202, 38.68%, 0, 10, 3, 387.32, 981323, 11538
59301, 0, 4225, 13766, 12554, 3199, 38.68%, 0, 10, 3, 412.95, 983427, 11538
59306, 0, 4231, 13766, 12550, 3195, 38.68%, 0, 10, 3, 395.71, 985379, 11538
59491, 0, 4235, 13766, 12547, 3192, 38.68%, 0, 10, 3, 0.31, 987227, 11538
59496, 0, 4248, 13766, 12542, 3187, 38.68%, 0, 10, 3, 474.90, 989627, 11538
59501, 0, 4276, 13766, 12537, 3182, 38.68%, 0, 10, 3, 443.65, 991923, 11538
59506, 0, 4278, 13766, 12535, 3180, 38.68%, 0, 10, 3, 340.96, 993523, 11538
59511, 0, 4293, 13766, 12531, 3177, 38.68%, 0, 10, 3, 388.62, 995474, 11538
59516, 0, 4295, 13766, 12529, 3175, 38.68%, 0, 10, 3, 321.29, 996937, 11538
59701, 0, 4297, 13766, 12527, 3173, 38.68%, 0, 10, 3, 0.17, 998167, 11538
59706, 0, 4300, 13766, 12525, 3171, 38.68%, 0, 10, 3, 248.34, 999522, 11538
59711, 0, 4304, 13766, 12522, 3168, 38.68%, 0, 10, 3, 281.06, 1000992, 11538
59717, 0, 4309, 13766, 12521, 3167, 38.68%, 0, 10, 3, 209.71, 1002055, 11538
59722, 0, 4321, 13766, 12517, 3163, 38.68%, 0, 10, 3, 348.21, 1004095, 11538
59727, 0, 4326, 13766, 12514, 3160, 38.68%, 0, 10, 3, 385.38, 1005885, 11538
59912, 0, 4330, 13766, 12511, 3157, 38.68%, 0, 10, 3, 0.12, 1007552, 11538
59917, 0, 4341, 13766, 12506, 3152, 38.68%, 0, 10, 3, 434.08, 1009867, 11538
59922, 0, 4355, 13766, 12500, 3147, 38.68%, 0, 10, 3, 583.16, 1012988, 11538
59927, 0, 4369, 13766, 12496, 3143, 38.68%, 0, 10, 3, 405.27, 1015123, 11538
59932, 0, 4375, 13767, 12495, 3141, 38.68%, 0, 10, 3, 354.98, 1016858, 11538
59937, 0, 4385, 13767, 12492, 3139, 38.68%, 0, 10, 3, 367.88, 1018716, 11538
60122, 0, 4393, 13767, 12490, 3137, 38.68%, 0, 10, 3, 0.31, 1020248, 11538
60127, 0, 4397, 13767, 12486, 3133, 38.68%, 0, 10, 3, 392.62, 1022306, 11538
60132, 0, 4399, 13768, 12485, 3131, 38.68%, 0, 10, 3, 287.25, 1023721, 11538
60137, 0, 4417, 13769, 12483, 3129, 38.68%, 0, 10, 3, 310.90, 1025382, 11538
60142, 0, 4422, 13769, 12481, 3128, 38.68%, 0, 10, 3, 357.85, 1027112, 11538
60147, 0, 4430, 13769, 12479, 3127, 38.68%, 0, 10, 3, 319.74, 1028616, 11538
60332, 0, 4443, 13769, 12475, 3123, 38.68%, 0, 10, 3, 0.12, 1030571, 11538
60337, 0, 4449, 13769, 12471, 3119, 38.68%, 0, 10, 3, 414.13, 1032712, 11538
60342, 0, 4456, 13769, 12468, 3116, 38.68%, 0, 10, 3, 370.90, 1034484, 11538
60347, 0, 4461, 13769, 12465, 3113, 38.68%, 0, 10, 3, 376.07, 1036487, 11538
60353, 0, 4464, 13769, 12462, 3110, 38.68%, 0, 10, 3, 333.96, 1038188, 11538
60358, 0, 4467, 13769, 12459, 3107, 38.68%, 0, 10, 3, 310.51, 1039736, 11538
60543, 0, 4469, 13769, 12457, 3105, 38.68%, 0, 10, 3, 0.40, 1041308, 11538
60548, 0, 4473, 13769, 12453, 3101, 38.68%, 0, 10, 3, 335.96, 1043224, 11538
60553, 0, 4479, 13769, 12448, 3096, 38.68%, 0, 10, 3, 469.14, 1045447, 11538
60558, 0, 4487, 13770, 12445, 3092, 38.68%, 0, 10, 3, 610.35, 1048749, 11538
60563, 0, 4522, 13770, 12439, 3086, 38.68%, 0, 10, 3, 581.03, 1051733, 11538
60568, 0, 4561, 13770, 12436, 3083, 38.68%, 0, 10, 3, 362.99, 1053434, 11538
60753, 0, 4563, 13770, 12434, 3081, 38.68%, 0, 10, 3, 0.17, 1054630, 11538
60758, 0, 4571, 13770, 12432, 3079, 38.68%, 0, 10, 3, 262.90, 1056000, 11538
60763, 0, 4584, 13771, 12429, 3075, 38.68%, 0, 10, 3, 446.93, 1058636, 11538
60768, 0, 4600, 13771, 12425, 3071, 38.68%, 0, 10, 3, 464.41, 1060994, 11538
60774, 0, 4609, 13771, 12421, 3067, 38.68%, 0, 10, 3, 400.11, 1063068, 11538
60779, 0, 4617, 13771, 12417, 3063, 38.68%, 0, 10, 3, 405.92, 1065292, 11538
60963, 0, 4621, 13772, 12416, 3061, 38.68%, 0, 10, 3, 0.09, 1066907, 11538
60968, 0, 4628, 13772, 12412, 3058, 38.68%, 0, 10, 3, 465.43, 1069059, 11538
60973, 0, 4632, 13772, 12409, 3055, 38.68%, 0, 10, 3, 345.29, 1070741, 11538
60978, 0, 4636, 13772, 12406, 3052, 38.68%, 0, 10, 3, 356.35, 1072441, 11538
60984, 0, 4643, 13772, 12403, 3049, 38.68%, 0, 10, 3, 372.71, 1074209, 11538
60989, 0, 4661, 13772, 12400, 3046, 38.68%, 0, 10, 3, 321.32, 1075735, 11538
63277, 0, 4695, 13772, 12396, 3042, 38.68%, 0, 10, 3, 0.02, 1077039, 11538
63282, 0, 4698, 13872, 12494, 3065, 39.04%, 0, 10, 3, 415.22, 1079255, 11646
63287, 0, 4721, 13872, 12489, 3060, 39.04%, 0, 10, 3, 415.91, 1081239, 11646
63292, 0, 4744, 13873, 12486, 3056, 39.04%, 0, 10, 3, 375.95, 1083335, 11646
63298, 0, 4763, 13873, 12481, 3052, 39.04%, 0, 10, 3, 500.88, 1085914, 11646
63303, 0, 4768, 13873, 12477, 3049, 39.04%, 0, 10, 3, 376.30, 1087856, 11646
63487, 0, 4778, 13873, 12474, 3046, 39.04%, 0, 10, 3, 0.30, 1089178, 11646
63492, 0, 4802, 13873, 12470, 3042, 39.04%, 0, 10, 3, 791.70, 1091362, 11646
63497, 0, 4815, 13873, 12467, 3039, 39.04%, 0, 10, 3, 462.88, 1093241, 11646
63503, 0, 4834, 13873, 12464, 3036, 39.04%, 0, 10, 3, 400.34, 1095143, 11646
63508, 0, 4842, 13873, 12460, 3032, 39.04%, 0, 10, 3, 403.78, 1097200, 11646
63513, 0, 4855, 13873, 12457, 3029, 39.04%, 0, 10, 3, 374.30, 1099077, 11646
63698, 0, 4859, 13873, 12455, 3027, 39.04%, 0, 10, 3, 0.23, 1100378, 11646
63703, 0, 4863, 13873, 12452, 3024, 39.04%, 0, 10, 3, 362.36, 1102301, 11646
63708, 0, 4870, 13873, 12448, 3020, 39.04%, 0, 10, 3, 397.45, 1104442, 11646
63713, 0, 4888, 13873, 12446, 3018, 39.04%, 0, 10, 3, 304.65, 1105916, 11646
63718, 0, 4903, 13877, 12448, 3016, 39.04%, 0, 10, 3, 318.91, 1107436, 11646
63723, 0, 4903, 13878, 12449, 3016, 39.04%, 0, 10, 3, 259.62, 1108698, 11646
63908, 0, 4903, 13878, 12449, 3016, 39.04%, 0, 10, 3, 0.18, 1109721, 11646
63913, 0, 4903, 13878, 12449, 3016, 39.04%, 0, 10, 3, 341.77, 1111475, 11646
63918, 0, 4903, 13878, 12449, 3016, 39.04%, 0, 10, 3, 304.47, 1113023, 11646
63923, 0, 4903, 13878, 12449, 3016, 39.04%, 0, 10, 3, 240.37, 1114277, 11646
63928, 0, 4903, 13878, 12449, 3016, 39.04%, 0, 10, 3, 299.30, 1115783, 11646
63933, 0, 4903, 13878, 12449, 3016, 39.04%, 0, 10, 3, 278.20, 1117153, 11646
64118, 0, 4903, 13878, 12449, 3016, 39.04%, 0, 10, 3, 0.19, 1118597, 11646
64124, 0, 4903, 13879, 12450, 3016, 39.04%, 0, 10, 3, 312.97, 1120218, 11646
64129, 0, 4903, 13879, 12450, 3016, 39.04%, 0, 10, 3, 288.16, 1121615, 11646
64134, 0, 4903, 13880, 12451, 3016, 39.04%, 0, 10, 3, 295.62, 1123123, 11646
64139, 0, 4903, 13880, 12451, 3016, 39.04%, 0, 10, 3, 269.15, 1124552, 11646
64144, 0, 4908, 13881, 12451, 3016, 39.04%, 0, 10, 3, 288.20, 1126069, 11646
64329, 0, 4914, 13881, 12449, 3015, 39.04%, 0, 10, 3, 0.09, 1126966, 11646
64334, 0, 4914, 13882, 12450, 3015, 39.04%, 0, 10, 3, 113.28, 1127543, 11646
64339, 0, 4916, 13882, 12449, 3015, 39.04%, 0, 10, 3, 149.19, 1128237, 11646
64344, 0, 4923, 13882, 12446, 3012, 39.04%, 0, 10, 3, 271.72, 1129986, 11646
64349, 0, 4925, 13882, 12444, 3010, 39.04%, 0, 10, 3, 297.73, 1131406, 11646
64354, 0, 4935, 13882, 12441, 3007, 39.04%, 0, 10, 3, 321.46, 1133249, 11646
64539, 0, 4940, 13882, 12439, 3005, 39.04%, 0, 10, 3, 0.19, 1134366, 11646
64544, 0, 4943, 13882, 12436, 3002, 39.04%, 0, 10, 3, 360.19, 1135949, 11646
64549, 0, 4945, 13882, 12434, 3000, 39.04%, 0, 10, 3, 306.41, 1137449, 11646
64554, 0, 4947, 13882, 12432, 2998, 39.04%, 0, 10, 3, 255.32, 1138741, 11646
64559, 0, 4953, 13882, 12429, 2995, 39.04%, 0, 10, 3, 240.40, 1139901, 11646
64564, 0, 4957, 13882, 12426, 2992, 39.04%, 0, 10, 3, 305.97, 1141549, 11646
64749, 0, 4960, 13882, 12423, 2989, 39.04%, 0, 10, 3, 0.03, 1143349, 11646
64754, 0, 4965, 13882, 12419, 2985, 39.04%, 0, 10, 3, 359.09, 1145001, 11646
64759, 0, 4968, 13883, 12417, 2982, 39.04%, 0, 10, 3, 410.59, 1147252, 11646
64765, 0, 4983, 13884, 12412, 2976, 39.04%, 0, 10, 3, 518.94, 1149995, 11646
64770, 0, 4984, 13884, 12411, 2975, 39.04%, 0, 10, 3, 336.81, 1151437, 11646
64775, 0, 4995, 13884, 12408, 2972, 39.04%, 0, 10, 3, 308.88, 1153019, 11646
64960, 0, 5006, 13884, 12406, 2970, 39.04%, 0, 10, 3, 0.14, 1154170, 11646
64965, 0, 5017, 13884, 12399, 2963, 39.04%, 0, 10, 3, 402.77, 1156175, 11646
64970, 0, 5037, 13884, 12396, 2960, 39.04%, 0, 10, 3, 324.86, 1157803, 11646
64975, 0, 5041, 13884, 12394, 2959, 39.04%, 0, 10, 3, 250.32, 1158919, 11646
64980, 0, 5061, 13884, 12390, 2955, 39.04%, 0, 10, 3, 371.97, 1160902, 11646
64985, 0, 5066, 13884, 12386, 2951, 39.04%, 0, 10, 3, 431.12, 1163055, 11646
65170, 0, 5079, 13884, 12381, 2946, 39.04%, 0, 10, 3, 0.33, 1165735, 11646
65175, 0, 5082, 13884, 12378, 2943, 39.04%, 0, 10, 3, 455.89, 1167863, 11646
65180, 0, 5087, 13884, 12373, 2938, 39.04%, 0, 10, 3, 469.18, 1170211, 11646
65186, 0, 5092, 13884, 12369, 2934, 39.04%, 0, 10, 3, 488.78, 1172719, 11646
65191, 0, 5111, 13884, 12361, 2926, 39.04%, 0, 10, 3, 572.43, 1175727, 11646
65196, 0, 5113, 13884, 12359, 2924, 39.04%, 0, 10, 3, 325.87, 1177077, 11646
67484, 0, 5124, 13884, 12356, 2922, 39.04%, 0, 10, 3, 0.06, 1179029, 11646
67489, 0, 5132, 14022, 12491, 2934, 39.08%, 0, 10, 3, 498.34, 1181763, 11657
67494, 0, 5135, 14022, 12489, 2932, 39.08%, 0, 10, 3, 371.61, 1183198, 11657
67499, 0, 5149, 14022, 12485, 2928, 39.08%, 0, 10, 3, 281.17, 1184608, 11657
67504, 0, 5157, 14022, 12482, 2925, 39.08%, 0, 10, 3, 340.45, 1186379, 11657
67509, 0, 5162, 14022, 12479, 2922, 39.08%, 0, 10, 3, 331.34, 1187975, 11657
67694, 0, 5172, 14022, 12477, 2920, 39.08%, 0, 10, 3, 0.20, 1189011, 11657
67699, 0, 5177, 14022, 12474, 2917, 39.08%, 0, 10, 3, 275.12, 1190518, 11657
67704, 0, 5185, 14022, 12472, 2915, 39.08%, 0, 10, 3, 238.00, 1191703, 11657
67710, 0, 5204, 14022, 12470, 2913, 39.08%, 0, 10, 3, 251.01, 1192898, 11657
67715, 0, 5210, 14022, 12467, 2910, 39.08%, 0, 10, 3, 335.98, 1194737, 11657
67720, 0, 5220, 14022, 12463, 2906, 39.08%, 0, 10, 3, 398.13, 1196855, 11657
67905, 0, 5252, 14022, 12457, 2900, 39.08%, 0, 10, 3, 0.30, 1199056, 11657
67910, 0, 5262, 14022, 12453, 2896, 39.08%, 0, 10, 3, 458.90, 1201308, 11657
67915, 0, 5265, 14022, 12450, 2893, 39.08%, 0, 10, 3, 351.54, 1202961, 11657
67920, 0, 5277, 14023, 12449, 2891, 39.08%, 0, 10, 3, 348.21, 1204670, 11657
67925, 0, 5292, 14023, 12444, 2886, 39.08%, 0, 10, 3, 325.91, 1206358, 11657
67930, 0, 5303, 14023, 12441, 2883, 39.08%, 0, 10, 3, 349.06, 1208176, 11657
68115, 0, 5319, 14023, 12437, 2879, 39.08%, 0, 10, 3, 0.27, 1209664, 11657
68120, 0, 5352, 14023, 12432, 2874, 39.08%, 0, 10, 3, 415.83, 1211654, 11657
68125, 0, 5357, 14023, 12429, 2871, 39.08%, 0, 10, 3, 335.60, 1213224, 11657
68130, 0, 5368, 14023, 12426, 2868, 39.08%, 0, 10, 3, 378.35, 1215242, 11657
68135, 0, 5391, 14023, 12422, 2865, 39.08%, 0, 10, 3, 343.85, 1216770, 11657
68140, 0, 5402, 14024, 12421, 2863, 39.08%, 0, 10, 3, 342.21, 1218583, 11657
68325, 0, 5406, 14024, 12419, 2862, 39.08%, 0, 10, 3, 0.13, 1219841, 11657
68330, 0, 5423, 14024, 12416, 2859, 39.08%, 0, 10, 3, 373.98, 1221916, 11657
68335, 0, 5440, 14024, 12410, 2853, 39.08%, 0, 10, 3, 475.84, 1224341, 11657
68341, 0, 5449, 14024, 12406, 2849, 39.08%, 0, 10, 3, 410.21, 1226261, 11657
68346, 0, 5468, 14024, 12400, 2843, 39.08%, 0, 10, 3, 532.34, 1229327, 11657
68351, 0, 5480, 14024, 12396, 2839, 39.08%, 0, 10, 3, 466.56, 1231659, 11657
68536, 0, 5484, 14026, 12397, 2838, 39.08%, 0, 10, 3, 0.16, 1233079, 11657
68541, 0, 5485, 14026, 12396, 2838, 39.08%, 0, 10, 3, 311.14, 1234631, 11657
68546, 0, 5487, 14027, 12395, 2836, 39.08%, 0, 10, 3, 315.01, 1236360, 11657
68551, 0, 5497, 14027, 12392, 2833, 39.08%, 0, 10, 3, 349.97, 1238001, 11657
68556, 0, 5501, 14027, 12390, 2831, 39.08%, 0, 10, 3, 313.89, 1239606, 11657
68561, 0, 5507, 14027, 12387, 2828, 39.08%, 0, 10, 3, 312.61, 1241106, 11657
68746, 0, 5519, 14027, 12384, 2825, 39.08%, 0, 10, 3, 0.28, 1242423, 11657
68751, 0, 5523, 14028, 12384, 2824, 39.08%, 0, 10, 3, 236.57, 1243797, 11657
68756, 0, 5538, 14028, 12380, 2820, 39.08%, 0, 10, 3, 371.01, 1245685, 11657
68761, 0, 5545, 14028, 12377, 2817, 39.08%, 0, 10, 3, 368.39, 1247625, 11657
68766, 0, 5558, 14028, 12373, 2813, 39.08%, 0, 10, 3, 453.94, 1249809, 11657
68771, 0, 5562, 14028, 12369, 2809, 39.08%, 0, 10, 3, 492.81, 1252395, 11657
68956, 0, 5565, 14028, 12366, 2806, 39.08%, 0, 10, 3, 0.58, 1254257, 11657
68961, 0, 5569, 14028, 12362, 2802, 39.08%, 0, 10, 3, 437.90, 1256681, 11657
68967, 0, 5573, 14028, 12358, 2798, 39.08%, 0, 10, 3, 376.21, 1258611, 11657
68972, 0, 5594, 14029, 12355, 2795, 39.08%, 0, 10, 3, 370.44, 1260575, 11657
68977, 0, 5602, 14029, 12350, 2790, 39.08%, 0, 10, 3, 393.08, 1262568, 11657
68982, 0, 5612, 14029, 12343, 2783, 39.08%, 0, 10, 3, 512.11, 1265202, 11657
69167, 0, 5631, 14029, 12336, 2776, 39.08%, 0, 10, 3, 0.06, 1267602, 11657
69172, 0, 5646, 14029, 12328, 2768, 39.08%, 0, 10, 3, 428.62, 1269822, 11657
69177, 0, 5656, 14029, 12324, 2764, 39.08%, 0, 10, 3, 415.64, 1271846, 11657
69182, 0, 5676, 14029, 12321, 2762, 39.08%, 0, 10, 3, 357.69, 1273621, 11657
69187, 0, 5689, 14029, 12318, 2759, 39.08%, 0, 10, 3, 354.53, 1275389, 11657
69192, 0, 5701, 14029, 12315, 2756, 39.08%, 0, 10, 3, 294.53, 1276888, 11657
69377, 0, 5716, 14029, 12311, 2752, 39.08%, 0, 10, 3, 0.35, 1278584, 11657
69382, 0, 5723, 14029, 12307, 2748, 39.08%, 0, 10, 3, 440.53, 1280634, 11657
69387, 0, 5726, 14029, 12304, 2745, 39.08%, 0, 10, 3, 372.71, 1282466, 11657
69392, 0, 5729, 14029, 12301, 2742, 39.08%, 0, 10, 3, 299.79, 1283938, 11657
69397, 0, 5734, 14029, 12296, 2737, 39.08%, 0, 10, 3, 310.33, 1285506, 11657
69402, 0, 5737, 14029, 12293, 2734, 39.08%, 0, 10, 3, 303.92, 1287168, 11657
71691, 0, 5740, 14029, 12290, 2731, 39.08%, 0, 10, 3, 0.02, 1288856, 11657
71696, 0, 5744, 14173, 12430, 2745, 39.15%, 0, 10, 3, 476.37, 1291695, 11677
71701, 0, 5747, 14173, 12427, 2742, 39.15%, 0, 10, 3, 382.29, 1293490, 11677
71706, 0, 5750, 14173, 12424, 2739, 39.15%, 0, 10, 3, 319.90, 1295048, 11677
71711, 0, 5773, 14173, 12421, 2736, 39.15%, 0, 10, 3, 269.14, 1296346, 11677
71716, 0, 5785, 14173, 12417, 2733, 39.15%, 0, 10, 3, 323.95, 1298024, 11677
71901, 0, 5787, 14173, 12415, 2731, 39.15%, 0, 10, 3, 0.08, 1299251, 11677
71906, 0, 5806, 14173, 12411, 2727, 39.15%, 0, 10, 3, 386.21, 1301036, 11677
71911, 0, 5810, 14174, 12410, 2725, 39.15%, 0, 10, 3, 333.28, 1302665, 11677
71916, 0, 5815, 14174, 12406, 2721, 39.15%, 0, 10, 3, 318.41, 1304353, 11677
71922, 0, 5822, 14174, 12402, 2717, 39.15%, 0, 10, 3, 228.99, 1305387, 11677
71927, 0, 5826, 14175, 12401, 2715, 39.15%, 0, 10, 3, 253.06, 1306825, 11677
72111, 0, 5833, 14175, 12398, 2714, 39.15%, 0, 10, 3, 0.08, 1308010, 11677
72117, 0, 5835, 14176, 12398, 2713, 39.15%, 0, 10, 3, 274.17, 1309497, 11677
72122, 0, 5849, 14176, 12394, 2709, 39.15%, 0, 10, 3, 332.76, 1311337, 11677
72127, 0, 5850, 14178, 12395, 2708, 39.15%, 0, 10, 3, 421.85, 1313653, 11677
72132, 0, 5852, 14178, 12393, 2707, 39.15%, 0, 10, 3, 282.28, 1314756, 11677
72137, 0, 5855, 14178, 12391, 2705, 39.15%, 0, 10, 3, 56.41, 1315863, 11677
72322, 0, 5862, 14178, 12389, 2703, 39.15%, 0, 10, 3, 0.27, 1317117, 11677
72327, 0, 5867, 14178, 12385, 2699, 39.15%, 0, 10, 3, 402.35, 1319045, 11677
72332, 0, 5878, 14178, 12379, 2693, 39.15%, 0, 10, 3, 532.48, 1322021, 11677
72337, 0, 5882, 14179, 12377, 2690, 39.15%, 0, 10, 3, 459.13, 1324274, 11677
72342, 0, 5888, 14179, 12374, 2688, 39.15%, 0, 10, 3, 459.36, 1326692, 11677
72347, 0, 5898, 14179, 12369, 2683, 39.15%, 0, 10, 3, 440.46, 1328987, 11677
72532, 0, 5906, 14179, 12366, 2680, 39.15%, 0, 10, 3, 0.08, 1330422, 11677
72537, 0, 5917, 14180, 12364, 2678, 39.15%, 0, 10, 3, 351.37, 1332486, 11677
72542, 0, 5922, 14181, 12363, 2676, 39.15%, 0, 10, 3, 463.00, 1334796, 11677
72547, 0, 5943, 14181, 12358, 2671, 39.15%, 0, 10, 3, 424.94, 1337002, 11677
72553, 0, 5949, 14181, 12353, 2666, 39.15%, 0, 10, 3, 408.48, 1339026, 11677
72558, 0, 5959, 14181, 12350, 2663, 39.15%, 0, 10, 3, 285.18, 1340442, 11677
72743, 0, 5961, 14181, 12348, 2661, 39.15%, 0, 10, 3, 0.13, 1341864, 11677
72748, 0, 5969, 14181, 12343, 2656, 39.15%, 0, 10, 3, 480.82, 1344335, 11677
72753, 0, 5984, 14181, 12337, 2651, 39.15%, 0, 10, 3, 459.40, 1346720, 11677
72758, 0, 5993, 14181, 12332, 2646, 39.15%, 0, 10, 3, 584.06, 1349808, 11677
72763, 0, 6023, 14181, 12329, 2643, 39.15%, 0, 10, 3, 373.52, 1351424, 11677
72768, 0, 6029, 14181, 12326, 2640, 39.15%, 0, 10, 3, 355.13, 1353182, 11677
72953, 0, 6033, 14181, 12323, 2637, 39.15%, 0, 10, 3, 0.27, 1354838, 11677
72958, 0, 6048, 14181, 12319, 2633, 39.15%, 0, 10, 3, 355.81, 1356746, 11677
72963, 0, 6059, 14181, 12317, 2631, 39.15%, 0, 10, 3, 297.27, 1358197, 11677
72968, 0, 6063, 14182, 12316, 2629, 39.15%, 0, 10, 3, 300.29, 1359861, 11677
72973, 0, 6074, 14182, 12312, 2625, 39.15%, 0, 10, 3, 448.09, 1361827, 11677
72978, 0, 6105, 14182, 12307, 2620, 39.15%, 0, 10, 3, 556.30, 1364798, 11677
73163, 0, 6109, 14182, 12304, 2617, 39.15%, 0, 10, 3, 0.13, 1366619, 11677
73168, 0, 6130, 14182, 12296, 2609, 39.15%, 0, 10, 3, 500.90, 1369281, 11677
73173, 0, 6145, 14182, 12287, 2600, 39.15%, 0, 10, 3, 505.28, 1371869, 11677
73179, 0, 6148, 14182, 12284, 2597, 39.15%, 0, 10, 3, 368.66, 1373643, 11677
73184, 0, 6151, 14182, 12281, 2594, 39.15%, 0, 10, 3, 342.91, 1375473, 11677
73189, 0, 6161, 14182, 12274, 2587, 39.15%, 0, 10, 3, 551.05, 1378399, 11677
73374, 0, 6165, 14182, 12272, 2585, 39.15%, 0, 10, 3, 0.55, 1379865, 11677
73379, 0, 6175, 14182, 12268, 2581, 39.15%, 0, 10, 3, 449.97, 1381995, 11677
73384, 0, 6182, 14182, 12264, 2577, 39.15%, 0, 10, 3, 471.94, 1384608, 11677
73389, 0, 6185, 14183, 12262, 2575, 39.15%, 0, 10, 3, 421.69, 1386754, 11678
73394, 0, 6189, 14183, 12259, 2572, 39.15%, 0, 10, 3, 408.89, 1388672, 11678
73399, 0, 6198, 14183, 12253, 2566, 39.15%, 0, 10, 3, 322.31, 1390220, 11678
73584, 0, 6202, 14183, 12249, 2562, 39.15%, 0, 10, 3, 0.22, 1392170, 11678
73589, 0, 6212, 14183, 12244, 2557, 39.15%, 0, 10, 3, 390.23, 1394251, 11678
73594, 0, 6231, 14183, 12239, 2552, 39.15%, 0, 10, 3, 302.19, 1395790, 11678
73599, 0, 6237, 14183, 12236, 2549, 39.15%, 0, 10, 3, 268.77, 1397046, 11678
73604, 0, 6240, 14183, 12234, 2547, 39.15%, 0, 10, 3, 259.62, 1398356, 11678
73609, 0, 6243, 14183, 12232, 2545, 39.15%, 0, 10, 3, 295.12, 1399856, 11678
75899, 0, 6247, 14183, 12230, 2543, 39.15%, 0, 10, 3, 0.03, 1400822, 11678
75904, 0, 6254, 14277, 12321, 2562, 39.26%, 0, 10, 3, 430.76, 1403052, 11712
75910, 0, 6262, 14279, 12321, 2560, 39.26%, 0, 10, 3, 337.87, 1404708, 11712
75915, 0, 6262, 14279, 12321, 2560, 39.26%, 0, 10, 3, 265.95, 1405915, 11712
75920, 0, 6264, 14279, 12319, 2558, 39.26%, 0, 10, 3, 298.38, 1407372, 11712
75925, 0, 6269, 14279, 12316, 2555, 39.26%, 0, 10, 3, 312.42, 1409010, 11712
76109, 0, 6277, 14279, 12314, 2553, 39.26%, 0, 10, 3, 0.28, 1410335, 11712
76115, 0, 6285, 14279, 12310, 2550, 39.26%, 0, 10, 3, 429.91, 1412638, 11712
76120, 0, 6295, 14280, 12309, 2548, 39.26%, 0, 10, 3, 319.80, 1414145, 11712
76125, 0, 6305, 14280, 12305, 2544, 39.26%, 0, 10, 3, 345.79, 1415951, 11712
76130, 0, 6330, 14280, 12302, 2541, 39.26%, 0, 10, 3, 310.22, 1417479, 11712
76135, 0, 6348, 14280, 12295, 2534, 39.26%, 0, 10, 3, 337.14, 1419157, 11712
76320, 0, 6361, 14280, 12292, 2531, 39.26%, 0, 10, 3, 0.07, 1420611, 11712
76325, 0, 6368, 14280, 12291, 2530, 39.26%, 0, 10, 3, 129.45, 1421281, 11712
76330, 0, 6368, 14280, 12291, 2530, 39.26%, 0, 10, 3, 105.01, 1421787, 11712
76335, 0, 6370, 14280, 12290, 2529, 39.26%, 0, 10, 3, 95.57, 1422271, 11712
76340, 0, 6371, 14280, 12289, 2529, 39.26%, 0, 10, 3, 91.98, 1422730, 11712
76346, 0, 6372, 14280, 12288, 2528, 39.26%, 0, 10, 3, 98.84, 1423240, 11712
76530, 0, 6372, 14280, 12288, 2528, 39.26%, 0, 10, 3, 0.03, 1423675, 11712
76535, 0, 6373, 14281, 12288, 2527, 39.26%, 0, 10, 3, 96.62, 1424127, 11712
76541, 0, 6373, 14281, 12288, 2527, 39.26%, 0, 10, 3, 85.22, 1424549, 11712
76546, 0, 6373, 14281, 12288, 2527, 39.26%, 0, 10, 3, 88.02, 1425034, 11712
76551, 0, 6373, 14282, 12289, 2527, 39.26%, 0, 10, 3, 91.43, 1425510, 11712
76556, 0, 6373, 14282, 12289, 2527, 39.26%, 0, 10, 3, 85.12, 1425951, 11712
76741, 0, 6373, 14282, 12289, 2527, 39.26%, 0, 10, 3, 0.03, 1426313, 11712
76746, 0, 6373, 14282, 12289, 2527, 39.26%, 0, 10, 3, 87.70, 1426777, 11712
76751, 0, 6373, 14282, 12289, 2527, 39.26%, 0, 10, 3, 97.98, 1427296, 11712
76756, 0, 6380, 14282, 12286, 2525, 39.26%, 0, 10, 3, 256.47, 1428766, 11712
76761, 0, 6397, 14282, 12283, 2522, 39.26%, 0, 10, 3, 336.53, 1430585, 11712
76766, 0, 6404, 14283, 12282, 2520, 39.26%, 0, 10, 3, 341.03, 1432398, 11712
76951, 0, 6412, 14283, 12279, 2518, 39.26%, 0, 10, 3, 0.09, 1434428, 11712
76956, 0, 6421, 14283, 12276, 2515, 39.26%, 0, 10, 3, 329.10, 1436122, 11712
76961, 0, 6425, 14283, 12272, 2511, 39.26%, 0, 10, 3, 336.25, 1437836, 11712
76966, 0, 6430, 14284, 12270, 2508, 39.26%, 0, 10, 3, 440.76, 1440211, 11712
76971, 0, 6443, 14284, 12266, 2504, 39.26%, 0, 10, 3, 497.80, 1442609, 11712
76976, 0, 6447, 14284, 12262, 2500, 39.26%, 0, 10, 3, 381.52, 1444489, 11712
77161, 0, 6464, 14284, 12258, 2496, 39.26%, 0, 10, 3, 0.71, 1446427, 11712
77166, 0, 6473, 14284, 12254, 2492, 39.26%, 0, 10, 3, 523.26, 1449115, 11712
77172, 0, 6486, 14286, 12251, 2487, 39.27%, 0, 10, 3, 473.15, 1451407, 11714
77177, 0, 6488, 14286, 12250, 2488, 39.27%, 0, 10, 3, 472.54, 1453915, 11714
77182, 0, 6493, 14286, 12246, 2484, 39.27%, 0, 10, 3, 464.63, 1456196, 11714
77187, 0, 6498, 14288, 12244, 2480, 39.28%, 0, 10, 3, 491.31, 1458604, 11716
77372, 0, 6501, 14288, 12241, 2479, 39.28%, 0, 10, 3, 0.45, 1460765, 11716
77377, 0, 6507, 14289, 12237, 2474, 39.28%, 0, 10, 3, 496.12, 1463387, 11717
77382, 0, 6514, 14289, 12233, 2471, 39.28%, 0, 10, 3, 466.22, 1465755, 11717
77387, 0, 6523, 14289, 12228, 2466, 39.28%, 0, 10, 3, 474.50, 1468055, 11717
77392, 0, 6535, 14289, 12224, 2462, 39.28%, 0, 10, 3, 397.26, 1470238, 11717
77397, 0, 6544, 14289, 12221, 2459, 39.28%, 0, 10, 3, 387.14, 1472082, 11717
77582, 0, 6550, 14289, 12218, 2456, 39.28%, 0, 10, 3, 0.19, 1473629, 11717
77587, 0, 6557, 14289, 12215, 2453, 39.28%, 0, 10, 3, 383.10, 1475555, 11717
77592, 0, 6561, 14289, 12212, 2450, 39.28%, 0, 10, 3, 344.48, 1477268, 11717
77597, 0, 6580, 14289, 12208, 2446, 39.28%, 0, 10, 3, 331.19, 1478816, 11717
77602, 0, 6582, 14289, 12206, 2444, 39.28%, 0, 10, 3, 188.57, 1479664, 11717
77608, 0, 6582, 14289, 12206, 2444, 39.28%, 0, 10, 3, 117.04, 1480170, 11717
77792, 0, 6609, 14289, 12202, 2440, 39.28%, 0, 10, 3, 0.25, 1481455, 11717
77798, 0, 6622, 14289, 12199, 2437, 39.28%, 0, 10, 3, 376.81, 1483419, 11717
77803, 0, 6628, 14289, 12197, 2435, 39.28%, 0, 10, 3, 239.15, 1484486, 11717
77808, 0, 6629, 14289, 12196, 2434, 39.28%, 0, 10, 3, 196.75, 1485427, 11717
77813, 0, 6648, 14290, 12195, 2432, 39.28%, 0, 10, 3, 235.63, 1486925, 11717
77818, 0, 6663, 14291, 12193, 2430, 39.28%, 0, 10, 3, 437.12, 1489280, 11717
80106, 0, 6667, 14291, 12190, 2427, 39.28%, 0, 10, 3, 0.02, 1490838, 11717
80111, 0, 6670, 14376, 12272, 2437, 39.33%, 0, 10, 3, 449.47, 1493243, 11732
80116, 0, 6672, 14376, 12270, 2435, 39.33%, 0, 10, 3, 314.06, 1494704, 11732
80121, 0, 6675, 14376, 12267, 2432, 39.33%, 0, 10, 3, 280.02, 1496271, 11732
80126, 0, 6681, 14376, 12264, 2429, 39.33%, 0, 10, 3, 305.65, 1497586, 11732
80132, 0, 6693, 14376, 12260, 2425, 39.33%, 0, 10, 3, 303.57, 1499198, 11732
80316, 0, 6707, 14376, 12256, 2421, 39.33%, 0, 10, 3, 0.31, 1501080, 11732
80321, 0, 6719, 14377, 12252, 2416, 39.33%, 0, 10, 3, 496.86, 1503669, 11732
80326, 0, 6722, 14378, 12251, 2414, 39.33%, 0, 10, 3, 402.85, 1505584, 11733
80332, 0, 6727, 14378, 12248, 2412, 39.33%, 0, 10, 3, 316.12, 1507132, 11733
80337, 0, 6731, 14378, 12245, 2409, 39.33%, 0, 10, 3, 316.07, 1508728, 11733
80342, 0, 6745, 14378, 12241, 2405, 39.33%, 0, 10, 3, 310.41, 1510448, 11733
80527, 0, 6747, 14379, 12241, 2404, 39.33%, 0, 10, 3, 0.17, 1511847, 11733
80532, 0, 6757, 14381, 12240, 2402, 39.33%, 0, 10, 3, 240.07, 1513293, 11733
80537, 0, 6757, 14382, 12241, 2402, 39.33%, 0, 10, 3, 212.63, 1514268, 11733
80542, 0, 6757, 14382, 12241, 2402, 39.33%, 0, 10, 3, 186.38, 1515197, 11733
80547, 0, 6760, 14382, 12240, 2402, 39.33%, 0, 10, 3, 227.65, 1516308, 11733
80552, 0, 6763, 14382, 12237, 2399, 39.33%, 0, 10, 3, 241.87, 1517564, 11733
80737, 0, 6765, 14382, 12235, 2397, 39.33%, 0, 10, 3, 0.08, 1518903, 11733
80742, 0, 6768, 14382, 12232, 2394, 39.33%, 0, 10, 3, 356.22, 1520598, 11733
80747, 0, 6770, 14382, 12231, 2393, 39.33%, 0, 10, 3, 158.57, 1521113, 11733
80752, 0, 6771, 14382, 12230, 2392, 39.33%, 0, 10, 3, 120.81, 1521664, 11733
80757, 0, 6772, 14382, 12229, 2391, 39.33%, 0, 10, 3, 102.98, 1522168, 11733
80763, 0, 6776, 14382, 12228, 2390, 39.33%, 0, 10, 3, 98.53, 1522668, 11733
80948, 0, 6777, 14382, 12227, 2389, 39.33%, 0, 10, 3, 0.12, 1523140, 11733
80953, 0, 6778, 14382, 12226, 2388, 39.33%, 0, 10, 3, 101.92, 1523668, 11733
80958, 0, 6779, 14382, 12225, 2387, 39.33%, 0, 10, 3, 100.66, 1524168, 11733
80963, 0, 6782, 14382, 12224, 2386, 39.33%, 0, 10, 3, 144.45, 1524842, 11733
80968, 0, 6783, 14384, 12225, 2385, 39.33%, 0, 10, 3, 196.44, 1525855, 11733
80973, 0, 6783, 14384, 12225, 2385, 39.33%, 0, 10, 3, 201.34, 1526912, 11733
81158, 0, 6795, 14384, 12224, 2385, 39.33%, 0, 10, 3, 0.49, 1527896, 11733
81163, 0, 6808, 14391, 12228, 2382, 39.33%, 0, 10, 3, 307.45, 1529587, 11733
81168, 0, 6808, 14393, 12230, 2382, 39.33%, 0, 10, 3, 262.76, 1530875, 11733
81173, 0, 6808, 14394, 12231, 2382, 39.33%, 0, 10, 3, 268.70, 1532257, 11733
81178, 0, 6808, 14395, 12232, 2382, 39.33%, 0, 10, 3, 224.15, 1533313, 11733
81184, 0, 6808, 14395, 12232, 2382, 39.33%, 0, 10, 3, 232.31, 1534441, 11733
84163, 0, 6808, 14395, 12232, 2382, 39.33%, 0, 10, 3, 0.01, 1535525, 11733
84314, 0, 6808, 14395, 12232, 2382, 39.33%, 0, 10, 3, 0.34, 1535577, 11733
84319, 0, 6808, 14397, 12234, 2382, 39.33%, 0, 10, 3, 263.00, 1536903, 11733
84324, 0, 6808, 14397, 12234, 2382, 39.33%, 0, 10, 3, 265.26, 1538188, 11733
84329, 0, 6808, 14397, 12234, 2382, 39.33%, 0, 10, 3, 244.57, 1539407, 11733
84334, 0, 6808, 14397, 12234, 2382, 39.33%, 0, 10, 3, 248.00, 1540695, 11733
84339, 0, 6808, 14397, 12234, 2382, 39.33%, 0, 10, 3, 260.97, 1542053, 11733
84524, 0, 6808, 14397, 12234, 2382, 39.33%, 0, 10, 3, 0.35, 1543079, 11733
84529, 0, 6808, 14398, 12235, 2382, 39.33%, 0, 10, 3, 232.63, 1544370, 11733
84534, 0, 6808, 14398, 12235, 2382, 39.33%, 0, 10, 3, 236.82, 1545578, 11733
84539, 0, 6808, 14398, 12235, 2382, 39.33%, 0, 10, 3, 236.79, 1546778, 11733
84544, 0, 6808, 14398, 12235, 2382, 39.33%, 0, 10, 3, 206.01, 1547906, 11733
84549, 0, 6811, 14657, 12492, 2431, 39.50%, 0, 10, 3, 582.80, 1550778, 11782
84734, 0, 6818, 14657, 12489, 2428, 39.50%, 0, 10, 3, 0.13, 1552674, 11782
84739, 0, 6824, 14658, 12487, 2426, 39.50%, 0, 10, 3, 427.43, 1554809, 11783
84744, 0, 6826, 14659, 12486, 2424, 39.50%, 0, 10, 3, 381.37, 1556779, 11783
84750, 0, 6829, 14660, 12484, 2421, 39.50%, 0, 10, 3, 420.93, 1558919, 11783
84755, 0, 6832, 14660, 12481, 2418, 39.50%, 0, 10, 3, 411.98, 1560999, 11783
84760, 0, 6836, 14660, 12477, 2414, 39.50%, 0, 10, 3, 410.38, 1563039, 11783
84945, 0, 6838, 14660, 12475, 2412, 39.50%, 0, 10, 3, 0.33, 1564481, 11783
84950, 0, 6841, 14660, 12472, 2409, 39.50%, 0, 10, 3, 368.04, 1566251, 11783
84955, 0, 6845, 14660, 12469, 2406, 39.50%, 0, 10, 3, 283.05, 1567764, 11783
84960, 0, 6845, 14662, 12471, 2406, 39.50%, 0, 10, 3, 194.46, 1568621, 11783
84965, 0, 6845, 14662, 12471, 2406, 39.50%, 0, 10, 3, 182.15, 1569510, 11783
84970, 0, 6850, 14664, 12470, 2403, 39.50%, 0, 10, 3, 412.48, 1571787, 11783
85155, 0, 6852, 14665, 12469, 2401, 39.50%, 0, 10, 3, 0.22, 1573650, 11783
85160, 0, 6859, 14667, 12469, 2400, 39.50%, 0, 10, 3, 548.68, 1576438, 11783
85165, 0, 6863, 14669, 12467, 2397, 39.50%, 0, 10, 3, 542.85, 1579192, 11783
85170, 0, 6866, 14671, 12467, 2395, 39.50%, 0, 10, 3, 546.10, 1582066, 11783
85175, 0, 6874, 14672, 12467, 2394, 39.50%, 0, 10, 3, 461.50, 1584369, 11783
85180, 0, 6880, 14672, 12462, 2389, 39.50%, 0, 10, 3, 461.75, 1586654, 11783
85365, 0, 6886, 14672, 12458, 2385, 39.50%, 0, 10, 3, 0.35, 1588997, 11783
85370, 0, 6893, 14672, 12453, 2380, 39.50%, 0, 10, 3, 506.84, 1591826, 11783
85375, 0, 6895, 14675, 12454, 2378, 39.50%, 0, 10, 3, 507.69, 1594484, 11783
85381, 0, 6903, 14675, 12451, 2375, 39.50%, 0, 10, 3, 435.60, 1596556, 11783
85386, 0, 6908, 14675, 12447, 2371, 39.50%, 0, 10, 3, 454.48, 1598831, 11783
85391, 0, 6915, 14675, 12444, 2368, 39.50%, 0, 10, 3, 331.66, 1600652, 11783
85576, 0, 6917, 14675, 12442, 2366, 39.50%, 0, 10, 3, 0.28, 1601749, 11783
85581, 0, 6922, 14675, 12439, 2363, 39.50%, 0, 10, 3, 275.89, 1603109, 11783
85586, 0, 6926, 14675, 12438, 2362, 39.50%, 0, 10, 3, 213.90, 1604148, 11783
85591, 0, 6931, 14675, 12435, 2359, 39.50%, 0, 10, 3, 313.81, 1605902, 11783
85596, 0, 6943, 14675, 12430, 2354, 39.50%, 0, 10, 3, 404.78, 1608053, 11783
85601, 0, 6957, 14675, 12427, 2352, 39.50%, 0, 10, 3, 287.92, 1609529, 11783
85786, 0, 6964, 14675, 12425, 2350, 39.50%, 0, 10, 3, 0.11, 1610632, 11783
85791, 0, 6968, 14676, 12424, 2349, 39.51%, 0, 10, 3, 281.36, 1612156, 11784
85796, 0, 6972, 14676, 12421, 2346, 39.51%, 0, 10, 3, 287.39, 1613676, 11784
85801, 0, 6974, 14676, 12419, 2344, 39.51%, 0, 10, 3, 258.12, 1614926, 11784
85807, 0, 6980, 14676, 12415, 2340, 39.51%, 0, 10, 3, 337.28, 1616765, 11784
85812, 0, 6984, 14677, 12414, 2338, 39.51%, 0, 10, 3, 418.74, 1618742, 11784
85997, 0, 6988, 14678, 12413, 2336, 39.51%, 0, 10, 3, 0.05, 1620859, 11784
86002, 0, 7006, 14679, 12410, 2332, 39.51%, 0, 10, 3, 469.34, 1623341, 11784
86007, 0, 7015, 14680, 12409, 2330, 39.51%, 0, 10, 3, 429.45, 1625499, 11784
86012, 0, 7031, 14680, 12404, 2327, 39.51%, 0, 10, 3, 399.09, 1627619, 11784
86017, 0, 7034, 14680, 12401, 2324, 39.51%, 0, 10, 3, 309.90, 1628997, 11784
86022, 0, 7040, 14680, 12398, 2321, 39.51%, 0, 10, 3, 336.88, 1630797, 11784
86207, 0, 7054, 14680, 12393, 2316, 39.51%, 0, 10, 3, 0.33, 1632467, 11784
86212, 0, 7066, 14681, 12392, 2314, 39.51%, 0, 10, 3, 529.87, 1634756, 11785
86217, 0, 7083, 14683, 12389, 2311, 39.51%, 0, 10, 3, 458.87, 1637065, 11785
86222, 0, 7083, 14684, 12390, 2311, 39.51%, 0, 10, 3, 374.98, 1638907, 11785
86227, 0, 7087, 14686, 12390, 2311, 39.51%, 0, 10, 3, 348.86, 1640841, 11785
86232, 0, 7094, 14686, 12387, 2308, 39.51%, 0, 10, 3, 357.32, 1642613, 11785
