# unix_time, cycles_done, cur_path, paths_total, pending_total, pending_favs, map_size, unique_crashes, unique_hangs, max_depth, execs_per_sec
1712685936, 0, 0, 5, 5, 5, 1.24%, 0, 0, 1, 1379.31
1712686120, 0, 0, 109, 109, 5, 1.60%, 0, 0, 2, 1.55
1712686125, 0, 0, 142, 142, 5, 1.69%, 0, 0, 2, 1675.95
1712686130, 0, 0, 164, 164, 5, 1.73%, 0, 0, 2, 1782.50
1712686135, 0, 0, 176, 176, 5, 1.74%, 0, 0, 2, 1780.35
1712686140, 0, 0, 190, 190, 5, 1.82%, 0, 0, 2, 1764.35
1712686145, 0, 0, 215, 215, 5, 1.95%, 0, 0, 2, 1853.67
1712686150, 0, 0, 227, 227, 5, 1.99%, 0, 0, 2, 1844.45
1712690148, 0, 0, 227, 227, 5, 1.99%, 0, 1, 2, 0.05
1712690328, 0, 0, 230, 230, 5, 1.99%, 0, 1, 2, 1.24
1712690334, 0, 0, 231, 231, 5, 1.99%, 0, 1, 2, 1820.27
1712690339, 0, 0, 235, 235, 5, 1.99%, 0, 1, 2, 1820.17
1712690539, 0, 0, 239, 239, 5, 2.00%, 0, 1, 2, 1.14
1712690544, 0, 0, 240, 240, 5, 2.00%, 0, 1, 2, 1865.84
1712690980, 0, 0, 251, 251, 5, 2.01%, 0, 1, 2, 1989.60
1712690985, 0, 0, 264, 264, 5, 2.02%, 0, 1, 2, 2016.10
1712691170, 0, 0, 271, 271, 5, 2.03%, 0, 2, 2, 0.65
1712691175, 0, 0, 277, 277, 5, 2.03%, 0, 2, 2, 2025.94
1712691185, 0, 0, 286, 286, 5, 2.04%, 0, 2, 2, 1989.47
1712691190, 0, 0, 331, 331, 5, 2.05%, 0, 2, 2, 1964.99
1712691195, 0, 0, 393, 393, 5, 2.08%, 0, 2, 2, 1887.42
1712691200, 0, 0, 426, 426, 5, 2.13%, 0, 2, 2, 1880.72
1712694356, 0, 0, 427, 427, 5, 2.13%, 0, 2, 2, 0.07
1712694541, 0, 0, 443, 443, 5, 2.16%, 0, 2, 2, 1766.41
1712694547, 0, 0, 814, 813, 4, 6.31%, 0, 3, 2, 2.99
1712694552, 0, 0, 1540, 1539, 4, 8.76%, 0, 3, 2, 1293.95
1712694557, 0, 0, 2099, 2098, 4, 9.79%, 0, 4, 2, 1238.96
1712694562, 0, 0, 2672, 2671, 4, 10.71%, 0, 4, 2, 1034.19
1712694746, 0, 0, 3106, 3105, 4, 11.34%, 0, 4, 2, 1.15
1712694751, 0, 0, 3768, 3767, 4, 12.09%, 0, 4, 2, 1219.79
1712694757, 0, 0, 4368, 4367, 4, 12.66%, 0, 4, 2, 1175.58
1712694762, 0, 0, 4894, 4893, 4, 13.19%, 0, 4, 2, 1223.96
1712694767, 0, 0, 5549, 5548, 4, 13.75%, 0, 4, 2, 1230.19
1712694772, 0, 0, 6008, 6007, 4, 14.13%, 0, 5, 2, 134.29
1712694957, 0, 0, 6573, 6572, 4, 14.60%, 0, 5, 2, 0.42
1712694962, 0, 0, 6922, 6921, 4, 14.86%, 0, 5, 2, 1158.78
1712694967, 0, 0, 7218, 7217, 4, 15.11%, 0, 5, 2, 1014.50
1712694973, 0, 0, 7731, 7730, 4, 15.50%, 0, 6, 2, 150.86
1712694978, 0, 0, 8213, 8212, 4, 15.82%, 0, 6, 2, 1190.47
1712694983, 0, 53, 8341, 8333, 3885, 15.93%, 0, 6, 3, 1279.58
1712695167, 0, 53, 8342, 8334, 3885, 15.93%, 0, 6, 3, 1.52
1712696440, 0, 74, 8343, 8334, 3885, 15.93%, 0, 6, 3, 1469.67
1712699375, 0, 74, 8343, 8334, 3885, 15.93%, 0, 7, 3, 0.28
1712699821, 0, 116, 8344, 8334, 3885, 15.93%, 0, 7, 3, 1344.49
1712703600, 0, 116, 8345, 8335, 3885, 15.93%, 0, 7, 3, 1460.27
1712703801, 0, 116, 8346, 8336, 3885, 15.93%, 0, 7, 3, 1371.94
1712703806, 0, 144, 8349, 8334, 3883, 15.93%, 0, 7, 3, 1377.09
1712703816, 0, 144, 8350, 8335, 3883, 15.93%, 0, 7, 3, 1398.08
1712703821, 0, 144, 8351, 8336, 3883, 15.93%, 0, 7, 3, 1500.81
1712704016, 0, 144, 8352, 8337, 3883, 15.93%, 0, 7, 3, 1320.15
1712707162, 0, 167, 8352, 8334, 3881, 15.93%, 0, 7, 3, 0.33
1712707167, 0, 222, 8352, 8315, 3862, 15.93%, 0, 7, 3, 1597.96
1712707172, 0, 254, 8352, 8310, 3858, 15.93%, 0, 7, 3, 1446.39
1712707177, 0, 254, 8353, 8311, 3858, 15.93%, 0, 7, 3, 1380.96
1712707183, 0, 254, 8354, 8312, 3858, 15.93%, 0, 7, 3, 1365.07
1712707388, 0, 254, 8355, 8313, 3858, 15.93%, 0, 7, 3, 1294.64
1712708435, 0, 254, 8356, 8314, 3858, 15.93%, 0, 7, 3, 1331.90
1712708660, 0, 254, 8760, 8717, 3857, 16.50%, 0, 7, 3, 1028.13
1712708845, 0, 254, 9126, 9083, 3857, 16.73%, 0, 7, 3, 0.38
1712708850, 0, 254, 9459, 9416, 3857, 16.94%, 0, 7, 3, 662.74
1712708856, 0, 254, 9743, 9700, 3857, 17.08%, 0, 7, 3, 5.92
1712708861, 0, 254, 10104, 10061, 3857, 17.22%, 0, 7, 3, 833.13
1712708866, 0, 254, 10488, 10445, 3857, 17.37%, 0, 7, 3, 876.86
1712708871, 0, 320, 10496, 10449, 4404, 17.37%, 0, 7, 3, 1283.53
1712711586, 0, 334, 10496, 10448, 4403, 17.37%, 0, 7, 3, 1269.75
1712711606, 0, 374, 10496, 10446, 4403, 17.37%, 0, 7, 3, 1327.62
1712711791, 0, 381, 10496, 10445, 4402, 17.37%, 0, 7, 3, 0.34
1712712633, 0, 407, 10496, 10444, 4401, 17.37%, 0, 7, 3, 0.30
1712712648, 0, 407, 10497, 10445, 4401, 17.37%, 0, 7, 3, 1352.57
1712712653, 0, 407, 10498, 10446, 4401, 17.37%, 0, 7, 3, 1320.93
1712712658, 0, 407, 10499, 10447, 4401, 17.37%, 0, 7, 3, 1334.14
1712713294, 0, 417, 10499, 10446, 4401, 17.37%, 0, 7, 3, 1322.35
1712715594, 0, 417, 10591, 10537, 4400, 17.44%, 0, 7, 3, 1257.23
1712715599, 0, 431, 10873, 10819, 4493, 17.56%, 0, 7, 3, 1106.33
1712715789, 0, 431, 10875, 10821, 4493, 17.56%, 0, 7, 3, 0.86
1712716209, 0, 431, 10876, 10822, 4493, 17.56%, 0, 7, 3, 1.44
1712716866, 0, 435, 10876, 10821, 4492, 17.56%, 0, 7, 3, 1278.66
1712717071, 0, 440, 10876, 10819, 4490, 17.56%, 0, 7, 3, 1228.91
1712720217, 0, 442, 10876, 10818, 4489, 17.56%, 0, 7, 3, 1183.30
1712720843, 0, 448, 10876, 10817, 4488, 17.56%, 0, 7, 3, 1262.81
1712720859, 0, 448, 10889, 10829, 4487, 17.57%, 0, 8, 3, 45.03
1712720864, 0, 453, 10975, 10915, 4500, 17.60%, 0, 9, 3, 1092.36
1712721259, 0, 461, 10975, 10914, 4499, 17.60%, 0, 9, 3, 0.83
1712721469, 0, 461, 10976, 10915, 4499, 17.60%, 0, 9, 3, 0.14
1712721474, 0, 466, 10976, 10914, 4499, 17.60%, 0, 9, 3, 1112.51
1712721495, 0, 467, 10976, 10913, 4498, 17.60%, 0, 9, 3, 1447.92
1712721700, 0, 474, 10976, 10912, 4497, 17.60%, 0, 9, 3, 1147.09
1712724019, 0, 476, 11116, 11051, 4523, 17.66%, 0, 9, 3, 1193.85
1712724225, 0, 482, 11116, 11050, 4522, 17.66%, 0, 9, 3, 1337.18
1712724440, 0, 486, 11116, 11049, 4521, 17.66%, 0, 9, 3, 1182.71
1712724625, 0, 486, 11117, 11050, 4521, 17.67%, 0, 9, 3, 1.22
1712724841, 0, 491, 11117, 11049, 4520, 17.67%, 0, 9, 3, 1158.89
1712725056, 0, 492, 11117, 11048, 4519, 17.67%, 0, 9, 3, 1161.45
1712725061, 0, 492, 11119, 11050, 4519, 17.67%, 0, 9, 3, 1172.24
1712725256, 0, 494, 11119, 11049, 4520, 17.67%, 0, 9, 3, 0.55
1712725467, 0, 495, 11119, 11048, 4519, 17.67%, 0, 9, 3, 0.13
1712725702, 0, 495, 11120, 11049, 4519, 17.67%, 0, 9, 3, 1377.66
1712725887, 0, 496, 11120, 11048, 4518, 17.67%, 0, 9, 3, 0.28
1712725918, 0, 498, 11120, 11047, 4517, 17.67%, 0, 9, 3, 1218.64
1712728201, 0, 498, 11120, 11047, 4517, 17.67%, 0, 10, 3, 0.03
1712732413, 0, 499, 11120, 11046, 4516, 17.67%, 0, 10, 3, 1136.83
1712732418, 0, 499, 11121, 11047, 4516, 17.67%, 0, 10, 3, 1156.62
1712732634, 0, 499, 11122, 11048, 4516, 17.67%, 0, 10, 3, 1180.35
1712732639, 0, 499, 11341, 11266, 4515, 18.15%, 0, 10, 3, 982.85
1712732644, 0, 499, 11743, 11668, 4515, 18.34%, 0, 10, 3, 1153.78
1712732829, 0, 500, 11988, 11913, 4676, 18.39%, 0, 10, 3, 0.67
1712732834, 0, 500, 11989, 11914, 4676, 18.40%, 0, 10, 3, 977.85
1712732839, 0, 500, 11990, 11915, 4676, 18.40%, 0, 10, 3, 1070.84
1712733039, 0, 502, 11991, 11915, 4678, 18.41%, 0, 10, 3, 1.27
1712733265, 0, 507, 11991, 11914, 4677, 18.41%, 0, 10, 3, 1163.54
1712733465, 0, 508, 11991, 11913, 4676, 18.41%, 0, 10, 3, 1123.55
1712733676, 0, 517, 11991, 11912, 4675, 18.41%, 0, 10, 3, 1171.72
1712733886, 0, 517, 11992, 11913, 4675, 18.41%, 0, 10, 3, 1133.86
1712733901, 0, 517, 11993, 11914, 4675, 18.41%, 0, 10, 3, 1157.18
1712734312, 0, 517, 11994, 11915, 4675, 18.41%, 0, 10, 3, 1110.93
1712736637, 0, 517, 12063, 11983, 4674, 18.42%, 0, 10, 3, 207.51
1712736642, 0, 517, 12172, 12092, 4674, 18.45%, 0, 10, 3, 220.40
1712736827, 0, 518, 12231, 12151, 4697, 18.46%, 0, 10, 3, 0.55
1712737042, 0, 519, 12231, 12150, 4696, 18.46%, 0, 10, 3, 1058.66
1712737268, 0, 520, 12231, 12149, 4695, 18.46%, 0, 10, 3, 1121.96
1712737463, 0, 522, 12231, 12148, 4694, 18.46%, 0, 10, 3, 1182.28
1712737669, 0, 524, 12231, 12147, 4693, 18.46%, 0, 10, 3, 0.37
1712737889, 0, 528, 12231, 12146, 4692, 18.46%, 0, 10, 3, 1080.27
1712738094, 0, 531, 12231, 12145, 4690, 18.46%, 0, 10, 3, 1106.57
1712738325, 0, 534, 12231, 12144, 4689, 18.46%, 0, 10, 3, 1073.22
1712738530, 0, 540, 12231, 12143, 4689, 18.46%, 0, 10, 3, 1271.00
1712740840, 0, 541, 12231, 12142, 4687, 18.46%, 0, 10, 3, 1090.75
1712741050, 0, 546, 12416, 12326, 4703, 18.49%, 0, 10, 3, 1005.58
1712741261, 0, 547, 12416, 12325, 4701, 18.49%, 0, 10, 3, 1088.05
1712741471, 0, 554, 12417, 12325, 4701, 18.49%, 0, 10, 3, 1160.64
1712741676, 0, 554, 12418, 12326, 4701, 18.50%, 0, 10, 3, 1029.46
1712741681, 0, 558, 12418, 12325, 4701, 18.50%, 0, 10, 3, 1063.29
1712742097, 0, 561, 12418, 12324, 4700, 18.50%, 0, 10, 3, 1173.20
1712742307, 0, 563, 12418, 12323, 4699, 18.50%, 0, 10, 3, 1108.37
1712742517, 0, 566, 12419, 12323, 4698, 18.50%, 0, 10, 3, 1270.83
1712742523, 0, 566, 12422, 12326, 4698, 18.50%, 0, 10, 3, 1254.02
1712742533, 0, 566, 12423, 12327, 4698, 18.50%, 0, 10, 3, 1065.76
1712742743, 0, 569, 12423, 12326, 4698, 18.50%, 0, 10, 3, 1045.15
1712745243, 0, 571, 12423, 12325, 4697, 18.50%, 0, 10, 3, 1.19
1712745458, 0, 581, 12423, 12324, 4696, 18.50%, 0, 10, 3, 1096.53
1712745669, 0, 583, 12523, 12423, 4709, 18.53%, 0, 10, 3, 936.17
1712745889, 0, 584, 12523, 12422, 4708, 18.53%, 0, 10, 3, 1109.65
1712746095, 0, 589, 12523, 12421, 4707, 18.53%, 0, 10, 3, 1024.46
1712746305, 0, 591, 12523, 12420, 4706, 18.53%, 0, 10, 3, 1050.38
1712746320, 0, 591, 12524, 12421, 4706, 18.53%, 0, 10, 3, 1230.87
1712746520, 0, 597, 12524, 12419, 4705, 18.53%, 0, 10, 3, 1167.23
1712746716, 0, 597, 12525, 12420, 4705, 18.53%, 0, 10, 3, 0.76
1712746726, 0, 599, 12525, 12419, 4703, 18.53%, 0, 10, 3, 1138.38
1712746936, 0, 605, 12525, 12418, 4702, 18.53%, 0, 10, 3, 1147.54
1712749250, 0, 605, 12526, 12419, 4702, 18.54%, 0, 10, 3, 1036.22
1712749255, 0, 608, 12526, 12418, 4702, 18.54%, 0, 10, 3, 1188.78
1712749455, 0, 610, 12526, 12417, 4701, 18.54%, 0, 10, 3, 1098.48
1712749676, 0, 612, 12526, 12416, 4700, 18.54%, 0, 10, 3, 1279.45
1712749886, 0, 612, 12582, 12471, 4699, 18.57%, 0, 10, 3, 41.67
1712749891, 0, 615, 12594, 12483, 4703, 18.57%, 0, 10, 3, 869.67
1712750096, 0, 621, 12594, 12482, 4702, 18.57%, 0, 10, 3, 1129.77
1712750307, 0, 626, 12594, 12481, 4701, 18.57%, 0, 10, 3, 1115.32
1712750522, 0, 634, 12594, 12480, 4700, 18.57%, 0, 10, 3, 1062.44
1712750727, 0, 634, 12595, 12481, 4700, 18.57%, 0, 10, 3, 1137.84
1712750732, 0, 635, 12595, 12480, 4700, 18.57%, 0, 10, 3, 1063.56
1712750938, 0, 636, 12595, 12479, 4699, 18.57%, 0, 10, 3, 1139.06
1712751148, 0, 637, 12595, 12478, 4698, 18.57%, 0, 10, 3, 1224.36
1712753457, 0, 640, 12596, 12478, 4697, 18.58%, 0, 10, 3, 1015.67
1712753467, 0, 640, 12597, 12479, 4697, 18.58%, 0, 10, 3, 1193.74
1712753662, 0, 641, 12598, 12479, 4698, 18.58%, 0, 10, 3, 1175.10
1712753867, 0, 644, 12598, 12478, 4698, 18.58%, 0, 10, 3, 0.68
1712754078, 0, 651, 12691, 12570, 4708, 18.61%, 0, 10, 3, 1.10
1712754288, 0, 653, 12691, 12569, 4707, 18.61%, 0, 10, 3, 0.64
1712754313, 0, 660, 12691, 12568, 4706, 18.61%, 0, 10, 3, 1143.28
1712754503, 0, 660, 12692, 12569, 4706, 18.61%, 0, 10, 3, 1025.98
1712754524, 0, 662, 12692, 12568, 4706, 18.61%, 0, 10, 3, 1113.04
1712757680, 0, 669, 12692, 12566, 4704, 18.61%, 0, 10, 3, 1085.17
1712758080, 0, 669, 12896, 12769, 4703, 18.64%, 0, 11, 3, 140.03
1712758085, 0, 672, 12914, 12787, 4714, 18.64%, 0, 11, 3, 978.84
1712758290, 0, 673, 12914, 12786, 4713, 18.64%, 0, 11, 3, 1079.82
1712758310, 0, 673, 12915, 12787, 4713, 18.64%, 0, 11, 3, 1030.82
1712758495, 0, 677, 12915, 12786, 4713, 18.64%, 0, 11, 3, 0.48
1712758516, 0, 685, 12915, 12784, 4711, 18.64%, 0, 11, 3, 1062.96
1712758916, 0, 688, 12915, 12783, 4710, 18.64%, 0, 11, 3, 1.36
1712758942, 0, 690, 12915, 12782, 4709, 18.64%, 0, 11, 3, 1165.90
1712759342, 0, 692, 12915, 12781, 4708, 18.64%, 0, 11, 3, 1093.14
1712759553, 0, 693, 12915, 12780, 4707, 18.64%, 0, 11, 3, 1128.52
1712761882, 0, 695, 12915, 12779, 4706, 18.64%, 0, 11, 3, 1039.92
1712762098, 0, 698, 12915, 12778, 4705, 18.64%, 0, 11, 3, 1156.67
1712766290, 0, 698, 13055, 12917, 4704, 18.85%, 0, 12, 3, 646.59
1712766295, 0, 702, 13313, 13175, 4777, 18.94%, 0, 12, 3, 751.07
1712766710, 0, 704, 13314, 13175, 4776, 18.94%, 0, 12, 3, 990.52
1712767767, 0, 704, 13315, 13176, 4776, 18.94%, 0, 12, 3, 896.22
1712770913, 0, 704, 13317, 13178, 4776, 18.94%, 0, 12, 3, 905.67
