# relative_time, cycles_done, cur_item, corpus_count, pending_total, pending_favs, map_size, saved_crashes, saved_hangs, max_depth, execs_per_sec, total_execs, edges_found
232, 0, 86, 611, 592, 204, 5.26%, 0, 0, 3, 0.95, 49370, 1570
237, 0, 103, 636, 610, 202, 5.31%, 0, 0, 3, 1078.05, 54973, 1583
242, 0, 108, 643, 615, 204, 5.31%, 0, 0, 3, 1172.37, 61033, 1585
247, 0, 145, 677, 636, 197, 5.33%, 0, 0, 3, 1195.79, 66979, 1590
252, 0, 188, 697, 646, 188, 5.35%, 0, 0, 3, 1130.08, 72620, 1596
257, 0, 188, 707, 656, 188, 5.36%, 0, 0, 3, 1106.71, 78398, 1600
262, 0, 195, 719, 665, 194, 5.41%, 0, 0, 3, 1123.45, 84026, 1614
267, 0, 195, 724, 670, 194, 5.46%, 0, 0, 3, 1048.18, 89337, 1630
272, 0, 195, 728, 674, 194, 5.47%, 0, 0, 3, 1172.94, 95320, 1631
277, 0, 201, 741, 685, 196, 5.51%, 0, 0, 3, 1246.41, 101620, 1645
282, 0, 201, 747, 691, 196, 5.55%, 0, 0, 3, 1269.41, 107986, 1655
287, 0, 221, 759, 688, 194, 5.56%, 0, 0, 3, 1322.98, 114410, 1659
292, 0, 227, 775, 702, 193, 5.59%, 0, 0, 3, 1318.22, 120993, 1668
297, 0, 227, 777, 704, 193, 5.59%, 0, 0, 3, 1284.39, 127530, 1668
303, 0, 238, 790, 713, 193, 5.62%, 0, 0, 3, 1240.74, 133778, 1677
308, 0, 249, 806, 725, 195, 5.66%, 0, 0, 3, 1314.38, 140473, 1688
313, 0, 249, 833, 752, 195, 5.80%, 0, 0, 3, 1369.29, 147348, 1729
318, 0, 250, 863, 781, 207, 5.86%, 0, 0, 3, 1286.78, 153759, 1747
323, 0, 250, 876, 794, 207, 5.92%, 0, 0, 3, 1323.59, 160415, 1766
328, 0, 259, 892, 806, 216, 5.97%, 0, 0, 3, 1296.09, 167073, 1781
333, 0, 280, 907, 816, 220, 6.07%, 0, 0, 3, 1520.76, 175175, 1811
338, 0, 366, 934, 826, 212, 6.12%, 0, 0, 3, 1451.83, 182740, 1825
343, 0, 366, 940, 832, 212, 6.14%, 0, 0, 3, 1299.36, 189212, 1832
348, 0, 367, 946, 837, 219, 6.22%, 0, 0, 3, 1260.75, 195455, 1855
353, 0, 367, 962, 853, 219, 6.36%, 0, 0, 3, 1292.12, 202186, 1898
358, 0, 369, 971, 860, 236, 6.47%, 0, 0, 3, 1265.46, 208449, 1929
364, 0, 373, 985, 872, 235, 6.60%, 0, 0, 3, 1286.07, 215064, 1970
369, 0, 378, 991, 877, 237, 6.65%, 0, 0, 3, 1278.12, 221642, 1985
374, 0, 378, 996, 882, 237, 6.66%, 0, 0, 3, 1233.69, 227886, 1987
379, 0, 398, 1000, 881, 237, 6.67%, 0, 0, 3, 1193.71, 233815, 1990
384, 0, 441, 1009, 874, 222, 6.68%, 0, 0, 3, 1184.33, 239688, 1993
389, 0, 469, 1019, 873, 215, 6.70%, 0, 0, 3, 1132.46, 245559, 1998
394, 0, 472, 1030, 882, 214, 6.70%, 0, 0, 3, 1318.72, 252351, 2000
399, 0, 472, 1031, 883, 214, 6.70%, 0, 0, 3, 1298.63, 259065, 2000
404, 0, 475, 1050, 901, 215, 6.76%, 0, 0, 3, 1263.40, 265403, 2017
409, 0, 478, 1069, 919, 223, 6.88%, 0, 0, 3, 1236.47, 271562, 2051
415, 0, 483, 1076, 922, 223, 6.94%, 0, 0, 3, 1242.41, 277784, 2071
420, 0, 506, 1091, 926, 214, 6.96%, 0, 0, 3, 1270.85, 284352, 2075
425, 0, 506, 1091, 926, 214, 6.96%, 0, 0, 3, 1278.34, 290802, 2075
430, 0, 588, 1108, 936, 211, 6.99%, 0, 0, 4, 1283.99, 297093, 2085
435, 0, 588, 1114, 942, 211, 7.02%, 0, 0, 4, 1305.23, 303742, 2095
440, 0, 641, 1122, 927, 202, 7.04%, 0, 0, 4, 1288.78, 310641, 2099
445, 0, 714, 1130, 915, 188, 7.07%, 0, 0, 4, 1160.02, 316529, 2110
450, 0, 767, 1138, 902, 173, 7.08%, 0, 0, 4, 1229.51, 323076, 2112
456, 0, 777, 1160, 922, 172, 7.09%, 0, 0, 4, 1261.06, 329584, 2116
461, 0, 777, 1164, 926, 172, 7.10%, 0, 0, 4, 1338.77, 336418, 2117
466, 0, 821, 1187, 936, 172, 7.16%, 0, 0, 4, 1327.31, 343142, 2135
471, 0, 841, 1204, 943, 165, 7.20%, 0, 0, 4, 1345.87, 349859, 2148
476, 0, 841, 1216, 955, 165, 7.25%, 0, 0, 4, 1436.78, 357331, 2163
481, 0, 859, 1230, 957, 170, 7.35%, 0, 0, 4, 1442.89, 364693, 2191
486, 0, 859, 1235, 962, 170, 7.37%, 0, 0, 4, 1504.92, 371983, 2199
491, 0, 882, 1240, 955, 163, 7.40%, 0, 0, 4, 1361.15, 378717, 2208
496, 0, 898, 1263, 972, 160, 7.43%, 0, 0, 4, 1434.31, 386208, 2217
501, 0, 912, 1279, 981, 172, 7.57%, 0, 0, 4, 1440.29, 393485, 2258
506, 0, 937, 1292, 983, 162, 7.57%, 0, 0, 4, 1470.18, 400950, 2259
511, 0, 940, 1309, 997, 161, 7.62%, 0, 0, 4, 1424.10, 408130, 2273
516, 0, 940, 1316, 1004, 161, 7.65%, 0, 0, 4, 1420.12, 415326, 2283
521, 0, 945, 1351, 1037, 168, 7.76%, 0, 0, 4, 1423.52, 422337, 2316
527, 0, 945, 1357, 1043, 168, 7.80%, 0, 0, 4, 1494.38, 429925, 2327
532, 0, 955, 1379, 1060, 190, 7.90%, 0, 0, 4, 1449.75, 437058, 2356
537, 0, 960, 1397, 1077, 197, 7.93%, 0, 0, 4, 1363.05, 443820, 2365
542, 0, 963, 1414, 1091, 205, 8.12%, 0, 0, 4, 1479.30, 451347, 2421
547, 0, 963, 1432, 1109, 205, 8.20%, 0, 0, 4, 1420.97, 458477, 2447
552, 0, 978, 1463, 1135, 222, 8.31%, 0, 0, 4, 1380.45, 465265, 2478
557, 0, 978, 1502, 1174, 222, 8.42%, 0, 0, 4, 1317.48, 471820, 2513
562, 0, 986, 1522, 1193, 246, 8.50%, 0, 0, 4, 1365.74, 478688, 2536
567, 0, 986, 1531, 1202, 246, 8.54%, 0, 0, 4, 1412.07, 485861, 2546
572, 0, 990, 1546, 1215, 257, 8.56%, 0, 0, 4, 1351.27, 492707, 2553
577, 0, 990, 1548, 1217, 257, 8.56%, 0, 0, 4, 1282.74, 499066, 2553
582, 0, 1015, 1554, 1212, 248, 8.58%, 0, 0, 4, 1284.03, 505381, 2560
587, 0, 1026, 1558, 1214, 252, 8.59%, 0, 0, 4, 1225.26, 511479, 2561
592, 0, 1046, 1579, 1230, 250, 8.64%, 0, 0, 4, 1367.44, 518731, 2578
598, 0, 1048, 1589, 1239, 254, 8.75%, 0, 0, 4, 1369.46, 525673, 2611
603, 0, 1051, 1604, 1252, 256, 8.79%, 0, 0, 4, 1365.02, 532517, 2623
608, 0, 1051, 1609, 1257, 256, 8.80%, 0, 0, 4, 1415.99, 539632, 2624
613, 0, 1074, 1627, 1266, 253, 8.82%, 0, 0, 4, 1413.38, 547040, 2631
618, 0, 1090, 1630, 1265, 251, 8.82%, 0, 0, 4, 1429.12, 554466, 2631
623, 0, 1108, 1643, 1268, 245, 8.84%, 0, 0, 5, 1441.52, 562007, 2636
628, 0, 1109, 1652, 1276, 250, 8.86%, 0, 0, 5, 1428.00, 569475, 2644
634, 0, 1127, 1678, 1294, 248, 8.94%, 0, 0, 5, 1476.67, 576932, 2668
639, 0, 1127, 1682, 1298, 248, 8.96%, 0, 0, 5, 1484.73, 584436, 2673
644, 0, 1176, 1696, 1298, 249, 8.98%, 0, 0, 5, 1468.57, 591988, 2679
649, 0, 1176, 1705, 1307, 249, 8.99%, 0, 0, 5, 1439.02, 599219, 2681
654, 0, 1198, 1706, 1296, 241, 8.99%, 0, 0, 5, 1368.62, 605956, 2681
659, 0, 1207, 1724, 1307, 234, 9.01%, 0, 0, 5, 1368.83, 613013, 2689
664, 0, 1207, 1731, 1314, 234, 9.09%, 0, 0, 5, 1470.17, 620344, 2710
669, 0, 1233, 1739, 1305, 232, 9.10%, 0, 0, 5, 1375.88, 627368, 2713
674, 0, 1263, 1746, 1298, 223, 9.13%, 0, 0, 5, 1478.98, 634911, 2722
679, 0, 1267, 1768, 1317, 222, 9.19%, 0, 0, 5, 1383.23, 641903, 2742
684, 0, 1267, 1774, 1323, 222, 9.21%, 0, 0, 5, 1410.51, 648938, 2746
690, 0, 1304, 1791, 1328, 228, 9.26%, 0, 0, 5, 1394.14, 656213, 2761
695, 0, 1312, 1805, 1338, 225, 9.26%, 0, 0, 5, 1383.59, 663155, 2763
700, 0, 1314, 1818, 1349, 226, 9.29%, 0, 0, 5, 1329.93, 669749, 2770
705, 0, 1314, 1821, 1352, 226, 9.29%, 0, 0, 5, 1451.70, 677078, 2771
710, 0, 1333, 1825, 1346, 222, 9.29%, 0, 0, 5, 1387.86, 683977, 2772
715, 0, 1350, 1831, 1341, 214, 9.31%, 0, 0, 5, 1388.57, 691221, 2778
720, 0, 1353, 1842, 1349, 212, 9.34%, 0, 0, 5, 1436.69, 698408, 2785
725, 0, 1353, 1847, 1354, 212, 9.35%, 0, 0, 5, 1466.40, 705798, 2788
730, 0, 1369, 1861, 1360, 210, 9.37%, 0, 0, 5, 1485.81, 713611, 2795
735, 0, 1369, 1869, 1368, 210, 9.37%, 0, 0, 5, 1513.22, 721120, 2796
741, 0, 1378, 1875, 1370, 212, 9.38%, 0, 0, 5, 1419.21, 728332, 2797
746, 0, 1401, 1902, 1386, 202, 9.60%, 0, 0, 5, 1465.78, 735841, 2865
751, 0, 1401, 1923, 1407, 202, 9.76%, 0, 0, 5, 1477.37, 743259, 2912
756, 0, 1401, 1955, 1439, 202, 9.95%, 0, 0, 5, 1401.10, 750256, 2967
761, 0, 1407, 1962, 1445, 245, 9.97%, 0, 0, 5, 1419.75, 757474, 2975
766, 0, 1409, 1964, 1445, 250, 9.98%, 0, 0, 5, 1444.68, 765099, 2976
771, 0, 1422, 1971, 1442, 246, 10.00%, 0, 0, 5, 1377.82, 771834, 2983
776, 0, 1437, 1978, 1440, 239, 10.04%, 0, 0, 5, 1363.10, 778546, 2996
781, 0, 1437, 1985, 1447, 239, 10.06%, 0, 0, 5, 1423.93, 785702, 3002
786, 0, 1476, 1993, 1446, 241, 10.08%, 0, 0, 5, 1434.19, 793057, 3006
791, 0, 1512, 2002, 1444, 237, 10.14%, 0, 0, 5, 1395.32, 800004, 3024
796, 0, 1514, 2022, 1463, 236, 10.24%, 0, 0, 5, 1436.67, 807113, 3054
801, 0, 1523, 2027, 1467, 252, 10.26%, 0, 0, 5, 1426.45, 814080, 3060
806, 0, 1536, 2031, 1463, 249, 10.32%, 0, 0, 5, 1396.81, 821050, 3079
812, 0, 1569, 2035, 1455, 239, 10.33%, 0, 0, 5, 1356.82, 827976, 3080
817, 0, 1576, 2045, 1463, 237, 10.35%, 0, 0, 5, 1452.29, 835531, 3086
822, 0, 1579, 2059, 1476, 240, 10.37%, 0, 0, 5, 1557.97, 843543, 3094
827, 0, 1579, 2063, 1480, 240, 10.38%, 0, 0, 5, 1470.23, 850814, 3095
832, 0, 1585, 2079, 1494, 242, 10.40%, 0, 0, 5, 1409.89, 857950, 3103
837, 0, 1585, 2084, 1499, 242, 10.43%, 0, 0, 5, 1453.78, 865389, 3110
842, 0, 1589, 2091, 1505, 248, 10.44%, 0, 0, 5, 1390.72, 872426, 3113
847, 0, 1601, 2092, 1505, 249, 10.44%, 0, 0, 5, 1432.50, 879752, 3113
852, 0, 1631, 2098, 1500, 240, 10.44%, 0, 0, 5, 1378.09, 886608, 3113
858, 0, 1654, 2107, 1499, 233, 10.44%, 0, 0, 6, 1420.03, 894058, 3113
863, 0, 1658, 2114, 1503, 230, 10.48%, 0, 0, 6, 1287.26, 900515, 3125
868, 0, 1658, 2114, 1503, 230, 10.48%, 0, 0, 6, 1389.67, 907627, 3125
873, 0, 1681, 2121, 1499, 228, 10.50%, 0, 0, 6, 1394.69, 914835, 3132
878, 0, 1693, 2135, 1507, 223, 10.51%, 0, 0, 6, 1427.55, 922098, 3134
883, 0, 1695, 2137, 1508, 226, 10.51%, 0, 0, 6, 1393.48, 928941, 3135
888, 0, 1722, 2147, 1511, 220, 10.51%, 0, 0, 6, 1385.89, 935922, 3135
893, 0, 1730, 2179, 1537, 215, 10.61%, 0, 0, 6, 1375.38, 942805, 3165
898, 0, 1730, 2191, 1549, 215, 10.62%, 0, 0, 6, 1480.80, 950203, 3168
903, 0, 1739, 2197, 1550, 228, 10.65%, 0, 0, 6, 1317.34, 956742, 3176
908, 0, 1743, 2201, 1552, 230, 10.67%, 0, 0, 6, 1372.27, 964181, 3182
913, 0, 1757, 2206, 1550, 226, 10.67%, 0, 0, 6, 1379.70, 971099, 3184
918, 0, 1763, 2218, 1560, 224, 10.76%, 0, 0, 6, 1457.27, 978585, 3210
924, 0, 1765, 2220, 1561, 227, 10.76%, 0, 0, 6, 1374.87, 985686, 3210
929, 0, 1776, 2250, 1583, 232, 10.88%, 0, 0, 6, 1306.71, 992181, 3245
934, 0, 1776, 2262, 1595, 232, 10.91%, 0, 0, 6, 1405.14, 999624, 3253
939, 0, 1778, 2271, 1602, 246, 10.92%, 0, 0, 6, 1397.49, 1007112, 3257
944, 0, 1778, 2273, 1604, 246, 10.93%, 0, 0, 6, 1399.46, 1014175, 3259
949, 0, 1782, 2281, 1611, 248, 10.96%, 0, 0, 6, 1366.74, 1021015, 3270
954, 0, 1782, 2284, 1614, 248, 10.99%, 0, 0, 6, 1350.79, 1027889, 3278
959, 0, 1819, 2289, 1611, 244, 10.99%, 0, 0, 6, 1450.36, 1035515, 3279
964, 0, 1822, 2300, 1620, 242, 11.00%, 0, 0, 6, 1428.01, 1042742, 3282
969, 0, 1823, 2303, 1622, 244, 11.00%, 0, 0, 6, 1413.72, 1049977, 3282
975, 0, 1847, 2309, 1615, 233, 11.01%, 0, 0, 6, 1433.55, 1057454, 3283
980, 0, 1857, 2320, 1623, 232, 11.01%, 0, 0, 6, 1435.06, 1064859, 3283
985, 0, 1876, 2327, 1624, 227, 11.01%, 0, 0, 6, 1172.15, 1070573, 3283
990, 0, 1881, 2346, 1641, 226, 11.09%, 0, 0, 6, 1391.65, 1077981, 3308
995, 0, 1881, 2357, 1652, 226, 11.23%, 0, 0, 6, 1369.83, 1085028, 3349
1000, 0, 1887, 2383, 1676, 233, 11.37%, 0, 0, 6, 1417.26, 1092284, 3393
1006, 0, 1887, 2398, 1691, 233, 11.43%, 0, 0, 6, 1373.64, 1098982, 3409
1011, 0, 1920, 2404, 1687, 246, 11.44%, 0, 0, 6, 1481.90, 1106578, 3411
1016, 0, 1941, 2421, 1696, 240, 11.46%, 0, 0, 6, 1364.89, 1113216, 3418
1021, 0, 1957, 2426, 1691, 234, 11.47%, 0, 0, 6, 1300.46, 1119804, 3421
1026, 0, 1970, 2433, 1688, 228, 11.51%, 0, 0, 6, 1386.88, 1126755, 3433
1031, 0, 1973, 2451, 1704, 228, 11.55%, 0, 0, 6, 1543.13, 1135065, 3444
1036, 0, 1976, 2457, 1708, 234, 11.57%, 0, 0, 6, 1449.00, 1141977, 3451
1041, 0, 1981, 2470, 1716, 230, 11.57%, 0, 0, 6, 1442.94, 1149288, 3452
1046, 0, 1981, 2474, 1720, 230, 11.58%, 0, 0, 6, 1393.58, 1156144, 3455
1052, 0, 1995, 2477, 1712, 221, 11.58%, 0, 0, 6, 1416.24, 1163587, 3455
1057, 0, 1999, 2485, 1718, 219, 11.61%, 0, 0, 6, 1461.20, 1170873, 3463
1062, 0, 1999, 2487, 1720, 219, 11.62%, 0, 0, 6, 1478.78, 1178482, 3465
1067, 0, 2013, 2496, 1722, 222, 11.63%, 0, 0, 6, 1410.99, 1185400, 3469
1072, 0, 2013, 2504, 1730, 222, 11.66%, 0, 0, 6, 1430.81, 1192576, 3477
1077, 0, 2014, 2518, 1743, 230, 11.70%, 0, 0, 6, 1455.77, 1200123, 3489
1082, 0, 2014, 2521, 1746, 230, 11.70%, 0, 0, 6, 1440.86, 1207567, 3490
1087, 0, 2027, 2525, 1740, 229, 11.73%, 0, 0, 6, 1366.11, 1214234, 3499
1092, 0, 2029, 2539, 1752, 230, 11.76%, 0, 0, 6, 1400.13, 1221329, 3509
1097, 0, 2033, 2543, 1752, 232, 11.77%, 0, 0, 6, 1364.66, 1228118, 3510
1102, 0, 2044, 2556, 1760, 228, 11.77%, 0, 0, 6, 1456.02, 1235475, 3511
1107, 0, 2044, 2561, 1765, 228, 11.80%, 0, 0, 6, 1430.38, 1242784, 3521
1113, 0, 2066, 2568, 1765, 225, 11.80%, 0, 0, 6, 1463.77, 1250410, 3521
1118, 0, 2091, 2575, 1766, 221, 11.80%, 0, 0, 6, 1486.47, 1257778, 3521
1123, 0, 2119, 2581, 1763, 214, 11.81%, 0, 0, 7, 1471.67, 1265131, 3524
1128, 0, 2149, 2596, 1769, 208, 11.84%, 0, 0, 7, 1444.41, 1272589, 3533
1133, 0, 2149, 2600, 1773, 208, 11.85%, 0, 0, 7, 1468.45, 1280132, 3535
1138, 0, 2181, 2607, 1770, 209, 11.86%, 0, 0, 7, 1420.54, 1287512, 3537
1143, 0, 2206, 2609, 1760, 199, 11.86%, 0, 0, 7, 1400.51, 1294919, 3539
1149, 0, 2213, 2617, 1764, 196, 11.87%, 0, 0, 7, 1479.50, 1302598, 3542
1154, 0, 2230, 2626, 1766, 193, 11.88%, 0, 0, 7, 1369.60, 1309745, 3545
1159, 0, 2232, 2643, 1781, 192, 11.91%, 0, 0, 7, 1390.83, 1316740, 3554
1164, 0, 2232, 2649, 1787, 192, 11.93%, 0, 0, 7, 1356.26, 1323727, 3560
1169, 0, 2248, 2655, 1784, 202, 11.96%, 0, 0, 7, 1355.50, 1330457, 3569
1174, 0, 2271, 2661, 1779, 194, 11.97%, 0, 0, 7, 1390.82, 1337660, 3571
1179, 0, 2278, 2669, 1784, 192, 12.00%, 0, 0, 7, 1379.27, 1344502, 3579
1184, 0, 2278, 2671, 1786, 192, 12.02%, 0, 0, 7, 1399.21, 1351719, 3584
1189, 0, 2282, 2687, 1800, 195, 12.07%, 0, 0, 7, 1345.60, 1358664, 3599
1195, 0, 2282, 2692, 1805, 195, 12.10%, 0, 0, 7, 1344.01, 1365802, 3609
1200, 0, 2299, 2698, 1805, 202, 12.12%, 0, 0, 7, 1366.58, 1372810, 3614
1205, 0, 2330, 2705, 1804, 197, 12.12%, 0, 0, 7, 1428.90, 1380072, 3614
1210, 0, 2334, 2720, 1817, 197, 12.15%, 0, 0, 7, 1418.51, 1387260, 3623
1215, 0, 2335, 2724, 1820, 203, 12.15%, 0, 0, 7, 1443.22, 1394615, 3625
1220, 0, 2351, 2730, 1816, 197, 12.19%, 0, 0, 7, 1501.33, 1402156, 3635
1225, 0, 2374, 2739, 1814, 190, 12.21%, 0, 0, 7, 1436.90, 1409326, 3642
1230, 0, 2392, 2747, 1810, 184, 12.24%, 0, 0, 7, 1460.08, 1416690, 3652
1235, 0, 2422, 2752, 1802, 173, 12.25%, 0, 0, 7, 1416.65, 1424035, 3654
1240, 0, 2438, 2754, 1794, 165, 12.25%, 0, 0, 7, 1388.78, 1431049, 3654
1245, 0, 2444, 2761, 1799, 163, 12.26%, 0, 0, 7, 1460.82, 1438621, 3657
1251, 0, 2449, 2764, 1800, 163, 12.26%, 0, 0, 7, 1443.78, 1446035, 3658
1256, 0, 2475, 2775, 1801, 164, 12.29%, 0, 0, 7, 1427.02, 1453126, 3667
1261, 0, 2490, 2780, 1793, 155, 12.30%, 0, 0, 7, 1466.97, 1460469, 3669
1266, 0, 2504, 2793, 1800, 153, 12.34%, 0, 0, 7, 1422.54, 1467972, 3680
1271, 0, 2504, 2796, 1803, 153, 12.34%, 0, 0, 7, 1468.46, 1475651, 3682
1276, 0, 2521, 2809, 1808, 154, 12.38%, 0, 0, 7, 1475.45, 1483171, 3693
1281, 0, 2532, 2822, 1815, 149, 12.38%, 0, 0, 7, 1418.78, 1490191, 3693
1286, 0, 2532, 2825, 1818, 149, 12.38%, 0, 0, 7, 1445.37, 1497383, 3693
1291, 0, 2547, 2836, 1824, 148, 12.40%, 0, 0, 7, 1439.14, 1504572, 3699
1296, 0, 2547, 2842, 1830, 148, 12.40%, 0, 0, 7, 1461.45, 1512018, 3699
1301, 0, 2558, 2845, 1830, 147, 12.41%, 0, 0, 7, 1452.35, 1519429, 3701
1306, 0, 2578, 2859, 1839, 143, 12.43%, 0, 0, 8, 1448.48, 1526353, 3709
1311, 0, 2578, 2867, 1847, 143, 12.45%, 0, 0, 8, 1436.57, 1533779, 3713
1316, 0, 2587, 2878, 1853, 150, 12.46%, 0, 0, 8, 1421.47, 1540982, 3716
1321, 0, 2587, 2885, 1860, 150, 12.47%, 0, 0, 8, 1413.45, 1548122, 3720
1326, 0, 2595, 2889, 1859, 155, 12.47%, 0, 0, 8, 1463.26, 1555651, 3721
1331, 0, 2613, 2898, 1858, 151, 12.48%, 0, 0, 8, 1466.16, 1563243, 3724
1336, 0, 2642, 2902, 1850, 143, 12.51%, 0, 0, 8, 1345.83, 1569886, 3731
1341, 0, 2661, 2915, 1849, 130, 12.54%, 0, 0, 8, 1353.48, 1576615, 3740
1347, 0, 2661, 2923, 1857, 130, 12.58%, 0, 0, 8, 1335.67, 1583153, 3753
1352, 0, 2675, 2927, 1856, 138, 12.59%, 0, 0, 8, 1419.88, 1590374, 3756
1357, 0, 2691, 2936, 1854, 136, 12.63%, 0, 0, 8, 1433.67, 1597827, 3767
1362, 0, 2696, 2944, 1860, 134, 12.65%, 0, 0, 8, 1426.84, 1605054, 3773
1367, 0, 2698, 2946, 1861, 137, 12.66%, 0, 0, 8, 1438.61, 1612541, 3776
1372, 0, 2714, 2954, 1864, 133, 12.67%, 0, 0, 8, 1466.73, 1619926, 3778
1377, 0, 2714, 2957, 1867, 133, 12.67%, 0, 0, 8, 1423.63, 1627080, 3779
1382, 0, 2728, 2962, 1863, 127, 12.67%, 0, 0, 8, 1520.68, 1634746, 3780
1387, 0, 2745, 2965, 1856, 121, 12.69%, 0, 0, 8, 1446.13, 1641943, 3785
1392, 0, 2750, 2975, 1864, 120, 12.70%, 0, 0, 8, 1451.84, 1649305, 3788
1397, 0, 2751, 2978, 1866, 122, 12.71%, 0, 0, 8, 1450.03, 1656791, 3790
1402, 0, 2761, 2986, 1872, 121, 12.71%, 0, 0, 8, 1386.60, 1663584, 3790
1407, 0, 2761, 2986, 1872, 121, 12.71%, 0, 0, 8, 1430.65, 1671088, 3790
1413, 0, 2771, 2993, 1870, 116, 12.72%, 0, 0, 8, 1428.62, 1678142, 3794
1418, 0, 2781, 3019, 1888, 123, 12.83%, 0, 0, 8, 1386.60, 1685415, 3826
1423, 0, 2801, 3029, 1888, 114, 12.83%, 0, 0, 8, 1462.26, 1692898, 3827
1428, 0, 2801, 3041, 1900, 114, 12.83%, 0, 0, 8, 1423.43, 1700190, 3828
1433, 0, 2810, 3050, 1905, 116, 12.84%, 0, 0, 8, 1452.09, 1707407, 3830
1438, 0, 2843, 3061, 1906, 111, 12.88%, 0, 0, 8, 1410.58, 1714599, 3841
1443, 0, 2861, 3064, 1900, 108, 12.88%, 0, 0, 9, 1422.70, 1721876, 3843
1449, 0, 2866, 3077, 1910, 105, 12.92%, 0, 0, 9, 1391.79, 1729239, 3853
1454, 0, 2867, 3090, 1922, 118, 12.95%, 0, 0, 9, 1495.41, 1736643, 3863
1459, 0, 2867, 3092, 1924, 118, 12.96%, 0, 0, 9, 1454.32, 1744012, 3865
1464, 0, 2880, 3098, 1923, 115, 12.96%, 0, 0, 9, 1467.26, 1751433, 3867
1469, 0, 2894, 3105, 1921, 110, 12.97%, 0, 0, 9, 1498.11, 1758963, 3869
1474, 0, 2896, 3114, 1929, 111, 12.99%, 0, 0, 9, 1487.98, 1766636, 3875
1479, 0, 2896, 3116, 1931, 111, 12.99%, 0, 0, 9, 1498.44, 1774026, 3876
1484, 0, 2920, 3119, 1920, 104, 13.02%, 0, 0, 9, 1454.59, 1781569, 3884
1489, 0, 2926, 3126, 1921, 99, 13.03%, 0, 0, 9, 1446.54, 1788749, 3886
1494, 0, 2926, 3127, 1922, 99, 13.03%, 0, 0, 9, 1541.88, 1796499, 3886
1499, 0, 2942, 3135, 1920, 96, 13.06%, 0, 0, 9, 1470.53, 1803813, 3895
1504, 0, 2942, 3141, 1926, 96, 13.08%, 0, 0, 9, 1448.40, 1810966, 3902
1509, 0, 2945, 3147, 1929, 96, 13.08%, 0, 0, 9, 1405.93, 1818022, 3902
1514, 0, 2945, 3148, 1930, 96, 13.08%, 0, 0, 9, 1384.70, 1824982, 3902
1519, 0, 2959, 3152, 1929, 95, 13.09%, 0, 0, 9, 1391.91, 1831938, 3905
1524, 0, 2963, 3163, 1937, 95, 13.11%, 0, 0, 9, 1388.05, 1839114, 3912
1530, 0, 2963, 3164, 1938, 95, 13.11%, 0, 0, 9, 1407.78, 1846475, 3912
1535, 0, 2968, 3170, 1942, 96, 13.12%, 0, 0, 9, 1477.82, 1853903, 3915
1540, 0, 2972, 3172, 1942, 97, 13.12%, 0, 0, 9, 1461.62, 1861372, 3915
1545, 0, 2987, 3180, 1945, 92, 13.14%, 0, 0, 9, 1494.56, 1868856, 3920
1550, 0, 2987, 3182, 1947, 92, 13.14%, 0, 0, 9, 1428.16, 1876010, 3921
1555, 0, 3008, 3198, 1957, 94, 13.18%, 0, 0, 9, 1465.37, 1883597, 3932
1560, 0, 3008, 3212, 1971, 94, 13.28%, 0, 0, 9, 1492.23, 1891001, 3960
1565, 0, 3013, 3224, 1980, 104, 13.31%, 0, 0, 9, 1479.75, 1898323, 3970
1570, 0, 3014, 3228, 1983, 111, 13.36%, 0, 0, 9, 1432.85, 1905619, 3984
1575, 0, 3020, 3239, 1989, 110, 13.38%, 0, 0, 9, 1415.59, 1912893, 3990
1580, 0, 3020, 3247, 1997, 110, 13.38%, 0, 0, 9, 1421.24, 1920153, 3990
1585, 0, 3049, 3253, 1996, 105, 13.38%, 0, 0, 9, 1392.75, 1927139, 3991
1590, 0, 3060, 3257, 1994, 103, 13.39%, 0, 0, 9, 1408.42, 1934245, 3995
1595, 0, 3071, 3259, 1988, 96, 13.40%, 0, 0, 10, 1448.20, 1941513, 3996
1600, 0, 3072, 3267, 1995, 95, 13.42%, 0, 0, 10, 1398.38, 1948548, 4004
1605, 0, 3079, 3273, 1998, 102, 13.45%, 0, 0, 10, 1467.05, 1955929, 4011
1610, 0, 3097, 3274, 1990, 93, 13.45%, 0, 0, 10, 1461.85, 1963097, 4011
1616, 0, 3112, 3278, 1987, 89, 13.47%, 0, 0, 10, 1473.91, 1970756, 4019
1621, 0, 3116, 3287, 1994, 88, 13.48%, 0, 0, 10, 1412.47, 1977691, 4022
1626, 0, 3124, 3290, 1993, 89, 13.49%, 0, 0, 10, 1441.99, 1984750, 4025
1631, 0, 3125, 3295, 1997, 88, 13.49%, 0, 0, 10, 1514.35, 1992489, 4025
1636, 0, 3132, 3300, 1997, 87, 13.54%, 0, 0, 10, 1443.85, 1999569, 4039
1641, 0, 3133, 3308, 2004, 94, 13.56%, 0, 0, 10, 1402.55, 2006553, 4046
1646, 0, 3148, 3317, 2009, 93, 13.57%, 0, 0, 10, 1491.94, 2014157, 4049
1651, 0, 3155, 3319, 2006, 90, 13.58%, 0, 0, 10, 1421.52, 2021275, 4051
1656, 0, 3161, 3319, 2004, 88, 13.58%, 0, 0, 10, 1452.17, 2028678, 4051
1661, 0, 3180, 3324, 2003, 86, 13.60%, 0, 0, 10, 1419.20, 2035738, 4057
1666, 0, 3199, 3327, 1998, 78, 13.60%, 0, 0, 10, 1522.05, 2043632, 4058
1672, 0, 3209, 3338, 2003, 77, 13.63%, 0, 0, 10, 1491.56, 2051234, 4067
1677, 0, 3209, 3348, 2013, 77, 13.74%, 0, 0, 10, 1441.43, 2058512, 4099
1682, 0, 3212, 3355, 2017, 84, 13.78%, 0, 0, 10, 1358.32, 2065395, 4109
1687, 0, 3212, 3360, 2022, 84, 13.79%, 0, 0, 10, 1412.31, 2072574, 4113
1692, 0, 3223, 3387, 2042, 86, 13.79%, 0, 0, 10, 1457.68, 2079888, 4114
1697, 0, 3223, 3402, 2057, 86, 13.79%, 0, 0, 10, 1422.64, 2086846, 4114
1702, 0, 3225, 3413, 2067, 88, 13.82%, 0, 0, 10, 1440.25, 2094193, 4123
1707, 0, 3227, 3427, 2080, 91, 13.83%, 0, 0, 10, 1423.53, 2101337, 4126
1712, 0, 3231, 3428, 2077, 90, 13.84%, 0, 0, 10, 1418.27, 2108478, 4127
1717, 0, 3260, 3433, 2073, 84, 13.85%, 0, 0, 11, 1396.14, 2115533, 4131
1722, 0, 3268, 3435, 2068, 80, 13.85%, 0, 0, 11, 1384.86, 2122568, 4132
1727, 0, 3288, 3437, 2060, 72, 13.86%, 0, 0, 11, 1472.26, 2130391, 4134
1732, 0, 3296, 3443, 2061, 70, 13.88%, 0, 0, 11, 1378.24, 2137282, 4139
1737, 0, 3305, 3448, 2058, 67, 13.91%, 0, 0, 11, 1416.26, 2144633, 4150
1743, 0, 3319, 3453, 2057, 61, 13.92%, 0, 0, 11, 1361.97, 2151602, 4151
1748, 0, 3319, 3463, 2067, 61, 13.93%, 0, 0, 11, 1418.40, 2158738, 4156
1753, 0, 3327, 3467, 2066, 63, 13.94%, 0, 0, 11, 1437.78, 2166046, 4157
1758, 0, 3336, 3468, 2062, 59, 13.95%, 0, 0, 11, 1449.42, 2173378, 4160
1763, 0, 3346, 3486, 2074, 55, 13.97%, 0, 0, 11, 1387.19, 2180310, 4168
1768, 0, 3346, 3493, 2081, 55, 13.99%, 0, 0, 11, 1459.37, 2187769, 4174
1773, 0, 3355, 3497, 2078, 57, 14.00%, 0, 0, 11, 1399.18, 2195030, 4176
1778, 0, 3371, 3505, 2080, 55, 14.01%, 0, 0, 11, 1564.66, 2202771, 4179
1783, 0, 3402, 3515, 2088, 54, 14.02%, 0, 0, 11, 1449.62, 2210261, 4183
1788, 0, 3410, 3522, 2093, 55, 14.04%, 0, 0, 11, 1465.33, 2217955, 4189
1793, 0, 3412, 3525, 2094, 58, 14.05%, 0, 0, 11, 1504.32, 2225613, 4190
1798, 0, 3430, 3528, 2090, 53, 14.05%, 0, 0, 12, 1461.69, 2232875, 4192
1803, 0, 3441, 3535, 2091, 49, 14.09%, 0, 0, 12, 1435.24, 2240328, 4202
1809, 0, 3443, 3539, 2093, 54, 14.11%, 0, 0, 12, 1473.84, 2247917, 4208
1814, 0, 3452, 3540, 2089, 51, 14.11%, 0, 0, 12, 1418.99, 2254980, 4208
1819, 0, 3460, 3540, 2086, 48, 14.11%, 0, 0, 12, 1441.51, 2262252, 4208
1824, 0, 3467, 3545, 2087, 46, 14.12%, 0, 0, 12, 1387.17, 2269355, 4211
1829, 0, 3482, 3552, 2089, 49, 14.14%, 0, 0, 12, 1309.91, 2276023, 4217
1834, 0, 3496, 3556, 2086, 44, 14.15%, 0, 0, 12, 1370.22, 2282980, 4221
1839, 0, 3513, 3564, 2088, 39, 14.15%, 0, 0, 12, 1423.77, 2290193, 4222
1844, 0, 3513, 3574, 2098, 39, 14.16%, 0, 0, 12, 1447.80, 2297488, 4224
1849, 0, 3525, 3580, 2098, 36, 14.16%, 0, 0, 12, 1491.92, 2305011, 4224
1854, 0, 3536, 3583, 2092, 29, 14.17%, 0, 0, 12, 1513.98, 2312780, 4228
1859, 0, 3547, 3586, 2087, 24, 14.18%, 0, 0, 13, 1459.93, 2320165, 4231
1864, 0, 3564, 3588, 2082, 18, 14.19%, 0, 0, 13, 1514.03, 2328030, 4232
1869, 0, 3581, 3591, 2080, 14, 14.19%, 0, 0, 13, 1481.96, 2335512, 4232
1874, 0, 3591, 3593, 2075, 8, 14.19%, 0, 0, 15, 1389.71, 2342481, 4234
1879, 1, 1227, 3597, 2065, 4, 14.19%, 0, 0, 15, 1491.79, 2350097, 4234
1885, 1, 2857, 3599, 2059, 3, 14.20%, 0, 0, 15, 1411.16, 2357474, 4235
1890, 1, 3453, 3601, 2057, 3, 14.20%, 0, 0, 15, 1511.39, 2365305, 4236
1895, 1, 3600, 3604, 2056, 3, 14.21%, 0, 0, 15, 1418.30, 2372703, 4238
1900, 1, 3604, 3607, 2056, 1, 14.22%, 0, 0, 15, 1453.69, 2380130, 4241
1905, 2, 8, 3608, 2053, 0, 14.22%, 0, 0, 15, 1421.37, 2387385, 4241
1910, 2, 113, 3609, 2040, 0, 14.22%, 0, 0, 15, 1470.81, 2394887, 4241
1915, 2, 651, 3613, 2029, 1, 14.22%, 0, 0, 15, 1523.82, 2402671, 4241
1920, 2, 2199, 3627, 2036, 2, 14.22%, 0, 0, 15, 1447.63, 2409941, 4242
1925, 2, 2820, 3636, 2042, 5, 14.22%, 0, 0, 15, 1415.43, 2417041, 4243
1930, 2, 3440, 3641, 2046, 6, 14.22%, 0, 0, 15, 1441.20, 2424368, 4243
1935, 2, 3626, 3646, 2048, 4, 14.22%, 0, 0, 15, 1457.87, 2431736, 4243
1941, 2, 3646, 3650, 2048, 2, 14.27%, 0, 0, 15, 1419.90, 2439162, 4256
1946, 2, 3646, 3663, 2061, 2, 14.31%, 0, 0, 15, 1494.11, 2446758, 4268
1951, 2, 3648, 3667, 2064, 8, 14.31%, 0, 0, 15, 1490.61, 2454312, 4269
1956, 2, 3654, 3668, 2062, 7, 14.31%, 0, 0, 15, 1425.65, 2461844, 4269
1961, 2, 3661, 3670, 2062, 6, 14.32%, 0, 0, 15, 1479.32, 2469422, 4271
1966, 2, 3662, 3671, 2062, 6, 14.32%, 0, 0, 15, 1481.90, 2476990, 4272
1971, 2, 3663, 3671, 2061, 6, 14.32%, 0, 0, 15, 1465.00, 2484658, 4272
1976, 2, 3669, 3672, 2058, 2, 14.32%, 0, 0, 15, 1413.00, 2491841, 4272
1982, 2, 3672, 3675, 2059, 2, 14.33%, 0, 0, 15, 1524.86, 2499549, 4275
1987, 2, 3673, 3698, 2081, 2, 14.37%, 0, 0, 15, 1358.54, 2506279, 4285
1992, 2, 3673, 3705, 2088, 2, 14.37%, 0, 0, 15, 1430.17, 2513390, 4285
1997, 2, 3674, 3709, 2091, 5, 14.37%, 0, 0, 15, 1353.86, 2520209, 4285
2002, 2, 3676, 3714, 2095, 5, 14.40%, 0, 0, 15, 1337.15, 2527113, 4296
2007, 2, 3678, 3717, 2097, 8, 14.41%, 0, 0, 15, 1346.73, 2533852, 4298
2012, 2, 3679, 3720, 2099, 9, 14.43%, 0, 0, 15, 1394.96, 2541057, 4303
2017, 2, 3682, 3728, 2106, 11, 14.49%, 0, 0, 15, 1433.21, 2548372, 4322
2023, 2, 3682, 3730, 2108, 11, 14.49%, 0, 0, 15, 1504.95, 2556266, 4323
2028, 2, 3709, 3733, 2109, 18, 14.50%, 0, 0, 15, 1384.58, 2563278, 4326
2033, 2, 3710, 3733, 2108, 17, 14.50%, 0, 0, 15, 1393.22, 2570294, 4326
2038, 2, 3711, 3736, 2110, 16, 14.55%, 0, 0, 15, 1399.50, 2577390, 4339
2043, 2, 3711, 3740, 2114, 16, 14.59%, 0, 0, 15, 1424.72, 2584651, 4351
2048, 2, 3712, 3742, 2115, 22, 14.59%, 0, 0, 15, 1394.23, 2591635, 4351
2053, 2, 3712, 3750, 2123, 22, 14.61%, 0, 0, 15, 1459.47, 2599086, 4359
2058, 2, 3713, 3750, 2122, 23, 14.61%, 0, 0, 15, 1543.45, 2607122, 4359
2063, 2, 3713, 3755, 2127, 23, 14.63%, 0, 0, 15, 1508.27, 2614796, 4363
2068, 2, 3715, 3757, 2128, 26, 14.63%, 0, 0, 15, 1463.63, 2622058, 4365
2074, 2, 3717, 3759, 2129, 26, 14.65%, 0, 0, 15, 1406.30, 2629206, 4371
2079, 2, 3718, 3759, 2128, 26, 14.65%, 0, 0, 15, 1419.16, 2636606, 4371
2084, 2, 3720, 3760, 2127, 25, 14.66%, 0, 0, 15, 1434.46, 2644155, 4373
2089, 2, 3722, 3766, 2132, 24, 14.67%, 0, 0, 15, 1463.59, 2651581, 4376
2094, 2, 3723, 3767, 2132, 27, 14.68%, 0, 0, 15, 1433.80, 2658886, 4379
2099, 2, 3723, 3767, 2132, 27, 14.68%, 0, 0, 15, 1363.28, 2665893, 4379
2104, 2, 3728, 3770, 2132, 24, 14.68%, 0, 0, 15, 1393.78, 2672919, 4379
2109, 2, 3728, 3770, 2132, 24, 14.68%, 0, 0, 15, 1414.85, 2680110, 4379
2114, 2, 3728, 3777, 2139, 24, 14.70%, 0, 0, 15, 1443.49, 2687421, 4385
2120, 2, 3729, 3778, 2139, 26, 14.70%, 0, 0, 15, 1459.27, 2694964, 4385
2125, 2, 3731, 3779, 2139, 26, 14.71%, 0, 0, 15, 1480.44, 2702530, 4387
2130, 2, 3733, 3781, 2139, 26, 14.72%, 0, 0, 15, 1410.79, 2709707, 4390
2135, 2, 3734, 3784, 2141, 26, 14.72%, 0, 0, 15, 1423.91, 2717182, 4392
2140, 2, 3735, 3785, 2141, 25, 14.74%, 0, 0, 15, 1441.22, 2724291, 4396
2145, 2, 3738, 3785, 2139, 24, 14.74%, 0, 0, 15, 1421.76, 2731623, 4396
2150, 2, 3739, 3787, 2140, 25, 14.74%, 0, 0, 15, 1461.24, 2739086, 4398
2156, 2, 3740, 3788, 2140, 25, 14.75%, 0, 0, 15, 1450.23, 2746470, 4400
2161, 2, 3748, 3794, 2145, 24, 14.76%, 0, 0, 15, 1478.29, 2753786, 4402
2166, 2, 3748, 3802, 2153, 24, 14.76%, 0, 0, 15, 1454.73, 2761031, 4402
2171, 2, 3751, 3803, 2153, 25, 14.76%, 0, 0, 15, 1428.47, 2768195, 4402
2176, 2, 3756, 3803, 2150, 22, 14.76%, 0, 0, 15, 1446.36, 2775565, 4402
2181, 2, 3757, 3815, 2161, 21, 14.79%, 0, 0, 15, 1443.96, 2782931, 4412
2186, 2, 3758, 3821, 2166, 30, 14.81%, 0, 0, 15, 1389.11, 2789921, 4417
2191, 2, 3762, 3823, 2166, 29, 14.81%, 0, 0, 15, 1443.53, 2797280, 4419
2196, 2, 3772, 3826, 2165, 28, 14.84%, 0, 0, 15, 1507.84, 2804977, 4426
2201, 2, 3773, 3827, 2165, 27, 14.84%, 0, 0, 15, 1509.43, 2812651, 4426
2206, 2, 3774, 3827, 2164, 26, 14.84%, 0, 0, 15, 1532.61, 2820348, 4426
2211, 2, 3780, 3828, 2162, 23, 14.84%, 0, 0, 15, 1518.31, 2828239, 4427
2216, 2, 3781, 3830, 2163, 23, 14.84%, 0, 0, 15, 1456.77, 2835643, 4428
2222, 2, 3784, 3832, 2163, 22, 14.85%, 0, 0, 15, 1448.25, 2843083, 4430
2227, 2, 3785, 3833, 2163, 22, 14.85%, 0, 0, 15, 1439.95, 2850438, 4430
2232, 2, 3787, 3834, 2162, 21, 14.85%, 0, 0, 15, 1421.26, 2857531, 4431
2237, 2, 3793, 3835, 2161, 20, 14.85%, 0, 0, 15, 1492.31, 2865168, 4431
2242, 2, 3799, 3835, 2160, 19, 14.85%, 0, 0, 15, 1562.27, 2873005, 4431
2247, 2, 3804, 3836, 2159, 17, 14.85%, 0, 0, 15, 1445.32, 2880138, 4431
2252, 2, 3806, 3836, 2157, 15, 14.85%, 0, 0, 15, 1406.51, 2887273, 4431
2257, 2, 3808, 3836, 2156, 14, 14.85%, 0, 0, 15, 1459.77, 2894781, 4431
2262, 2, 3811, 3839, 2158, 13, 14.86%, 0, 0, 15, 1420.83, 2902064, 4432
2267, 2, 3811, 3843, 2162, 13, 14.88%, 0, 0, 15, 1461.81, 2909362, 4439
2272, 2, 3813, 3846, 2163, 18, 14.94%, 0, 0, 15, 1424.27, 2916403, 4457
2278, 2, 3813, 3847, 2164, 18, 14.95%, 0, 0, 15, 1468.84, 2923958, 4458
2283, 2, 3816, 3854, 2170, 19, 14.95%, 0, 0, 15, 1396.61, 2930794, 4460
2288, 2, 3816, 3860, 2176, 19, 14.98%, 0, 0, 15, 1436.16, 2937942, 4468
2293, 2, 3821, 3862, 2176, 22, 14.98%, 0, 0, 15, 1434.06, 2945305, 4469
2298, 2, 3821, 3874, 2188, 22, 15.00%, 0, 0, 15, 1454.72, 2952694, 4474
2303, 2, 3823, 3885, 2197, 25, 15.01%, 0, 0, 15, 1394.41, 2959649, 4477
2308, 2, 3823, 3888, 2200, 25, 15.01%, 0, 0, 15, 1501.89, 2967236, 4477
2313, 2, 3828, 3888, 2197, 25, 15.01%, 0, 0, 15, 1442.00, 2974325, 4477
2318, 2, 3831, 3890, 2198, 25, 15.02%, 0, 0, 15, 1382.77, 2981426, 4479
2323, 2, 3837, 3890, 2196, 24, 15.02%, 0, 0, 15, 1342.42, 2988330, 4479
2329, 2, 3839, 3891, 2196, 23, 15.02%, 0, 0, 15, 1390.80, 2995651, 4480
2334, 2, 3842, 3892, 2194, 21, 15.02%, 0, 0, 15, 1378.59, 3002487, 4480
2339, 2, 3842, 3893, 2195, 21, 15.02%, 0, 0, 15, 1381.60, 3009683, 4481
2344, 2, 3845, 3929, 2229, 22, 15.08%, 0, 0, 15, 1426.67, 3017135, 4499
2349, 2, 3845, 3961, 2261, 22, 15.10%, 0, 0, 15, 1445.77, 3024379, 4504
2354, 2, 3847, 3966, 2264, 35, 15.12%, 0, 0, 15, 1411.20, 3031536, 4511
2359, 2, 3848, 3968, 2265, 34, 15.12%, 0, 0, 15, 1421.87, 3038790, 4511
2364, 2, 3848, 3975, 2272, 34, 15.13%, 0, 0, 15, 1406.02, 3045829, 4513
2369, 2, 3856, 3977, 2273, 35, 15.14%, 0, 0, 15, 1403.46, 3053272, 4516
2375, 2, 3858, 3977, 2271, 35, 15.14%, 0, 0, 15, 1434.16, 3060635, 4516
2380, 2, 3861, 3980, 2273, 35, 15.14%, 0, 0, 15, 1399.26, 3067786, 4517
2385, 2, 3864, 3987, 2279, 36, 15.15%, 0, 0, 15, 1415.98, 3075097, 4519
2390, 2, 3872, 3990, 2281, 36, 15.15%, 0, 0, 15, 1340.12, 3082097, 4519
2395, 2, 3872, 4003, 2294, 36, 15.16%, 0, 0, 15, 1399.83, 3089411, 4522
2400, 2, 3872, 4007, 2298, 36, 15.16%, 0, 0, 15, 1444.63, 3096667, 4522
2405, 2, 3879, 4012, 2301, 40, 15.17%, 0, 0, 15, 1410.03, 3103780, 4526
2410, 2, 3888, 4013, 2299, 39, 15.18%, 0, 0, 15, 1416.16, 3110949, 4527
2415, 2, 3888, 4020, 2306, 39, 15.20%, 0, 0, 15, 1415.67, 3118089, 4535
2420, 2, 3892, 4022, 2305, 45, 15.22%, 0, 0, 15, 1364.07, 3125069, 4540
2425, 2, 3894, 4023, 2304, 44, 15.23%, 0, 0, 15, 1336.39, 3131944, 4543
2431, 2, 3907, 4026, 2306, 43, 15.23%, 0, 0, 15, 1448.10, 3139533, 4544
2436, 2, 3908, 4028, 2307, 43, 15.23%, 0, 0, 15, 1580.89, 3147537, 4544
2441, 2, 3944, 4033, 2309, 42, 15.24%, 0, 0, 15, 1534.74, 3155893, 4545
2446, 2, 3956, 4036, 2309, 39, 15.24%, 0, 0, 15, 1441.67, 3163295, 4545
2451, 2, 3963, 4040, 2310, 37, 15.24%, 0, 0, 15, 1393.64, 3170305, 4547
2456, 2, 3963, 4044, 2314, 37, 15.25%, 0, 0, 15, 1429.50, 3177641, 4548
2461, 2, 3965, 4046, 2314, 37, 15.25%, 0, 0, 15, 1386.11, 3184609, 4550
2466, 2, 3973, 4046, 2311, 36, 15.25%, 0, 0, 15, 1361.45, 3191582, 4550
2471, 2, 3975, 4049, 2313, 35, 15.26%, 0, 0, 15, 1429.35, 3199007, 4553
2476, 2, 3978, 4051, 2313, 36, 15.27%, 0, 0, 15, 1449.93, 3206490, 4554
2482, 2, 3992, 4056, 2316, 35, 15.27%, 0, 0, 15, 1445.68, 3214190, 4555
2487, 2, 3996, 4057, 2316, 35, 15.27%, 0, 0, 15, 1449.96, 3221484, 4555
2492, 2, 4002, 4061, 2319, 34, 15.28%, 0, 0, 15, 1439.13, 3228804, 4559
2497, 2, 4004, 4063, 2320, 35, 15.28%, 0, 0, 15, 1475.29, 3236154, 4559
2502, 2, 4009, 4067, 2321, 33, 15.38%, 0, 0, 15, 1429.11, 3243519, 4587
2507, 2, 4009, 4077, 2331, 33, 15.49%, 0, 0, 15, 1460.91, 3251107, 4622
2512, 2, 4012, 4077, 2328, 41, 15.49%, 0, 0, 15, 1407.90, 3258264, 4622
2517, 2, 4016, 4078, 2326, 38, 15.50%, 0, 0, 15, 1415.46, 3265394, 4623
2523, 2, 4017, 4089, 2336, 39, 15.53%, 0, 0, 15, 1410.43, 3272646, 4632
2528, 2, 4017, 4094, 2341, 39, 15.53%, 0, 0, 15, 1428.44, 3279766, 4633
2533, 2, 4019, 4094, 2339, 44, 15.53%, 0, 0, 15, 1377.85, 3286799, 4633
2538, 2, 4021, 4100, 2343, 42, 15.55%, 0, 0, 15, 1447.25, 3294676, 4638
2543, 2, 4022, 4103, 2345, 45, 15.55%, 0, 0, 15, 1374.25, 3301777, 4639
2548, 2, 4025, 4106, 2346, 45, 15.56%, 0, 0, 15, 1464.22, 3309211, 4642
2553, 2, 4036, 4110, 2347, 43, 15.58%, 0, 0, 15, 1424.69, 3316489, 4646
2558, 2, 4046, 4111, 2344, 42, 15.58%, 0, 0, 15, 1420.86, 3323663, 4647
2563, 2, 4052, 4112, 2341, 38, 15.58%, 0, 0, 15, 1446.00, 3331087, 4647
2568, 2, 4054, 4116, 2343, 37, 15.58%, 0, 0, 15, 1419.59, 3338479, 4647
2574, 2, 4058, 4118, 2344, 37, 15.58%, 0, 0, 15, 1419.79, 3346010, 4647
2579, 2, 4063, 4126, 2351, 36, 15.61%, 0, 0, 15, 1452.48, 3353638, 4656
2584, 2, 4063, 4135, 2360, 36, 15.62%, 0, 0, 15, 1449.79, 3361103, 4659
2589, 2, 4065, 4144, 2368, 44, 15.67%, 0, 0, 15, 1476.48, 3368541, 4675
2594, 2, 4065, 4148, 2372, 44, 15.73%, 0, 0, 15, 1444.00, 3375890, 4691
2599, 2, 4066, 4155, 2378, 49, 15.79%, 0, 0, 15, 1476.19, 3383419, 4709
2604, 2, 4067, 4156, 2378, 56, 15.79%, 0, 0, 15, 1389.11, 3390510, 4710
2610, 2, 4067, 4156, 2378, 56, 15.79%, 0, 0, 15, 1393.49, 3397553, 4710
2615, 2, 4068, 4158, 2379, 56, 15.81%, 0, 0, 15, 1481.35, 3405118, 4715
2620, 2, 4068, 4159, 2380, 56, 15.81%, 0, 0, 15, 1448.15, 3412229, 4716
2625, 2, 4069, 4163, 2383, 57, 15.84%, 0, 0, 15, 1386.73, 3419288, 4724
2630, 2, 4070, 4166, 2385, 60, 15.84%, 0, 0, 15, 1478.86, 3426816, 4725
2635, 2, 4070, 4169, 2388, 60, 15.87%, 0, 0, 15, 1374.67, 3433633, 4734
2640, 2, 4071, 4171, 2389, 63, 15.88%, 0, 0, 15, 1445.37, 3441293, 4736
2645, 2, 4071, 4171, 2389, 63, 15.88%, 0, 0, 15, 1478.95, 3448809, 4736
2651, 2, 4072, 4172, 2389, 62, 15.89%, 0, 0, 15, 1492.89, 3456658, 4740
2656, 2, 4073, 4172, 2388, 62, 15.89%, 0, 0, 15, 1495.21, 3464389, 4740
2661, 2, 4073, 4175, 2391, 62, 15.89%, 0, 0, 15, 1457.80, 3471855, 4741
2666, 2, 4073, 4181, 2397, 62, 15.90%, 0, 0, 15, 1415.27, 3478986, 4744
2671, 2, 4074, 4184, 2399, 66, 15.92%, 0, 0, 15, 1422.04, 3486288, 4749
2676, 2, 4074, 4184, 2399, 66, 15.92%, 0, 0, 15, 1431.90, 3493525, 4749
2681, 2, 4076, 4185, 2399, 66, 15.92%, 0, 0, 15, 1420.48, 3500968, 4750
2687, 2, 4077, 4186, 2399, 67, 15.93%, 0, 0, 15, 1508.44, 3508889, 4751
2692, 2, 4079, 4186, 2397, 65, 15.93%, 0, 0, 15, 1436.91, 3516402, 4751
2697, 2, 4080, 4187, 2397, 65, 15.93%, 0, 0, 15, 1432.44, 3523631, 4752
2702, 2, 4084, 4187, 2395, 63, 15.93%, 0, 0, 15, 1498.05, 3531660, 4752
2707, 2, 4090, 4192, 2397, 60, 15.94%, 0, 0, 15, 1463.37, 3538962, 4756
2712, 2, 4098, 4194, 2397, 63, 15.97%, 0, 0, 15, 1471.06, 3546380, 4765
2717, 2, 4103, 4198, 2398, 61, 15.99%, 0, 0, 15, 1461.22, 3553594, 4769
2722, 2, 4103, 4200, 2400, 61, 15.99%, 0, 0, 15, 1438.60, 3560742, 4770
2727, 2, 4104, 4201, 2400, 65, 15.99%, 0, 0, 15, 1398.98, 3567790, 4770
2732, 2, 4107, 4203, 2400, 64, 16.00%, 0, 0, 15, 1423.39, 3574983, 4772
2738, 2, 4110, 4206, 2400, 62, 16.01%, 0, 0, 15, 1447.26, 3582465, 4775
2743, 2, 4110, 4213, 2407, 62, 16.02%, 0, 0, 15, 1441.82, 3589681, 4780
2748, 2, 4115, 4214, 2406, 66, 16.02%, 0, 0, 15, 1421.49, 3597061, 4780
2753, 2, 4118, 4214, 2405, 65, 16.02%, 0, 0, 15, 1543.34, 3605320, 4780
2758, 2, 4118, 4223, 2414, 65, 16.02%, 0, 0, 15, 1507.08, 3613123, 4780
2763, 2, 4118, 4223, 2414, 65, 16.02%, 0, 0, 15, 1467.88, 3620663, 4780
2768, 2, 4125, 4226, 2414, 65, 16.03%, 0, 0, 15, 1397.04, 3627647, 4782
2773, 2, 4130, 4229, 2415, 64, 16.04%, 0, 0, 15, 1435.09, 3634919, 4784
2778, 2, 4138, 4242, 2426, 63, 16.07%, 0, 0, 15, 1456.89, 3642435, 4795
2783, 2, 4138, 4247, 2431, 63, 16.08%, 0, 0, 15, 1457.71, 3649696, 4797
2789, 2, 4142, 4249, 2431, 69, 16.08%, 0, 0, 15, 1497.16, 3657407, 4797
2794, 2, 4142, 4249, 2431, 69, 16.08%, 0, 0, 15, 1458.04, 3664754, 4797
2799, 2, 4143, 4251, 2432, 68, 16.09%, 0, 0, 15, 1449.84, 3672067, 4799
2804, 2, 4143, 4253, 2434, 68, 16.09%, 0, 0, 15, 1437.97, 3679251, 4800
2809, 2, 4145, 4255, 2434, 71, 16.11%, 0, 0, 15, 1369.77, 3686282, 4805
2814, 2, 4148, 4255, 2432, 69, 16.11%, 0, 0, 15, 1426.72, 3693313, 4805
2819, 2, 4149, 4255, 2431, 68, 16.11%, 0, 0, 15, 1429.55, 3700486, 4805
2824, 2, 4149, 4255, 2431, 68, 16.11%, 0, 0, 15, 1424.36, 3707822, 4805
2829, 2, 4150, 4256, 2431, 67, 16.13%, 0, 0, 15, 1545.47, 3715773, 4811
2834, 2, 4151, 4259, 2433, 68, 16.15%, 0, 0, 15, 1488.39, 3723112, 4818
2839, 2, 4152, 4261, 2434, 69, 16.17%, 0, 0, 15, 1523.51, 3730834, 4822
2845, 2, 4153, 4265, 2437, 69, 16.17%, 0, 0, 15, 1464.33, 3738306, 4824
2850, 2, 4153, 4267, 2439, 69, 16.18%, 0, 0, 15, 1468.39, 3745775, 4825
2855, 2, 4154, 4267, 2438, 71, 16.18%, 0, 0, 15, 1467.48, 3753107, 4825
2860, 2, 4156, 4270, 2440, 70, 16.19%, 0, 0, 15, 1433.48, 3760050, 4830
2865, 2, 4157, 4272, 2441, 72, 16.20%, 0, 0, 15, 1467.22, 3767445, 4831
2870, 2, 4157, 4276, 2445, 72, 16.20%, 0, 0, 15, 1476.41, 3774944, 4831
2875, 2, 4158, 4277, 2445, 71, 16.20%, 0, 0, 15, 1500.74, 3782520, 4831
2880, 2, 4159, 4277, 2444, 70, 16.20%, 0, 0, 15, 1458.37, 3790059, 4831
2886, 2, 4161, 4278, 2444, 69, 16.20%, 0, 0, 15, 1447.61, 3797716, 4833
2891, 2, 4161, 4284, 2450, 69, 16.22%, 0, 0, 15, 1498.51, 3805609, 4837
2896, 2, 4161, 4289, 2455, 69, 16.23%, 0, 0, 15, 1473.86, 3813127, 4840
2901, 2, 4163, 4289, 2454, 77, 16.23%, 0, 0, 15, 1467.33, 3820815, 4840
2906, 2, 4166, 4289, 2453, 76, 16.23%, 0, 0, 15, 1520.77, 3828898, 4840
2911, 2, 4166, 4294, 2458, 76, 16.27%, 0, 0, 15, 1431.77, 3836050, 4852
2916, 2, 4167, 4297, 2460, 79, 16.30%, 0, 0, 15, 1470.94, 3843687, 4863
2922, 2, 4168, 4298, 2460, 81, 16.30%, 0, 0, 15, 1410.68, 3850857, 4863
2927, 2, 4170, 4298, 2459, 80, 16.30%, 0, 0, 15, 1420.09, 3858252, 4863
2932, 2, 4170, 4298, 2459, 80, 16.30%, 0, 0, 15, 1421.80, 3865584, 4863
2937, 2, 4170, 4298, 2459, 80, 16.30%, 0, 0, 15, 1412.54, 3873059, 4863
2942, 2, 4171, 4298, 2458, 79, 16.30%, 0, 0, 15, 1454.11, 3880495, 4863
2947, 2, 4171, 4303, 2463, 79, 16.32%, 0, 0, 15, 1412.53, 3887451, 4869
2952, 2, 4173, 4304, 2463, 83, 16.33%, 0, 0, 15, 1336.14, 3893957, 4870
2957, 2, 4175, 4305, 2463, 82, 16.33%, 0, 0, 15, 1428.72, 3901369, 4870
2962, 2, 4175, 4305, 2463, 82, 16.33%, 0, 0, 15, 1398.61, 3908376, 4870
2967, 2, 4177, 4305, 2462, 82, 16.33%, 0, 0, 15, 1389.21, 3915452, 4870
2973, 2, 4179, 4306, 2462, 81, 16.33%, 0, 0, 15, 1445.08, 3922769, 4870
2978, 2, 4180, 4306, 2461, 80, 16.33%, 0, 0, 15, 1452.44, 3930115, 4870
2983, 2, 4180, 4306, 2461, 80, 16.33%, 0, 0, 15, 1442.73, 3937801, 4870
2988, 2, 4181, 4306, 2460, 79, 16.33%, 0, 0, 15, 1423.70, 3945014, 4870
2993, 2, 4183, 4307, 2460, 78, 16.33%, 0, 0, 15, 1393.54, 3952141, 4871
2998, 2, 4183, 4311, 2464, 78, 16.34%, 0, 0, 15, 1465.45, 3959573, 4875
3003, 2, 4183, 4314, 2467, 78, 16.38%, 0, 0, 15, 1400.93, 3966723, 4887
3008, 2, 4184, 4314, 2466, 84, 16.38%, 0, 0, 15, 1347.22, 3973729, 4887
3014, 2, 4184, 4314, 2466, 84, 16.38%, 0, 0, 15, 1416.99, 3981071, 4887
3019, 2, 4186, 4314, 2464, 82, 16.38%, 0, 0, 15, 1476.64, 3988830, 4887
3024, 2, 4189, 4314, 2461, 79, 16.38%, 0, 0, 15, 1516.59, 3996453, 4887
3029, 2, 4192, 4324, 2469, 85, 16.42%, 0, 0, 16, 1410.39, 4003859, 4899
3034, 2, 4197, 4328, 2469, 85, 16.46%, 0, 0, 16, 1460.50, 4011215, 4910
3039, 2, 4199, 4330, 2469, 84, 16.47%, 0, 0, 16, 1481.31, 4018877, 4913
3044, 2, 4203, 4336, 2473, 84, 16.48%, 0, 0, 16, 1481.55, 4026212, 4917
3049, 2, 4203, 4340, 2477, 84, 16.49%, 0, 0, 16, 1474.28, 4033607, 4920
3054, 2, 4205, 4342, 2477, 88, 16.49%, 0, 0, 16, 1468.64, 4041343, 4920
3059, 2, 4207, 4342, 2476, 87, 16.49%, 0, 0, 16, 1488.09, 4048909, 4920
3064, 2, 4208, 4345, 2478, 88, 16.51%, 0, 0, 16, 1476.29, 4056167, 4926
3070, 2, 4209, 4346, 2478, 88, 16.51%, 0, 0, 16, 1450.22, 4063780, 4926
3075, 2, 4214, 4348, 2478, 87, 16.52%, 0, 0, 16, 1539.18, 4071948, 4927
3080, 2, 4214, 4349, 2479, 87, 16.52%, 0, 0, 16, 1477.59, 4079035, 4927
3085, 2, 4225, 4353, 2481, 86, 16.52%, 0, 0, 16, 1488.73, 4086593, 4927
3090, 2, 4231, 4356, 2481, 85, 16.55%, 0, 0, 16, 1416.32, 4093814, 4938
3095, 2, 4232, 4360, 2484, 84, 16.56%, 0, 0, 16, 1438.93, 4100958, 4939
3100, 2, 4232, 4361, 2485, 84, 16.56%, 0, 0, 16, 1432.90, 4108192, 4939
3105, 2, 4235, 4361, 2482, 83, 16.56%, 0, 0, 16, 1434.76, 4115435, 4939
3110, 2, 4250, 4361, 2479, 80, 16.56%, 0, 0, 16, 1403.51, 4122509, 4939
3116, 2, 4256, 4375, 2489, 77, 16.61%, 0, 0, 16, 1452.77, 4130206, 4956
3121, 2, 4256, 4399, 2513, 77, 16.68%, 0, 0, 16, 1495.61, 4137619, 4975
3126, 2, 4257, 4407, 2520, 87, 16.69%, 0, 0, 16, 1453.29, 4145297, 4978
3131, 2, 4257, 4407, 2520, 87, 16.69%, 0, 0, 16, 1343.88, 4151945, 4978
3136, 2, 4262, 4412, 2523, 88, 16.73%, 0, 0, 16, 1417.58, 4159170, 4990
3141, 2, 4263, 4412, 2522, 89, 16.73%, 0, 0, 16, 1344.73, 4166242, 4990
3146, 2, 4267, 4415, 2522, 86, 16.73%, 0, 0, 16, 1391.96, 4173340, 4990
3151, 2, 4267, 4421, 2528, 86, 16.76%, 0, 0, 16, 1384.07, 4180488, 4998
3156, 2, 4267, 4422, 2529, 86, 16.76%, 0, 0, 16, 1472.83, 4187807, 4999
3161, 2, 4269, 4422, 2528, 91, 16.76%, 0, 0, 16, 1410.63, 4194757, 4999
3166, 2, 4277, 4423, 2527, 89, 16.76%, 0, 0, 16, 1409.18, 4201782, 5000
3171, 2, 4277, 4425, 2529, 89, 16.77%, 0, 0, 16, 1422.45, 4209029, 5003
3177, 2, 4279, 4425, 2528, 91, 16.77%, 0, 0, 16, 1412.21, 4216247, 5003
3182, 2, 4280, 4426, 2528, 91, 16.78%, 0, 0, 16, 1410.86, 4223366, 5004
3187, 2, 4280, 4427, 2529, 91, 16.82%, 0, 0, 16, 1411.13, 4230508, 5018
3192, 2, 4281, 4428, 2529, 91, 16.83%, 0, 0, 16, 1457.00, 4237993, 5019
3197, 2, 4282, 4429, 2529, 91, 16.83%, 0, 0, 16, 1418.57, 4245114, 5020
3202, 2, 4282, 4430, 2530, 91, 16.83%, 0, 0, 16, 1395.77, 4252425, 5021
3207, 2, 4283, 4430, 2529, 91, 16.83%, 0, 0, 16, 1368.23, 4259286, 5021
3212, 2, 4284, 4431, 2529, 91, 16.84%, 0, 0, 16, 1397.32, 4266470, 5024
3217, 2, 4287, 4431, 2528, 90, 16.84%, 0, 0, 16, 1473.43, 4274093, 5024
3222, 2, 4288, 4431, 2527, 89, 16.84%, 0, 0, 16, 1467.58, 4281359, 5024
3227, 2, 4288, 4431, 2527, 89, 16.84%, 0, 0, 16, 1547.08, 4289427, 5024
3233, 2, 4289, 4431, 2526, 88, 16.84%, 0, 0, 16, 1425.01, 4296564, 5024
3238, 2, 4290, 4431, 2525, 87, 16.84%, 0, 0, 16, 1412.91, 4303572, 5024
3243, 2, 4290, 4445, 2539, 87, 16.89%, 0, 0, 16, 1401.66, 4310670, 5037
3248, 2, 4291, 4452, 2545, 90, 16.91%, 0, 0, 16, 1458.52, 4318012, 5044
3253, 2, 4291, 4469, 2562, 90, 16.96%, 0, 0, 16, 1385.93, 4324944, 5059
3258, 2, 4291, 4479, 2572, 90, 17.02%, 0, 0, 16, 1509.50, 4332734, 5078
3263, 2, 4292, 4483, 2575, 99, 17.03%, 0, 0, 16, 1375.66, 4339553, 5081
3268, 2, 4292, 4488, 2580, 99, 17.05%, 0, 0, 16, 1463.74, 4347218, 5087
3273, 2, 4292, 4493, 2585, 99, 17.06%, 0, 0, 16, 1405.50, 4354230, 5088
3278, 2, 4294, 4493, 2584, 101, 17.06%, 0, 0, 16, 1444.95, 4361727, 5088
3284, 2, 4294, 4497, 2588, 101, 17.07%, 0, 0, 16, 1467.31, 4369157, 5091
3289, 2, 4294, 4499, 2590, 101, 17.07%, 0, 0, 16, 1539.28, 4377109, 5091
3294, 2, 4295, 4501, 2591, 102, 17.07%, 0, 0, 16, 1415.39, 4384216, 5092
3299, 2, 4297, 4503, 2592, 103, 17.08%, 0, 0, 16, 1402.06, 4391321, 5094
3304, 2, 4297, 4505, 2594, 103, 17.08%, 0, 0, 16, 1365.70, 4398167, 5096
3309, 2, 4298, 4518, 2606, 104, 17.13%, 0, 0, 16, 1430.46, 4405465, 5111
3314, 2, 4301, 4520, 2607, 112, 17.14%, 0, 0, 16, 1489.34, 4413223, 5112
3319, 2, 4302, 4520, 2606, 112, 17.14%, 0, 0, 16, 1449.08, 4420587, 5112
3324, 2, 4304, 4524, 2608, 110, 17.14%, 0, 0, 16, 1406.23, 4427735, 5112
3330, 2, 4306, 4525, 2608, 110, 17.14%, 0, 0, 16, 1433.30, 4435097, 5113
3335, 2, 4307, 4527, 2609, 111, 17.14%, 0, 0, 16, 1362.70, 4442163, 5114
3340, 2, 4309, 4527, 2608, 110, 17.14%, 0, 0, 16, 1404.95, 4449410, 5114
3345, 2, 4310, 4529, 2609, 110, 17.15%, 0, 0, 16, 1407.21, 4456725, 5117
3350, 2, 4311, 4529, 2608, 109, 17.15%, 0, 0, 16, 1415.22, 4464240, 5117
3355, 2, 4315, 4530, 2606, 107, 17.15%, 0, 0, 16, 1413.48, 4471511, 5117
3360, 2, 4318, 4532, 2605, 106, 17.16%, 0, 0, 17, 1414.41, 4478711, 5119
3366, 2, 4321, 4541, 2612, 112, 17.19%, 0, 0, 17, 1454.15, 4486056, 5127
3371, 2, 4324, 4542, 2610, 109, 17.19%, 0, 0, 17, 1411.25, 4493189, 5129
3376, 2, 4328, 4543, 2608, 107, 17.20%, 0, 0, 17, 1379.31, 4500064, 5130
3381, 2, 4333, 4546, 2608, 106, 17.20%, 0, 0, 17, 1415.39, 4507383, 5132
3386, 2, 4333, 4554, 2616, 106, 17.20%, 0, 0, 17, 1333.72, 4513999, 5132
3391, 2, 4334, 4564, 2625, 120, 17.21%, 0, 0, 17, 1413.62, 4521351, 5133
3396, 2, 4337, 4564, 2622, 117, 17.21%, 0, 0, 17, 1386.28, 4528323, 5133
3401, 2, 4342, 4566, 2622, 116, 17.21%, 0, 0, 17, 1411.78, 4535494, 5134
3406, 2, 4346, 4567, 2621, 116, 17.21%, 0, 0, 17, 1435.50, 4542998, 5134
3411, 2, 4350, 4570, 2622, 115, 17.21%, 0, 0, 17, 1486.78, 4550757, 5135
3416, 2, 4352, 4572, 2623, 115, 17.21%, 0, 0, 17, 1461.73, 4558236, 5135
3422, 2, 4353, 4585, 2635, 114, 17.25%, 0, 0, 17, 1466.62, 4565749, 5145
3427, 2, 4353, 4591, 2641, 114, 17.27%, 0, 0, 17, 1446.93, 4572958, 5150
3432, 2, 4357, 4604, 2652, 124, 17.27%, 0, 0, 17, 1431.32, 4580146, 5150
3437, 2, 4357, 4610, 2658, 124, 17.28%, 0, 0, 17, 1463.70, 4587543, 5153
3442, 2, 4358, 4612, 2659, 128, 17.28%, 0, 0, 17, 1424.77, 4594956, 5153
3447, 2, 4366, 4614, 2659, 128, 17.29%, 0, 0, 17, 1435.02, 4602111, 5158
3452, 2, 4369, 4622, 2666, 127, 17.30%, 0, 0, 17, 1481.85, 4609626, 5159
3457, 2, 4373, 4623, 2666, 125, 17.30%, 0, 0, 17, 1393.60, 4616655, 5159
3462, 2, 4394, 4627, 2668, 124, 17.30%, 0, 0, 17, 1389.50, 4623698, 5160
3467, 2, 4394, 4628, 2669, 124, 17.30%, 0, 0, 17, 1436.95, 4630910, 5160
3472, 2, 4395, 4632, 2672, 126, 17.31%, 0, 0, 17, 1472.30, 4638447, 5164
3477, 2, 4395, 4632, 2672, 126, 17.31%, 0, 0, 17, 1521.02, 4646098, 5164
3482, 2, 4395, 4632, 2672, 126, 17.31%, 0, 0, 17, 1494.50, 4653580, 5164
3487, 2, 4395, 4646, 2686, 126, 17.32%, 0, 0, 17, 1406.76, 4660554, 5165
3492, 2, 4396, 4653, 2692, 131, 17.32%, 0, 0, 17, 1424.50, 4667931, 5165
3498, 2, 4396, 4657, 2696, 131, 17.32%, 0, 0, 17, 1396.84, 4675067, 5166
3503, 2, 4396, 4657, 2696, 131, 17.32%, 0, 0, 17, 1376.27, 4682224, 5166
3508, 2, 4396, 4658, 2697, 131, 17.32%, 0, 0, 17, 1388.73, 4689365, 5166
3513, 2, 4396, 4658, 2697, 131, 17.32%, 0, 0, 17, 1403.74, 4696511, 5166
3518, 2, 4396, 4658, 2697, 131, 17.32%, 0, 0, 17, 1402.94, 4703959, 5166
3523, 2, 4396, 4658, 2697, 131, 17.32%, 0, 0, 17, 1411.44, 4711105, 5166
3528, 2, 4396, 4661, 2700, 131, 17.33%, 0, 0, 17, 1414.37, 4717979, 5169
3533, 2, 4402, 4665, 2703, 132, 17.33%, 0, 0, 17, 1405.67, 4725151, 5170
3538, 2, 4406, 4666, 2702, 131, 17.33%, 0, 0, 17, 1482.11, 4732930, 5170
3544, 2, 4407, 4667, 2702, 130, 17.34%, 0, 0, 17, 1455.86, 4740360, 5171
3549, 2, 4408, 4669, 2703, 130, 17.34%, 0, 0, 17, 1438.34, 4747564, 5173
3554, 2, 4409, 4683, 2716, 131, 17.47%, 0, 0, 17, 1411.64, 4754482, 5212
3559, 2, 4409, 4689, 2722, 131, 17.52%, 0, 0, 17, 1458.81, 4761936, 5225
3564, 2, 4414, 4689, 2720, 142, 17.52%, 0, 0, 17, 1390.79, 4769256, 5225
3569, 2, 4417, 4690, 2719, 140, 17.53%, 0, 0, 17, 1371.55, 4776342, 5228
3574, 2, 4418, 4698, 2726, 143, 17.55%, 0, 0, 17, 1379.23, 4783438, 5235
3579, 2, 4421, 4699, 2725, 145, 17.55%, 0, 0, 17, 1370.86, 4790200, 5236
3584, 2, 4422, 4701, 2726, 145, 17.56%, 0, 0, 17, 1440.46, 4797629, 5237
3589, 2, 4423, 4704, 2728, 144, 17.57%, 0, 0, 17, 1393.94, 4804655, 5240
3595, 2, 4425, 4705, 2727, 144, 17.57%, 0, 0, 17, 1413.79, 4811981, 5241
3600, 2, 4426, 4719, 2740, 144, 17.69%, 0, 0, 17, 1397.31, 4818779, 5276
3605, 2, 4426, 4728, 2749, 144, 17.70%, 0, 0, 17, 1445.94, 4826338, 5279
3610, 2, 4427, 4729, 2749, 150, 17.70%, 0, 0, 17, 1410.53, 4833444, 5280
3615, 2, 4429, 4733, 2751, 151, 17.71%, 0, 0, 17, 1417.15, 4840610, 5283
3620, 2, 4433, 4736, 2752, 151, 17.72%, 0, 0, 17, 1366.55, 4847552, 5285
3625, 2, 4436, 4744, 2759, 151, 17.72%, 0, 0, 17, 1417.19, 4854807, 5286
3630, 2, 4436, 4748, 2763, 151, 17.73%, 0, 0, 17, 1467.51, 4862115, 5289
3635, 2, 4439, 4753, 2767, 155, 17.73%, 0, 0, 17, 1459.91, 4869675, 5290
3640, 2, 4439, 4753, 2767, 155, 17.73%, 0, 0, 17, 1430.38, 4876779, 5290
3645, 2, 4450, 4757, 2770, 154, 17.74%, 0, 0, 17, 1408.28, 4884075, 5292
3650, 2, 4461, 4759, 2769, 154, 17.74%, 0, 0, 17, 1338.18, 4891001, 5293
3656, 2, 4463, 4761, 2770, 153, 17.74%, 0, 0, 17, 1441.80, 4898554, 5293
3661, 2, 4464, 4769, 2777, 151, 17.75%, 0, 0, 17, 1397.83, 4905506, 5296
3666, 2, 4464, 4774, 2782, 151, 17.75%, 0, 0, 17, 1384.27, 4912647, 5296
3671, 2, 4473, 4793, 2800, 153, 17.89%, 0, 0, 17, 1382.14, 4919647, 5335
3676, 2, 4473, 4799, 2806, 153, 17.93%, 0, 0, 17, 1428.82, 4927124, 5348
3681, 2, 4475, 4803, 2809, 174, 17.93%, 0, 0, 17, 1374.22, 4933968, 5348
3686, 2, 4475, 4806, 2812, 174, 17.93%, 0, 0, 17, 1379.70, 4940921, 5348
3691, 2, 4484, 4808, 2812, 172, 17.93%, 0, 0, 17, 1404.67, 4948065, 5348
3696, 2, 4491, 4811, 2813, 170, 17.93%, 0, 0, 17, 1417.87, 4955260, 5348
3701, 2, 4491, 4818, 2820, 170, 17.93%, 0, 0, 17, 1384.28, 4962159, 5349
3706, 2, 4491, 4819, 2821, 170, 17.93%, 0, 0, 17, 1451.27, 4969621, 5349
3711, 2, 4502, 4820, 2819, 170, 17.93%, 0, 0, 17, 1419.19, 4976805, 5349
3716, 2, 4506, 4821, 2817, 167, 17.94%, 0, 0, 17, 1469.71, 4984484, 5350
3722, 2, 4506, 4826, 2822, 167, 17.94%, 0, 0, 17, 1414.19, 4991664, 5352
3727, 2, 4507, 4826, 2821, 169, 17.94%, 0, 0, 17, 1437.90, 4999070, 5352
3732, 2, 4508, 4829, 2823, 168, 17.95%, 0, 0, 17, 1453.86, 5006499, 5354
3737, 2, 4508, 4831, 2825, 168, 17.95%, 0, 0, 17, 1346.70, 5013306, 5355
3742, 2, 4511, 4834, 2826, 168, 17.97%, 0, 0, 17, 1389.20, 5020153, 5360
3747, 2, 4513, 4834, 2824, 167, 17.97%, 0, 0, 17, 1375.68, 5027072, 5360
3752, 2, 4518, 4836, 2823, 164, 17.97%, 0, 0, 17, 1451.61, 5034584, 5360
3757, 2, 4520, 4840, 2825, 162, 17.97%, 0, 0, 17, 1394.45, 5041883, 5360
3762, 2, 4520, 4867, 2852, 162, 18.01%, 0, 0, 17, 1432.65, 5049239, 5373
3767, 2, 4524, 4873, 2857, 173, 18.03%, 0, 0, 17, 1464.50, 5057008, 5379
3773, 2, 4526, 4879, 2862, 172, 18.05%, 0, 0, 17, 1459.62, 5064523, 5384
3778, 2, 4527, 4886, 2868, 174, 18.08%, 0, 0, 17, 1422.73, 5071700, 5393
3783, 2, 4527, 4887, 2869, 174, 18.10%, 0, 0, 17, 1454.95, 5078987, 5398
3788, 2, 4531, 4887, 2865, 174, 18.10%, 0, 0, 17, 1513.98, 5086672, 5398
3793, 2, 4535, 4889, 2863, 172, 18.11%, 0, 0, 18, 1476.65, 5093938, 5402
3798, 2, 4537, 4890, 2862, 170, 18.11%, 0, 0, 18, 1439.80, 5101316, 5402
3803, 2, 4541, 4891, 2860, 167, 18.11%, 0, 0, 18, 1445.32, 5108494, 5402
3808, 2, 4545, 4894, 2860, 165, 18.11%, 0, 0, 18, 1375.81, 5115571, 5403
3813, 2, 4545, 4898, 2864, 165, 18.11%, 0, 0, 18, 1397.77, 5122774, 5403
3818, 2, 4546, 4906, 2871, 164, 18.11%, 0, 0, 18, 1490.00, 5130464, 5403
3823, 2, 4546, 4912, 2877, 164, 18.12%, 0, 0, 18, 1435.57, 5137754, 5404
3828, 2, 4547, 4915, 2879, 164, 18.12%, 0, 0, 18, 1449.57, 5145238, 5404
3833, 2, 4547, 4918, 2882, 164, 18.12%, 0, 0, 18, 1473.42, 5152628, 5404
3838, 2, 4548, 4919, 2882, 165, 18.12%, 0, 0, 18, 1447.25, 5160129, 5404
3843, 2, 4557, 4922, 2882, 164, 18.12%, 0, 0, 18, 1407.25, 5167086, 5404
3848, 2, 4557, 4926, 2886, 164, 18.12%, 0, 0, 18, 1405.48, 5174388, 5406
3853, 2, 4562, 4929, 2888, 165, 18.12%, 0, 0, 18, 1424.99, 5181528, 5406
3859, 2, 4565, 4932, 2889, 164, 18.12%, 0, 0, 18, 1412.38, 5189005, 5406
3864, 2, 4566, 4933, 2889, 164, 18.12%, 0, 0, 18, 1453.78, 5196301, 5406
3869, 2, 4569, 4935, 2889, 163, 18.14%, 0, 0, 18, 1398.92, 5203588, 5411
3874, 2, 4569, 4935, 2889, 163, 18.14%, 0, 0, 18, 1477.42, 5211594, 5411
3879, 2, 4576, 4936, 2888, 161, 18.14%, 0, 0, 18, 1465.24, 5218895, 5411
3884, 2, 4580, 4937, 2886, 161, 18.14%, 0, 0, 18, 1488.24, 5226311, 5411
3889, 2, 4584, 4939, 2886, 160, 18.14%, 0, 0, 18, 1421.80, 5233602, 5412
3895, 2, 4590, 4939, 2882, 157, 18.14%, 0, 0, 18, 1410.43, 5240681, 5412
3900, 2, 4597, 4940, 2881, 155, 18.14%, 0, 0, 18, 1411.94, 5247682, 5412
3905, 2, 4598, 4945, 2885, 157, 18.15%, 0, 0, 18, 1408.33, 5254813, 5414
3910, 2, 4609, 4948, 2885, 156, 18.15%, 0, 0, 18, 1502.68, 5262508, 5415
3915, 2, 4612, 4952, 2887, 154, 18.19%, 0, 0, 18, 1428.82, 5269892, 5425
3920, 2, 4624, 4954, 2887, 154, 18.19%, 0, 0, 18, 1410.97, 5277258, 5425
3925, 2, 4627, 4954, 2886, 153, 18.19%, 0, 0, 18, 1408.14, 5284338, 5425
3930, 2, 4630, 4955, 2884, 150, 18.19%, 0, 0, 18, 1426.45, 5291611, 5425
3935, 2, 4630, 4956, 2885, 150, 18.19%, 0, 0, 18, 1481.22, 5299318, 5425
3941, 2, 4630, 4956, 2885, 150, 18.19%, 0, 0, 18, 1405.95, 5306219, 5425
3946, 2, 4630, 4961, 2890, 150, 18.19%, 0, 0, 18, 1404.76, 5313367, 5425
3951, 2, 4630, 4962, 2891, 150, 18.19%, 0, 0, 18, 1365.99, 5320336, 5425
3956, 2, 4632, 4967, 2894, 149, 18.19%, 0, 0, 18, 1446.24, 5327657, 5425
3961, 2, 4644, 4968, 2893, 147, 18.19%, 0, 0, 18, 1393.81, 5334734, 5425
3966, 2, 4647, 4970, 2894, 147, 18.19%, 0, 0, 18, 1408.06, 5341968, 5425
3972, 2, 4647, 4970, 2894, 147, 18.19%, 0, 0, 18, 1402.40, 5349548, 5425
3977, 2, 4647, 4970, 2894, 147, 18.19%, 0, 0, 18, 1454.29, 5357130, 5425
3982, 2, 4647, 4970, 2894, 147, 18.19%, 0, 0, 18, 1432.32, 5364440, 5425
3987, 2, 4655, 4973, 2896, 146, 18.19%, 0, 0, 18, 1461.33, 5372342, 5425
3992, 2, 4655, 4973, 2896, 146, 18.19%, 0, 0, 18, 1409.13, 5379727, 5425
3997, 2, 4655, 4973, 2896, 146, 18.19%, 0, 0, 18, 1490.67, 5387419, 5425
4003, 2, 4655, 4973, 2896, 146, 18.19%, 0, 0, 18, 1409.76, 5394495, 5425
4008, 2, 4655, 4974, 2897, 146, 18.19%, 0, 0, 18, 1433.18, 5401869, 5425
4013, 2, 4660, 4976, 2898, 146, 18.20%, 0, 0, 18, 1447.31, 5409219, 5430
4018, 2, 4660, 4976, 2898, 146, 18.20%, 0, 0, 18, 1477.35, 5416835, 5430
4023, 2, 4667, 4976, 2895, 145, 18.20%, 0, 0, 18, 1415.68, 5423934, 5430
4028, 2, 4672, 4978, 2895, 144, 18.21%, 0, 0, 18, 1421.29, 5431042, 5431
4033, 2, 4675, 4983, 2899, 145, 18.23%, 0, 0, 18, 1398.48, 5438122, 5438
4038, 2, 4675, 4986, 2902, 145, 18.24%, 0, 0, 18, 1362.62, 5444939, 5441
4043, 2, 4676, 4988, 2903, 149, 18.26%, 0, 0, 18, 1432.17, 5452353, 5446
4048, 2, 4678, 4991, 2904, 148, 18.28%, 0, 0, 18, 1430.57, 5459668, 5454
4053, 2, 4683, 4994, 2905, 149, 18.31%, 0, 0, 18, 1392.25, 5466577, 5462
4058, 2, 4686, 4998, 2907, 148, 18.33%, 0, 0, 18, 1422.94, 5473843, 5467
4064, 2, 4687, 5003, 2911, 148, 18.36%, 0, 0, 18, 1462.14, 5481264, 5476
4069, 2, 4687, 5009, 2917, 148, 18.39%, 0, 0, 18, 1480.75, 5488707, 5485
4074, 2, 4689, 5012, 2919, 155, 18.43%, 0, 0, 18, 1379.27, 5495658, 5497
4079, 2, 4691, 5012, 2917, 153, 18.43%, 0, 0, 18, 1386.05, 5502797, 5497
4084, 2, 4695, 5018, 2921, 153, 18.44%, 0, 0, 18, 1381.67, 5509689, 5501
4089, 2, 4697, 5018, 2919, 152, 18.44%, 0, 0, 18, 1421.76, 5516970, 5501
4094, 2, 4702, 5018, 2916, 149, 18.44%, 0, 0, 18, 1367.45, 5524055, 5501
4099, 2, 4704, 5020, 2916, 149, 18.45%, 0, 0, 18, 1405.33, 5531302, 5502
4104, 2, 4707, 5024, 2918, 148, 18.46%, 0, 0, 18, 1370.98, 5538147, 5507
4109, 2, 4716, 5037, 2930, 149, 18.47%, 0, 0, 18, 1438.61, 5545540, 5508
4114, 2, 4716, 5043, 2936, 149, 18.48%, 0, 0, 18, 1404.42, 5552456, 5511
4119, 2, 4729, 5046, 2936, 151, 18.50%, 0, 0, 18, 1350.94, 5559356, 5519
4125, 2, 4729, 5047, 2937, 151, 18.50%, 0, 0, 18, 1338.46, 5566081, 5519
4130, 2, 4731, 5047, 2935, 150, 18.50%, 0, 0, 18, 1385.69, 5573374, 5519
4135, 2, 4733, 5048, 2934, 148, 18.51%, 0, 0, 18, 1398.16, 5580518, 5520
4140, 2, 4745, 5048, 2931, 146, 18.51%, 0, 0, 18, 1325.91, 5587309, 5520
4145, 2, 4748, 5048, 2928, 143, 18.51%, 0, 0, 18, 1417.02, 5594617, 5520
4150, 2, 4757, 5051, 2928, 141, 18.51%, 0, 0, 18, 1401.95, 5601896, 5521
4155, 2, 4763, 5051, 2926, 139, 18.51%, 0, 0, 18, 1431.78, 5609244, 5521
4160, 2, 4764, 5054, 2928, 138, 18.51%, 0, 0, 18, 1452.59, 5616500, 5522
4165, 2, 4775, 5057, 2928, 139, 18.54%, 0, 0, 18, 1410.23, 5623613, 5529
4171, 2, 4777, 5061, 2931, 140, 18.56%, 0, 0, 18, 1336.48, 5630223, 5537
4176, 2, 4779, 5063, 2931, 139, 18.57%, 0, 0, 18, 1378.71, 5637304, 5539
4181, 2, 4783, 5065, 2929, 136, 18.58%, 0, 0, 18, 1399.99, 5644355, 5542
4186, 2, 4783, 5090, 2954, 136, 18.69%, 0, 0, 18, 1433.22, 5651466, 5576
4191, 2, 4783, 5093, 2957, 136, 18.71%, 0, 0, 18, 1457.54, 5658748, 5581
4196, 2, 4785, 5096, 2958, 161, 18.71%, 0, 0, 18, 1350.70, 5665441, 5581
4201, 2, 4787, 5100, 2961, 160, 18.72%, 0, 0, 18, 1296.12, 5671407, 5584
4206, 2, 4787, 5101, 2962, 160, 18.72%, 0, 0, 18, 1324.15, 5678100, 5584
4211, 2, 4789, 5103, 2962, 161, 18.72%, 0, 0, 18, 1314.14, 5684805, 5585
4216, 2, 4792, 5103, 2959, 158, 18.72%, 0, 0, 18, 1271.20, 5691456, 5585
4221, 2, 4795, 5104, 2957, 155, 18.73%, 0, 0, 18, 1136.80, 5697101, 5587
4226, 2, 4796, 5108, 2960, 155, 18.74%, 0, 0, 18, 1151.28, 5703243, 5591
4231, 2, 4796, 5108, 2960, 155, 18.74%, 0, 0, 18, 1368.17, 5707334, 5591
4236, 2, 4796, 5108, 2960, 155, 18.74%, 0, 0, 18, 1275.52, 5713493, 5591
4242, 2, 4812, 5108, 2958, 157, 18.74%, 0, 0, 18, 1159.61, 5719467, 5591
4247, 2, 4815, 5109, 2957, 155, 18.75%, 0, 0, 18, 1249.22, 5725700, 5592
4252, 2, 4820, 5115, 2961, 156, 18.76%, 0, 0, 18, 1130.59, 5731559, 5596
4257, 2, 4820, 5116, 2962, 156, 18.76%, 0, 0, 18, 1155.88, 5737029, 5597
4441, 2, 4825, 5116, 2960, 157, 18.76%, 0, 0, 18, 0.43, 5741342, 5597
4446, 2, 4828, 5117, 2960, 156, 18.76%, 0, 0, 18, 1163.24, 5747486, 5597
4451, 2, 4830, 5119, 2961, 156, 18.77%, 0, 0, 18, 1133.57, 5753104, 5599
4456, 2, 4833, 5135, 2976, 157, 18.81%, 0, 0, 18, 1166.79, 5759105, 5610
4461, 2, 4833, 5138, 2979, 157, 18.81%, 0, 0, 18, 1194.99, 5765224, 5612
4466, 2, 4837, 5140, 2980, 162, 18.81%, 0, 0, 18, 1183.86, 5771346, 5612
4651, 2, 4844, 5142, 2981, 161, 18.81%, 0, 0, 18, 1.02, 5776630, 5612
4656, 2, 4846, 5143, 2980, 159, 18.81%, 0, 0, 18, 1187.38, 5782725, 5612
4661, 2, 4849, 5148, 2983, 157, 18.81%, 0, 0, 18, 1201.73, 5788869, 5612
4667, 2, 4849, 5154, 2989, 157, 18.81%, 0, 0, 18, 1128.29, 5794475, 5612
4672, 2, 4849, 5157, 2992, 157, 18.82%, 0, 0, 18, 1177.58, 5800460, 5613
4677, 2, 4851, 5163, 2997, 159, 18.82%, 0, 0, 18, 1246.42, 5806793, 5614
4862, 2, 4851, 5166, 3000, 159, 18.83%, 0, 0, 18, 1.35, 5812476, 5616
4867, 2, 4852, 5171, 3004, 161, 18.83%, 0, 0, 18, 1171.57, 5818634, 5618
4872, 2, 4867, 5171, 3002, 159, 18.83%, 0, 0, 18, 1201.28, 5825131, 5618
4877, 2, 4872, 5182, 3012, 158, 18.84%, 0, 0, 18, 1149.14, 5830734, 5620
4882, 2, 4872, 5194, 3024, 158, 18.84%, 0, 0, 18, 1261.61, 5837221, 5621
4887, 2, 4875, 5196, 3024, 160, 18.85%, 0, 0, 18, 1194.07, 5843277, 5622
5072, 2, 4876, 5200, 3027, 161, 18.86%, 0, 0, 18, 0.80, 5848661, 5625
5077, 2, 4876, 5208, 3035, 161, 18.88%, 0, 0, 18, 1135.18, 5854479, 5633
5083, 2, 4876, 5218, 3045, 161, 18.92%, 0, 0, 18, 1224.53, 5860965, 5645
5088, 2, 4876, 5218, 3045, 161, 18.92%, 0, 0, 18, 1188.83, 5866836, 5645
5093, 2, 4879, 5218, 3044, 177, 18.92%, 0, 0, 18, 1165.75, 5872692, 5645
5098, 2, 4884, 5226, 3050, 175, 18.94%, 0, 0, 18, 1166.38, 5878601, 5651
5283, 2, 4884, 5229, 3053, 175, 18.95%, 0, 0, 18, 0.51, 5884145, 5652
5288, 2, 4884, 5231, 3055, 175, 18.95%, 0, 0, 18, 1150.56, 5890085, 5653
5293, 2, 4888, 5238, 3059, 179, 18.98%, 0, 0, 19, 1229.67, 5896402, 5661
5298, 2, 4895, 5238, 3057, 181, 18.98%, 0, 0, 19, 1240.07, 5902520, 5661
5303, 2, 4901, 5240, 3057, 179, 18.98%, 0, 0, 19, 1246.12, 5908848, 5661
5308, 2, 4901, 5241, 3058, 179, 18.98%, 0, 0, 19, 1244.15, 5915048, 5661
5493, 2, 4903, 5242, 3058, 178, 18.98%, 0, 0, 19, 1.25, 5920654, 5661
5498, 2, 4909, 5251, 3066, 177, 18.98%, 0, 0, 19, 1090.08, 5926646, 5661
5503, 2, 4909, 5255, 3070, 177, 18.98%, 0, 0, 19, 1184.79, 5932810, 5661
5508, 2, 4910, 5257, 3071, 177, 18.98%, 0, 0, 19, 1185.14, 5938812, 5662
5514, 2, 4918, 5257, 3069, 176, 18.98%, 0, 0, 19, 1175.96, 5944779, 5662
5519, 2, 4922, 5259, 3069, 174, 18.98%, 0, 0, 19, 1198.21, 5950800, 5662
5703, 2, 4922, 5261, 3071, 174, 18.98%, 0, 0, 19, 0.89, 5956083, 5663
5709, 2, 4922, 5262, 3072, 174, 18.98%, 0, 0, 19, 1177.38, 5962545, 5663
5714, 2, 4923, 5266, 3075, 175, 18.98%, 0, 0, 19, 1207.57, 5968812, 5663
5719, 2, 4923, 5267, 3076, 175, 18.98%, 0, 0, 19, 1168.79, 5974602, 5663
5724, 2, 4930, 5267, 3074, 175, 18.98%, 0, 0, 19, 1253.82, 5980966, 5663
5729, 2, 4932, 5270, 3076, 174, 18.98%, 0, 0, 19, 1214.05, 5987020, 5663
5914, 2, 4933, 5279, 3084, 174, 18.99%, 0, 0, 19, 0.93, 5992896, 5665
5919, 2, 4933, 5282, 3087, 174, 18.99%, 0, 0, 19, 1199.02, 5999567, 5665
5924, 2, 4935, 5284, 3088, 176, 18.99%, 0, 0, 19, 1198.74, 6005716, 5665
5929, 2, 4938, 5284, 3086, 174, 18.99%, 0, 0, 19, 1162.41, 6011643, 5665
5934, 2, 4944, 5284, 3083, 171, 18.99%, 0, 0, 19, 1229.32, 6017882, 5665
5939, 2, 4946, 5284, 3081, 169, 18.99%, 0, 0, 19, 1256.24, 6024491, 5665
6124, 2, 4949, 5285, 3081, 168, 19.00%, 0, 0, 19, 1.15, 6029907, 5668
6129, 2, 4950, 5289, 3084, 168, 19.02%, 0, 0, 19, 1100.79, 6035602, 5672
6134, 2, 4950, 5291, 3086, 168, 19.02%, 0, 0, 19, 1226.69, 6042010, 5674
6140, 2, 4951, 5295, 3089, 173, 19.04%, 0, 0, 19, 1171.50, 6047879, 5678
6145, 2, 4951, 5302, 3096, 173, 19.07%, 0, 0, 19, 1211.49, 6054007, 5687
6150, 2, 4951, 5310, 3104, 173, 19.10%, 0, 0, 19, 1213.25, 6060204, 5696
6336, 2, 4954, 5311, 3104, 189, 19.10%, 0, 0, 19, 1.62, 6066353, 5697
6341, 2, 4954, 5311, 3104, 189, 19.10%, 0, 0, 19, 1212.60, 6072529, 5697
6346, 2, 4954, 5311, 3104, 189, 19.10%, 0, 0, 19, 1196.80, 6078705, 5697
6351, 2, 4954, 5311, 3104, 189, 19.10%, 0, 0, 19, 1298.49, 6085011, 5697
6356, 2, 4971, 5313, 3104, 187, 19.10%, 0, 0, 19, 1531.45, 6092916, 5697
6361, 2, 4971, 5313, 3104, 187, 19.10%, 0, 0, 19, 1896.79, 6103053, 5697
6366, 2, 4972, 5316, 3106, 187, 19.10%, 0, 0, 19, 2101.83, 6113860, 5697
6371, 2, 4972, 5316, 3106, 187, 19.10%, 0, 0, 19, 2250.35, 6125530, 5697
6376, 2, 4972, 5316, 3106, 187, 19.10%, 0, 0, 19, 2397.60, 6138145, 5697
6381, 2, 4972, 5317, 3107, 187, 19.10%, 0, 0, 19, 2177.26, 6148696, 5697
6387, 2, 4974, 5318, 3107, 186, 19.10%, 0, 0, 19, 2214.45, 6159833, 5698
6392, 2, 4974, 5318, 3107, 186, 19.10%, 0, 0, 19, 2243.37, 6171201, 5698
6397, 2, 4974, 5319, 3108, 186, 19.12%, 0, 0, 19, 2330.50, 6183283, 5703
6402, 2, 4975, 5320, 3108, 187, 19.14%, 0, 0, 19, 2313.61, 6195170, 5709
6407, 2, 4979, 5323, 3108, 185, 19.17%, 0, 0, 19, 2298.82, 6206763, 5719
6412, 2, 4985, 5328, 3109, 186, 19.24%, 0, 0, 19, 2319.19, 6219046, 5739
6417, 2, 4987, 5335, 3114, 184, 19.31%, 0, 0, 19, 2383.76, 6231081, 5760
6422, 2, 4991, 5337, 3113, 188, 19.34%, 0, 0, 19, 2322.76, 6242792, 5768
6427, 2, 4992, 5357, 3132, 187, 19.46%, 0, 0, 19, 2360.49, 6254785, 5806
6432, 2, 4994, 5361, 3135, 197, 19.46%, 0, 0, 19, 2310.22, 6266720, 5806
6437, 2, 4995, 5364, 3137, 196, 19.47%, 0, 0, 19, 2369.97, 6278865, 5807
6442, 2, 4998, 5373, 3143, 195, 19.51%, 0, 0, 19, 2323.00, 6290660, 5820
6448, 2, 4998, 5374, 3144, 195, 19.51%, 0, 0, 19, 2353.91, 6303028, 5820
6453, 2, 5010, 5377, 3143, 197, 19.54%, 0, 0, 19, 2360.28, 6315291, 5830
6458, 2, 5014, 5384, 3148, 198, 19.56%, 0, 0, 19, 2329.16, 6327129, 5834
6463, 2, 5014, 5387, 3151, 198, 19.56%, 0, 0, 19, 2299.18, 6338957, 5836
6468, 2, 5017, 5389, 3150, 198, 19.56%, 0, 0, 19, 2367.23, 6351376, 5836
6473, 2, 5022, 5400, 3157, 195, 19.64%, 0, 0, 19, 2294.12, 6362878, 5858
6478, 2, 5027, 5404, 3157, 201, 19.65%, 0, 0, 19, 2403.55, 6375513, 5861
6483, 2, 5042, 5405, 3154, 199, 19.65%, 0, 0, 19, 2352.57, 6387439, 5862
6489, 2, 5043, 5426, 3174, 198, 19.66%, 0, 0, 19, 2570.29, 6400742, 5864
