# relative_time, cycles_done, cur_item, corpus_count, pending_total, pending_favs, map_size, saved_crashes, saved_hangs, max_depth, execs_per_sec, total_execs, edges_found
156, 0, 0, 55, 55, 5, 3.01%, 0, 0, 2, 0.21, 572, 897
161, 0, 0, 95, 95, 5, 3.11%, 0, 0, 2, 125.46, 1214, 928
166, 0, 0, 116, 116, 5, 3.18%, 0, 0, 2, 104.09, 1733, 950
171, 0, 0, 125, 125, 5, 3.21%, 0, 0, 2, 88.15, 2153, 958
176, 0, 0, 131, 131, 5, 3.21%, 0, 0, 2, 83.60, 2552, 959
182, 0, 0, 141, 141, 5, 3.22%, 0, 0, 2, 86.66, 2987, 961
4214, 0, 0, 143, 143, 5, 3.22%, 0, 0, 2, 0.00, 3336, 961
4365, 0, 0, 143, 143, 5, 3.22%, 0, 0, 2, 0.05, 3343, 961
4370, 0, 0, 149, 149, 5, 3.22%, 0, 0, 2, 85.81, 3780, 961
4375, 0, 0, 155, 155, 5, 3.23%, 0, 0, 2, 85.04, 4244, 964
4380, 0, 0, 158, 158, 5, 3.24%, 0, 0, 2, 91.45, 4728, 966
4385, 0, 0, 158, 158, 5, 3.24%, 0, 0, 2, 79.95, 5100, 966
4391, 0, 0, 161, 161, 5, 3.24%, 0, 0, 2, 99.10, 5604, 966
4575, 0, 0, 162, 162, 5, 3.24%, 0, 0, 2, 0.03, 5939, 966
4581, 0, 0, 166, 166, 5, 3.25%, 0, 0, 2, 79.33, 6368, 969
4586, 0, 0, 168, 168, 5, 3.25%, 0, 0, 2, 84.98, 6814, 970
4591, 0, 0, 171, 171, 5, 3.26%, 0, 0, 2, 87.03, 7250, 971
4596, 0, 0, 175, 175, 5, 3.28%, 0, 0, 2, 79.52, 7653, 978
4601, 0, 0, 176, 176, 5, 3.28%, 0, 0, 2, 75.19, 8027, 978
4786, 0, 0, 177, 177, 5, 3.28%, 0, 0, 2, 0.08, 8398, 978
4791, 0, 0, 177, 177, 5, 3.28%, 0, 0, 2, 82.61, 8826, 978
4796, 0, 0, 179, 179, 5, 3.28%, 0, 0, 2, 87.29, 9273, 978
4801, 0, 0, 180, 180, 5, 3.28%, 0, 0, 2, 84.18, 9709, 978
4806, 0, 0, 181, 181, 5, 3.28%, 0, 0, 2, 78.13, 10115, 979
4811, 0, 0, 182, 182, 5, 3.30%, 0, 0, 2, 74.79, 10480, 984
4996, 0, 0, 182, 182, 5, 3.30%, 0, 0, 2, 0.07, 10832, 984
5001, 0, 0, 182, 182, 5, 3.30%, 0, 0, 2, 75.65, 11251, 984
5006, 0, 0, 184, 184, 5, 3.30%, 0, 0, 2, 86.94, 11706, 985
5012, 0, 0, 184, 184, 5, 3.30%, 0, 0, 2, 82.09, 12121, 985
5017, 0, 0, 185, 185, 5, 3.30%, 0, 0, 2, 78.79, 12527, 985
5022, 0, 0, 188, 188, 5, 3.30%, 0, 0, 2, 79.21, 12937, 985
5206, 0, 0, 189, 189, 5, 3.30%, 0, 0, 2, 0.04, 13316, 985
5211, 0, 0, 191, 191, 5, 3.30%, 0, 0, 2, 78.48, 13722, 985
5216, 0, 0, 192, 192, 5, 3.34%, 0, 0, 2, 79.42, 14134, 995
5222, 0, 0, 193, 193, 5, 3.34%, 0, 0, 2, 75.17, 14520, 995
5227, 0, 0, 197, 197, 5, 3.34%, 0, 0, 2, 86.54, 14979, 997
5232, 0, 0, 199, 199, 5, 3.34%, 0, 0, 2, 87.96, 15418, 997
8422, 0, 0, 200, 200, 5, 3.35%, 0, 0, 2, 0.00, 15790, 998
8573, 0, 0, 200, 200, 5, 3.35%, 0, 0, 2, 0.03, 15795, 998
8578, 0, 0, 201, 201, 5, 3.35%, 0, 0, 2, 84.71, 16235, 999
8583, 0, 0, 202, 202, 5, 3.35%, 0, 0, 2, 87.88, 16681, 999
8588, 0, 0, 202, 202, 5, 3.35%, 0, 0, 2, 82.99, 17096, 999
8593, 0, 0, 203, 203, 5, 3.37%, 0, 0, 2, 84.29, 17563, 1006
8598, 0, 0, 204, 204, 5, 3.37%, 0, 0, 2, 86.63, 17995, 1006
8783, 0, 0, 206, 206, 5, 3.37%, 0, 0, 2, 0.06, 18347, 1006
8788, 0, 0, 208, 208, 5, 3.37%, 0, 0, 2, 71.66, 18738, 1006
8793, 0, 0, 208, 208, 5, 3.37%, 0, 0, 2, 70.76, 19109, 1006
8798, 0, 0, 209, 209, 5, 3.41%, 0, 0, 2, 68.39, 19448, 1017
8803, 0, 0, 210, 210, 5, 3.41%, 0, 0, 2, 80.82, 19879, 1017
8808, 0, 0, 210, 210, 5, 3.41%, 0, 0, 2, 79.54, 20296, 1017
8993, 0, 0, 211, 211, 5, 3.41%, 0, 0, 2, 0.12, 20646, 1017
8998, 0, 0, 211, 211, 5, 3.41%, 0, 0, 2, 72.83, 21041, 1017
9003, 0, 0, 215, 215, 5, 3.41%, 0, 0, 2, 85.81, 21496, 1018
9009, 0, 0, 216, 216, 5, 3.43%, 0, 0, 2, 80.52, 21902, 1023
9014, 0, 0, 216, 216, 5, 3.43%, 0, 0, 2, 74.90, 22276, 1023
9019, 0, 0, 216, 216, 5, 3.43%, 0, 0, 2, 81.77, 22703, 1023
9204, 0, 0, 217, 217, 5, 3.43%, 0, 0, 2, 0.05, 23085, 1023
9209, 0, 0, 218, 218, 5, 3.43%, 0, 0, 2, 83.77, 23529, 1024
9214, 0, 0, 219, 219, 5, 3.44%, 0, 0, 2, 80.60, 23932, 1027
9219, 0, 0, 222, 222, 5, 3.47%, 0, 0, 2, 85.95, 24355, 1034
9224, 0, 0, 222, 222, 5, 3.47%, 0, 0, 2, 87.64, 24779, 1034
9229, 0, 0, 222, 222, 5, 3.47%, 0, 0, 2, 81.34, 25205, 1034
9414, 0, 0, 222, 222, 5, 3.47%, 0, 0, 2, 0.07, 25543, 1034
9419, 0, 0, 222, 222, 5, 3.47%, 0, 0, 2, 79.07, 25956, 1034
9424, 0, 0, 222, 222, 5, 3.47%, 0, 0, 2, 73.42, 26326, 1034
9429, 0, 0, 223, 223, 5, 3.47%, 0, 0, 2, 80.22, 26736, 1034
9434, 0, 1, 260, 259, 4, 3.59%, 0, 0, 2, 780.39, 27597, 1070
9439, 0, 1, 739, 738, 4, 5.61%, 0, 0, 2, 888.69, 31951, 1672
9624, 0, 1, 1355, 1354, 4, 8.71%, 0, 0, 2, 0.63, 37302, 2598
9629, 0, 1, 2036, 2035, 4, 11.53%, 0, 0, 2, 1091.96, 42791, 3439
9635, 0, 1, 2675, 2674, 4, 13.89%, 0, 0, 2, 951.84, 47927, 4142
9640, 0, 1, 3294, 3293, 4, 15.85%, 0, 0, 2, 944.09, 52895, 4727
9645, 0, 1, 3944, 3943, 4, 18.01%, 0, 0, 2, 1008.29, 58107, 5372
9650, 0, 1, 4632, 4631, 4, 19.82%, 0, 0, 2, 1033.70, 63621, 5911
9835, 0, 1, 5221, 5220, 4, 21.32%, 0, 0, 2, 0.58, 68341, 6360
9840, 0, 1, 6001, 6000, 4, 23.32%, 0, 0, 2, 1276.94, 74600, 6957
9845, 0, 1, 6633, 6632, 4, 25.53%, 0, 0, 2, 983.04, 79668, 7616
9850, 0, 1, 7259, 7258, 4, 28.24%, 0, 0, 2, 1021.19, 84695, 8424
9855, 0, 1, 7884, 7883, 4, 29.77%, 0, 0, 2, 1007.57, 89704, 8880
9860, 0, 1, 8520, 8519, 4, 31.36%, 0, 0, 2, 1111.32, 95305, 9354
10045, 0, 1, 9118, 9117, 4, 32.44%, 0, 0, 2, 1.11, 100101, 9678
10050, 0, 1, 9896, 9895, 4, 33.27%, 0, 0, 2, 1295.37, 106329, 9924
10055, 0, 1, 10487, 10486, 4, 34.08%, 0, 0, 2, 996.73, 111063, 10167
10061, 0, 1, 10957, 10956, 4, 34.89%, 0, 1, 2, 109.54, 114830, 10408
10067, 0, 1, 10971, 10970, 4, 34.92%, 0, 5, 2, 7.03, 114950, 10416
10257, 0, 1, 10975, 10974, 4, 34.93%, 0, 11, 2, 0.12, 114994, 10418
10262, 0, 47, 11021, 11020, 4010, 34.99%, 0, 13, 2, 86.48, 115491, 10438
10267, 0, 77, 11022, 11020, 4009, 34.99%, 0, 13, 3, 78.57, 115896, 10438
10272, 0, 77, 11022, 11020, 4009, 34.99%, 0, 13, 3, 72.55, 116260, 10438
10277, 0, 77, 11023, 11021, 4009, 34.99%, 0, 13, 3, 83.24, 116698, 10438
10282, 0, 77, 11024, 11022, 4009, 34.99%, 0, 13, 3, 86.06, 117124, 10438
10466, 0, 77, 11024, 11022, 4009, 34.99%, 0, 13, 3, 0.06, 117435, 10438
10471, 0, 77, 11024, 11022, 4009, 34.99%, 0, 13, 3, 80.82, 117861, 10438
10476, 0, 77, 11024, 11022, 4009, 34.99%, 0, 13, 3, 81.85, 118283, 10438
10481, 0, 77, 11024, 11022, 4009, 34.99%, 0, 13, 3, 86.23, 118733, 10438
10486, 0, 77, 11024, 11022, 4009, 34.99%, 0, 13, 3, 85.74, 119169, 10438
10492, 0, 77, 11024, 11022, 4009, 34.99%, 0, 13, 3, 86.24, 119610, 10438
12781, 0, 77, 11024, 11022, 4009, 34.99%, 0, 13, 3, 0.00, 119956, 10438
12786, 0, 101, 11024, 11021, 4008, 34.99%, 0, 13, 3, 80.24, 120338, 10438
12791, 0, 135, 11280, 11276, 4051, 35.29%, 0, 13, 3, 46.33, 123125, 10526
12796, 0, 144, 11280, 11275, 4050, 35.29%, 0, 13, 3, 74.87, 123535, 10526
12801, 0, 151, 11280, 11274, 4050, 35.29%, 0, 13, 3, 78.44, 123947, 10526
12806, 0, 151, 11281, 11275, 4050, 35.29%, 0, 13, 3, 76.88, 124336, 10526
12991, 0, 151, 11281, 11275, 4050, 35.29%, 0, 13, 3, 0.02, 124727, 10526
12996, 0, 165, 11281, 11274, 4049, 35.29%, 0, 13, 3, 66.07, 125086, 10526
13002, 0, 165, 11281, 11274, 4049, 35.29%, 0, 13, 3, 80.27, 125535, 10526
13007, 0, 179, 11281, 11273, 4048, 35.29%, 0, 13, 3, 80.26, 125956, 10526
13012, 0, 190, 11281, 11272, 4048, 35.29%, 0, 13, 3, 84.72, 126386, 10526
13017, 0, 190, 11281, 11272, 4048, 35.29%, 0, 13, 3, 76.35, 126767, 10526
13202, 0, 217, 11281, 11271, 4048, 35.29%, 0, 13, 3, 0.01, 127099, 10526
13207, 0, 219, 11281, 11270, 4047, 35.29%, 0, 13, 3, 80.73, 127542, 10526
13212, 0, 219, 11282, 11271, 4047, 35.29%, 0, 13, 3, 74.41, 127919, 10526
13217, 0, 219, 11282, 11271, 4047, 35.29%, 0, 13, 3, 77.13, 128314, 10526
13222, 0, 220, 11282, 11270, 4046, 35.29%, 0, 13, 3, 80.58, 128721, 10526
13227, 0, 220, 11282, 11270, 4046, 35.29%, 0, 13, 3, 83.07, 129146, 10526
13412, 0, 232, 11282, 11269, 4045, 35.29%, 0, 13, 3, 0.04, 129448, 10526
13417, 0, 252, 11282, 11268, 4044, 35.29%, 0, 13, 3, 79.30, 129847, 10526
13422, 0, 252, 11282, 11268, 4044, 35.29%, 0, 13, 3, 81.45, 130269, 10526
13427, 0, 283, 11283, 11268, 4043, 35.29%, 0, 13, 3, 89.47, 130739, 10526
13432, 0, 283, 11284, 11269, 4043, 35.29%, 0, 13, 3, 93.86, 131225, 10526
13437, 0, 283, 11285, 11270, 4043, 35.29%, 0, 13, 3, 91.31, 131684, 10526
13622, 0, 283, 11285, 11270, 4043, 35.29%, 0, 13, 3, 0.03, 132132, 10526
13627, 0, 283, 11286, 11271, 4043, 35.29%, 0, 13, 3, 88.27, 132593, 10526
13633, 0, 283, 11286, 11271, 4043, 35.29%, 0, 13, 3, 92.47, 133087, 10526
13638, 0, 283, 11287, 11272, 4043, 35.29%, 0, 13, 3, 90.33, 133549, 10526
13643, 0, 283, 11288, 11273, 4043, 35.29%, 0, 13, 3, 95.37, 134034, 10526
13648, 0, 283, 11288, 11273, 4043, 35.29%, 0, 13, 3, 94.67, 134527, 10526
13833, 0, 283, 11288, 11273, 4043, 35.29%, 0, 13, 3, 0.06, 134955, 10526
13838, 0, 283, 11288, 11273, 4043, 35.29%, 0, 13, 3, 103.82, 135466, 10526
13843, 0, 283, 11288, 11273, 4043, 35.29%, 0, 13, 3, 97.53, 135948, 10526
13848, 0, 283, 11288, 11273, 4043, 35.29%, 0, 13, 3, 93.53, 136391, 10526
13853, 0, 283, 11288, 11273, 4043, 35.29%, 0, 13, 3, 95.26, 136859, 10526
13858, 0, 283, 11288, 11273, 4043, 35.29%, 0, 13, 3, 95.85, 137355, 10526
14043, 0, 283, 11288, 11273, 4043, 35.29%, 0, 13, 3, 0.13, 137838, 10526
14048, 0, 283, 11288, 11273, 4043, 35.29%, 0, 13, 3, 102.71, 138380, 10526
14053, 0, 283, 11288, 11273, 4043, 35.29%, 0, 13, 3, 92.41, 138840, 10526
14058, 0, 283, 11288, 11273, 4043, 35.29%, 0, 13, 3, 98.18, 139341, 10526
14064, 0, 283, 11288, 11273, 4043, 35.29%, 0, 13, 3, 97.31, 139827, 10526
14069, 0, 283, 11288, 11273, 4043, 35.29%, 0, 13, 3, 96.76, 140310, 10526
14253, 0, 283, 11288, 11273, 4043, 35.29%, 0, 13, 3, 0.08, 140744, 10526
14259, 0, 283, 11288, 11273, 4043, 35.29%, 0, 13, 3, 93.96, 141257, 10526
14264, 0, 283, 11288, 11273, 4043, 35.29%, 0, 13, 3, 91.22, 141726, 10526
14269, 0, 283, 11288, 11273, 4043, 35.29%, 0, 13, 3, 88.30, 142175, 10526
14274, 0, 283, 11288, 11273, 4043, 35.29%, 0, 13, 3, 92.57, 142644, 10526
14279, 0, 283, 11288, 11273, 4043, 35.29%, 0, 13, 3, 98.00, 143164, 10526
14464, 0, 283, 11289, 11274, 4043, 35.29%, 0, 13, 3, 0.03, 143576, 10526
14469, 0, 283, 11289, 11274, 4043, 35.29%, 0, 13, 3, 108.31, 144125, 10526
14474, 0, 283, 11289, 11274, 4043, 35.29%, 0, 13, 3, 105.94, 144655, 10526
14479, 0, 291, 11289, 11273, 4042, 35.29%, 0, 13, 3, 97.23, 145161, 10526
14484, 0, 310, 11289, 11272, 4041, 35.29%, 0, 13, 3, 107.85, 145721, 10526
14489, 0, 310, 11290, 11273, 4041, 35.29%, 0, 13, 3, 105.63, 146232, 10527
14674, 0, 310, 11290, 11273, 4041, 35.29%, 0, 13, 3, 0.03, 146680, 10527
14679, 0, 310, 11290, 11273, 4041, 35.29%, 0, 13, 3, 104.72, 147228, 10527
14684, 0, 322, 11290, 11272, 4041, 35.29%, 0, 13, 3, 102.85, 147744, 10527
14689, 0, 322, 11290, 11272, 4041, 35.29%, 0, 13, 3, 97.10, 148247, 10527
14695, 0, 330, 11290, 11271, 4040, 35.29%, 0, 13, 3, 99.60, 148765, 10527
14700, 0, 330, 11291, 11272, 4040, 35.29%, 0, 13, 3, 98.01, 149247, 10527
16840, 0, 330, 11291, 11272, 4040, 35.29%, 0, 13, 3, 0.00, 149691, 10527
16991, 0, 330, 11291, 11272, 4040, 35.29%, 0, 13, 3, 0.08, 149703, 10527
16996, 0, 351, 11291, 11271, 4040, 35.29%, 0, 13, 3, 99.17, 150247, 10527
17001, 0, 351, 11291, 11271, 4040, 35.29%, 0, 13, 3, 92.69, 150735, 10527
17006, 0, 352, 11408, 11387, 4039, 35.63%, 0, 13, 3, 600.04, 152012, 10627
17011, 0, 352, 11883, 11862, 4039, 36.65%, 0, 13, 3, 806.48, 156312, 10931
17016, 0, 352, 12200, 12179, 4039, 36.70%, 0, 13, 3, 593.11, 159405, 10947
17201, 0, 352, 12441, 12420, 4039, 36.88%, 0, 13, 3, 0.14, 161560, 11000
17206, 0, 380, 12531, 12506, 4267, 36.91%, 0, 13, 3, 487.91, 163693, 11010
17211, 0, 394, 12531, 12503, 4264, 36.91%, 0, 13, 3, 282.94, 164799, 11010
17216, 0, 411, 12534, 12505, 4263, 36.91%, 0, 13, 3, 189.92, 165710, 11010
17222, 0, 411, 12534, 12505, 4263, 36.91%, 0, 13, 3, 193.57, 166679, 11010
17227, 0, 411, 12535, 12506, 4263, 36.91%, 0, 13, 3, 164.78, 167478, 11010
17411, 0, 411, 12535, 12506, 4263, 36.91%, 0, 13, 3, 0.12, 168237, 11010
17417, 0, 411, 12535, 12506, 4263, 36.91%, 0, 13, 3, 147.27, 169086, 11010
17422, 0, 411, 12535, 12506, 4263, 36.91%, 0, 13, 3, 171.63, 169956, 11010
17427, 0, 411, 12535, 12506, 4263, 36.91%, 0, 13, 3, 150.14, 170652, 11010
17432, 0, 411, 12535, 12506, 4263, 36.91%, 0, 13, 3, 168.99, 171495, 11010
17437, 0, 411, 12535, 12506, 4263, 36.91%, 0, 13, 3, 204.04, 172592, 11010
17622, 0, 411, 12535, 12506, 4263, 36.91%, 0, 13, 3, 0.18, 173596, 11010
17627, 0, 411, 12535, 12506, 4263, 36.91%, 0, 13, 3, 195.29, 174664, 11010
17632, 0, 412, 12536, 12506, 4263, 36.91%, 0, 13, 3, 196.82, 175691, 11010
17637, 0, 451, 12537, 12505, 4263, 36.91%, 0, 13, 3, 187.32, 176693, 11010
17642, 0, 451, 12538, 12506, 4263, 36.91%, 0, 13, 3, 135.77, 177281, 11010
17647, 0, 451, 12538, 12506, 4263, 36.91%, 0, 13, 3, 106.85, 177789, 11010
17832, 0, 451, 12538, 12506, 4263, 36.91%, 0, 13, 3, 0.04, 178283, 11010
17837, 0, 451, 12539, 12507, 4263, 36.91%, 0, 13, 3, 99.02, 178774, 11010
17842, 0, 451, 12540, 12508, 4263, 36.91%, 0, 13, 3, 93.09, 179254, 11010
17847, 0, 451, 12540, 12508, 4263, 36.91%, 0, 13, 3, 82.25, 179671, 11010
17852, 0, 451, 12540, 12508, 4263, 36.91%, 0, 13, 3, 114.87, 180287, 11010
17858, 0, 451, 12541, 12509, 4263, 36.91%, 0, 13, 3, 121.80, 180926, 11010
18042, 0, 451, 12541, 12509, 4263, 36.91%, 0, 13, 3, 0.12, 181456, 11010
18048, 0, 451, 12541, 12509, 4263, 36.91%, 0, 13, 3, 142.34, 182086, 11010
18053, 0, 451, 12542, 12510, 4263, 36.91%, 0, 13, 3, 121.36, 182657, 11010
18058, 0, 451, 12542, 12510, 4263, 36.91%, 0, 13, 3, 120.08, 183231, 11010
18063, 0, 451, 12542, 12510, 4263, 36.91%, 0, 13, 3, 120.66, 183805, 11010
18068, 0, 451, 12542, 12510, 4263, 36.91%, 0, 13, 3, 129.23, 184469, 11010
18253, 0, 451, 12543, 12511, 4263, 36.91%, 0, 13, 3, 0.11, 185080, 11010
18258, 0, 451, 12543, 12511, 4263, 36.91%, 0, 13, 3, 120.27, 185740, 11010
18263, 0, 451, 12544, 12512, 4263, 36.91%, 0, 13, 3, 115.19, 186307, 11010
18268, 0, 451, 12544, 12512, 4263, 36.91%, 0, 13, 3, 121.47, 186907, 11010
18273, 0, 451, 12544, 12512, 4263, 36.91%, 0, 13, 3, 123.94, 187561, 11010
18278, 0, 451, 12544, 12512, 4263, 36.91%, 0, 13, 3, 117.97, 188143, 11010
18463, 0, 451, 12544, 12512, 4263, 36.91%, 0, 13, 3, 0.06, 188705, 11010
18468, 0, 451, 12544, 12512, 4263, 36.91%, 0, 13, 3, 150.67, 189384, 11010
18473, 0, 451, 12544, 12512, 4263, 36.91%, 0, 13, 3, 162.15, 190131, 11010
18478, 0, 451, 12544, 12512, 4263, 36.91%, 0, 13, 3, 130.04, 190745, 11010
18483, 0, 451, 12544, 12512, 4263, 36.91%, 0, 13, 3, 116.66, 191349, 11010
18489, 0, 451, 12544, 12512, 4263, 36.91%, 0, 13, 3, 93.27, 191765, 11010
18674, 0, 451, 12544, 12512, 4263, 36.91%, 0, 13, 3, 0.03, 192347, 11010
18679, 0, 451, 12544, 12512, 4263, 36.91%, 0, 13, 3, 110.77, 192949, 11010
18684, 0, 451, 12544, 12512, 4263, 36.91%, 0, 13, 3, 125.61, 193583, 11010
18689, 0, 451, 12544, 12512, 4263, 36.91%, 0, 13, 3, 122.59, 194241, 11010
18694, 0, 451, 12544, 12512, 4263, 36.91%, 0, 13, 3, 124.74, 194855, 11010
18699, 0, 451, 12544, 12512, 4263, 36.91%, 0, 13, 3, 100.40, 195365, 11010
18884, 0, 483, 12544, 12511, 4263, 36.91%, 0, 13, 3, 0.02, 195813, 11010
18889, 0, 483, 12544, 12511, 4263, 36.91%, 0, 13, 3, 83.84, 196234, 11010
18894, 0, 491, 12544, 12510, 4262, 36.91%, 0, 13, 3, 75.97, 196610, 11010
18899, 0, 495, 12544, 12509, 4262, 36.91%, 0, 13, 3, 79.56, 197024, 11010
18904, 0, 495, 12544, 12509, 4262, 36.91%, 0, 13, 3, 70.27, 197373, 11010
18909, 0, 502, 12545, 12508, 4260, 36.91%, 0, 13, 3, 323.44, 198418, 11010
21199, 0, 502, 12546, 12509, 4260, 36.91%, 0, 13, 3, 0.02, 199499, 11010
21204, 0, 502, 12547, 12510, 4260, 36.91%, 0, 13, 3, 193.89, 200589, 11010
21209, 0, 502, 12548, 12511, 4260, 36.91%, 0, 13, 3, 255.17, 201873, 11010
21214, 0, 502, 12549, 12512, 4260, 36.91%, 0, 13, 3, 239.82, 203078, 11010
21219, 0, 502, 12550, 12513, 4260, 36.91%, 0, 13, 3, 230.19, 204261, 11010
21224, 0, 502, 12550, 12513, 4260, 36.91%, 0, 13, 3, 229.15, 205445, 11010
21409, 0, 502, 12550, 12513, 4260, 36.91%, 0, 13, 3, 0.22, 206637, 11010
21414, 0, 502, 12550, 12513, 4260, 36.91%, 0, 13, 3, 242.76, 207917, 11010
21419, 0, 502, 12550, 12513, 4260, 36.91%, 0, 13, 3, 232.82, 209149, 11010
21424, 0, 502, 12550, 12513, 4260, 36.91%, 0, 13, 3, 211.17, 210201, 11010
21430, 0, 502, 12550, 12513, 4260, 36.91%, 0, 13, 3, 253.39, 211537, 11010
21435, 0, 502, 12550, 12513, 4260, 36.91%, 0, 13, 3, 249.48, 212785, 11010
21620, 0, 502, 12550, 12513, 4260, 36.91%, 0, 13, 3, 0.24, 213877, 11010
21625, 0, 502, 12550, 12513, 4260, 36.91%, 0, 13, 3, 275.12, 215362, 11010
21630, 0, 502, 12550, 12513, 4260, 36.91%, 0, 13, 3, 231.43, 216493, 11010
21635, 0, 510, 12551, 12513, 4260, 36.91%, 0, 13, 3, 197.21, 217604, 11010
21640, 0, 510, 12551, 12513, 4260, 36.91%, 0, 13, 3, 146.32, 218324, 11010
21645, 0, 518, 12720, 12681, 4297, 37.12%, 0, 13, 3, 108.87, 220125, 11072
21830, 0, 525, 12721, 12681, 4296, 37.12%, 0, 13, 3, 0.28, 220973, 11072
21835, 0, 529, 12721, 12680, 4296, 37.12%, 0, 13, 3, 193.87, 222002, 11072
21840, 0, 534, 12725, 12683, 4295, 37.12%, 0, 13, 3, 197.14, 222978, 11072
21845, 0, 534, 12725, 12683, 4295, 37.12%, 0, 13, 3, 250.66, 224306, 11072
21850, 0, 534, 12725, 12683, 4295, 37.12%, 0, 13, 3, 240.44, 225518, 11072
21855, 0, 534, 12725, 12683, 4295, 37.12%, 0, 13, 3, 257.28, 226872, 11072
22040, 0, 534, 12725, 12683, 4295, 37.12%, 0, 13, 3, 0.19, 228122, 11072
22045, 0, 534, 12726, 12684, 4295, 37.12%, 0, 13, 3, 281.76, 229464, 11073
22051, 0, 534, 12726, 12684, 4295, 37.12%, 0, 13, 3, 260.88, 230764, 11073
22056, 0, 534, 12726, 12684, 4295, 37.12%, 0, 13, 3, 255.76, 232054, 11073
22061, 0, 534, 12726, 12684, 4295, 37.12%, 0, 13, 3, 227.63, 233249, 11073
22066, 0, 534, 12726, 12684, 4295, 37.12%, 0, 13, 3, 241.79, 234513, 11073
22251, 0, 534, 12726, 12684, 4295, 37.12%, 0, 13, 3, 0.11, 235617, 11073
22256, 0, 534, 12726, 12684, 4295, 37.12%, 0, 13, 3, 239.64, 236889, 11073
22261, 0, 534, 12727, 12685, 4295, 37.12%, 0, 13, 3, 234.38, 238028, 11073
22266, 0, 534, 12727, 12685, 4295, 37.12%, 0, 13, 3, 222.62, 239132, 11073
22271, 0, 534, 12728, 12686, 4295, 37.12%, 0, 13, 3, 229.92, 240327, 11073
22276, 0, 535, 12728, 12685, 4296, 37.12%, 0, 13, 3, 245.72, 241623, 11073
22461, 0, 564, 12728, 12684, 4295, 37.12%, 0, 13, 3, 0.18, 242280, 11073
22466, 0, 575, 12729, 12684, 4294, 37.12%, 0, 13, 3, 296.60, 243800, 11073
22471, 0, 583, 12730, 12684, 4293, 37.12%, 0, 13, 3, 252.60, 245065, 11073
22476, 0, 588, 12731, 12684, 4292, 37.12%, 0, 13, 3, 246.48, 246344, 11073
22481, 0, 596, 12732, 12683, 4290, 37.12%, 0, 13, 3, 246.91, 247611, 11073
22486, 0, 598, 12734, 12684, 4288, 37.12%, 0, 13, 3, 292.12, 249130, 11073
22671, 0, 598, 12734, 12684, 4288, 37.12%, 0, 13, 3, 0.25, 250525, 11073
22677, 0, 605, 12734, 12681, 4287, 37.12%, 0, 13, 3, 294.88, 251950, 11073
22682, 0, 612, 12735, 12681, 4286, 37.12%, 0, 13, 3, 287.95, 253302, 11073
22687, 0, 612, 12736, 12682, 4286, 37.12%, 0, 13, 3, 264.97, 254624, 11073
22692, 0, 618, 12737, 12681, 4285, 37.12%, 0, 13, 3, 317.05, 256302, 11073
22697, 0, 623, 12738, 12680, 4284, 37.12%, 0, 13, 3, 316.10, 258025, 11073
22882, 0, 625, 12738, 12678, 4282, 37.12%, 0, 13, 3, 0.10, 259471, 11073
22887, 0, 633, 12739, 12677, 4281, 37.12%, 0, 13, 3, 318.44, 261068, 11073
22892, 0, 648, 12739, 12675, 4279, 37.12%, 0, 13, 3, 269.58, 262340, 11073
22897, 0, 654, 12739, 12673, 4277, 37.12%, 0, 13, 3, 226.73, 263510, 11073
22902, 0, 658, 12739, 12671, 4275, 37.12%, 0, 13, 3, 180.03, 264500, 11073
22907, 0, 658, 12740, 12672, 4275, 37.12%, 0, 13, 3, 116.80, 265009, 11073
23092, 0, 658, 12740, 12672, 4275, 37.12%, 0, 13, 3, 0.02, 265411, 11073
23097, 0, 658, 12741, 12673, 4275, 37.12%, 0, 13, 3, 103.55, 265968, 11073
23102, 0, 658, 12741, 12673, 4275, 37.12%, 0, 13, 3, 93.94, 266431, 11073
23107, 0, 658, 12741, 12673, 4275, 37.12%, 0, 13, 3, 95.33, 266918, 11073
23113, 0, 658, 12741, 12673, 4275, 37.12%, 0, 13, 3, 97.08, 267434, 11073
23118, 0, 664, 12741, 12672, 4273, 37.12%, 0, 13, 3, 106.07, 267968, 11073
25407, 0, 664, 12741, 12672, 4273, 37.12%, 0, 13, 3, 0.00, 268380, 11073
25412, 0, 668, 12741, 12671, 4272, 37.12%, 0, 13, 3, 91.14, 268898, 11073
25417, 0, 668, 12742, 12672, 4272, 37.12%, 0, 13, 3, 85.94, 269348, 11073
25422, 0, 668, 12742, 12672, 4272, 37.12%, 0, 13, 3, 82.20, 269759, 11073
25427, 0, 668, 12742, 12672, 4272, 37.12%, 0, 13, 3, 97.57, 270284, 11073
25433, 0, 671, 13014, 12943, 4354, 37.63%, 0, 13, 3, 697.52, 272660, 11226
25617, 0, 671, 13014, 12943, 4354, 37.63%, 0, 13, 3, 0.04, 273069, 11226
25622, 0, 675, 13014, 12942, 4353, 37.63%, 0, 13, 3, 96.92, 273582, 11226
25627, 0, 675, 13014, 12942, 4353, 37.63%, 0, 13, 3, 89.52, 274016, 11226
25632, 0, 680, 13014, 12941, 4352, 37.63%, 0, 13, 3, 91.01, 274488, 11226
25638, 0, 680, 13014, 12941, 4352, 37.63%, 0, 13, 3, 99.36, 275006, 11226
25643, 0, 690, 13014, 12940, 4351, 37.63%, 0, 13, 3, 98.69, 275521, 11226
25828, 0, 690, 13014, 12940, 4351, 37.63%, 0, 13, 3, 0.08, 276020, 11226
25833, 0, 693, 13014, 12939, 4350, 37.63%, 0, 13, 3, 99.58, 276538, 11226
25838, 0, 693, 13014, 12939, 4350, 37.63%, 0, 13, 3, 99.31, 277038, 11226
25843, 0, 698, 13014, 12938, 4349, 37.63%, 0, 13, 3, 103.44, 277564, 11226
25848, 0, 700, 13014, 12937, 4348, 37.63%, 0, 13, 3, 101.37, 278058, 11226
25853, 0, 700, 13014, 12937, 4348, 37.63%, 0, 13, 3, 100.65, 278562, 11226
26038, 0, 703, 13014, 12936, 4347, 37.63%, 0, 13, 3, 0.01, 279046, 11226
26043, 0, 703, 13014, 12936, 4347, 37.63%, 0, 13, 3, 97.94, 279527, 11226
26048, 0, 705, 13014, 12935, 4346, 37.63%, 0, 13, 3, 96.50, 280020, 11226
26053, 0, 705, 13014, 12935, 4346, 37.63%, 0, 13, 3, 94.48, 280516, 11226
26059, 0, 707, 13014, 12934, 4345, 37.63%, 0, 13, 3, 92.94, 281001, 11226
26064, 0, 707, 13014, 12934, 4345, 37.63%, 0, 13, 3, 99.83, 281522, 11226
26248, 0, 711, 13014, 12933, 4344, 37.63%, 0, 13, 3, 0.04, 281967, 11226
26254, 0, 713, 13014, 12932, 4343, 37.63%, 0, 13, 3, 103.27, 282508, 11226
26259, 0, 716, 13014, 12930, 4341, 37.63%, 0, 13, 3, 207.81, 283592, 11226
26264, 0, 726, 13014, 12929, 4340, 37.63%, 0, 13, 3, 140.78, 284296, 11226
26269, 0, 726, 13014, 12929, 4340, 37.63%, 0, 13, 3, 104.56, 284794, 11226
26274, 0, 730, 13014, 12928, 4339, 37.63%, 0, 13, 3, 105.44, 285320, 11226
26459, 0, 730, 13015, 12929, 4339, 37.64%, 0, 13, 3, 0.06, 285773, 11227
26464, 0, 730, 13015, 12929, 4339, 37.64%, 0, 13, 3, 105.88, 286351, 11227
26469, 0, 732, 13015, 12928, 4339, 37.64%, 0, 13, 3, 100.54, 286849, 11227
26474, 0, 732, 13016, 12929, 4339, 37.64%, 0, 13, 3, 98.48, 287352, 11227
26479, 0, 732, 13016, 12929, 4339, 37.64%, 0, 13, 3, 103.62, 287876, 11227
26484, 0, 732, 13016, 12929, 4339, 37.64%, 0, 13, 3, 103.04, 288392, 11227
26669, 0, 735, 13016, 12928, 4339, 37.64%, 0, 13, 3, 0.03, 288868, 11227
26674, 0, 740, 13017, 12928, 4338, 37.64%, 0, 13, 3, 106.25, 289413, 11227
26679, 0, 740, 13017, 12928, 4338, 37.64%, 0, 13, 3, 117.13, 290017, 11227
26685, 0, 740, 13018, 12929, 4338, 37.64%, 0, 13, 3, 118.61, 290636, 11227
26690, 0, 740, 13018, 12929, 4338, 37.64%, 0, 13, 3, 136.87, 291374, 11227
26695, 0, 744, 13018, 12927, 4337, 37.64%, 0, 13, 3, 143.68, 292066, 11227
26880, 0, 744, 13019, 12928, 4337, 37.64%, 0, 13, 3, 0.03, 292607, 11227
26885, 0, 744, 13019, 12928, 4337, 37.64%, 0, 13, 3, 120.22, 293209, 11227
26890, 0, 745, 13019, 12927, 4336, 37.64%, 0, 13, 3, 120.20, 293849, 11227
26895, 0, 750, 13019, 12926, 4335, 37.64%, 0, 13, 3, 160.07, 294656, 11227
26900, 0, 788, 13019, 12918, 4327, 37.64%, 0, 13, 3, 800.01, 297931, 11227
26905, 0, 791, 13020, 12918, 4326, 37.64%, 0, 13, 3, 131.92, 298702, 11227
27090, 0, 798, 13020, 12917, 4325, 37.64%, 0, 13, 3, 0.12, 299524, 11227
27095, 0, 806, 13020, 12915, 4323, 37.64%, 0, 13, 3, 227.07, 300682, 11227
27100, 0, 813, 13020, 12913, 4321, 37.64%, 0, 13, 3, 213.91, 301826, 11227
27105, 0, 815, 13020, 12912, 4320, 37.64%, 0, 13, 3, 200.80, 302798, 11227
27110, 0, 827, 13020, 12909, 4317, 37.64%, 0, 13, 3, 282.50, 304538, 11227
27115, 0, 837, 13020, 12907, 4315, 37.64%, 0, 13, 3, 199.76, 305498, 11227
27300, 0, 856, 13021, 12907, 4314, 37.64%, 0, 13, 3, 0.04, 306003, 11227
27306, 0, 856, 13022, 12908, 4314, 37.64%, 0, 13, 3, 110.30, 306562, 11227
27311, 0, 856, 13022, 12908, 4314, 37.64%, 0, 13, 3, 108.34, 307084, 11227
27316, 0, 856, 13022, 12908, 4314, 37.64%, 0, 13, 3, 111.10, 307638, 11227
27321, 0, 873, 13023, 12908, 4314, 37.64%, 0, 13, 3, 113.36, 308181, 11227
27326, 0, 873, 13024, 12909, 4314, 37.64%, 0, 13, 3, 116.16, 308766, 11227
29615, 0, 873, 13025, 12910, 4314, 37.64%, 0, 13, 3, 0.01, 309335, 11227
29620, 0, 873, 13025, 12910, 4314, 37.64%, 0, 13, 3, 105.22, 309913, 11227
29625, 0, 873, 13025, 12910, 4314, 37.64%, 0, 13, 3, 124.38, 310539, 11227
29630, 0, 873, 13025, 12910, 4314, 37.64%, 0, 13, 3, 120.24, 311187, 11227
29636, 0, 873, 13025, 12910, 4314, 37.64%, 0, 13, 3, 137.93, 311883, 11227
29641, 0, 873, 13025, 12910, 4314, 37.64%, 0, 13, 3, 121.74, 312469, 11227
29825, 0, 874, 13025, 12909, 4313, 37.64%, 0, 13, 3, 0.08, 312895, 11227
29830, 0, 874, 13027, 12911, 4313, 37.64%, 0, 13, 3, 120.81, 313521, 11227
29836, 0, 874, 13028, 12912, 4313, 37.64%, 0, 13, 3, 121.92, 314158, 11227
29841, 0, 874, 13029, 12913, 4313, 37.64%, 0, 13, 3, 102.86, 314645, 11227
29846, 0, 874, 13029, 12913, 4313, 37.64%, 0, 13, 3, 105.46, 315181, 11227
29851, 0, 874, 13029, 12913, 4313, 37.64%, 0, 13, 3, 122.51, 315845, 11227
30036, 0, 874, 13029, 12913, 4313, 37.64%, 0, 13, 3, 0.06, 316401, 11227
30041, 0, 874, 13029, 12913, 4313, 37.64%, 0, 13, 3, 106.34, 316963, 11227
30046, 0, 874, 13029, 12913, 4313, 37.64%, 0, 13, 3, 99.53, 317457, 11227
30051, 0, 874, 13029, 12913, 4313, 37.64%, 0, 13, 3, 103.08, 317991, 11227
30056, 0, 874, 13029, 12913, 4313, 37.64%, 0, 13, 3, 111.16, 318593, 11227
30061, 0, 874, 13029, 12913, 4313, 37.64%, 0, 13, 3, 111.34, 319163, 11227
30246, 0, 874, 13029, 12913, 4313, 37.64%, 0, 13, 3, 0.02, 319687, 11227
30251, 0, 874, 13029, 12913, 4313, 37.64%, 0, 13, 3, 97.26, 320227, 11227
30256, 0, 874, 13029, 12913, 4313, 37.64%, 0, 13, 3, 92.14, 320688, 11227
30261, 0, 874, 13029, 12913, 4313, 37.64%, 0, 13, 3, 102.71, 321227, 11227
30266, 0, 874, 13029, 12913, 4313, 37.64%, 0, 13, 3, 87.27, 321655, 11227
30271, 0, 874, 13029, 12913, 4313, 37.64%, 0, 13, 3, 82.65, 322063, 11227
30456, 0, 874, 13029, 12913, 4313, 37.64%, 0, 13, 3, 0.09, 322450, 11227
30461, 0, 877, 13150, 13033, 4335, 37.77%, 0, 13, 3, 96.59, 323748, 11266
30466, 0, 877, 13151, 13034, 4335, 37.77%, 0, 13, 3, 80.58, 324151, 11266
30471, 0, 877, 13151, 13034, 4335, 37.77%, 0, 13, 3, 87.46, 324597, 11266
30477, 0, 877, 13151, 13034, 4335, 37.77%, 0, 13, 3, 87.23, 325046, 11266
30482, 0, 877, 13151, 13034, 4335, 37.77%, 0, 13, 3, 82.03, 325493, 11266
30667, 0, 877, 13151, 13034, 4335, 37.77%, 0, 13, 3, 0.04, 325996, 11266
30672, 0, 877, 13151, 13034, 4335, 37.77%, 0, 13, 3, 122.26, 326668, 11266
30677, 0, 877, 13151, 13034, 4335, 37.77%, 0, 13, 3, 105.42, 327172, 11266
30682, 0, 877, 13152, 13035, 4335, 37.77%, 0, 13, 3, 138.04, 327915, 11266
30687, 0, 877, 13152, 13035, 4335, 37.77%, 0, 13, 3, 103.62, 328409, 11266
30692, 0, 877, 13152, 13035, 4335, 37.77%, 0, 13, 3, 113.07, 328971, 11266
30877, 0, 877, 13152, 13035, 4335, 37.77%, 0, 13, 3, 0.01, 329489, 11266
30882, 0, 877, 13152, 13035, 4335, 37.77%, 0, 13, 3, 89.69, 329978, 11266
30887, 0, 877, 13152, 13035, 4335, 37.77%, 0, 13, 3, 85.78, 330434, 11266
30892, 0, 877, 13152, 13035, 4335, 37.77%, 0, 13, 3, 76.04, 330826, 11266
30898, 0, 877, 13152, 13035, 4335, 37.77%, 0, 13, 3, 98.37, 331365, 11266
30903, 0, 877, 13152, 13035, 4335, 37.77%, 0, 13, 3, 110.26, 331949, 11266
31087, 0, 877, 13152, 13035, 4335, 37.77%, 0, 13, 3, 0.10, 332441, 11266
31092, 0, 877, 13152, 13035, 4335, 37.77%, 0, 13, 3, 117.30, 333045, 11266
31097, 0, 880, 13154, 13036, 4334, 37.77%, 0, 13, 3, 110.90, 333631, 11266
31103, 0, 880, 13155, 13037, 4334, 37.77%, 0, 13, 3, 115.30, 334266, 11266
31108, 0, 880, 13155, 13037, 4334, 37.77%, 0, 13, 3, 117.04, 334904, 11266
31113, 0, 880, 13155, 13037, 4334, 37.77%, 0, 13, 3, 118.35, 335536, 11266
31298, 0, 880, 13155, 13037, 4334, 37.77%, 0, 13, 3, 0.08, 336122, 11266
31303, 0, 880, 13155, 13037, 4334, 37.77%, 0, 13, 3, 99.56, 336618, 11266
31308, 0, 880, 13155, 13037, 4334, 37.77%, 0, 13, 3, 85.69, 337046, 11266
31313, 0, 880, 13155, 13037, 4334, 37.77%, 0, 13, 3, 96.66, 337550, 11266
31318, 0, 880, 13155, 13037, 4334, 37.77%, 0, 13, 3, 81.37, 337917, 11266
31323, 0, 883, 13157, 13038, 4333, 37.77%, 0, 13, 3, 107.73, 338534, 11266
31508, 0, 883, 13158, 13039, 4333, 37.77%, 0, 13, 3, 0.01, 338942, 11266
31513, 0, 883, 13158, 13039, 4333, 37.77%, 0, 13, 3, 87.96, 339484, 11266
31518, 0, 883, 13158, 13039, 4333, 37.77%, 0, 13, 3, 103.48, 340023, 11266
31523, 0, 883, 13158, 13039, 4333, 37.77%, 0, 13, 3, 101.20, 340537, 11266
31528, 0, 883, 13158, 13039, 4333, 37.77%, 0, 13, 3, 132.05, 341279, 11266
31533, 0, 883, 13158, 13039, 4333, 37.77%, 0, 13, 3, 127.41, 341937, 11266
33823, 0, 883, 13158, 13039, 4333, 37.77%, 0, 13, 3, 0.00, 342525, 11266
33828, 0, 885, 13159, 13039, 4332, 37.77%, 0, 13, 3, 119.79, 343126, 11266
33833, 0, 885, 13159, 13039, 4332, 37.77%, 0, 13, 3, 118.59, 343734, 11266
33838, 0, 886, 13172, 13051, 4331, 37.77%, 0, 15, 3, 11.46, 344073, 11267
33843, 0, 887, 13259, 13138, 4346, 37.86%, 0, 15, 3, 83.84, 345111, 11292
33848, 0, 887, 13259, 13138, 4346, 37.86%, 0, 15, 3, 103.77, 345637, 11292
34033, 0, 887, 13260, 13139, 4346, 37.86%, 0, 15, 3, 0.21, 346228, 11292
34038, 0, 887, 13260, 13139, 4346, 37.86%, 0, 15, 3, 120.82, 346838, 11292
34043, 0, 887, 13261, 13140, 4346, 37.86%, 0, 15, 3, 107.13, 347327, 11292
34048, 0, 887, 13261, 13140, 4346, 37.86%, 0, 15, 3, 117.47, 347933, 11292
34053, 0, 887, 13261, 13140, 4346, 37.86%, 0, 15, 3, 116.70, 348555, 11292
34059, 0, 887, 13261, 13140, 4346, 37.86%, 0, 15, 3, 117.60, 349155, 11292
34243, 0, 903, 13261, 13139, 4346, 37.86%, 0, 15, 3, 0.01, 349665, 11292
34248, 0, 903, 13261, 13139, 4346, 37.86%, 0, 15, 3, 101.37, 350203, 11292
34254, 0, 905, 13263, 13140, 4345, 37.86%, 0, 15, 3, 93.64, 350697, 11292
34259, 0, 905, 13264, 13141, 4345, 37.86%, 0, 15, 3, 101.46, 351218, 11292
34264, 0, 905, 13265, 13142, 4345, 37.86%, 0, 15, 3, 102.85, 351721, 11292
34269, 0, 905, 13265, 13142, 4345, 37.86%, 0, 15, 3, 90.72, 352200, 11292
34454, 0, 905, 13265, 13142, 4345, 37.86%, 0, 15, 3, 0.02, 352761, 11292
34459, 0, 905, 13265, 13142, 4345, 37.86%, 0, 15, 3, 84.84, 353224, 11292
34464, 0, 905, 13265, 13142, 4345, 37.86%, 0, 15, 3, 76.67, 353600, 11292
34469, 0, 905, 13265, 13142, 4345, 37.86%, 0, 15, 3, 98.87, 354105, 11292
34474, 0, 905, 13265, 13142, 4345, 37.86%, 0, 15, 3, 112.44, 354705, 11292
34479, 0, 905, 13265, 13142, 4345, 37.86%, 0, 15, 3, 128.50, 355395, 11292
34664, 0, 905, 13265, 13142, 4345, 37.86%, 0, 15, 3, 0.02, 356031, 11292
34669, 0, 905, 13265, 13142, 4345, 37.86%, 0, 15, 3, 122.48, 356621, 11292
34674, 0, 905, 13265, 13142, 4345, 37.86%, 0, 15, 3, 119.88, 357237, 11292
34680, 0, 905, 13265, 13142, 4345, 37.86%, 0, 15, 3, 129.94, 357921, 11292
34685, 0, 905, 13265, 13142, 4345, 37.86%, 0, 15, 3, 125.62, 358547, 11292
34690, 0, 905, 13265, 13142, 4345, 37.86%, 0, 15, 3, 123.16, 359211, 11292
34874, 0, 905, 13265, 13142, 4345, 37.86%, 0, 15, 3, 0.02, 359663, 11292
34879, 0, 906, 13266, 13142, 4345, 37.86%, 0, 15, 3, 108.28, 360268, 11292
34885, 0, 906, 13266, 13142, 4345, 37.86%, 0, 15, 3, 120.21, 360918, 11292
34890, 0, 907, 13269, 13144, 4344, 37.86%, 0, 15, 3, 102.31, 361421, 11292
34895, 0, 907, 13269, 13144, 4344, 37.86%, 0, 15, 3, 110.62, 362037, 11292
34900, 0, 907, 13269, 13144, 4344, 37.86%, 0, 15, 3, 107.41, 362551, 11292
35085, 0, 907, 13269, 13144, 4344, 37.86%, 0, 15, 3, 0.05, 362940, 11292
35090, 0, 907, 13269, 13144, 4344, 37.86%, 0, 15, 3, 106.45, 363491, 11292
35095, 0, 907, 13269, 13144, 4344, 37.86%, 0, 15, 3, 116.87, 364115, 11292
35100, 0, 907, 13269, 13144, 4344, 37.86%, 0, 15, 3, 112.26, 364731, 11292
35105, 0, 907, 13269, 13144, 4344, 37.86%, 0, 15, 3, 105.84, 365247, 11292
35111, 0, 907, 13269, 13144, 4344, 37.86%, 0, 15, 3, 110.45, 365825, 11292
35295, 0, 910, 13271, 13145, 4343, 37.86%, 0, 15, 3, 0.09, 366329, 11292
35300, 0, 910, 13272, 13146, 4343, 37.86%, 0, 15, 3, 116.44, 366942, 11292
35305, 0, 910, 13272, 13146, 4343, 37.86%, 0, 15, 3, 129.94, 367616, 11292
35310, 0, 910, 13272, 13146, 4343, 37.86%, 0, 15, 3, 104.43, 368098, 11292
35315, 0, 910, 13272, 13146, 4343, 37.86%, 0, 15, 3, 113.38, 368692, 11292
35321, 0, 910, 13272, 13146, 4343, 37.86%, 0, 15, 3, 93.87, 369151, 11292
35506, 0, 910, 13272, 13146, 4343, 37.86%, 0, 15, 3, 0.02, 369586, 11292
35511, 0, 910, 13272, 13146, 4343, 37.86%, 0, 15, 3, 87.77, 370059, 11292
35516, 0, 910, 13272, 13146, 4343, 37.86%, 0, 15, 3, 110.66, 370622, 11292
35521, 0, 911, 13274, 13147, 4343, 37.86%, 0, 15, 3, 113.15, 371210, 11292
35526, 0, 911, 13274, 13147, 4343, 37.86%, 0, 15, 3, 107.53, 371798, 11292
35531, 0, 911, 13275, 13148, 4343, 37.86%, 0, 15, 3, 93.93, 372255, 11292
35716, 0, 911, 13275, 13148, 4343, 37.86%, 0, 15, 3, 0.04, 372717, 11292
35721, 0, 911, 13275, 13148, 4343, 37.86%, 0, 15, 3, 108.92, 373279, 11292
35726, 0, 911, 13275, 13148, 4343, 37.86%, 0, 15, 3, 134.90, 373999, 11292
35731, 0, 911, 13275, 13148, 4343, 37.86%, 0, 15, 3, 129.29, 374645, 11292
35736, 0, 911, 13275, 13148, 4343, 37.86%, 0, 15, 3, 112.20, 375191, 11292
35741, 0, 912, 13276, 13148, 4343, 37.86%, 0, 15, 3, 120.26, 375794, 11292
38031, 0, 912, 13278, 13150, 4343, 37.86%, 0, 15, 3, 0.00, 376298, 11292
38036, 0, 912, 13278, 13150, 4343, 37.86%, 0, 15, 3, 114.91, 376940, 11292
38041, 0, 912, 13278, 13150, 4343, 37.86%, 0, 15, 3, 111.51, 377506, 11292
38046, 0, 912, 13278, 13150, 4343, 37.86%, 0, 15, 3, 122.46, 378084, 11292
38051, 0, 912, 13278, 13150, 4343, 37.86%, 0, 15, 3, 132.04, 378734, 11292
38056, 0, 912, 13278, 13150, 4343, 37.86%, 0, 15, 3, 116.23, 379286, 11292
38241, 0, 912, 13278, 13150, 4343, 37.86%, 0, 15, 3, 0.07, 379812, 11292
38246, 0, 913, 13279, 13150, 4343, 37.86%, 0, 15, 3, 120.68, 380465, 11292
38251, 0, 913, 13280, 13151, 4343, 37.86%, 0, 15, 3, 146.21, 381236, 11292
38256, 0, 913, 13280, 13151, 4343, 37.86%, 0, 15, 3, 155.36, 381951, 11292
38261, 0, 913, 13281, 13152, 4343, 37.86%, 0, 15, 3, 125.23, 382583, 11292
38266, 0, 913, 13281, 13152, 4343, 37.86%, 0, 15, 3, 121.25, 383197, 11292
38451, 0, 913, 13281, 13152, 4343, 37.86%, 0, 15, 3, 0.14, 383757, 11292
38456, 0, 913, 13281, 13152, 4343, 37.86%, 0, 15, 3, 113.94, 384297, 11292
38462, 0, 913, 13281, 13152, 4343, 37.86%, 0, 15, 3, 98.86, 384800, 11292
38467, 0, 921, 13409, 13279, 4367, 38.01%, 0, 15, 3, 199.13, 386276, 11339
38472, 0, 926, 13409, 13277, 4365, 38.01%, 0, 15, 3, 218.11, 387442, 11339
38477, 0, 932, 13409, 13275, 4363, 38.01%, 0, 15, 3, 253.74, 388755, 11339
38662, 0, 936, 13409, 13273, 4361, 38.01%, 0, 15, 3, 0.12, 389875, 11339
38667, 0, 938, 13409, 13271, 4359, 38.01%, 0, 15, 3, 309.73, 391372, 11339
38672, 0, 942, 13409, 13269, 4357, 38.01%, 0, 15, 3, 273.16, 392670, 11339
38677, 0, 944, 13409, 13267, 4355, 38.01%, 0, 15, 3, 243.97, 393846, 11339
38682, 0, 952, 13409, 13264, 4352, 38.01%, 0, 15, 3, 276.14, 395280, 11339
38687, 0, 955, 13409, 13262, 4350, 38.01%, 0, 15, 3, 268.53, 396585, 11339
38872, 0, 958, 13409, 13260, 4348, 38.01%, 0, 15, 3, 0.19, 397725, 11339
38877, 0, 962, 13409, 13258, 4346, 38.01%, 0, 15, 3, 269.61, 399085, 11339
38882, 0, 965, 13409, 13256, 4344, 38.01%, 0, 15, 3, 213.42, 400134, 11339
38888, 0, 969, 13409, 13254, 4342, 38.01%, 0, 15, 3, 244.96, 401410, 11339
38893, 0, 974, 13409, 13252, 4340, 38.01%, 0, 15, 3, 238.22, 402598, 11339
38898, 0, 978, 13409, 13250, 4338, 38.01%, 0, 15, 3, 251.79, 403965, 11339
39082, 0, 1003, 13409, 13247, 4335, 38.01%, 0, 15, 3, 0.06, 405415, 11339
39088, 0, 1010, 13409, 13245, 4333, 38.01%, 0, 15, 3, 203.86, 406542, 11339
39093, 0, 1015, 13409, 13243, 4331, 38.01%, 0, 15, 3, 202.39, 407546, 11339
39098, 0, 1019, 13409, 13241, 4329, 38.01%, 0, 15, 3, 237.04, 408798, 11339
39103, 0, 1021, 13409, 13239, 4327, 38.01%, 0, 15, 3, 236.85, 410034, 11339
39108, 0, 1030, 13409, 13237, 4325, 38.01%, 0, 15, 3, 251.03, 411355, 11339
39293, 0, 1033, 13409, 13235, 4323, 38.01%, 0, 15, 3, 0.17, 412615, 11339
39298, 0, 1037, 13409, 13233, 4321, 38.01%, 0, 15, 3, 250.41, 413878, 11339
39303, 0, 1039, 13409, 13231, 4319, 38.01%, 0, 15, 3, 233.88, 415086, 11339
39308, 0, 1050, 13409, 13229, 4317, 38.01%, 0, 15, 3, 170.81, 415997, 11339
39313, 0, 1055, 13409, 13227, 4315, 38.01%, 0, 15, 3, 199.72, 416956, 11339
39318, 0, 1059, 13409, 13225, 4313, 38.01%, 0, 15, 3, 244.81, 418224, 11339
39503, 0, 1062, 13409, 13223, 4311, 38.01%, 0, 15, 3, 0.14, 419415, 11339
39508, 0, 1066, 13409, 13221, 4309, 38.01%, 0, 15, 3, 218.00, 420548, 11339
39513, 0, 1069, 13409, 13219, 4307, 38.01%, 0, 15, 3, 226.38, 421728, 11339
39519, 0, 1088, 13409, 13218, 4306, 38.01%, 0, 15, 3, 163.30, 422537, 11339
39524, 0, 1091, 13410, 13218, 4305, 38.01%, 0, 15, 3, 165.28, 423369, 11339
39529, 0, 1095, 13411, 13218, 4305, 38.01%, 0, 15, 3, 155.49, 424118, 11339
39714, 0, 1095, 13411, 13218, 4305, 38.01%, 0, 15, 3, 0.05, 424909, 11339
39719, 0, 1096, 13412, 13218, 4304, 38.01%, 0, 15, 3, 179.49, 425813, 11339
39724, 0, 1106, 13412, 13217, 4303, 38.01%, 0, 15, 3, 158.79, 426560, 11339
39729, 0, 1123, 13412, 13216, 4302, 38.01%, 0, 15, 3, 137.95, 427227, 11339
39734, 0, 1149, 13413, 13216, 4301, 38.01%, 0, 15, 3, 121.17, 427834, 11339
39739, 0, 1149, 13414, 13217, 4301, 38.01%, 0, 15, 3, 96.16, 428329, 11339
39924, 0, 1149, 13415, 13218, 4301, 38.01%, 0, 15, 3, 0.09, 428792, 11339
39929, 0, 1149, 13415, 13218, 4301, 38.01%, 0, 15, 3, 150.29, 429508, 11339
39934, 0, 1149, 13416, 13219, 4301, 38.01%, 0, 15, 3, 124.99, 430129, 11339
39939, 0, 1149, 13416, 13219, 4301, 38.01%, 0, 15, 3, 109.21, 430621, 11339
39944, 0, 1149, 13416, 13219, 4301, 38.01%, 0, 15, 3, 100.44, 431151, 11339
39949, 0, 1149, 13416, 13219, 4301, 38.01%, 0, 15, 3, 95.36, 431613, 11339
42238, 0, 1149, 13417, 13220, 4301, 38.01%, 0, 15, 3, 0.01, 432166, 11339
42243, 0, 1149, 13417, 13220, 4301, 38.01%, 0, 15, 3, 111.29, 432764, 11339
42248, 0, 1149, 13417, 13220, 4301, 38.01%, 0, 15, 3, 117.96, 433342, 11339
42253, 0, 1149, 13417, 13220, 4301, 38.01%, 0, 15, 3, 114.62, 433896, 11339
42258, 0, 1149, 13417, 13220, 4301, 38.01%, 0, 15, 3, 100.36, 434386, 11339
42263, 0, 1149, 13417, 13220, 4301, 38.01%, 0, 15, 3, 112.53, 435014, 11339
46294, 0, 1149, 13417, 13220, 4301, 38.01%, 0, 15, 3, 0.00, 435490, 11339
46445, 0, 1149, 13417, 13220, 4301, 38.01%, 0, 15, 3, 0.13, 435509, 11339
46450, 0, 1149, 13417, 13220, 4301, 38.01%, 0, 15, 3, 134.64, 436148, 11339
46455, 0, 1149, 13417, 13220, 4301, 38.01%, 0, 15, 3, 104.72, 436650, 11339
46460, 0, 1149, 13417, 13220, 4301, 38.01%, 0, 15, 3, 99.88, 437188, 11339
46465, 0, 1149, 13417, 13220, 4301, 38.01%, 0, 15, 3, 110.97, 437772, 11339
46471, 0, 1149, 13417, 13220, 4301, 38.01%, 0, 15, 3, 121.35, 438358, 11339
46655, 0, 1149, 13417, 13220, 4301, 38.01%, 0, 15, 3, 0.12, 438758, 11339
46660, 0, 1149, 13418, 13221, 4301, 38.01%, 0, 15, 3, 110.86, 439329, 11339
46665, 0, 1149, 13418, 13221, 4301, 38.01%, 0, 15, 3, 108.02, 439867, 11339
46670, 0, 1149, 13418, 13221, 4301, 38.01%, 0, 15, 3, 98.53, 440333, 11339
46676, 0, 1149, 13418, 13221, 4301, 38.01%, 0, 15, 3, 119.45, 440951, 11339
46681, 0, 1149, 13418, 13221, 4301, 38.01%, 0, 15, 3, 95.91, 441387, 11339
46866, 0, 1149, 13418, 13221, 4301, 38.01%, 0, 15, 3, 0.11, 441891, 11339
46871, 0, 1149, 13418, 13221, 4301, 38.01%, 0, 15, 3, 121.20, 442363, 11339
46876, 0, 1149, 13418, 13221, 4301, 38.01%, 0, 15, 3, 133.15, 443005, 11339
46881, 0, 1149, 13418, 13221, 4301, 38.01%, 0, 15, 3, 116.52, 443521, 11339
46886, 0, 1149, 13418, 13221, 4301, 38.01%, 0, 15, 3, 104.36, 444035, 11339
46891, 0, 1149, 13418, 13221, 4301, 38.01%, 0, 15, 3, 105.11, 444613, 11339
47076, 0, 1149, 13418, 13221, 4301, 38.01%, 0, 15, 3, 0.09, 445113, 11339
47081, 0, 1149, 13418, 13221, 4301, 38.01%, 0, 15, 3, 105.86, 445723, 11339
47086, 0, 1149, 13418, 13221, 4301, 38.01%, 0, 15, 3, 103.48, 446233, 11339
47091, 0, 1154, 13418, 13220, 4300, 38.01%, 0, 15, 3, 127.34, 446871, 11339
47096, 0, 1154, 13418, 13220, 4300, 38.01%, 0, 15, 3, 101.76, 447326, 11339
47101, 0, 1155, 13966, 13767, 4299, 39.50%, 0, 15, 3, 1068.06, 451865, 11782
47286, 0, 1155, 14375, 14176, 4299, 39.65%, 0, 15, 3, 0.09, 455139, 11826
47291, 0, 1167, 14412, 14213, 4484, 39.65%, 0, 15, 3, 120.02, 455831, 11828
47297, 0, 1167, 14412, 14213, 4484, 39.65%, 0, 15, 3, 129.75, 456473, 11828
47302, 0, 1170, 14414, 14214, 4483, 39.65%, 0, 15, 3, 126.19, 457159, 11828
47307, 0, 1170, 14414, 14214, 4483, 39.65%, 0, 15, 3, 102.23, 457671, 11828
47312, 0, 1170, 14414, 14214, 4483, 39.65%, 0, 15, 3, 110.60, 458257, 11828
47497, 0, 1170, 14414, 14214, 4483, 39.65%, 0, 15, 3, 0.02, 458787, 11828
47502, 0, 1198, 14414, 14212, 4481, 39.65%, 0, 15, 3, 178.32, 459694, 11828
47507, 0, 1204, 14414, 14211, 4480, 39.65%, 0, 15, 3, 159.80, 460429, 11828
47512, 0, 1204, 14415, 14212, 4480, 39.65%, 0, 15, 3, 129.85, 461090, 11828
47517, 0, 1204, 14416, 14213, 4480, 39.65%, 0, 15, 3, 109.80, 461669, 11828
47522, 0, 1204, 14416, 14213, 4480, 39.65%, 0, 15, 3, 107.51, 462183, 11828
47707, 0, 1219, 14416, 14212, 4479, 39.65%, 0, 15, 3, 0.27, 463041, 11828
47712, 0, 1224, 14417, 14212, 4478, 39.65%, 0, 15, 3, 182.51, 463852, 11828
47717, 0, 1227, 14418, 14212, 4477, 39.65%, 0, 15, 3, 147.73, 464539, 11828
47722, 0, 1229, 14419, 14212, 4476, 39.65%, 0, 15, 3, 235.83, 465884, 11828
47727, 0, 1229, 14423, 14216, 4476, 39.65%, 0, 15, 3, 276.35, 467192, 11828
47732, 0, 1229, 14423, 14216, 4476, 39.65%, 0, 15, 3, 256.71, 468537, 11828
47917, 0, 1229, 14423, 14216, 4476, 39.65%, 0, 15, 3, 0.08, 469817, 11828
47922, 0, 1229, 14423, 14216, 4476, 39.65%, 0, 15, 3, 253.97, 471162, 11828
47928, 0, 1229, 14423, 14216, 4476, 39.65%, 0, 15, 3, 279.81, 472582, 11828
47933, 0, 1229, 14423, 14216, 4476, 39.65%, 0, 15, 3, 276.78, 473937, 11828
47938, 0, 1229, 14423, 14216, 4476, 39.65%, 0, 15, 3, 264.91, 475302, 11828
47943, 0, 1229, 14423, 14216, 4476, 39.65%, 0, 15, 3, 294.06, 476902, 11828
48128, 0, 1229, 14424, 14217, 4476, 39.65%, 0, 15, 3, 0.17, 478319, 11828
48133, 0, 1229, 14424, 14217, 4476, 39.65%, 0, 15, 3, 240.82, 479627, 11828
48138, 0, 1229, 14424, 14217, 4476, 39.65%, 0, 15, 3, 247.98, 480879, 11828
48143, 0, 1229, 14424, 14217, 4476, 39.65%, 0, 15, 3, 255.10, 482124, 11828
48148, 0, 1229, 14424, 14217, 4476, 39.65%, 0, 15, 3, 269.51, 483539, 11828
48153, 0, 1229, 14425, 14218, 4476, 39.65%, 0, 15, 3, 259.49, 484826, 11828
48338, 0, 1233, 14427, 14219, 4475, 39.65%, 0, 15, 3, 0.30, 486125, 11828
48343, 0, 1233, 14428, 14220, 4475, 39.65%, 0, 15, 3, 284.15, 487627, 11828
48348, 0, 1233, 14428, 14220, 4475, 39.65%, 0, 15, 3, 274.95, 488947, 11828
48353, 0, 1233, 14429, 14221, 4475, 39.65%, 0, 15, 3, 250.07, 490174, 11828
48359, 0, 1233, 14429, 14221, 4475, 39.65%, 0, 15, 3, 241.69, 491402, 11828
48364, 0, 1233, 14429, 14221, 4475, 39.65%, 0, 15, 3, 281.78, 492854, 11828
50653, 0, 1233, 14429, 14221, 4475, 39.65%, 0, 15, 3, 0.00, 494204, 11828
50658, 0, 1235, 14431, 14222, 4474, 39.65%, 0, 15, 3, 267.85, 495583, 11828
50663, 0, 1235, 14431, 14222, 4474, 39.65%, 0, 15, 3, 230.25, 496672, 11828
50668, 0, 1236, 14544, 14334, 4473, 39.73%, 0, 15, 3, 239.31, 498001, 11852
50673, 0, 1236, 14610, 14400, 4473, 39.74%, 0, 15, 3, 149.89, 498592, 11853
50679, 0, 1237, 14694, 14484, 4507, 39.80%, 0, 15, 3, 216.72, 499828, 11873
50863, 0, 1238, 14698, 14487, 4506, 39.80%, 0, 15, 3, 0.22, 501165, 11873
50869, 0, 1238, 14698, 14487, 4506, 39.80%, 0, 15, 3, 280.80, 502555, 11873
50874, 0, 1238, 14698, 14487, 4506, 39.80%, 0, 15, 3, 236.45, 503688, 11873
50879, 0, 1238, 14698, 14487, 4506, 39.80%, 0, 15, 3, 245.09, 504940, 11873
50884, 0, 1238, 14699, 14488, 4506, 39.80%, 0, 15, 3, 239.20, 506207, 11873
50889, 0, 1238, 14699, 14488, 4506, 39.80%, 0, 15, 3, 254.20, 507522, 11873
51074, 0, 1238, 14699, 14488, 4506, 39.80%, 0, 15, 3, 0.28, 508837, 11873
51079, 0, 1238, 14699, 14488, 4506, 39.80%, 0, 15, 3, 263.37, 510237, 11873
51084, 0, 1238, 14699, 14488, 4506, 39.80%, 0, 15, 3, 259.88, 511507, 11873
51089, 0, 1238, 14699, 14488, 4506, 39.80%, 0, 15, 3, 243.37, 512723, 11873
51094, 0, 1238, 14699, 14488, 4506, 39.80%, 0, 15, 3, 247.05, 514075, 11873
51100, 0, 1238, 14699, 14488, 4506, 39.80%, 0, 15, 3, 255.33, 515351, 11873
51284, 0, 1238, 14699, 14488, 4506, 39.80%, 0, 15, 3, 0.18, 516419, 11873
51289, 0, 1238, 14700, 14489, 4506, 39.80%, 0, 15, 3, 249.63, 517750, 11873
51295, 0, 1238, 14700, 14489, 4506, 39.80%, 0, 15, 3, 256.13, 519059, 11873
51300, 0, 1241, 14701, 14488, 4505, 39.80%, 0, 15, 3, 266.25, 520436, 11873
51305, 0, 1241, 14702, 14489, 4505, 39.80%, 0, 15, 3, 260.25, 521793, 11873
51310, 0, 1244, 14704, 14489, 4504, 39.80%, 0, 15, 3, 260.07, 523147, 11873
51495, 0, 1244, 14705, 14490, 4504, 39.80%, 0, 15, 3, 0.19, 524474, 11873
51500, 0, 1244, 14705, 14490, 4504, 39.80%, 0, 15, 3, 282.82, 525899, 11873
51505, 0, 1244, 14705, 14490, 4504, 39.80%, 0, 15, 3, 234.14, 527047, 11873
51510, 0, 1246, 14709, 14493, 4503, 39.81%, 0, 15, 3, 237.33, 528267, 11874
51515, 0, 1246, 14710, 14494, 4503, 39.81%, 0, 15, 3, 220.81, 529410, 11874
51520, 0, 1246, 14710, 14494, 4503, 39.81%, 0, 15, 3, 278.38, 530884, 11874
51705, 0, 1246, 14710, 14494, 4503, 39.81%, 0, 15, 3, 0.17, 532139, 11874
51710, 0, 1246, 14710, 14494, 4503, 39.81%, 0, 15, 3, 253.66, 533499, 11874
51716, 0, 1246, 14710, 14494, 4503, 39.81%, 0, 15, 3, 249.93, 534786, 11874
51721, 0, 1246, 14710, 14494, 4503, 39.81%, 0, 15, 3, 267.99, 536169, 11874
51726, 0, 1246, 14710, 14494, 4503, 39.81%, 0, 15, 3, 277.94, 537619, 11874
51731, 0, 1246, 14710, 14494, 4503, 39.81%, 0, 15, 3, 260.43, 538959, 11874
51916, 0, 1246, 14710, 14494, 4503, 39.81%, 0, 15, 3, 0.25, 540224, 11874
51921, 0, 1246, 14710, 14494, 4503, 39.81%, 0, 15, 3, 294.14, 541749, 11874
51926, 0, 1246, 14710, 14494, 4503, 39.81%, 0, 15, 3, 310.17, 543249, 11874
51931, 0, 1246, 14710, 14494, 4503, 39.81%, 0, 15, 3, 274.88, 544569, 11874
51936, 0, 1246, 14710, 14494, 4503, 39.81%, 0, 15, 3, 265.93, 545924, 11874
51941, 0, 1249, 14710, 14493, 4503, 39.81%, 0, 15, 3, 253.75, 547169, 11874
52126, 0, 1252, 14710, 14491, 4501, 39.81%, 0, 15, 3, 0.25, 548404, 11874
52131, 0, 1260, 14710, 14489, 4499, 39.81%, 0, 15, 3, 230.00, 549662, 11874
52136, 0, 1270, 14710, 14487, 4497, 39.81%, 0, 15, 3, 238.31, 550890, 11874
52141, 0, 1271, 14711, 14487, 4496, 39.81%, 0, 15, 3, 237.29, 552057, 11874
52146, 0, 1278, 14711, 14485, 4495, 39.81%, 0, 15, 3, 224.71, 553149, 11874
52151, 0, 1284, 14711, 14483, 4493, 39.81%, 0, 15, 3, 258.83, 554466, 11874
52336, 0, 1289, 14711, 14480, 4490, 39.81%, 0, 15, 3, 0.03, 555746, 11874
52341, 0, 1291, 14711, 14478, 4488, 39.81%, 0, 15, 3, 286.06, 557116, 11874
52347, 0, 1293, 14712, 14478, 4487, 39.81%, 0, 15, 3, 257.10, 558312, 11874
52352, 0, 1302, 14712, 14476, 4486, 39.81%, 0, 15, 3, 235.36, 559540, 11874
52357, 0, 1310, 14712, 14474, 4484, 39.81%, 0, 15, 3, 201.26, 560616, 11874
52362, 0, 1326, 14712, 14472, 4482, 39.81%, 0, 15, 3, 228.13, 561688, 11874
52547, 0, 1332, 14713, 14471, 4480, 39.81%, 0, 15, 3, 0.30, 563010, 11874
52552, 0, 1333, 14715, 14472, 4480, 39.81%, 0, 15, 3, 271.85, 564434, 11874
52557, 0, 1333, 14716, 14473, 4480, 39.81%, 0, 15, 3, 260.97, 565771, 11874
52562, 0, 1333, 14716, 14473, 4480, 39.81%, 0, 15, 3, 261.25, 567096, 11874
52567, 0, 1333, 14716, 14473, 4480, 39.81%, 0, 15, 3, 266.07, 568516, 11874
52572, 0, 1334, 14719, 14475, 4480, 39.81%, 0, 15, 3, 267.68, 569892, 11874
54570, 0, 1334, 14719, 14475, 4480, 39.81%, 0, 15, 3, 0.00, 571167, 11874
54575, 0, 1334, 14719, 14475, 4480, 39.81%, 0, 15, 3, 294.77, 572677, 11874
54580, 0, 1336, 14720, 14475, 4480, 39.81%, 0, 15, 3, 305.11, 574238, 11874
54585, 0, 1336, 14721, 14476, 4480, 39.81%, 0, 15, 3, 270.73, 575566, 11874
54591, 0, 1337, 15114, 14868, 4507, 39.98%, 0, 15, 3, 656.62, 579413, 11925
54596, 0, 1338, 15115, 14868, 4507, 39.98%, 0, 15, 3, 402.48, 581030, 11925
54601, 0, 1339, 15117, 14869, 4507, 39.98%, 0, 15, 3, 328.60, 582592, 11925
54606, 0, 1339, 15117, 14869, 4507, 39.98%, 0, 15, 3, 264.19, 583848, 11925
54611, 0, 1340, 15119, 14870, 4507, 39.98%, 0, 15, 3, 289.23, 585377, 11925
54616, 0, 1351, 15119, 14867, 4505, 39.98%, 0, 15, 3, 315.15, 586952, 11925
54621, 0, 1363, 15119, 14864, 4502, 39.98%, 0, 15, 3, 286.12, 588412, 11925
54626, 0, 1377, 15119, 14862, 4500, 39.98%, 0, 15, 3, 207.36, 589462, 11925
54631, 0, 1381, 15119, 14859, 4498, 39.98%, 0, 15, 3, 325.07, 591104, 11925
54636, 0, 1402, 15119, 14855, 4494, 39.98%, 0, 15, 3, 391.20, 593211, 11925
54641, 0, 1406, 15121, 14856, 4494, 39.98%, 0, 15, 3, 347.53, 594887, 11925
54646, 0, 1406, 15122, 14857, 4494, 39.98%, 0, 15, 3, 343.65, 596651, 11925
54651, 0, 1407, 15124, 14858, 4494, 39.98%, 0, 15, 3, 355.85, 598428, 11925
54657, 0, 1409, 15126, 14858, 4493, 39.98%, 0, 15, 3, 346.00, 600255, 11925
54662, 0, 1409, 15126, 14858, 4493, 39.98%, 0, 15, 3, 317.93, 601857, 11925
54667, 0, 1413, 15128, 14858, 4492, 39.98%, 0, 15, 3, 351.56, 603656, 11925
54672, 0, 1413, 15129, 14859, 4492, 39.98%, 0, 15, 3, 341.18, 605352, 11925
54677, 0, 1416, 15131, 14859, 4491, 39.98%, 0, 15, 3, 340.83, 607052, 11925
54682, 0, 1418, 15132, 14859, 4491, 39.98%, 0, 15, 3, 310.16, 608595, 11925
54687, 0, 1419, 15134, 14860, 4491, 39.98%, 0, 15, 3, 363.37, 610545, 11925
54692, 0, 1420, 15134, 14859, 4491, 39.98%, 0, 15, 3, 368.59, 612357, 11925
54697, 0, 1420, 15136, 14861, 4491, 39.98%, 0, 15, 3, 348.03, 614051, 11925
54702, 0, 1423, 15137, 14860, 4490, 39.98%, 0, 15, 3, 324.45, 615626, 11925
54707, 0, 1423, 15139, 14862, 4490, 39.98%, 0, 15, 3, 293.17, 617072, 11925
54861, 0, 1424, 15140, 14862, 4489, 39.98%, 0, 15, 3, 0.40, 618154, 11925
54866, 0, 1425, 15142, 14863, 4489, 39.98%, 0, 15, 3, 326.59, 619783, 11925
54871, 0, 1425, 15143, 14864, 4489, 39.98%, 0, 15, 3, 289.27, 621190, 11925
54876, 0, 1425, 15143, 14864, 4489, 39.98%, 0, 15, 3, 279.04, 622600, 11925
54881, 0, 1426, 15143, 14863, 4489, 39.98%, 0, 15, 3, 296.11, 624110, 11925
54886, 0, 1427, 15144, 14863, 4488, 39.98%, 0, 15, 3, 295.22, 625587, 11925
55071, 0, 1428, 15146, 14864, 4488, 39.98%, 0, 15, 3, 0.03, 627155, 11925
55076, 0, 1429, 15147, 14864, 4488, 39.98%, 0, 15, 3, 281.69, 628588, 11925
55082, 0, 1430, 15149, 14865, 4488, 39.98%, 0, 15, 3, 292.29, 630087, 11925
55087, 0, 1430, 15149, 14865, 4488, 39.98%, 0, 15, 3, 316.44, 631688, 11925
55092, 0, 1433, 15151, 14865, 4488, 39.98%, 0, 15, 3, 301.87, 633262, 11925
55097, 0, 1433, 15152, 14866, 4488, 39.98%, 0, 15, 3, 294.03, 634813, 11925
55282, 0, 1436, 15152, 14865, 4488, 39.98%, 0, 15, 3, 0.05, 635606, 11925
55287, 0, 1437, 15152, 14864, 4488, 39.98%, 0, 15, 3, 137.25, 636269, 11925
55292, 0, 1441, 15152, 14862, 4486, 39.98%, 0, 15, 3, 244.36, 637608, 11925
55297, 0, 1455, 15152, 14859, 4483, 39.98%, 0, 15, 3, 268.49, 639008, 11925
55302, 0, 1457, 15152, 14857, 4481, 39.98%, 0, 15, 3, 266.26, 640353, 11925
55307, 0, 1460, 15152, 14855, 4479, 39.98%, 0, 15, 3, 266.51, 641693, 11925
55492, 0, 1461, 15154, 14856, 4478, 39.98%, 0, 15, 3, 0.29, 642805, 11925
55497, 0, 1466, 15155, 14855, 4477, 39.98%, 0, 15, 3, 277.27, 644244, 11925
55502, 0, 1469, 15155, 14852, 4474, 39.98%, 0, 15, 3, 254.55, 645504, 11925
55508, 0, 1472, 15155, 14849, 4471, 39.98%, 0, 15, 3, 262.45, 646879, 11925
55513, 0, 1474, 15155, 14847, 4469, 39.98%, 0, 15, 3, 244.16, 648180, 11925
55518, 0, 1477, 15155, 14845, 4467, 39.98%, 0, 15, 3, 239.87, 649500, 11925
55703, 0, 1479, 15155, 14843, 4465, 39.98%, 0, 15, 3, 0.06, 650779, 11925
55708, 0, 1481, 15155, 14841, 4463, 39.98%, 0, 15, 3, 270.83, 652204, 11925
55713, 0, 1493, 15155, 14839, 4461, 39.98%, 0, 15, 3, 173.81, 653131, 11925
55718, 0, 1498, 15155, 14838, 4460, 39.98%, 0, 15, 3, 181.77, 653863, 11925
55723, 0, 1507, 15155, 14836, 4458, 39.98%, 0, 15, 3, 259.88, 655204, 11925
55728, 0, 1522, 15155, 14833, 4455, 39.98%, 0, 15, 3, 294.23, 656774, 11925
55913, 0, 1530, 15155, 14831, 4453, 39.98%, 0, 15, 3, 0.28, 657994, 11925
55918, 0, 1539, 15155, 14829, 4451, 39.98%, 0, 15, 3, 241.43, 659252, 11925
55923, 0, 1567, 15155, 14826, 4450, 39.98%, 0, 15, 3, 268.26, 660659, 11925
55928, 0, 1573, 15155, 14823, 4447, 39.98%, 0, 15, 3, 277.05, 662014, 11925
55933, 0, 1590, 15155, 14821, 4445, 39.98%, 0, 15, 3, 247.25, 663278, 11925
55938, 0, 1601, 15155, 14818, 4442, 39.98%, 0, 15, 3, 264.38, 664639, 11925
56123, 0, 1604, 15155, 14816, 4440, 39.98%, 0, 15, 3, 0.19, 665904, 11925
56128, 0, 1608, 15155, 14814, 4438, 39.98%, 0, 15, 3, 284.31, 667249, 11925
56133, 0, 1621, 15155, 14812, 4436, 39.98%, 0, 15, 3, 235.02, 668396, 11925
56138, 0, 1657, 15155, 14809, 4433, 39.98%, 0, 15, 3, 262.20, 669779, 11925
56143, 0, 1662, 15155, 14806, 4430, 39.98%, 0, 15, 3, 278.72, 671164, 11925
56148, 0, 1664, 15155, 14804, 4428, 39.98%, 0, 15, 3, 240.78, 672422, 11925
56334, 0, 1669, 15155, 14803, 4427, 39.98%, 0, 15, 3, 0.12, 672998, 11925
56339, 0, 1669, 15155, 14803, 4427, 39.98%, 0, 15, 3, 88.50, 673496, 11925
56344, 0, 1675, 15155, 14801, 4425, 39.98%, 0, 15, 3, 181.23, 674549, 11925
56349, 0, 1682, 15155, 14799, 4423, 39.98%, 0, 15, 3, 233.08, 675814, 11925
56354, 0, 1687, 15155, 14796, 4420, 39.98%, 0, 15, 3, 262.04, 677139, 11925
56359, 0, 1693, 15156, 14796, 4419, 39.98%, 0, 15, 3, 233.59, 678445, 11925
56544, 0, 1694, 15156, 14795, 4418, 39.98%, 0, 15, 3, 0.02, 678943, 11925
56549, 0, 1694, 15157, 14796, 4418, 39.98%, 0, 15, 3, 117.55, 679514, 11925
56554, 0, 1704, 15157, 14795, 4418, 39.98%, 0, 15, 3, 140.50, 680314, 11925
56559, 0, 1706, 15157, 14794, 4417, 39.98%, 0, 15, 3, 130.68, 680942, 11925
56564, 0, 1706, 15158, 14795, 4417, 39.98%, 0, 15, 3, 130.77, 681565, 11925
56569, 0, 1709, 15158, 14794, 4417, 39.98%, 0, 15, 3, 137.89, 682239, 11925
56754, 0, 1717, 15158, 14793, 4417, 39.98%, 0, 15, 3, 0.10, 682753, 11925
56759, 0, 1730, 15158, 14791, 4416, 39.98%, 0, 15, 3, 192.52, 683690, 11925
56764, 0, 1735, 15158, 14789, 4414, 39.98%, 0, 15, 3, 223.00, 684779, 11925
56769, 0, 1745, 15158, 14787, 4412, 39.98%, 0, 15, 3, 246.17, 686071, 11925
56775, 0, 1749, 15158, 14785, 4410, 39.98%, 0, 15, 3, 258.40, 687405, 11925
56780, 0, 1764, 15158, 14783, 4408, 39.98%, 0, 15, 3, 261.44, 688735, 11925
59069, 0, 1780, 15158, 14780, 4405, 39.98%, 0, 15, 3, 0.01, 690155, 11925
59074, 0, 1782, 15206, 14826, 4403, 40.01%, 0, 15, 3, 299.51, 691667, 11936
59079, 0, 1783, 15249, 14869, 4421, 40.05%, 0, 15, 3, 250.75, 693066, 11948
59084, 0, 1783, 15250, 14870, 4421, 40.05%, 0, 15, 3, 227.62, 694210, 11948
59089, 0, 1783, 15250, 14870, 4421, 40.05%, 0, 15, 3, 209.69, 695290, 11948
59095, 0, 1783, 15250, 14870, 4421, 40.05%, 0, 15, 3, 216.61, 696422, 11948
59279, 0, 1787, 15250, 14868, 4419, 40.05%, 0, 15, 3, 0.07, 697590, 11948
59285, 0, 1792, 15250, 14866, 4417, 40.05%, 0, 15, 3, 284.53, 698973, 11948
59290, 0, 1796, 15250, 14864, 4415, 40.05%, 0, 15, 3, 251.35, 700166, 11948
59295, 0, 1799, 15250, 14862, 4413, 40.05%, 0, 15, 3, 240.16, 701338, 11948
59300, 0, 1803, 15250, 14860, 4411, 40.05%, 0, 15, 3, 223.22, 702482, 11948
59305, 0, 1807, 15250, 14858, 4409, 40.05%, 0, 15, 3, 268.25, 703873, 11948
59490, 0, 1811, 15252, 14858, 4407, 40.05%, 0, 15, 3, 0.11, 705002, 11948
59495, 0, 1811, 15253, 14859, 4407, 40.05%, 0, 15, 3, 274.12, 706354, 11948
59500, 0, 1811, 15253, 14859, 4407, 40.05%, 0, 15, 3, 260.14, 707719, 11948
59505, 0, 1811, 15253, 14859, 4407, 40.05%, 0, 15, 3, 221.90, 708777, 11948
59510, 0, 1813, 15253, 14858, 4407, 40.05%, 0, 15, 3, 203.68, 709821, 11948
59515, 0, 1823, 15253, 14855, 4404, 40.05%, 0, 15, 3, 255.89, 711159, 11948
59700, 0, 1829, 15253, 14853, 4402, 40.05%, 0, 15, 3, 0.06, 712549, 11948
59705, 0, 1831, 15253, 14851, 4400, 40.05%, 0, 15, 3, 243.31, 713903, 11948
59711, 0, 1839, 15253, 14848, 4397, 40.05%, 0, 15, 3, 250.00, 715309, 11948
59716, 0, 1842, 15253, 14846, 4395, 40.05%, 0, 15, 3, 261.18, 716634, 11948
59721, 0, 1851, 15253, 14843, 4392, 40.05%, 0, 15, 3, 273.57, 718054, 11948
59726, 0, 1855, 15253, 14841, 4390, 40.05%, 0, 15, 3, 224.30, 719205, 11948
59911, 0, 1856, 15253, 14840, 4389, 40.05%, 0, 15, 3, 0.20, 720289, 11948
59916, 0, 1861, 15253, 14837, 4386, 40.05%, 0, 15, 3, 295.05, 721754, 11948
59921, 0, 1865, 15253, 14835, 4384, 40.05%, 0, 15, 3, 271.21, 723119, 11948
59926, 0, 1878, 15253, 14833, 4382, 40.05%, 0, 15, 3, 251.06, 724397, 11948
59931, 0, 1893, 15253, 14831, 4380, 40.05%, 0, 15, 3, 245.74, 725701, 11948
59936, 0, 1898, 15253, 14829, 4378, 40.05%, 0, 15, 3, 243.01, 726905, 11948
60121, 0, 1913, 15254, 14828, 4376, 40.05%, 0, 15, 3, 0.09, 727948, 11948
60126, 0, 1933, 15254, 14826, 4375, 40.05%, 0, 15, 3, 177.99, 728859, 11948
60131, 0, 1941, 15254, 14824, 4374, 40.05%, 0, 15, 3, 242.37, 730160, 11948
60136, 0, 1959, 15254, 14821, 4371, 40.05%, 0, 15, 3, 289.94, 731711, 11948
60141, 0, 1965, 15255, 14820, 4370, 40.05%, 0, 15, 3, 296.25, 733198, 11948
60147, 0, 1965, 15256, 14821, 4370, 40.05%, 0, 15, 3, 276.51, 734585, 11948
60331, 0, 1965, 15257, 14822, 4370, 40.05%, 0, 15, 3, 0.11, 735777, 11948
60336, 0, 1965, 15257, 14822, 4370, 40.05%, 0, 15, 3, 262.02, 737192, 11948
60341, 0, 1965, 15258, 14823, 4370, 40.05%, 0, 15, 3, 284.11, 738649, 11948
60347, 0, 1965, 15258, 14823, 4370, 40.05%, 0, 15, 3, 283.77, 740139, 11948
60352, 0, 1965, 15258, 14823, 4370, 40.05%, 0, 15, 3, 256.73, 741444, 11948
60357, 0, 1967, 15258, 14822, 4370, 40.05%, 0, 15, 3, 256.29, 742734, 11948
60542, 0, 1971, 15260, 14823, 4369, 40.05%, 0, 15, 3, 0.04, 743868, 11948
60547, 0, 1972, 15261, 14823, 4369, 40.05%, 0, 15, 3, 239.93, 745198, 11948
60552, 0, 1975, 15263, 14824, 4369, 40.05%, 0, 15, 3, 289.68, 746774, 11948
60557, 0, 1975, 15263, 14824, 4369, 40.05%, 0, 15, 3, 236.73, 747945, 11948
60562, 0, 1977, 15264, 14823, 4368, 40.05%, 0, 15, 3, 260.15, 749311, 11948
60567, 0, 1977, 15266, 14825, 4368, 40.05%, 0, 15, 3, 259.53, 750660, 11948
60752, 0, 1977, 15266, 14825, 4368, 40.05%, 0, 15, 3, 0.13, 751646, 11948
60757, 0, 1977, 15267, 14826, 4368, 40.05%, 0, 15, 3, 258.38, 753087, 11948
60762, 0, 1977, 15267, 14826, 4368, 40.05%, 0, 15, 3, 294.58, 754627, 11948
60767, 0, 1977, 15267, 14826, 4368, 40.05%, 0, 15, 3, 274.89, 756107, 11948
60773, 0, 1977, 15267, 14826, 4368, 40.05%, 0, 15, 3, 242.10, 757289, 11948
60778, 0, 1977, 15267, 14826, 4368, 40.05%, 0, 15, 3, 223.04, 758413, 11948
60963, 0, 1981, 15268, 14826, 4368, 40.05%, 0, 15, 3, 0.25, 759669, 11948
60968, 0, 1984, 15268, 14824, 4367, 40.05%, 0, 15, 3, 258.46, 761059, 11948
60973, 0, 1985, 15271, 14826, 4366, 40.05%, 0, 15, 3, 261.32, 762465, 11948
60978, 0, 1985, 15272, 14827, 4366, 40.05%, 0, 15, 3, 261.69, 763867, 11948
60983, 0, 1985, 15273, 14828, 4366, 40.05%, 0, 15, 3, 243.56, 765103, 11948
60988, 0, 1985, 15273, 14828, 4366, 40.05%, 0, 15, 3, 272.61, 766514, 11948
63276, 0, 1985, 15273, 14828, 4366, 40.05%, 0, 15, 3, 0.00, 767734, 11948
63281, 0, 1985, 15273, 14828, 4366, 40.05%, 0, 15, 3, 250.92, 769007, 11948
63286, 0, 1985, 15273, 14828, 4366, 40.05%, 0, 15, 3, 267.99, 770364, 11948
63291, 0, 1985, 15273, 14828, 4366, 40.05%, 0, 15, 3, 258.52, 771669, 11948
63297, 0, 1985, 15273, 14828, 4366, 40.05%, 0, 15, 3, 269.53, 773014, 11948
63302, 0, 1985, 15273, 14828, 4366, 40.05%, 0, 15, 3, 246.03, 774179, 11948
63487, 0, 1985, 15274, 14829, 4366, 40.05%, 0, 15, 3, 0.24, 775334, 11948
63492, 0, 1985, 15274, 14829, 4366, 40.05%, 0, 15, 3, 279.72, 776841, 11948
63497, 0, 1985, 15274, 14829, 4366, 40.05%, 0, 15, 3, 256.60, 778081, 11948
63502, 0, 1985, 15274, 14829, 4366, 40.05%, 0, 15, 3, 247.68, 779362, 11948
63507, 0, 1986, 15274, 14828, 4366, 40.05%, 0, 15, 3, 248.24, 780590, 11948
63512, 0, 1987, 15321, 14874, 4376, 40.14%, 0, 15, 3, 108.55, 781544, 11972
63697, 0, 1989, 15321, 14872, 4374, 40.14%, 0, 15, 3, 0.55, 782862, 11972
63702, 0, 1990, 15323, 14873, 4373, 40.14%, 0, 15, 3, 297.29, 784274, 11972
63707, 0, 1990, 15324, 14874, 4373, 40.14%, 0, 15, 3, 267.59, 785617, 11972
63712, 0, 1990, 15324, 14874, 4373, 40.14%, 0, 15, 3, 295.18, 787127, 11972
63717, 0, 1991, 15324, 14873, 4372, 40.14%, 0, 15, 3, 251.94, 788392, 11972
63722, 0, 2007, 15324, 14870, 4369, 40.14%, 0, 15, 3, 255.19, 789717, 11972
63907, 0, 2011, 15324, 14868, 4367, 40.14%, 0, 15, 3, 0.14, 790892, 11972
63912, 0, 2012, 15324, 14867, 4366, 40.14%, 0, 15, 3, 243.56, 792037, 11972
63917, 0, 2015, 15324, 14865, 4364, 40.14%, 0, 15, 3, 229.04, 793233, 11972
63922, 0, 2022, 15324, 14863, 4362, 40.14%, 0, 15, 3, 240.08, 794456, 11972
63927, 0, 2025, 15324, 14860, 4359, 40.14%, 0, 15, 3, 243.46, 795727, 11972
63933, 0, 2036, 15324, 14858, 4357, 40.14%, 0, 15, 3, 233.52, 796931, 11972
64118, 0, 2038, 15324, 14856, 4355, 40.14%, 0, 15, 3, 0.22, 798177, 11972
64123, 0, 2046, 15324, 14854, 4353, 40.14%, 0, 15, 3, 255.85, 799487, 11972
64128, 0, 2054, 15324, 14852, 4351, 40.14%, 0, 15, 3, 248.84, 800775, 11972
64133, 0, 2068, 15324, 14850, 4349, 40.14%, 0, 15, 3, 219.12, 801855, 11972
64138, 0, 2074, 15324, 14848, 4347, 40.14%, 0, 15, 3, 230.72, 803005, 11972
64143, 0, 2077, 15324, 14845, 4344, 40.14%, 0, 15, 3, 283.37, 804497, 11972
64328, 0, 2080, 15324, 14843, 4342, 40.14%, 0, 15, 3, 0.55, 805752, 11972
64333, 0, 2081, 15325, 14843, 4341, 40.14%, 0, 15, 3, 307.27, 807196, 11972
64338, 0, 2082, 15326, 14843, 4340, 40.14%, 0, 15, 3, 262.08, 808461, 11972
64343, 0, 2087, 15326, 14841, 4338, 40.14%, 0, 15, 3, 261.69, 809731, 11972
64348, 0, 2096, 15326, 14838, 4335, 40.14%, 0, 15, 3, 242.15, 810979, 11972
64353, 0, 2101, 15326, 14836, 4333, 40.14%, 0, 15, 3, 257.70, 812316, 11972
64538, 0, 2106, 15326, 14833, 4330, 40.14%, 0, 15, 3, 0.36, 813536, 11972
64543, 0, 2108, 15326, 14832, 4329, 40.14%, 0, 15, 3, 145.97, 814413, 11972
64548, 0, 2109, 15326, 14831, 4328, 40.14%, 0, 15, 3, 184.31, 815261, 11972
64553, 0, 2111, 15328, 14832, 4327, 40.14%, 0, 15, 3, 147.69, 816003, 11973
64559, 0, 2111, 15328, 14832, 4327, 40.14%, 0, 15, 3, 133.58, 816683, 11973
64564, 0, 2111, 15328, 14832, 4327, 40.14%, 0, 15, 3, 94.30, 817154, 11973
64749, 0, 2111, 15328, 14832, 4327, 40.14%, 0, 15, 3, 0.10, 817588, 11973
64754, 0, 2123, 15330, 14833, 4328, 40.14%, 0, 15, 3, 131.29, 818253, 11973
64759, 0, 2123, 15330, 14833, 4328, 40.14%, 0, 15, 3, 146.59, 818995, 11973
64764, 0, 2123, 15330, 14833, 4328, 40.14%, 0, 15, 3, 127.01, 819613, 11973
64769, 0, 2124, 15330, 14832, 4328, 40.14%, 0, 15, 3, 132.46, 820307, 11973
64774, 0, 2127, 15330, 14831, 4327, 40.14%, 0, 15, 3, 210.78, 821317, 11973
64959, 0, 2129, 15330, 14829, 4325, 40.14%, 0, 15, 3, 0.02, 822429, 11973
64964, 0, 2132, 15330, 14826, 4322, 40.14%, 0, 15, 3, 257.41, 823819, 11973
64969, 0, 2134, 15330, 14824, 4320, 40.14%, 0, 15, 3, 238.72, 825081, 11973
64974, 0, 2136, 15330, 14822, 4318, 40.14%, 0, 15, 3, 255.80, 826349, 11973
64980, 0, 2137, 15331, 14822, 4317, 40.14%, 0, 15, 3, 235.73, 827564, 11973
64985, 0, 2139, 15331, 14820, 4316, 40.14%, 0, 15, 3, 246.13, 828832, 11973
65169, 0, 2147, 15331, 14817, 4313, 40.14%, 0, 15, 3, 0.28, 830136, 11973
65175, 0, 2147, 15333, 14819, 4313, 40.14%, 0, 15, 3, 280.08, 831645, 11973
65180, 0, 2150, 15333, 14817, 4311, 40.14%, 0, 15, 3, 299.65, 833165, 11973
65185, 0, 2163, 15333, 14814, 4308, 40.14%, 0, 15, 3, 280.96, 834530, 11973
65190, 0, 2167, 15334, 14813, 4306, 40.14%, 0, 15, 3, 285.78, 835972, 11973
65195, 0, 2176, 15334, 14810, 4303, 40.14%, 0, 15, 3, 310.29, 837545, 11973
67483, 0, 2196, 15334, 14807, 4300, 40.14%, 0, 15, 3, 0.02, 839027, 11973
67488, 0, 2204, 15421, 14892, 4306, 40.20%, 0, 15, 3, 759.13, 841068, 11992
67493, 0, 2213, 15422, 14890, 4303, 40.20%, 0, 15, 3, 410.62, 842641, 11992
67499, 0, 2227, 15422, 14887, 4300, 40.20%, 0, 15, 3, 298.23, 844051, 11992
67504, 0, 2239, 15422, 14884, 4297, 40.20%, 0, 15, 3, 286.57, 845530, 11992
67509, 0, 2269, 15422, 14881, 4294, 40.20%, 0, 15, 3, 328.24, 847219, 11992
67694, 0, 2282, 15424, 14882, 4293, 40.20%, 0, 15, 3, 0.27, 848753, 11992
67699, 0, 2285, 15424, 14880, 4291, 40.20%, 0, 15, 3, 291.35, 850404, 11992
67704, 0, 2293, 15424, 14877, 4289, 40.20%, 0, 15, 3, 283.07, 851809, 11992
67709, 0, 2296, 15424, 14875, 4287, 40.20%, 0, 15, 3, 286.84, 853264, 11992
67714, 0, 2310, 15424, 14872, 4284, 40.20%, 0, 15, 3, 284.99, 854784, 11992
67719, 0, 2313, 15425, 14872, 4283, 40.20%, 0, 15, 3, 299.11, 856316, 11992
67904, 0, 2317, 15425, 14870, 4282, 40.20%, 0, 15, 3, 0.23, 857746, 11992
67909, 0, 2357, 15425, 14866, 4278, 40.20%, 0, 15, 3, 318.97, 859466, 11992
67914, 0, 2365, 15425, 14864, 4276, 40.20%, 0, 15, 3, 280.60, 860901, 11992
67919, 0, 2370, 15425, 14862, 4274, 40.20%, 0, 15, 3, 252.16, 862141, 11992
67924, 0, 2371, 15429, 14865, 4273, 40.20%, 0, 15, 3, 282.90, 863559, 11992
67929, 0, 2371, 15429, 14865, 4273, 40.20%, 0, 15, 3, 289.17, 864989, 11992
68114, 0, 2371, 15429, 14865, 4273, 40.20%, 0, 15, 3, 0.07, 866460, 11992
68119, 0, 2371, 15429, 14865, 4273, 40.20%, 0, 15, 3, 280.38, 867899, 11992
68124, 0, 2371, 15429, 14865, 4273, 40.20%, 0, 15, 3, 254.13, 869189, 11992
68130, 0, 2371, 15429, 14865, 4273, 40.20%, 0, 15, 3, 246.35, 870462, 11992
68135, 0, 2371, 15429, 14865, 4273, 40.20%, 0, 15, 3, 225.96, 871578, 11992
68140, 0, 2372, 15430, 14865, 4272, 40.20%, 0, 15, 3, 264.28, 872901, 11992
68325, 0, 2378, 15431, 14864, 4270, 40.20%, 0, 15, 3, 0.03, 874178, 11992
68330, 0, 2382, 15431, 14862, 4269, 40.20%, 0, 15, 3, 316.05, 875684, 11992
68335, 0, 2385, 15432, 14861, 4267, 40.20%, 0, 15, 3, 288.86, 877154, 11992
68340, 0, 2386, 15433, 14861, 4266, 40.20%, 0, 15, 3, 294.58, 878647, 11992
68345, 0, 2390, 15433, 14859, 4264, 40.20%, 0, 15, 3, 285.17, 880062, 11992
68350, 0, 2394, 15433, 14858, 4263, 40.20%, 0, 15, 3, 154.23, 880750, 11992
68535, 0, 2400, 15433, 14855, 4260, 40.20%, 0, 15, 3, 0.07, 881916, 11992
68540, 0, 2405, 15433, 14852, 4257, 40.20%, 0, 15, 3, 300.79, 883517, 11992
68545, 0, 2408, 15433, 14850, 4255, 40.20%, 0, 15, 3, 272.51, 884867, 11992
68550, 0, 2411, 15435, 14851, 4254, 40.20%, 0, 15, 3, 184.38, 885727, 11992
68555, 0, 2411, 15435, 14851, 4254, 40.20%, 0, 15, 3, 178.52, 886621, 11992
68561, 0, 2418, 15435, 14849, 4253, 40.20%, 0, 15, 3, 243.52, 887818, 11992
71540, 0, 2422, 15435, 14847, 4251, 40.20%, 0, 15, 3, 0.02, 888991, 11992
71690, 0, 2422, 15435, 14847, 4251, 40.20%, 0, 15, 3, 0.20, 889021, 11992
71696, 0, 2425, 15556, 14966, 4249, 40.28%, 0, 16, 3, 372.73, 890824, 12015
71701, 0, 2429, 15654, 15063, 4270, 40.30%, 0, 16, 3, 287.13, 892294, 12021
71706, 0, 2432, 15654, 15061, 4268, 40.30%, 0, 16, 3, 236.90, 893513, 12021
71711, 0, 2435, 15654, 15060, 4267, 40.30%, 0, 16, 3, 223.20, 894585, 12021
71716, 0, 2443, 15654, 15057, 4264, 40.30%, 0, 16, 3, 255.93, 895919, 12021
71901, 0, 2451, 15654, 15056, 4263, 40.30%, 0, 16, 3, 0.24, 896845, 12021
71906, 0, 2459, 15654, 15053, 4260, 40.30%, 0, 16, 3, 268.45, 898249, 12021
71911, 0, 2463, 15654, 15051, 4258, 40.30%, 0, 16, 3, 207.28, 899261, 12021
71916, 0, 2468, 15654, 15049, 4256, 40.30%, 0, 16, 3, 232.58, 900485, 12021
71921, 0, 2496, 15654, 15047, 4254, 40.30%, 0, 16, 3, 232.91, 901705, 12021
71926, 0, 2508, 15654, 15045, 4252, 40.30%, 0, 16, 3, 250.80, 902924, 12021
72111, 0, 2511, 15654, 15043, 4250, 40.30%, 0, 16, 3, 0.11, 904119, 12021
72116, 0, 2516, 15654, 15041, 4248, 40.30%, 0, 16, 3, 233.41, 905349, 12021
72121, 0, 2524, 15654, 15039, 4246, 40.30%, 0, 16, 3, 223.96, 906445, 12021
72126, 0, 2531, 15654, 15037, 4244, 40.30%, 0, 16, 3, 231.67, 907613, 12021
72131, 0, 2535, 15654, 15036, 4243, 40.30%, 0, 16, 3, 224.82, 908721, 12021
72136, 0, 2536, 15655, 15036, 4242, 40.30%, 0, 16, 3, 234.96, 909920, 12021
72322, 0, 2543, 15655, 15034, 4240, 40.30%, 0, 16, 3, 0.22, 911146, 12021
72327, 0, 2570, 15655, 15031, 4237, 40.30%, 0, 16, 3, 279.19, 912551, 12021
72332, 0, 2577, 15655, 15029, 4235, 40.30%, 0, 16, 3, 245.39, 913776, 12021
72337, 0, 2594, 15656, 15029, 4234, 40.30%, 0, 16, 3, 201.33, 914787, 12021
72342, 0, 2603, 15656, 15027, 4232, 40.30%, 0, 16, 3, 219.70, 915927, 12021
72347, 0, 2613, 15656, 15025, 4230, 40.30%, 0, 16, 3, 233.58, 917087, 12021
72532, 0, 2619, 15656, 15023, 4228, 40.30%, 0, 16, 3, 0.28, 918408, 12021
72537, 0, 2621, 15656, 15021, 4226, 40.30%, 0, 16, 3, 272.14, 919768, 12021
72542, 0, 2627, 15656, 15018, 4223, 40.30%, 0, 16, 3, 273.74, 921168, 12021
72547, 0, 2653, 15656, 15015, 4220, 40.30%, 0, 16, 3, 252.89, 922403, 12021
72552, 0, 2653, 15656, 15015, 4220, 40.30%, 0, 16, 3, 119.85, 922827, 12021
72557, 0, 2679, 15656, 15013, 4218, 40.30%, 0, 16, 3, 203.02, 923825, 12021
72742, 0, 2682, 15656, 15011, 4216, 40.30%, 0, 16, 3, 0.19, 925143, 12021
72747, 0, 2684, 15656, 15009, 4214, 40.30%, 0, 16, 3, 268.52, 926572, 12021
72752, 0, 2689, 15656, 15006, 4211, 40.30%, 0, 16, 3, 261.15, 927903, 12021
72758, 0, 2693, 15656, 15004, 4209, 40.30%, 0, 16, 3, 258.09, 929258, 12021
72763, 0, 2704, 15656, 15002, 4207, 40.30%, 0, 16, 3, 251.43, 930543, 12021
72768, 0, 2709, 15656, 15000, 4205, 40.30%, 0, 16, 3, 232.09, 931665, 12021
72953, 0, 2716, 15656, 14998, 4203, 40.30%, 0, 16, 3, 0.13, 932657, 12021
72958, 0, 2720, 15656, 14996, 4201, 40.30%, 0, 16, 3, 242.23, 933893, 12021
72963, 0, 2722, 15657, 14996, 4200, 40.30%, 0, 16, 3, 229.04, 935080, 12021
72968, 0, 2731, 15657, 14994, 4198, 40.30%, 0, 16, 3, 233.39, 936264, 12021
72973, 0, 2737, 15657, 14992, 4196, 40.30%, 0, 16, 3, 278.96, 937670, 12021
72978, 0, 2740, 15658, 14991, 4194, 40.30%, 0, 16, 3, 275.65, 938987, 12021
73163, 0, 2742, 15659, 14990, 4192, 40.30%, 0, 16, 3, 0.11, 940334, 12021
73168, 0, 2744, 15659, 14989, 4192, 40.30%, 0, 16, 3, 251.71, 941649, 12021
73173, 0, 2746, 15659, 14987, 4190, 40.30%, 0, 16, 3, 242.36, 942918, 12021
73178, 0, 2750, 15659, 14985, 4188, 40.30%, 0, 16, 3, 234.27, 944106, 12021
73183, 0, 2754, 15659, 14983, 4186, 40.30%, 0, 16, 3, 254.45, 945439, 12021
73188, 0, 2761, 15659, 14981, 4184, 40.30%, 0, 16, 3, 248.74, 946578, 12021
73373, 0, 2765, 15660, 14980, 4182, 40.30%, 0, 16, 3, 0.36, 947891, 12021
73378, 0, 2765, 15662, 14982, 4182, 40.30%, 0, 16, 3, 278.34, 949270, 12021
73384, 0, 2765, 15663, 14983, 4182, 40.30%, 0, 16, 3, 244.75, 950466, 12021
73389, 0, 2765, 15663, 14983, 4182, 40.30%, 0, 16, 3, 262.12, 951807, 12021
73394, 0, 2765, 15663, 14983, 4182, 40.30%, 0, 16, 3, 245.60, 953022, 12021
73399, 0, 2765, 15663, 14983, 4182, 40.30%, 0, 16, 3, 276.15, 954447, 12021
73584, 0, 2765, 15663, 14983, 4182, 40.30%, 0, 16, 3, 0.17, 955992, 12021
73589, 0, 2772, 15663, 14982, 4181, 40.30%, 0, 16, 3, 265.86, 957342, 12021
73594, 0, 2775, 15663, 14980, 4179, 40.30%, 0, 16, 3, 264.50, 958737, 12021
73599, 0, 2778, 15663, 14977, 4176, 40.30%, 0, 16, 3, 282.90, 960122, 12021
73604, 0, 2779, 15663, 14976, 4175, 40.30%, 0, 16, 3, 205.45, 961098, 12021
73610, 0, 2781, 15663, 14974, 4173, 40.30%, 0, 16, 3, 244.77, 962394, 12021
75898, 0, 2787, 15663, 14972, 4171, 40.30%, 0, 16, 3, 0.01, 963567, 12021
75903, 0, 2791, 15670, 14977, 4169, 40.30%, 0, 17, 3, 24.71, 964280, 12021
75909, 0, 2792, 15757, 15063, 4171, 40.33%, 0, 17, 3, 193.23, 965813, 12031
75914, 0, 2798, 15757, 15061, 4169, 40.33%, 0, 17, 3, 228.41, 967014, 12031
75919, 0, 2802, 15758, 15060, 4167, 40.33%, 0, 17, 3, 260.22, 968316, 12031
75924, 0, 2805, 15758, 15059, 4167, 40.33%, 0, 17, 3, 254.59, 969601, 12031
76109, 0, 2808, 15759, 15059, 4167, 40.33%, 0, 17, 3, 0.30, 970868, 12031
76114, 0, 2813, 15759, 15056, 4164, 40.33%, 0, 17, 3, 274.74, 972238, 12031
76119, 0, 2816, 15759, 15054, 4163, 40.33%, 0, 17, 3, 288.66, 973683, 12031
76124, 0, 2823, 15759, 15052, 4161, 40.33%, 0, 17, 3, 235.72, 974824, 12031
76129, 0, 2829, 15759, 15050, 4159, 40.33%, 0, 17, 3, 223.65, 976008, 12031
76134, 0, 2834, 15759, 15048, 4157, 40.33%, 0, 17, 3, 256.53, 977318, 12031
79955, 0, 2857, 15759, 15046, 4155, 40.33%, 0, 17, 3, 0.02, 978248, 12031
80105, 0, 2857, 15759, 15046, 4155, 40.33%, 0, 17, 3, 0.29, 978291, 12031
80111, 0, 2859, 15952, 15237, 4153, 40.89%, 0, 17, 3, 568.21, 980968, 12196
80116, 0, 2863, 16111, 15395, 4231, 40.95%, 0, 17, 3, 185.89, 982965, 12216
80121, 0, 2872, 16111, 15393, 4229, 40.95%, 0, 17, 3, 256.10, 984357, 12216
80126, 0, 2880, 16111, 15390, 4226, 40.95%, 0, 17, 3, 293.13, 985882, 12216
80131, 0, 2885, 16112, 15390, 4225, 40.95%, 0, 17, 3, 171.98, 986728, 12216
80316, 0, 2889, 16112, 15388, 4223, 40.95%, 0, 17, 3, 0.13, 987705, 12216
80321, 0, 2901, 16113, 15386, 4220, 40.95%, 0, 17, 3, 318.76, 989318, 12216
80326, 0, 2905, 16113, 15385, 4220, 40.95%, 0, 17, 3, 283.01, 990776, 12216
80331, 0, 2907, 16114, 15384, 4218, 40.95%, 0, 17, 3, 252.76, 992083, 12216
80336, 0, 2909, 16115, 15384, 4218, 40.95%, 0, 17, 3, 244.49, 993304, 12216
80341, 0, 2913, 16116, 15384, 4217, 40.95%, 0, 17, 3, 240.01, 994511, 12216
80526, 0, 2915, 16116, 15382, 4215, 40.95%, 0, 17, 3, 0.14, 995647, 12216
80531, 0, 2920, 16116, 15380, 4213, 40.95%, 0, 17, 3, 225.67, 996821, 12216
80536, 0, 2924, 16116, 15378, 4211, 40.95%, 0, 17, 3, 205.48, 997911, 12216
80542, 0, 2925, 16117, 15378, 4210, 40.95%, 0, 17, 3, 168.87, 998664, 12216
80547, 0, 2925, 16118, 15379, 4210, 40.95%, 0, 17, 3, 218.43, 999817, 12216
80552, 0, 2926, 16118, 15378, 4209, 40.95%, 0, 17, 3, 271.39, 1001271, 12216
80737, 0, 2929, 16118, 15376, 4207, 40.95%, 0, 17, 3, 0.11, 1002486, 12216
80742, 0, 2931, 16118, 15374, 4205, 40.95%, 0, 17, 3, 218.68, 1003721, 12216
80747, 0, 2936, 16118, 15372, 4204, 40.95%, 0, 17, 3, 221.56, 1004893, 12216
80752, 0, 2942, 16118, 15369, 4201, 40.95%, 0, 17, 3, 247.62, 1006145, 12216
80757, 0, 2944, 16118, 15367, 4199, 40.95%, 0, 17, 3, 268.90, 1007596, 12216
80762, 0, 2946, 16118, 15365, 4197, 40.95%, 0, 17, 3, 284.67, 1009066, 12216
80947, 0, 2952, 16118, 15363, 4195, 40.95%, 0, 17, 3, 0.19, 1010211, 12216
80952, 0, 2955, 16118, 15361, 4193, 40.95%, 0, 17, 3, 231.70, 1011373, 12216
80957, 0, 2958, 16118, 15359, 4191, 40.95%, 0, 17, 3, 240.59, 1012653, 12216
80962, 0, 2968, 16118, 15356, 4188, 40.95%, 0, 17, 3, 252.58, 1013941, 12216
80967, 0, 2969, 16119, 15356, 4187, 40.96%, 0, 17, 3, 238.63, 1015144, 12219
80972, 0, 2970, 16119, 15355, 4187, 40.96%, 0, 17, 3, 226.33, 1016292, 12219
81157, 0, 2972, 16119, 15353, 4185, 40.96%, 0, 17, 3, 0.11, 1017352, 12219
81162, 0, 2976, 16119, 15351, 4183, 40.96%, 0, 17, 3, 250.60, 1018673, 12219
81168, 0, 2985, 16119, 15348, 4180, 40.96%, 0, 17, 3, 243.06, 1019908, 12219
81173, 0, 2988, 16119, 15346, 4178, 40.96%, 0, 17, 3, 261.58, 1021313, 12219
81178, 0, 2990, 16120, 15345, 4176, 40.96%, 0, 17, 3, 269.55, 1022660, 12219
81183, 0, 2996, 16120, 15343, 4174, 40.96%, 0, 17, 3, 246.98, 1023885, 12219
81368, 0, 2999, 16120, 15341, 4172, 40.96%, 0, 17, 3, 0.28, 1025065, 12219
81373, 0, 3001, 16120, 15339, 4170, 40.96%, 0, 17, 3, 248.94, 1026410, 12219
81378, 0, 3003, 16120, 15337, 4168, 40.96%, 0, 17, 3, 262.74, 1027755, 12219
81383, 0, 3004, 16121, 15337, 4167, 40.96%, 0, 17, 3, 251.90, 1029047, 12219
81388, 0, 3008, 16121, 15335, 4165, 40.96%, 0, 17, 3, 256.86, 1030258, 12219
81393, 0, 3011, 16121, 15333, 4163, 40.96%, 0, 17, 3, 249.87, 1031522, 12219
81578, 0, 3014, 16121, 15331, 4161, 40.96%, 0, 17, 3, 0.11, 1032827, 12219
81583, 0, 3020, 16121, 15328, 4158, 40.96%, 0, 17, 3, 289.05, 1034377, 12219
81588, 0, 3023, 16124, 15330, 4157, 40.96%, 0, 17, 3, 333.82, 1036147, 12219
81593, 0, 3023, 16124, 15330, 4157, 40.96%, 0, 17, 3, 298.95, 1037647, 12219
81598, 0, 3023, 16125, 15331, 4157, 40.96%, 0, 17, 3, 268.89, 1038990, 12219
81603, 0, 3023, 16125, 15331, 4157, 40.96%, 0, 17, 3, 285.60, 1040465, 12219
81788, 0, 3023, 16125, 15331, 4157, 40.96%, 0, 17, 3, 0.22, 1041730, 12219
81793, 0, 3023, 16125, 15331, 4157, 40.96%, 0, 17, 3, 315.69, 1043396, 12219
81798, 0, 3025, 16125, 15329, 4157, 40.96%, 0, 17, 3, 302.43, 1044836, 12219
81804, 0, 3027, 16125, 15327, 4155, 40.96%, 0, 17, 3, 237.10, 1046008, 12219
81809, 0, 3035, 16125, 15325, 4153, 40.96%, 0, 17, 3, 287.53, 1047450, 12219
81814, 0, 3053, 16125, 15322, 4150, 40.96%, 0, 17, 3, 281.92, 1048920, 12219
81999, 0, 3060, 16126, 15322, 4149, 40.96%, 0, 17, 3, 0.19, 1050417, 12219
82004, 0, 3067, 16126, 15319, 4147, 40.96%, 0, 17, 3, 262.74, 1051817, 12219
82009, 0, 3067, 16129, 15322, 4147, 40.96%, 0, 17, 3, 227.76, 1052996, 12219
82014, 0, 3067, 16129, 15322, 4147, 40.96%, 0, 17, 3, 239.59, 1054220, 12219
82019, 0, 3067, 16130, 15323, 4147, 40.96%, 0, 17, 3, 248.70, 1055480, 12219
82024, 0, 3067, 16130, 15323, 4147, 40.96%, 0, 17, 3, 263.24, 1056820, 12219
84313, 0, 3067, 16131, 15324, 4147, 40.96%, 0, 17, 3, 0.02, 1058047, 12219
84318, 0, 3067, 16131, 15324, 4147, 40.96%, 0, 17, 3, 258.09, 1059407, 12219
84324, 0, 3067, 16132, 15325, 4147, 40.96%, 0, 17, 3, 242.09, 1060609, 12219
84329, 0, 3067, 16132, 15325, 4147, 40.96%, 0, 17, 3, 243.35, 1061781, 12219
84334, 0, 3067, 16132, 15325, 4147, 40.96%, 0, 17, 3, 205.22, 1062789, 12219
84339, 0, 3067, 16132, 15325, 4147, 40.96%, 0, 17, 3, 225.55, 1063957, 12219
84524, 0, 3067, 16132, 15325, 4147, 40.96%, 0, 17, 3, 0.06, 1065159, 12219
84529, 0, 3067, 16133, 15326, 4147, 40.96%, 0, 17, 3, 228.68, 1066448, 12219
84534, 0, 3067, 16133, 15326, 4147, 40.96%, 0, 17, 3, 247.67, 1067696, 12219
84539, 0, 3067, 16133, 15326, 4147, 40.96%, 0, 17, 3, 244.16, 1068928, 12219
84544, 0, 3067, 16133, 15326, 4147, 40.96%, 0, 17, 3, 224.60, 1070076, 12219
84549, 0, 3069, 16162, 15353, 4146, 40.98%, 0, 17, 3, 309.03, 1071578, 12224
84734, 0, 3079, 16217, 15407, 4168, 41.04%, 0, 17, 3, 0.07, 1073169, 12242
84739, 0, 3095, 16218, 15406, 4167, 41.04%, 0, 17, 3, 308.07, 1074826, 12242
84744, 0, 3123, 16218, 15404, 4165, 41.04%, 0, 17, 3, 184.73, 1075720, 12242
84750, 0, 3144, 16218, 15400, 4161, 41.04%, 0, 17, 3, 288.00, 1077230, 12242
84755, 0, 3149, 16219, 15399, 4159, 41.04%, 0, 17, 3, 303.87, 1078745, 12242
84760, 0, 3168, 16219, 15396, 4156, 41.04%, 0, 17, 3, 309.54, 1080209, 12242
84945, 0, 3181, 16219, 15394, 4154, 41.04%, 0, 17, 3, 0.19, 1081402, 12242
84950, 0, 3181, 16220, 15395, 4154, 41.04%, 0, 17, 3, 236.59, 1082548, 12242
84955, 0, 3198, 16221, 15394, 4153, 41.04%, 0, 17, 3, 252.17, 1083881, 12242
84960, 0, 3202, 16221, 15392, 4152, 41.04%, 0, 17, 3, 285.18, 1085346, 12242
84965, 0, 3214, 16221, 15389, 4149, 41.04%, 0, 17, 3, 293.91, 1086861, 12242
84970, 0, 3222, 16221, 15387, 4147, 41.04%, 0, 17, 3, 284.89, 1088361, 12242
85155, 0, 3227, 16221, 15384, 4144, 41.04%, 0, 17, 3, 0.03, 1089829, 12242
85160, 0, 3230, 16221, 15382, 4142, 41.04%, 0, 17, 3, 265.22, 1091241, 12242
85165, 0, 3234, 16221, 15380, 4140, 41.04%, 0, 17, 3, 269.43, 1092621, 12242
85170, 0, 3271, 16221, 15377, 4137, 41.04%, 0, 17, 3, 297.77, 1094131, 12242
85175, 0, 3281, 16222, 15376, 4135, 41.04%, 0, 17, 3, 285.82, 1095608, 12242
85180, 0, 3293, 16222, 15374, 4134, 41.04%, 0, 17, 3, 285.83, 1097138, 12242
85365, 0, 3297, 16222, 15372, 4132, 41.04%, 0, 17, 3, 0.07, 1098728, 12242
85370, 0, 3304, 16222, 15369, 4129, 41.04%, 0, 17, 3, 284.99, 1100173, 12242
85376, 0, 3305, 16223, 15369, 4128, 41.04%, 0, 17, 3, 292.83, 1101700, 12242
85381, 0, 3309, 16224, 15368, 4127, 41.04%, 0, 17, 3, 282.92, 1103102, 12242
85386, 0, 3315, 16224, 15366, 4125, 41.04%, 0, 17, 3, 289.72, 1104652, 12242
85391, 0, 3328, 16224, 15364, 4123, 41.04%, 0, 17, 3, 180.41, 1105396, 12242
85576, 0, 3335, 16224, 15362, 4121, 41.04%, 0, 17, 3, 0.14, 1106922, 12242
85581, 0, 3338, 16224, 15359, 4118, 41.04%, 0, 17, 3, 266.97, 1108302, 12242
85586, 0, 3343, 16225, 15358, 4116, 41.04%, 0, 17, 3, 276.04, 1109719, 12242
85591, 0, 3348, 16225, 15356, 4114, 41.04%, 0, 17, 3, 316.75, 1111335, 12242
85596, 0, 3352, 16225, 15353, 4111, 41.04%, 0, 17, 3, 272.37, 1112669, 12242
85601, 0, 3354, 16225, 15351, 4109, 41.04%, 0, 17, 3, 241.89, 1113925, 12242
85786, 0, 3376, 16226, 15351, 4108, 41.04%, 0, 17, 3, 0.03, 1115166, 12242
85791, 0, 3379, 16226, 15349, 4107, 41.04%, 0, 17, 3, 210.60, 1116082, 12242
85796, 0, 3383, 16226, 15347, 4105, 41.04%, 0, 17, 3, 234.20, 1117146, 12242
85801, 0, 3385, 16227, 15347, 4104, 41.04%, 0, 17, 3, 235.62, 1118305, 12242
85806, 0, 3387, 16227, 15345, 4102, 41.04%, 0, 17, 3, 239.45, 1119529, 12242
85812, 0, 3391, 16228, 15344, 4100, 41.04%, 0, 17, 3, 282.04, 1121075, 12242
85997, 0, 3393, 16228, 15343, 4099, 41.04%, 0, 17, 3, 0.06, 1122285, 12242
86002, 0, 3397, 16228, 15340, 4096, 41.04%, 0, 17, 3, 267.81, 1123700, 12242
86007, 0, 3399, 16228, 15338, 4095, 41.04%, 0, 17, 3, 270.11, 1125065, 12242
86012, 0, 3406, 16228, 15335, 4092, 41.04%, 0, 17, 3, 304.53, 1126674, 12242
86017, 0, 3408, 16229, 15334, 4090, 41.04%, 0, 17, 3, 292.01, 1128127, 12242
86022, 0, 3414, 16229, 15332, 4088, 41.04%, 0, 17, 3, 297.39, 1129681, 12242
86207, 0, 3421, 16229, 15330, 4086, 41.04%, 0, 17, 3, 0.11, 1130972, 12242
86212, 0, 3427, 16229, 15328, 4084, 41.04%, 0, 17, 3, 232.78, 1132223, 12242
86217, 0, 3430, 16229, 15326, 4082, 41.04%, 0, 17, 3, 254.13, 1133532, 12242
86222, 0, 3439, 16230, 15326, 4081, 41.04%, 0, 17, 3, 242.28, 1134750, 12242
86227, 0, 3443, 16230, 15323, 4078, 41.04%, 0, 17, 3, 247.90, 1136014, 12242
86232, 0, 3444, 16230, 15322, 4077, 41.04%, 0, 17, 3, 234.52, 1137166, 12242
