# unix_time, cycles_done, cur_path, paths_total, pending_total, pending_favs, map_size, unique_crashes, unique_hangs, max_depth, execs_per_sec
1712481069, 0, 0, 5, 5, 5, 1.24%, 0, 0, 1, 1739.13
1712481253, 0, 0, 109, 109, 5, 1.60%, 0, 0, 2, 0.54
1712481258, 0, 0, 129, 129, 5, 1.61%, 0, 0, 2, 1084.43
1712481263, 0, 0, 155, 155, 5, 1.72%, 0, 0, 2, 1159.06
1712481268, 0, 0, 164, 164, 5, 1.73%, 0, 0, 2, 1002.54
1712481273, 0, 0, 171, 171, 5, 1.74%, 0, 0, 2, 1046.52
1712481278, 0, 0, 176, 176, 5, 1.74%, 0, 0, 2, 1051.22
1712481283, 0, 0, 179, 179, 5, 1.75%, 0, 0, 2, 1063.46
1712485471, 0, 0, 215, 215, 5, 1.95%, 0, 0, 2, 1180.59
1712485486, 0, 0, 230, 230, 5, 1.99%, 0, 0, 2, 1172.51
1712485491, 0, 0, 231, 231, 5, 1.99%, 0, 0, 2, 1139.48
1712485681, 0, 0, 233, 233, 5, 1.99%, 0, 0, 2, 1166.83
1712485686, 0, 0, 235, 235, 5, 1.99%, 0, 0, 2, 1133.02
1712485896, 0, 0, 236, 236, 5, 1.99%, 0, 0, 2, 1161.73
1712485902, 0, 0, 240, 240, 5, 2.00%, 0, 0, 2, 1189.31
1712489680, 0, 0, 242, 242, 5, 2.00%, 0, 0, 2, 997.89
1712489685, 0, 0, 259, 259, 5, 2.01%, 0, 0, 2, 1144.84
1712489690, 0, 0, 264, 264, 5, 2.02%, 0, 0, 2, 1136.69
1712489700, 0, 0, 271, 271, 5, 2.03%, 0, 0, 2, 1133.41
1712489886, 0, 0, 274, 274, 5, 2.03%, 0, 0, 2, 0.33
1712489891, 0, 0, 277, 277, 5, 2.03%, 0, 0, 2, 1108.37
1712489901, 0, 0, 283, 283, 5, 2.03%, 0, 0, 2, 1140.51
1712489906, 0, 0, 284, 284, 5, 2.04%, 0, 0, 2, 1113.51
1712489911, 0, 0, 286, 286, 5, 2.04%, 0, 0, 2, 1104.87
1712490096, 0, 0, 313, 313, 5, 2.05%, 0, 0, 2, 0.35
1712490101, 0, 0, 365, 365, 5, 2.11%, 0, 0, 2, 1017.74
1712490107, 0, 0, 384, 384, 5, 2.13%, 0, 0, 2, 996.68
1712490112, 0, 0, 401, 401, 5, 2.16%, 0, 0, 2, 927.82
1712490117, 0, 0, 412, 412, 5, 2.17%, 0, 0, 2, 894.12
1712490122, 0, 0, 418, 418, 5, 2.17%, 0, 0, 2, 649.95
1712490311, 0, 0, 423, 423, 5, 2.17%, 0, 0, 2, 0.10
1712490316, 0, 0, 734, 733, 4, 4.91%, 0, 0, 2, 853.10
1712490321, 0, 0, 1077, 1076, 4, 6.07%, 0, 0, 2, 664.52
1712490327, 0, 0, 1451, 1450, 4, 6.82%, 0, 0, 2, 675.27
1712490332, 0, 0, 1803, 1802, 4, 7.35%, 0, 0, 2, 654.28
1712490337, 0, 0, 2125, 2124, 4, 7.81%, 0, 0, 2, 606.09
1712490522, 0, 0, 2400, 2399, 4, 8.13%, 0, 0, 2, 0.10
1712490527, 0, 0, 2665, 2664, 4, 8.42%, 0, 0, 2, 522.06
1712490532, 0, 0, 2957, 2956, 4, 8.76%, 0, 0, 2, 580.50
1712490537, 0, 0, 3217, 3216, 4, 9.05%, 0, 0, 2, 547.32
1712490542, 0, 0, 3465, 3464, 4, 9.24%, 0, 0, 2, 529.89
1712490547, 0, 0, 3750, 3749, 4, 9.48%, 0, 0, 2, 558.50
1712490732, 0, 0, 3957, 3956, 4, 9.66%, 0, 0, 2, 0.30
1712490737, 0, 0, 4149, 4148, 4, 9.81%, 0, 0, 2, 362.83
1712490742, 0, 0, 4371, 4370, 4, 9.97%, 0, 0, 2, 457.27
1712490747, 0, 0, 4575, 4574, 4, 10.14%, 0, 0, 2, 461.66
1712490752, 0, 0, 4754, 4753, 4, 10.29%, 0, 0, 2, 400.16
1712490758, 0, 0, 4937, 4936, 4, 10.47%, 0, 1, 2, 72.13
1712490943, 0, 53, 5020, 5013, 2301, 10.54%, 0, 1, 2, 0.18
1712490948, 0, 53, 5021, 5014, 2301, 10.54%, 0, 1, 3, 777.39
1712490953, 0, 53, 5022, 5015, 2301, 10.54%, 0, 1, 3, 790.22
1712491153, 0, 53, 5022, 5015, 2301, 10.54%, 0, 2, 3, 0.19
1712495163, 0, 53, 5023, 5016, 2301, 10.55%, 0, 2, 3, 842.61
1712495168, 0, 74, 5023, 5014, 2301, 10.55%, 0, 2, 3, 857.66
1712495178, 0, 74, 5024, 5015, 2301, 10.55%, 0, 2, 3, 949.18
1712499572, 0, 111, 5024, 5013, 2300, 10.55%, 0, 2, 3, 0.62
1712499578, 0, 111, 5028, 5017, 2300, 10.55%, 0, 2, 3, 1402.72
1712499588, 0, 111, 5030, 5019, 2300, 10.55%, 0, 2, 3, 1116.82
1712499598, 0, 111, 5031, 5020, 2300, 10.55%, 0, 2, 3, 1370.12
1712499808, 0, 111, 5032, 5021, 2300, 10.55%, 0, 2, 3, 1378.73
1712503174, 0, 111, 5033, 5022, 2300, 10.55%, 0, 2, 3, 1364.53
1712503359, 0, 119, 5033, 5021, 2300, 10.55%, 0, 2, 3, 1.12
1712503786, 0, 119, 5036, 5024, 2300, 10.56%, 0, 2, 3, 1049.88
1712507359, 0, 144, 5036, 5021, 2299, 10.56%, 0, 2, 3, 0.42
1712507364, 0, 144, 5038, 5023, 2299, 10.56%, 0, 2, 3, 1422.43
1712507369, 0, 144, 5039, 5024, 2299, 10.56%, 0, 2, 3, 1388.53
1712507575, 0, 144, 5040, 5025, 2299, 10.56%, 0, 2, 3, 1320.96
1712510479, 0, 144, 5478, 5462, 2298, 11.68%, 0, 3, 3, 1075.75
1712510484, 0, 144, 5840, 5824, 2298, 11.97%, 0, 4, 3, 1059.75
1712510490, 0, 144, 6255, 6239, 2298, 12.27%, 0, 6, 3, 109.11
1712510496, 0, 144, 6673, 6657, 2298, 12.54%, 0, 6, 3, 133.15
1712510501, 0, 144, 7112, 7096, 2298, 12.79%, 0, 7, 3, 41.63
1712510506, 0, 144, 7615, 7599, 2298, 13.06%, 0, 7, 3, 1007.15
1712510511, 0, 147, 7681, 7665, 3038, 13.10%, 0, 7, 3, 1185.55
1712510522, 0, 147, 7682, 7666, 3038, 13.10%, 0, 7, 3, 1291.26
1712515788, 0, 182, 7682, 7661, 3034, 13.10%, 0, 7, 3, 1758.63
1712515793, 0, 325, 7682, 7643, 3016, 13.10%, 0, 7, 3, 1764.24
1712516009, 0, 325, 7683, 7644, 3016, 13.10%, 0, 7, 3, 1480.12
1712516835, 0, 354, 7683, 7643, 3016, 13.10%, 0, 7, 3, 1726.24
1712519143, 0, 355, 7683, 7642, 3015, 13.10%, 0, 7, 3, 1717.16
1712519584, 0, 359, 7683, 7641, 3014, 13.10%, 0, 7, 3, 1654.66
1712520205, 0, 359, 8162, 8119, 3013, 13.76%, 0, 7, 3, 1312.45
1712520210, 0, 364, 8736, 8693, 3366, 14.13%, 0, 7, 3, 1195.09
1712520610, 0, 364, 8737, 8694, 3366, 14.13%, 0, 7, 3, 1.06
1712520626, 0, 372, 8737, 8693, 3366, 14.13%, 0, 7, 3, 1545.92
1712520636, 0, 373, 8737, 8692, 3365, 14.13%, 0, 7, 3, 1740.07
1712521036, 0, 373, 8738, 8693, 3365, 14.14%, 0, 7, 3, 1566.44
1712523344, 0, 373, 8738, 8693, 3365, 14.14%, 0, 8, 3, 0.03
1712523370, 0, 380, 8738, 8692, 3366, 14.14%, 0, 8, 3, 1990.66
1712523765, 0, 382, 8738, 8691, 3365, 14.14%, 0, 8, 3, 0.22
1712523775, 0, 382, 8739, 8692, 3365, 14.15%, 0, 8, 3, 2319.63
1712523975, 0, 412, 8892, 8844, 3400, 14.24%, 0, 8, 3, 0.73
1712523985, 0, 428, 8892, 8843, 3399, 14.24%, 0, 8, 3, 2435.49
1712523990, 0, 428, 8893, 8844, 3399, 14.24%, 0, 8, 3, 2269.86
1712523996, 0, 435, 8894, 8844, 3399, 14.24%, 0, 8, 3, 2257.15
1712524191, 0, 440, 8894, 8842, 3397, 14.24%, 0, 8, 3, 2372.12
1712524206, 0, 442, 8894, 8841, 3396, 14.24%, 0, 8, 3, 1948.23
1712524401, 0, 443, 8894, 8840, 3395, 14.24%, 0, 8, 3, 2378.82
1712524411, 0, 447, 8894, 8839, 3394, 14.24%, 0, 8, 3, 2222.79
1712524612, 0, 454, 8894, 8838, 3393, 14.24%, 0, 8, 3, 2276.92
1712524632, 0, 457, 8894, 8837, 3392, 14.24%, 0, 8, 3, 1866.03
1712524837, 0, 459, 8894, 8836, 3391, 14.24%, 0, 8, 3, 1957.60
1712525027, 0, 459, 8895, 8837, 3391, 14.24%, 0, 8, 3, 0.21
1712525037, 0, 465, 8895, 8836, 3391, 14.24%, 0, 8, 3, 2348.19
1712525042, 0, 465, 8896, 8837, 3391, 14.24%, 0, 8, 3, 2233.57
1712525052, 0, 466, 8896, 8836, 3390, 14.24%, 0, 8, 3, 1933.66
1712525237, 0, 466, 8896, 8836, 3390, 14.24%, 0, 9, 3, 1.47
1712527551, 0, 469, 8896, 8835, 3390, 14.24%, 0, 9, 3, 0.10
1712527566, 0, 470, 8896, 8834, 3388, 14.24%, 0, 9, 3, 2307.46
1712527766, 0, 472, 8896, 8833, 3387, 14.24%, 0, 9, 3, 2509.15
1712527781, 0, 474, 9039, 8975, 3398, 14.29%, 0, 9, 3, 1828.67
1712527787, 0, 474, 9040, 8976, 3398, 14.29%, 0, 9, 3, 1807.90
1712527971, 0, 474, 9041, 8977, 3398, 14.29%, 0, 9, 3, 2.19
1712527982, 0, 474, 9042, 8978, 3398, 14.29%, 0, 9, 3, 2076.85
1712528182, 0, 475, 9043, 8978, 3397, 14.29%, 0, 9, 3, 2.27
1712528187, 0, 475, 9044, 8979, 3397, 14.29%, 0, 9, 3, 2069.09
1712528197, 0, 476, 9044, 8978, 3398, 14.29%, 0, 9, 3, 1986.25
1712528207, 0, 476, 9045, 8979, 3398, 14.29%, 0, 9, 3, 1850.55
1712528392, 0, 478, 9045, 8978, 3398, 14.29%, 0, 9, 3, 0.68
1712528397, 0, 478, 9046, 8979, 3398, 14.29%, 0, 9, 3, 2074.22
1712528402, 0, 479, 9046, 8978, 3398, 14.29%, 0, 9, 3, 2159.15
1712528623, 0, 482, 9046, 8977, 3398, 14.29%, 0, 9, 3, 1948.11
1712528818, 0, 485, 9048, 8977, 3396, 14.30%, 0, 9, 3, 2005.97
1712528823, 0, 485, 9049, 8978, 3396, 14.30%, 0, 9, 3, 2030.37
1712528828, 0, 485, 9050, 8979, 3396, 14.30%, 0, 9, 3, 1891.70
1712528833, 0, 489, 9050, 8978, 3398, 14.30%, 0, 9, 3, 1922.75
1712529038, 0, 490, 9050, 8977, 3397, 14.30%, 0, 9, 3, 2032.16
1712529238, 0, 490, 9051, 8978, 3397, 14.30%, 0, 9, 3, 2026.32
1712531236, 0, 491, 9051, 8977, 3396, 14.30%, 0, 9, 3, 1725.17
1712531247, 0, 491, 9098, 9023, 3395, 14.32%, 0, 9, 3, 2131.47
1712531252, 0, 497, 9389, 9314, 3446, 14.43%, 0, 12, 3, 1408.93
1712531272, 0, 498, 9389, 9313, 3445, 14.43%, 0, 12, 3, 1936.20
1712531307, 0, 504, 9389, 9312, 3444, 14.43%, 0, 12, 3, 1859.99
1712531317, 0, 504, 9390, 9313, 3444, 14.43%, 0, 12, 3, 1927.22
1712531343, 0, 505, 9391, 9313, 3444, 14.44%, 0, 12, 3, 1972.96
1712531348, 0, 505, 9392, 9314, 3444, 14.44%, 0, 12, 3, 1946.66
1712531358, 0, 514, 9392, 9313, 3445, 14.44%, 0, 12, 3, 1974.25
1712531378, 0, 515, 9392, 9312, 3444, 14.44%, 0, 12, 3, 1917.90
1712531398, 0, 516, 9392, 9311, 3443, 14.44%, 0, 12, 3, 1924.65
1712531413, 0, 517, 9392, 9310, 3442, 14.44%, 0, 12, 3, 2032.33
1712531423, 0, 517, 9393, 9311, 3442, 14.44%, 0, 12, 3, 1925.95
1712536199, 0, 521, 9393, 9310, 3442, 14.44%, 0, 12, 3, 1817.29
1712536384, 0, 521, 9394, 9311, 3442, 14.44%, 0, 12, 3, 1.00
1712536404, 0, 526, 9394, 9309, 3441, 14.44%, 0, 12, 3, 2102.68
1712536594, 0, 528, 9951, 9865, 3612, 14.86%, 0, 12, 3, 1.27
1712536609, 0, 534, 9951, 9864, 3611, 14.86%, 0, 12, 3, 2066.74
1712536810, 0, 535, 9951, 9863, 3610, 14.86%, 0, 12, 3, 1925.23
1712536815, 0, 535, 9952, 9864, 3610, 14.86%, 0, 12, 3, 1992.86
1712536825, 0, 546, 9952, 9863, 3610, 14.86%, 0, 12, 3, 2091.00
1712537030, 0, 547, 9952, 9862, 3609, 14.86%, 0, 12, 3, 2042.34
1712537236, 0, 551, 9952, 9861, 3608, 14.86%, 0, 12, 3, 2049.41
1712537441, 0, 551, 9953, 9862, 3608, 14.86%, 0, 12, 3, 1820.48
1712537656, 0, 551, 9955, 9864, 3608, 14.86%, 0, 12, 3, 1894.92
1712537661, 0, 563, 9958, 9865, 3608, 14.87%, 0, 12, 3, 1989.35
1712537666, 0, 563, 9961, 9868, 3608, 14.87%, 0, 12, 3, 1932.69
1712537671, 0, 566, 9964, 9870, 3616, 14.87%, 0, 12, 3, 1885.24
1712537877, 0, 566, 9965, 9871, 3616, 14.87%, 0, 12, 3, 1777.70
1712537882, 0, 567, 9965, 9870, 3615, 14.87%, 0, 12, 3, 1906.40
1712539884, 0, 567, 9967, 9872, 3615, 14.88%, 0, 12, 3, 0.07
1712539899, 0, 577, 9968, 9872, 3616, 14.88%, 0, 12, 3, 1787.21
1712539910, 0, 577, 9971, 9875, 3616, 14.88%, 0, 12, 3, 1736.87
1712539920, 0, 577, 9980, 9883, 3615, 14.89%, 0, 12, 3, 1871.64
1712539925, 0, 580, 10328, 10231, 3729, 15.15%, 0, 12, 3, 1677.58
1712539945, 0, 591, 10328, 10229, 3727, 15.15%, 0, 12, 3, 1852.31
1712539960, 0, 593, 10328, 10228, 3726, 15.15%, 0, 12, 3, 1804.29
1712540175, 0, 594, 10328, 10227, 3725, 15.15%, 0, 12, 3, 2429.34
1712540185, 0, 604, 10328, 10226, 3724, 15.15%, 0, 12, 3, 2130.12
1712540380, 0, 607, 10330, 10227, 3723, 15.16%, 0, 12, 3, 0.65
1712540385, 0, 607, 10331, 10228, 3723, 15.16%, 0, 12, 3, 2232.17
1712540400, 0, 611, 10332, 10228, 3726, 15.17%, 0, 12, 3, 1981.73
1712540591, 0, 611, 10334, 10230, 3726, 15.17%, 0, 12, 3, 0.21
1712540596, 0, 618, 10334, 10228, 3726, 15.17%, 0, 12, 3, 1934.28
1712540611, 0, 622, 10334, 10227, 3725, 15.17%, 0, 12, 3, 1919.22
1712540811, 0, 622, 10335, 10228, 3725, 15.17%, 0, 12, 3, 2114.26
1712540816, 0, 625, 10335, 10227, 3724, 15.17%, 0, 12, 3, 1961.56
1712540826, 0, 625, 10336, 10228, 3724, 15.17%, 0, 12, 3, 1933.82
1712541011, 0, 625, 10337, 10229, 3724, 15.17%, 0, 12, 3, 1.47
1712541016, 0, 633, 10337, 10228, 3725, 15.17%, 0, 12, 3, 2111.23
1712541021, 0, 633, 10338, 10229, 3725, 15.17%, 0, 12, 3, 2189.15
1712541031, 0, 635, 10338, 10228, 3725, 15.17%, 0, 12, 3, 1942.25
1712541227, 0, 636, 10338, 10227, 3724, 15.17%, 0, 12, 3, 2047.34
1712541652, 0, 641, 10338, 10226, 3723, 15.17%, 0, 12, 3, 1958.70
1712541657, 0, 641, 10340, 10228, 3723, 15.17%, 0, 12, 3, 1957.18
1712541667, 0, 643, 10340, 10227, 3724, 15.17%, 0, 12, 3, 1857.43
1712541852, 0, 643, 10342, 10229, 3724, 15.18%, 0, 12, 3, 0.41
1712542063, 0, 644, 10343, 10229, 3725, 15.18%, 0, 12, 3, 1.22
1712542073, 0, 649, 10343, 10228, 3724, 15.18%, 0, 12, 3, 2093.45
1712542078, 0, 649, 10344, 10229, 3724, 15.18%, 0, 12, 3, 1952.62
1712542088, 0, 652, 10344, 10228, 3724, 15.18%, 0, 12, 3, 1832.61
1712544063, 0, 655, 10344, 10227, 3723, 15.18%, 0, 12, 3, 1769.06
1712544078, 0, 664, 10344, 10226, 3722, 15.18%, 0, 12, 3, 1860.51
1712544093, 0, 668, 10707, 10588, 3820, 15.39%, 0, 12, 3, 1698.81
1712544114, 0, 673, 10707, 10587, 3819, 15.39%, 0, 12, 3, 1837.29
1712544160, 0, 676, 10707, 10586, 3819, 15.39%, 0, 12, 3, 1765.89
1712544175, 0, 677, 10708, 10586, 3818, 15.39%, 0, 12, 3, 1803.98
1712544190, 0, 683, 10709, 10586, 3818, 15.39%, 0, 12, 3, 1781.71
1712544586, 0, 687, 10709, 10585, 3817, 15.39%, 0, 12, 3, 1.83
1712544602, 0, 689, 10711, 10586, 3816, 15.39%, 0, 12, 3, 1966.50
1712544607, 0, 689, 10712, 10587, 3816, 15.39%, 0, 12, 3, 1969.76
1712544802, 0, 692, 10712, 10586, 3818, 15.39%, 0, 12, 3, 2093.47
1712544822, 0, 694, 10712, 10585, 3817, 15.39%, 0, 12, 3, 1823.55
1712545022, 0, 695, 10712, 10584, 3816, 15.39%, 0, 12, 3, 1924.09
1712545223, 0, 704, 10712, 10583, 3816, 15.39%, 0, 12, 3, 2059.82
1712545433, 0, 708, 10712, 10582, 3815, 15.39%, 0, 12, 3, 2030.65
1712545448, 0, 709, 10712, 10581, 3814, 15.39%, 0, 12, 3, 1877.77
1712545643, 0, 709, 10713, 10582, 3814, 15.40%, 0, 12, 3, 2133.41
1712545648, 0, 718, 10713, 10581, 3814, 15.40%, 0, 12, 3, 2084.87
1712545848, 0, 721, 10713, 10580, 3813, 15.40%, 0, 12, 3, 2.16
1712546074, 0, 725, 10714, 10580, 3812, 15.40%, 0, 12, 3, 1885.21
1712546269, 0, 732, 10714, 10579, 3812, 15.40%, 0, 12, 3, 1.51
1712546289, 0, 734, 10714, 10578, 3811, 15.40%, 0, 12, 3, 1737.20
1712548587, 0, 741, 10714, 10576, 3809, 15.40%, 0, 12, 3, 2361.86
1712548793, 0, 743, 10714, 10575, 3808, 15.40%, 0, 12, 3, 2.19
1712548818, 0, 746, 10805, 10665, 3816, 15.41%, 0, 12, 3, 1653.34
1712549028, 0, 747, 10805, 10664, 3815, 15.41%, 0, 12, 3, 1772.92
1712549229, 0, 749, 10805, 10663, 3814, 15.41%, 0, 12, 3, 1877.45
1712549234, 0, 749, 10806, 10664, 3814, 15.41%, 0, 12, 3, 1820.72
1712549424, 0, 750, 10806, 10663, 3814, 15.41%, 0, 12, 3, 0.57
1712549434, 0, 750, 10808, 10665, 3814, 15.41%, 0, 12, 3, 2233.86
1712549444, 0, 751, 10813, 10669, 3815, 15.41%, 0, 12, 3, 1729.80
1712549644, 0, 753, 10813, 10668, 3815, 15.41%, 0, 12, 3, 1988.33
1712549855, 0, 766, 10813, 10667, 3814, 15.41%, 0, 12, 3, 2036.39
1712550060, 0, 771, 10813, 10666, 3813, 15.41%, 0, 12, 3, 2251.16
1712550265, 0, 775, 10813, 10665, 3812, 15.41%, 0, 12, 3, 0.69
1712550506, 0, 784, 10813, 10664, 3812, 15.41%, 0, 12, 3, 1592.23
1712552804, 0, 788, 10873, 10723, 3812, 15.41%, 0, 12, 3, 1658.98
1712553009, 0, 789, 10873, 10722, 3811, 15.41%, 0, 12, 3, 1993.09
1712553024, 0, 792, 10873, 10721, 3810, 15.41%, 0, 12, 3, 1786.90
1712553209, 0, 792, 10874, 10722, 3810, 15.41%, 0, 12, 3, 1.36
1712553224, 0, 793, 10874, 10721, 3810, 15.41%, 0, 12, 3, 1618.42
1712553424, 0, 796, 10874, 10720, 3809, 15.41%, 0, 12, 3, 1752.39
1712553445, 0, 797, 10874, 10719, 3808, 15.41%, 0, 12, 3, 1632.02
1712553635, 0, 797, 10876, 10721, 3808, 15.41%, 0, 12, 3, 1945.63
1712553645, 0, 802, 10876, 10720, 3808, 15.41%, 0, 12, 3, 1744.69
1712553865, 0, 805, 10876, 10719, 3807, 15.41%, 0, 12, 3, 1770.41
1712554266, 0, 808, 10876, 10718, 3806, 15.41%, 0, 12, 3, 1872.74
1712554276, 0, 808, 10877, 10719, 3806, 15.42%, 0, 12, 3, 1667.83
1712554286, 0, 818, 10877, 10718, 3806, 15.42%, 0, 12, 3, 1609.90
1712554486, 0, 820, 10877, 10717, 3805, 15.42%, 0, 12, 3, 1774.23
1712554696, 0, 826, 10877, 10716, 3806, 15.42%, 0, 12, 3, 1607.34
1712561206, 0, 828, 10878, 10716, 3805, 15.42%, 0, 12, 3, 2107.47
1712562468, 0, 828, 10879, 10717, 3805, 15.42%, 0, 12, 3, 1399.39
1712562473, 0, 828, 10880, 10718, 3805, 15.42%, 0, 12, 3, 1260.05
1712565143, 0, 828, 10882, 10720, 3805, 15.42%, 0, 12, 3, 1318.64
1712565853, 0, 828, 10883, 10721, 3805, 15.42%, 0, 12, 3, 1130.72
1712566038, 0, 828, 10885, 10723, 3805, 15.43%, 0, 12, 3, 0.12
1712566464, 0, 828, 10889, 10727, 3805, 15.43%, 0, 12, 3, 1393.75
