0.180355072021
72.8414800167
0.176552057266
0.179388046265
0.180141210556
0.176120996475
0.193969011307
0.180373907089
0.165573835373
0.16094493866
0.166605949402
0.174021959305
0.188410043716
0.159534215927
0.166366100311
0.170042037964
0.154661178589
0.161612987518
0.16025185585
0.163725137711
0.158174991608
0.160857915878
0.164777994156
0.157535076141
0.1769490242
0.161920070648
0.166121006012
0.180696964264
0.174506902695
0.196635961533
0.164302110672
0.197693824768
0.00520205497742
0.00281500816345
0.00531792640686
0.00536704063416
0.00519299507141
0.00642204284668
0.0053379535675
0.00275111198425
0.00296306610107
0.00524497032166
0.00418210029602
0.00327396392822
0.00569415092468
0.00803303718567
0.00724911689758
0.0390269756317
0.0435590744019
0.0415079593658
0.0410649776459
0.0393900871277
0.0389940738678
0.0386199951172
0.0429239273071
0.0324718952179
0.0345628261566
0.038360118866
0.0307540893555
0.0381598472595
0.0325858592987
0.0300149917603
0.0313668251038
0.031898021698
0.0355479717255
0.0360279083252
0.0360531806946
0.0329940319061
0.0353088378906
0.506414175034
0.648213863373
0.760991096497
0.71138715744
0.755993127823
0.814356803894
0.925594091415
0.669163942337
0.363810062408
0.683840990067
0.149666070938
0.687893867493
0.5550801754
0.613077163696
0.682770967484
0.543198108673
180.604817867
0.504621982574
0.788042068481
0.872493982315
0.647399902344
0.306230068207
0.340302944183
0.234372138977
0.451876878738
0.40455698967
0.587465047836
0.451136112213
0.430649995804
0.317224025726
0.0885219573975
0.288099050522
0.138210058212
0.148535966873
0.200149059296
0.189335823059
0.082731962204
0.0651881694794
0.201677083969
0.0439012050629
0.517904043198
0.08220911026
0.0833551883698
0.0814299583435
0.0756809711456
0.0395350456238
0.100265979767
0.0681481361389
0.0798530578613
0.0674259662628
0.0663208961487
0.138000965118
0.0476410388947
0.150356054306
0.0650510787964
0.0845980644226
0.0938880443573
0.411406040192
0.197452068329
0.116051912308
0.300579071045
0.364905118942
0.436600923538
0.428456068039
0.304660797119
0.43200802803
0.536947965622
0.904774904251
0.3255610466
0.576696872711
0.539391040802
0.748533010483
0.608902931213
0.8246281147
0.445808887482
0.30077290535
0.469492912292
0.420156002045
0.538418054581
0.304883003235
0.290986061096
0.400947093964
0.24688410759
0.541307210922
0.126102209091
0.313330888748
0.292031049728
0.287781000137
0.487112045288
0.435032129288
0.0623171329498
1.27158594131
2.31222701073
1.35885095596
1.30511403084
185.030387163
0.17476606369
0.161280155182
0.167779922485
0.161115884781
0.169190883636
0.15963602066
0.180430173874
0.16854596138
0.162042140961
0.165614843369
0.169820070267
0.167774915695
0.404190063477
0.357093095779
0.629247188568
0.423129081726
0.683028936386
0.499374866486
0.370893001556
0.348316907883
0.479053974152
0.268771886826
0.358207941055
0.267564058304
0.416599035263
0.399926185608
0.353001117706
0.515841007233
0.428997993469
0.504950046539
0.311764955521
0.365941047668
0.429537057877
0.286478996277
0.368302106857
0.00282311439514
0.00153088569641
0.00815987586975
0.011990070343
0.0105061531067
0.0112447738647
0.0115160942078
0.0111939907074
0.0112221240997
0.0132460594177
0.0112998485565
0.0141701698303
0.0116682052612
0.0140340328217
0.0104250907898
0.011302947998
0.0125501155853
0.0102159976959
0.0103690624237
0.010812997818
0.014340877533
0.0113189220428
0.0131511688232
0.0095431804657
0.0397679805756
0.0156419277191
0.00876808166504
0.133605957031
0.137672901154
0.135594844818
0.164005994797
0.131140947342
0.1330909729
0.387434005737
0.390488147736
0.46181511879
0.708157062531
0.25192117691
0.312659978867
0.386681079865
0.485357999802
0.256385087967
0.625771045685
0.296644926071
0.282078027725
0.26598405838
0.301800966263
0.591404914856
0.355603933334
0.37725186348
0.393915891647
0.347466945648
0.664330005646
0.204854011536
0.50595998764
0.727277040482
0.231827974319
0.496341943741
0.387887001038
0.438936948776
0.348396062851
0.538935899734
0.193826913834
0.277140140533
0.151898145676
0.169157028198
0.153453111649
0.161056041718
0.162220954895
0.156550168991
0.00355505943298
0.00136494636536
0.225695848465
1.031717062
2022.61865807
0.377178907394
0.367259025574
0.202795028687
0.364418029785
0.646561145782
0.195858001709
0.377732992172
0.537795066833
0.48373913765
0.0117740631104
0.0168619155884
0.100682020187
0.0156991481781
0.0295212268829
0.0404200553894
0.056046962738
0.526512861252
0.511127948761
0.511994838715
0.584609985352
0.527667999268
0.5220079422
0.387497901917
0.404412031174
0.396906852722
0.353145122528
0.350867033005
0.0443069934845
2.25976777077
0.888396978378
0.762433052063
0.43001294136
0.411554098129
0.00262808799744
0.00154995918274
0.00875997543335
0.0158338546753
0.0111439228058
0.0108470916748
0.0123550891876
0.013610124588
0.0138509273529
0.00391697883606
0.435417890549
0.291497945786
0.490381002426
0.493093967438
0.535189151764
0.671185970306
0.391460180283
0.273568868637
0.240416049957
0.523670911789
0.677048921585
0.485481977463
0.0777838230133
0.786637067795
0.828289031982
0.188557863235
0.184763908386
0.30815911293
0.104490041733
0.101093053818
0.0949859619141
0.0930800437927
0.245871067047
0.124561071396
0.0850868225098
0.247725009918
0.0822010040283
0.0876369476318
0.281924009323
0.220623970032
0.185099124908
0.122359037399
0.200530052185
0.233509063721
0.00265717506409
0.00338101387024
0.00281381607056
0.00254607200623
0.00183892250061
0.0366549491882
0.48209810257
0.382225990295
0.341426134109
0.356742143631
1.17069101334
0.00246906280518
0.00299596786499
0.00305104255676
0.00274896621704
0.00163698196411
0.0654051303864
0.98924612999
4.74313378334
0.943941116333
0.944579124451
0.958452939987
0.0808389186859
0.207496166229
0.912734031677
0.292984962463
0.138885974884
0.15330696106
2.63791704178
0.647053003311
0.716656923294
0.640524864197
0.058287858963
1.09092307091
0.936120986938
0.933421850204
0.937857151031
3.84559512138
3.0052011013
4.12922000885
1.50106906891
4.66271805763
6.35224580765
6.40735888481
0.0122511386871
0.0136978626251
0.0136270523071
0.0137550830841
0.0145411491394
0.0128328800201
0.0922529697418
1.2671918869
0.498678922653
0.301115989685
0.370195150375
0.359658956528
0.65966796875
0.417979955673
0.211654186249
0.0348401069641
1.63283491135
0.674302101135
0.334336042404
0.97441983223
0.476498126984
0.0428419113159
0.60421705246
0.33825302124
0.390367984772
0.427405118942
0.279585838318
0.264563083649
0.403971910477
0.56371307373
0.36229801178
0.199584960938
0.152420043945
0.162423849106
0.37667298317
0.351572990417
0.148514986038
180.52977109
0.106428146362
0.131231069565
0.257066965103
0.157552957535
0.00318002700806
0.00132489204407
0.0802409648895
0.190561056137
0.173097848892
0.238508939743
0.233537197113
0.156105995178
0.0348241329193
0.0554468631744
0.0374400615692
0.107530117035
0.0532901287079
0.0461099147797
0.508899927139
0.447755813599
0.230731964111
0.207526922226
0.599091053009
0.243860006332
0.00285792350769
0.00140380859375
0.0094678401947
0.0286550521851
0.0253729820251
0.0323879718781
0.0248730182648
0.0242431163788
0.0795769691467
0.167427062988
0.16397190094
0.180107831955
0.193708896637
0.139811038971
0.389088869095
0.759522914886
0.46629691124
0.148499965668
0.163702011108
0.486820936203
0.0588347911835
0.211928129196
0.172550916672
0.15962600708
0.194896936417
0.187383890152
0.00830507278442
0.041111946106
0.0248968601227
0.0301148891449
0.0233671665192
0.0255060195923
181.008786917
0.662546157837
0.681051015854
0.640825986862
0.650766849518
0.652412891388
0.657600879669
0.659483194351
0.672091960907
0.0545959472656
0.191060066223
0.198480129242
0.220042943954
0.164079189301
0.200241088867
0.19936299324
0.225224018097
0.165778875351
0.167919874191
0.196795940399
0.221529006958
0.0813219547272
0.0491168498993
0.0323741436005
0.0362110137939
0.065789937973
0.0426270961761
0.00945997238159
0.00751900672913
0.00787901878357
0.00564789772034
0.00532507896423
0.0131020545959
0.00780987739563
0.00617694854736
0.00526785850525
0.00703310966492
0.00772094726562
0.0427269935608
0.047600030899
0.204447031021
0.20236992836
0.171330928802
0.18415594101
0.175565004349
0.00561714172363
0.0109639167786
0.00949788093567
0.00861120223999
0.0116958618164
0.00902700424194
0.821557044983
0.730600118637
0.717329978943
181.111460924
0.75642490387
0.705190181732
0.70384812355
0.696877002716
0.702444076538
0.0660412311554
0.203916072845
0.190932035446
0.196352005005
0.170258045197
0.186921834946
0.0046169757843
0.0120580196381
0.0116629600525
0.999245166779
0.695667982101
1.034512043
0.03422498703
0.235173940659
182.939404964
2.85993790627
1.51414108276
1.51677799225
0.00277900695801
0.00145792961121
0.00339388847351
0.00146698951721
4.70216107368
3.0306019783
3.77104902267
3.02096700668
2.73990893364
3.44102907181
0.00291204452515
0.0012788772583
1.77323412895
1.41807603836
1.68897485733
1.88010787964
2.54524087906
3.02304697037
1.98039603233
1.92833995819
2.10417795181
1.42981696129
0.902998924255
0.829280853271
1.10954904556
0.941611051559
1.43308401108
0.00445699691772
0.00488209724426
0.00463199615479
2.58168292046
2.27232098579
2436.21777987
3.02451682091
2.41639304161
2.33444213867
0.0376808643341
0.0155489444733
0.00845193862915
0.0152189731598
0.0232059955597
0.00842785835266
0.0250611305237
0.00871205329895
0.0483691692352
0.0215821266174
0.0534307956696
0.0104320049286
0.00905585289001
0.0282328128815
0.0273909568787
0.030091047287
0.024952173233
0.0235941410065
0.0144979953766
0.0123748779297
0.0117249488831
0.0123910903931
0.01176404953
0.0112578868866
0.00717306137085
0.031298160553
0.0253441333771
0.026083946228
0.0228188037872
0.0308549404144
0.0130469799042
0.00930905342102
0.00981187820435
0.00757312774658
0.0182600021362
0.00945520401001
0.00373697280884
0.00491714477539
0.00522708892822
0.00639390945435
0.00556111335754
0.00565886497498
0.00818085670471
0.00852012634277
0.00620985031128
0.00728392601013
0.00811195373535
0.00667405128479
0.00352001190186
0.00264382362366
0.000720024108887
0.0084080696106
0.0264568328857
0.0267720222473
0.031327009201
0.0244719982147
0.0251331329346
0.00632500648499
0.00763392448425
0.00593709945679
0.00593209266663
0.00505018234253
0.00516605377197
0.00278997421265
0.00396800041199
0.00563883781433
0.00346398353577
0.0025269985199
0.00428700447083
0.0027379989624
0.00430297851562
0.00624918937683
0.0122230052948
0.0139582157135
0.0116319656372
0.0107960700989
0.0122609138489
0.0107119083405
0.0110971927643
0.0114259719849
0.0105180740356
0.0121049880981
0.011214017868
0.22611618042
0.0697679519653
0.051460981369
0.158585786819
0.105359077454
0.0572929382324
0.134917020798
0.0380129814148
0.0802149772644
180.351161003
0.0903699398041
0.0553159713745
0.0281121730804
0.0498337745667
0.0578138828278
0.0551190376282
0.0751049518585
0.0154211521149
0.0350301265717
0.0566279888153
0.0361170768738
0.0269100666046
0.0466330051422
0.0252180099487
0.00938606262207
0.0294508934021
0.0324490070343
0.0262980461121
0.0235819816589
0.0354239940643
0.00797581672668
0.0261459350586
0.0316741466522
0.0286269187927
0.0244100093842
0.0253419876099
0.339138031006
0.333334922791
0.261603832245
0.176047086716
0.178400993347
181.092233896
0.0254888534546
0.0437831878662
0.0645461082458
0.0695848464966
0.055999994278
0.0468349456787
0.0114240646362
0.0344839096069
0.0364699363708
0.0405859947205
0.0268061161041
0.0272538661957
0.0223491191864
0.0220398902893
0.020947933197
0.0216908454895
0.0211470127106
0.0208990573883
0.0203230381012
0.0214400291443
0.0209701061249
0.0208280086517
0.0200328826904
0.0204989910126
0.0196540355682
0.0208899974823
0.0201389789581
0.022274017334
0.0185799598694
0.0203068256378
0.0383861064911
0.0288348197937
0.0261828899384
0.0279450416565
0.0311291217804
0.0466849803925
0.021693944931
0.0226490497589
0.0300290584564
0.0196540355682
0.020565032959
0.021605014801
0.019031047821
0.0218548774719
0.0217521190643
0.0203080177307
0.0192058086395
0.0184111595154
0.0294468402863
0.0229289531708
0.0244309902191
0.0223481655121
0.100795984268
0.0248780250549
0.105964899063
0.0482950210571
0.0290729999542
0.0956709384918
0.0224900245667
0.0413670539856
0.011421918869
0.0328459739685
0.0337040424347
0.0261011123657
0.0220799446106
0.0284399986267
0.135298967361
0.0306310653687
0.146428823471
0.0245180130005
0.0230541229248
0.0316188335419
0.0322489738464
0.05104804039
0.0295970439911
0.0560100078583
0.0664799213409
0.0573079586029
0.0854179859161
0.0552768707275
0.112926006317
0.167932033539
0.0173859596252
0.0439939498901
0.0286459922791
0.0285909175873
0.0340480804443
0.0214369297028
0.47956609726
0.347167015076
0.428354024887
0.282299995422
0.294466018677
0.298499107361
0.00819897651672
0.0123960971832
0.0116391181946
0.0213499069214
0.0103402137756
0.0104689598083
0.469123125076
0.53253698349
0.526021957397
0.505231142044
0.843378067017
0.527568101883
0.431991100311
0.565474033356
0.413267850876
0.705830812454
0.68420290947
0.32998085022
0.379424095154
0.618385076523
0.564467906952
0.748919010162
0.672230958939
0.547482013702
0.675875902176
0.556320905685
0.360822916031
0.604919910431
0.376555919647
0.672235965729
0.0736379623413
0.0347979068756
0.0235779285431
0.012727022171
0.00518989562988
0.0317769050598
0.43724489212
0.608206987381
0.449887990952
0.299442052841
0.371775865555
0.293735027313
0.00386095046997
0.00266695022583
0.00279903411865
0.00322198867798
0.0209939479828
0.00519180297852
0.0110049247742
0.0109221935272
0.0178389549255
0.0185050964355
0.00514483451843
0.00408911705017
0.00452399253845
0.00499582290649
0.00376296043396
0.00367903709412
0.0119209289551
0.0320329666138
0.0484549999237
0.0131678581238
0.0153081417084
0.0118210315704
0.00645279884338
0.0041561126709
0.00708103179932
0.00517606735229
0.00390100479126
0.0043249130249
0.0285940170288
0.0145239830017
0.0141320228577
0.0307099819183
0.01602602005
0.0167372226715
0.379929065704
0.520725011826
0.584009885788
0.636403083801
0.408666849136
0.482381105423
0.633013963699
0.620374917984
0.726091146469
0.421663999557
0.84477686882
0.549477100372
0.124342918396
0.0420019626617
0.0677750110626
0.0808379650116
0.064845085144
0.0759449005127
0.0961511135101
0.0376100540161
0.0491530895233
0.0566980838776
0.525312900543
0.00507092475891
0.00533103942871
0.00629901885986
0.00551199913025
0.00653791427612
0.00515604019165
0.00262093544006
0.00260400772095
0.00639200210571
0.508175134659
0.636687040329
0.348493099213
0.247080087662
0.469878911972
0.52321600914
0.34034705162
0.205554962158
0.136684894562
0.36866402626
0.505722999573
0.38893699646
0.478035926819
0.426943778992
0.457897901535
0.157308101654
0.0598649978638
0.0367438793182
0.0350120067596
0.401751995087
0.107284069061
0.0538430213928
0.0487458705902
0.0621290206909
0.0439870357513
0.560618877411
0.511761188507
0.597889184952
0.376996040344
0.482660055161
0.42031788826
0.447528123856
0.00613689422607
0.00466179847717
0.00468182563782
0.00407099723816
0.00515103340149
0.00419688224792
0.0365769863129
0.0227880477905
0.0267128944397
0.0150890350342
0.0197010040283
0.0120120048523
0.00447916984558
0.00463199615479
0.0048041343689
0.00505304336548
0.00518202781677
0.00665092468262
0.0197639465332
0.0233840942383
0.0131740570068
0.015988111496
0.00697898864746
0.119229078293
0.185817956924
0.0965480804443
0.0967810153961
0.110939979553
0.0062780380249
0.00344109535217
0.00279784202576
0.00268411636353
0.00248599052429
0.00147891044617
0.00279593467712
0.00266408920288
0.0030038356781
0.00458002090454
0.00330901145935
0.00322294235229
0.00250816345215
0.0028178691864
0.00227308273315
0.00290703773499
0.00282096862793
0.00326180458069
0.00735783576965
0.00389695167542
0.0235230922699
0.133656024933
0.149535179138
0.0980441570282
0.0989348888397
0.876837015152
0.00699901580811
0.00701785087585
0.00521183013916
0.00613498687744
0.0923569202423
0.0300080776215
0.02774310112
0.0387299060822
0.0292749404907
0.144459962845
0.315483093262
0.0890769958496
0.182466983795
0.115789890289
0.321426153183
0.135805130005
0.205286026001
0.0894360542297
0.288494110107
0.223555088043
0.0937259197235
0.16720199585
0.28390288353
0.12108707428
0.0920600891113
0.193988084793
0.0962278842926
0.235122919083
0.275980949402
0.0625438690186
0.15783405304
0.329103946686
0.0044162273407
0.0065929889679
0.00504302978516
0.00447106361389
0.0042839050293
0.004634141922
0.289519071579
0.521883964539
0.359094142914
0.571061849594
0.347604990005
0.256198883057
0.244075059891
0.558935165405
0.380509138107
0.520936965942
0.453168153763
0.520586967468
0.229578971863
0.257857084274
0.429193019867
0.340949058533
0.267473936081
0.449782133102
0.0244338512421
0.0122330188751
0.0194070339203
0.0204620361328
0.00532913208008
0.383957862854
0.475625038147
0.500170946121
0.223876953125
0.404365062714
0.316150903702
0.509590864182
0.795883893967
0.707444906235
0.558330059052
0.215877056122
0.593333959579
0.0233340263367
0.0109679698944
0.0254199504852
0.0125210285187
0.0160510540009
0.193535089493
0.0144379138947
0.00615406036377
0.00423288345337
0.00479006767273
0.0068519115448
0.0040168762207
0.178349018097
0.115384101868
0.0466639995575
0.0337741374969
0.0356659889221
0.0568749904633
0.0443451404572
0.0398290157318
0.0311758518219
0.0433549880981
0.0161099433899
0.0593979358673
0.0185759067535
0.00922989845276
0.0114800930023
0.00583910942078
0.0203759670258
0.0106611251831
0.00879907608032
0.00979709625244
0.00683903694153
0.00616383552551
0.0706310272217
0.592458963394
0.352902889252
0.488502025604
0.153272867203
0.109394073486
0.0333540439606
0.0222911834717
0.00636792182922
0.00667405128479
0.00855207443237
0.00708889961243
0.0506908893585
0.0327041149139
0.0235929489136
0.0431418418884
0.0222311019897
0.0108511447906
0.0132269859314
0.0284759998322
0.0277869701385
0.0130569934845
0.0289459228516
0.0319468975067
0.0134861469269
0.0151109695435
0.0144319534302
0.166437149048
0.034765958786
0.0608389377594
0.122529029846
0.0432119369507
0.0538721084595
2.52687001228
2.51543283463
2.51192378998
2.51010704041
2.52568602562
2.15599393845
0.00921010971069
0.00278806686401
0.0111010074615
0.0265228748322
0.02978515625
0.0299429893494
0.0257959365845
0.0277180671692
0.0312221050262
0.0252680778503
0.031044960022
0.0253329277039
0.0264661312103
0.0283529758453
0.0277137756348
0.0297911167145
0.0246789455414
0.0230641365051
0.0244569778442
0.0242421627045
0.0221130847931
0.0235540866852
0.0294179916382
0.0240619182587
0.025808095932
0.0257611274719
0.279858112335
0.203152894974
0.16231918335
0.213104009628
0.303771018982
0.199869155884
1.04783201218
0.217496156693
0.521118879318
0.505691051483
0.496201038361
0.719508171082
1.17734885216
0.769838809967
1.33574604988
1.19316506386
0.956953048706
1.01609802246
0.426042079926
0.177680015564
0.190196990967
0.139250993729
0.131568193436
0.153825044632
0.00546312332153
0.00803184509277
0.00879192352295
0.0103290081024
0.00889492034912
0.00716090202332
0.22718501091
0.096932888031
0.0544340610504
0.0878739356995
0.50600194931
0.137068033218
0.126433134079
0.154042005539
0.117177009583
0.364796876907
0.352968931198
0.217370986938
0.190215826035
0.310749053955
0.237390995026
0.128482818604
0.416198968887
0.178282976151
0.732768058777
0.0142431259155
0.0148360729218
0.0167441368103
0.0534389019012
0.00985097885132
0.0102949142456
0.162852048874
0.0826890468597
0.106184005737
0.0807178020477
0.00814509391785
0.0902628898621
0.0356950759888
0.0322511196136
0.0914871692657
0.02756690979
0.0660488605499
0.00687193870544
0.498842954636
0.392009019852
0.494863986969
0.376060009003
0.3428170681
0.459638118744
0.956954956055
0.633021116257
0.675768852234
0.561488866806
1.2807559967
0.899165868759
1.12424898148
1.08924603462
1.01461601257
1.03201293945
1.01280713081
2.09236383438
1.7684481144
1.39588499069
1.5486741066
1.02520012856
0.179051160812
0.0733489990234
0.059839963913
0.0510079860687
0.0748541355133
0.218391180038
0.424945831299
0.415472984314
0.549276828766
0.36125087738
0.519508838654
0.495802164078
0.458468914032
0.312090873718
0.359805107117
0.310472011566
0.410398006439
0.356396913528
0.570061922073
0.349592924118
0.430428981781
0.303876161575
0.587396860123
0.262914896011
1.00836610794
0.522433996201
0.635457992554
0.465838909149
0.307680130005
0.558290958405
1.26337194443
0.549358129501
0.647943019867
0.596645116806
0.567703962326
0.739181995392
0.458602905273
0.23570394516
0.192229032516
0.26136302948
0.125121116638
0.157295942307
0.0287458896637
0.185132980347
0.307022809982
0.339112043381
0.1476790905
0.104496002197
0.0151460170746
0.0226302146912
0.0210931301117
0.0205590724945
0.0215830802917
0.0277960300446
0.0233678817749
0.0211691856384
0.0389671325684
0.0265738964081
0.0205810070038
0.0212240219116
0.0217370986938
0.0229859352112
0.0265970230103
0.0351800918579
0.0212950706482
0.0200810432434
1.54512405396
1.18522310257
1.08571004868
1.61674499512
1.13565206528
0.399248123169
0.233182191849
0.259895086288
0.203299999237
0.191475868225
0.248591184616
0.857008218765
0.925113916397
1.02505707741
1.38046503067
1.22541022301
1.49815702438
0.166834115982
0.161278963089
0.409888029099
0.496635913849
0.298633098602
0.402283906937
0.276051998138
0.310137033463
0.231377840042
0.312347888947
0.795650005341
0.359721899033
0.364578962326
0.283338069916
0.450908899307
0.426059961319
1.52004694939
1.55133414268
0.952327013016
1.38197207451
1.37629890442
1.69229102135
0.595081090927
0.270836114883
0.367188930511
0.503340959549
0.633620977402
0.632301092148
0.369235992432
0.1096971035
0.198611974716
0.25643992424
0.258033037186
0.180712938309
0.00672507286072
0.00763487815857
0.00445079803467
0.00486898422241
0.00480389595032
0.00709295272827
0.27608704567
0.0874841213226
0.0964670181274
0.141400098801
0.0975410938263
0.194180965424
0.00830507278442
0.00879096984863
0.0073139667511
0.0120317935944
0.00712609291077
0.00809001922607
0.00563097000122
0.00699210166931
0.00578999519348
0.00812101364136
0.00861501693726
0.00638008117676
0.00844192504883
0.043398141861
0.380683898926
0.258833885193
0.10563993454
0.0873990058899
0.315462112427
0.367540121078
0.431567192078
180.421101809
0.134828090668
0.122781991959
0.169983863831
0.162013053894
0.235997915268
0.150289058685
0.109820842743
0.175519943237
0.220366954803
0.197004079819
0.565780162811
0.224211931229
0.139954090118
0.266987085342
0.0855219364166
0.123234033585
0.0285069942474
0.23650097847
0.220849990845
0.17849612236
0.0306370258331
0.0680780410767
0.632032871246
0.426131010056
0.312273979187
0.295405864716
0.307945966721
0.271328926086
0.01185297966
0.00507092475891
0.00551319122314
0.00420117378235
0.00403809547424
0.0398590564728
0.0263788700104
0.00802683830261
0.0120668411255
0.00761699676514
0.00913500785828
0.00724291801453
0.575572967529
0.145957946777
0.600508928299
0.30455994606
0.571241855621
0.350158929825
183.269381046
2.53126597404
2.51720404625
2.52540397644
3.01724100113
2.52454996109
0.559056997299
0.271060943604
0.274051904678
0.369230031967
0.410008907318
0.23276591301
0.445269823074
0.385410785675
0.333346843719
180.523533106
0.198115110397
0.30445599556
0.6683781147
0.306370019913
0.32378911972
0.36683511734
0.222529888153
0.329658031464
0.43784403801
0.359513998032
0.374531030655
0.331145048141
0.545725822449
0.306295156479
0.844900131226
0.523685932159
0.872611999512
0.570261955261
1.39745497704
0.0133490562439
0.0742628574371
0.015102148056
0.0137619972229
0.0144009590149
0.0130798816681
0.0108878612518
0.010568857193
0.00629186630249
0.00852298736572
0.00495290756226
0.00527310371399
0.00458192825317
0.00456690788269
1.01533603668
1.39052796364
1.16681694984
1.37738990784
2.36676979065
0.393192052841
0.219083070755
180.534625053
0.340958118439
0.271795034409
0.382447004318
0.457738876343
0.321585893631
0.293814897537
0.407407999039
0.396435976028
0.652923822403
0.745151042938
0.231735944748
0.281079053879
0.278038024902
0.25412607193
0.333280086517
3.03556799889
1.90807700157
1.89208507538
0.533056020737
0.281426906586
0.639322042465
0.460770130157
2.14167785645
1.22124505043
1.24150109291
1.00478410721
2.07666897774
0.00624895095825
0.00466012954712
0.00620079040527
0.00485897064209
0.00367498397827
0.0218708515167
2185.59550285
0.3580930233
0.333673000336
0.204822063446
0.230633974075
0.232837915421
0.277941942215
0.152614831924
0.119474172592
0.140955924988
0.324590206146
0.293550014496
0.164798974991
0.193184137344
0.234303951263
0.356970071793
0.380388975143
0.12353515625
0.0573570728302
0.107089042664
0.0608131885529
0.112144947052
0.051784992218
0.656468153
0.254408121109
0.375500917435
0.457301139832
0.425369024277
0.160248041153
0.774851083755
0.801436901093
0.843909978867
0.661010026932
1.16375207901
0.938380002975
0.479693889618
0.11900305748
0.253453016281
0.295916080475
0.0854060649872
0.118870019913
0.383228063583
0.208674907684
0.190104961395
0.278944969177
0.0727400779724
0.299190998077
1.52282500267
0.247199058533
0.353232145309
0.956665039062
1.17421388626
1.26237297058
1.37806606293
1.3785469532
1.4609849453
0.140268087387
0.237390041351
0.0930099487305
0.191051959991
0.962733983994
0.686756849289
0.676805019379
0.420212030411
3906.29436707
0.651947021484
0.0878241062164
0.178725004196
0.0197432041168
0.0860190391541
0.0908329486847
0.0799870491028
0.00702786445618
0.00453901290894
0.00693011283875
0.00376105308533
0.00536108016968
0.00475382804871
0.0215880870819
0.0245339870453
0.0157608985901
0.00841999053955
0.00758099555969
0.00753593444824
0.0147290229797
0.514983892441
0.27579498291
0.223910808563
0.203547000885
0.406596183777
0.48881983757
1.26646304131
0.557080984116
0.465564966202
0.383188009262
1.09591698647
0.458405971527
0.459216833115
0.415140151978
0.237331867218
0.314508914948
0.285593986511
0.850245952606
0.530295848846
0.0920641422272
0.90132188797
0.0123510360718
0.0045530796051
0.00814509391785
0.00498485565186
0.0100040435791
0.00753998756409
0.333511829376
0.325330972672
0.322577953339
0.352240085602
1.5221760273
1.89133501053
1.51101613045
1.68868517876
1.38416194916
1.69084405899
1.27271986008
1.17060899734
1.00471615791
1.16759896278
180.644608021
1.59357905388
0.0399508476257
0.00951504707336
0.00591397285461
0.0116250514984
0.00589895248413
0.00873780250549
0.00714111328125
0.00880789756775
0.0104122161865
0.00617098808289
0.00605583190918
0.00529408454895
1.01738405228
0.800374984741
0.726755142212
0.835178852081
1.02791213989
1.08209681511
1.0840909481
180.469228983
1.35733699799
1.16499185562
1.20391798019
0.498281955719
0.328401088715
0.450399875641
0.400609970093
0.432064056396
0.358734846115
0.526224851608
0.556789875031
0.643073797226
0.60896897316
0.840620994568
0.562116146088
0.661231994629
0.878615856171
180.519841909
0.383046150208
0.21547293663
0.700199127197
0.652459859848
0.594820022583
0.880479812622
0.390268087387
0.492532014847
0.394680023193
0.409593105316
0.507812023163
0.00885581970215
0.00887084007263
0.00480103492737
0.00505685806274
0.0021800994873
0.00336694717407
0.00344395637512
0.00406885147095
0.00403618812561
0.00348591804504
0.00376391410828
0.359333992004
0.306094169617
2854.80869818
0.306510925293
0.0893371105194
0.215929985046
0.117574930191
0.087317943573
0.0599699020386
0.0478799343109
0.100732088089
0.0629241466522
0.509484052658
0.314275979996
0.34343791008
0.344366073608
0.178688049316
0.305176973343
0.23927283287
0.124914884567
0.179907083511
0.157146930695
0.13955616951
0.132728099823
0.0256109237671
0.0361058712006
0.0180480480194
0.0232510566711
0.0147969722748
0.0491518974304
0.993158102036
0.456846952438
0.993345975876
0.645816087723
1.21141695976
0.652666091919
0.0148730278015
0.0106317996979
0.0103890895844
0.00615286827087
0.00732398033142
0.00955486297607
1.11862802505
0.637320995331
0.514168024063
0.466416120529
0.601083040237
0.657124042511
0.075229883194
0.356673955917
0.364154100418
0.325481891632
0.014997959137
0.0367379188538
0.120129108429
0.0041720867157
0.00533199310303
0.00686597824097
0.00608992576599
0.00492882728577
0.0049159526825
0.00437998771667
0.00452589988708
0.00744700431824
0.00453114509583
0.00783395767212
0.0125470161438
0.0126829147339
0.0130209922791
0.00991296768188
0.00372791290283
0.00699496269226
0.00350689888
0.00397086143494
0.00954508781433
0.480800151825
0.116796016693
0.186475038528
0.0409069061279
0.23855304718
0.201175928116
0.00871896743774
0.00919890403748
0.00791001319885
0.810796022415
0.572647809982
0.562739133835
0.362767934799
0.242563962936
1.56392502785
0.0198709964752
0.00737500190735
0.00927591323853
0.00882315635681
0.0183069705963
0.0156960487366
0.542320966721
0.24723315239
0.146677017212
0.217585802078
180.630759001
0.392912864685
0.739640951157
0.292575836182
0.192103147507
0.284801959991
0.666666984558
0.799171924591
0.894176959991
0.899100065231
0.82657289505
0.842164993286
1.09932208061
1.20448184013
0.00664019584656
0.00616312026978
0.0046169757843
0.00511503219604
0.00440382957458
0.0108649730682
0.0119850635529
0.00576996803284
0.00569891929626
0.00486898422241
0.00483703613281
0.00527596473694
3.67512083054
3.00980520248
3.86043787003
3.01930785179
2.51079702377
182.845299959
0.826297998428
0.334364891052
0.431109905243
0.452391147614
0.18964099884
0.662492036819
0.610814094543
0.383781194687
0.383608818054
0.654983997345
0.256771087646
0.557453155518
0.258187055588
0.311489105225
0.0892550945282
0.0302791595459
0.181855201721
0.19322681427
0.105985164642
0.135578870773
0.0998349189758
180.874132156
3.76182699203
3.02217102051
2.17733311653
2.53104805946
1.6905939579
1.09501504898
1.2685751915
1.38202214241
0.953840970993
1.37506985664
1.70888781548
0.694694042206
0.27752995491
0.16131401062
0.245307922363
0.626845836639
0.631336927414
0.98268198967
0.715424060822
0.71332192421
0.730695009232
0.731019973755
0.754804849625
0.715606927872
0.695914030075
0.706956148148
2284.56560802
0.900635004044
0.760673046112
0.80256986618
0.951642990112
0.764893054962
0.065337896347
0.0309929847717
0.0669040679932
0.0676801204681
0.0345280170441
0.0847389698029
0.00578093528748
0.00581192970276
0.00624299049377
0.00557088851929
0.0052649974823
0.00563597679138
0.00666809082031
0.00718903541565
0.00619888305664
0.00446510314941
0.00461602210999
0.00591492652893
0.1233959198
0.0323660373688
0.0546770095825
0.0488169193268
0.0414681434631
0.0248107910156
0.00513100624084
0.00697994232178
0.00475192070007
0.00530791282654
0.00502014160156
0.0302848815918
0.00685620307922
0.00685214996338
0.00469207763672
0.00498414039612
0.00495505332947
0.0182378292084
0.754329919815
0.294255971909
0.235290050507
0.442463874817
0.134656190872
0.229672193527
0.370975971222
0.14354300499
0.0386810302734
0.0706689357758
0.0783720016479
0.170675039291
1.97023510933
1.02966785431
1.40026593208
1.12610602379
1.88286304474
0.00752305984497
0.00882601737976
0.00730895996094
0.0111567974091
0.00788307189941
0.00758481025696
0.00772190093994
0.00685095787048
0.00830101966858
0.0125370025635
0.012216091156
0.0025839805603
0.0220730304718
0.477853059769
0.446944952011
0.248917102814
0.231452941895
0.165452003479
0.280353069305
0.337426900864
0.334775924683
0.611138820648
0.0906920433044
0.0342879295349
0.130999088287
0.0566198825836
0.127820014954
0.0116279125214
0.0289690494537
0.0284519195557
0.0260541439056
0.0260031223297
0.0263798236847
0.701623916626
0.0918519496918
0.354026079178
0.343833208084
0.248834133148
0.281769990921
0.424404859543
0.41904091835
0.354499101639
0.501125812531
0.375195980072
0.294341087341
1.06085705757
0.96417093277
0.508535146713
0.61695599556
0.887611150742
0.731352090836
0.0549960136414
0.017826795578
0.00737905502319
0.0157699584961
0.0136008262634
0.00968289375305
0.491191148758
0.329200983047
0.640367984772
0.435084104538
0.51215004921
0.492228031158
0.848969936371
180.688264132
0.845822095871
0.899173021317
0.713355064392
0.720968008041
0.00857496261597
0.00521397590637
0.0090811252594
0.00883913040161
0.0101370811462
0.00547504425049
0.208914995193
0.265921115875
0.176204919815
0.113417863846
0.0827331542969
0.163664102554
0.597785234451
0.512189865112
0.679390907288
0.646490097046
0.348743915558
0.335618019104
0.41859793663
0.869411945343
0.903263092041
0.43340086937
0.442763090134
0.402114152908
0.746970891953
0.330183982849
0.176013946533
0.113316059113
0.191728115082
0.212671041489
0.129927873611
0.244858026505
0.238893032074
0.127686977386
0.17863702774
0.275889873505
0.0495290756226
2.15422511101
1.65370297432
1.11747312546
1.28446221352
1.14059615135
1.69589996338
0.691869974136
0.891168832779
0.952884912491
180.568483114
0.689659118652
1.07154011726
0.241607904434
0.124514102936
0.0441269874573
0.0626699924469
0.0455689430237
0.0786790847778
1.13978004456
0.789011001587
0.0054497718811
0.00393509864807
0.00419116020203
0.00419306755066
0.00353121757507
0.00377893447876
0.00416707992554
0.0102360248566
0.00382709503174
0.00316500663757
0.00345706939697
2285.51076007
1.08406400681
1.26335287094
1.08756279945
1.51933789253
1.27526378632
0.399693012238
0.135702848434
0.0370991230011
0.121335029602
0.205384016037
0.132287025452
0.447818994522
0.148766040802
0.142041921616
0.28303694725
0.409076929092
0.388792037964
0.0237472057343
0.0200729370117
0.0197401046753
0.00826597213745
0.0126280784607
0.00664210319519
0.182904005051
0.0964689254761
0.0553278923035
0.0480771064758
0.036562204361
0.440263032913
0.570719957352
0.178864955902
0.371040821075
0.477828025818
0.502229213715
0.275860071182
0.338109016418
0.322082996368
0.928885936737
0.524972200394
0.382496118546
0.369351863861
0.398983955383
0.186935901642
0.361573934555
0.109176874161
0.0929410457611
0.0667769908905
0.0554511547089
0.0487480163574
0.048684835434
0.0532348155975
0.0170900821686
0.041403055191
0.013158082962
0.0503931045532
0.0314631462097
0.00904107093811
0.0066020488739
0.00541305541992
0.00506711006165
0.00427389144897
0.0084331035614
0.771406888962
0.464010953903
0.664121866226
0.278375864029
0.230672121048
0.412976026535
0.424740076065
0.509631872177
0.546512842178
1.19832515717
0.613430976868
0.424402952194
0.369749069214
180.659901142
0.658490896225
0.833674907684
1.08340287209
0.16409611702
0.337510108948
0.662747859955
0.413783788681
0.347460985184
0.378298997879
0.198467969894
0.11860704422
0.170760154724
1.51243114471
0.0517868995667
0.0972349643707
0.144104003906
0.0923700332642
0.138180971146
0.0309250354767
0.0782389640808
0.0435709953308
0.902850866318
1.01538205147
1.16387295723
0.947829961777
2.85522007942
1.59663581848
1.48500108719
1.91632318497
1.17111897469
0.795692920685
1.086840868
1.08337116241
1.02164697647
0.945471048355
0.236773014069
0.114998102188
0.216633796692
0.306807041168
0.22509598732
0.0222611427307
0.347895860672
0.312853813171
0.29025888443
0.120296955109
0.11544084549
0.200968027115
0.00637316703796
0.00439500808716
0.00452303886414
1.2665810585
1.24205517769
1.51372694969
1.52583503723
0.0242481231689
0.0139799118042
0.022686958313
0.0094940662384
0.0123910903931
0.0110828876495
0.731470823288
0.791203022003
0.695220947266
0.809513807297
0.567390918732
0.656666040421
0.00626397132874
0.00131416320801
0.0911438465118
0.0446350574493
0.0133850574493
1.06143093109
0.586115837097
0.350346803665
0.439864873886
0.358586788177
0.308470010757
0.592335939407
0.555261850357
0.429228067398
0.489543914795
0.672644138336
0.527041912079
0.00402092933655
0.00310897827148
0.00310587882996
0.00309205055237
0.00558805465698
0.00351881980896
0.561465024948
0.378309011459
0.240876913071
0.491136074066
0.728482961655
0.511011838913
0.444586038589
0.542354106903
0.645470142365
0.395955085754
0.388761997223
0.703649997711
0.641113996506
0.547781944275
0.568351984024
0.680335998535
0.674947023392
0.454932928085
0.432382822037
0.200031042099
0.28981089592
0.244089841843
0.239810943604
0.289719820023
0.0634350776672
0.00974082946777
0.03919506073
0.0126650333405
0.00562000274658
0.258350133896
0.891499996185
0.290350198746
0.352037191391
0.438138008118
0.0516419410706
0.772762060165
0.547553062439
0.37633895874
0.280001878738
0.116221904755
0.349539041519
0.350064992905
0.189800977707
0.173929929733
0.226813077927
0.707856893539
0.461999893188
0.334021091461
180.718385935
0.257192850113
0.298361063004
0.288289070129
1.07670497894
0.458940029144
0.567066907883
0.327319145203
0.598289012909
0.612421989441
0.431449174881
0.127087831497
0.0924987792969
0.0324540138245
0.0814878940582
0.0559978485107
0.0373530387878
0.0130019187927
0.007896900177
0.00464987754822
0.00813603401184
0.00603103637695
0.0188121795654
0.570405960083
0.591287136078
0.449060916901
0.409552097321
0.702301979065
0.301818132401
0.738217115402
0.562567949295
0.988057851791
0.696483850479
0.592706918716
0.23438501358
0.528367996216
0.369682788849
0.245141029358
0.256409168243
0.122920036316
0.16025185585
0.186121940613
0.0816719532013
0.0687642097473
0.11384510994
0.151381015778
0.0293672084808
0.0559720993042
0.0671710968018
2.77812409401
1.61824202538
2.19792103767
2.42541122437
2.15957403183
0.0068531036377
0.00953817367554
0.00531101226807
0.0066020488739
0.230386018753
0.0151879787445
0.00903511047363
0.00785803794861
0.00401306152344
0.466888904572
0.163969993591
0.102861881256
0.0941188335419
0.201446056366
0.126029968262
0.291645050049
0.386964082718
0.157179117203
0.293606996536
0.00654196739197
0.0116310119629
0.00651693344116
0.00921511650085
0.0063328742981
0.0277330875397
0.506970882416
0.484856128693
0.590074777603
0.595968961716
0.379323005676
0.470920801163
0.00636005401611
0.00493121147156
0.0055730342865
0.0052649974823
0.00774788856506
0.0214531421661
1.5212469101
1.09079098701
1.08863782883
1.37404179573
1.26598787308
1.52594709396
0.607567071915
0.388699054718
0.354363203049
0.461044788361
0.238430023193
0.663828134537
0.00762796401978
0.00618600845337
0.00497007369995
0.0144329071045
0.00564503669739
0.00382614135742
0.806683063507
0.254119873047
0.484759092331
0.21963095665
0.496603965759
0.899853944778
0.0181651115417
0.0123131275177
0.0097439289093
0.0114188194275
0.0123879909515
0.00890398025513
0.857692956924
0.511118888855
0.459393978119
0.427669048309
0.612206935883
0.303390026093
0.573667049408
0.327519178391
0.345495939255
0.479243993759
0.454835891724
0.28889799118
0.653267860413
0.402671098709
0.27648806572
0.397915124893
0.289759159088
0.22617316246
2.15660214424
1.06063604355
1.63321900368
2.26896095276
0.774260997772
0.398154973984
0.178711891174
0.221945047379
0.215622186661
0.392634153366
0.136539936066
0.00512099266052
0.00302314758301
0.00280809402466
0.00773596763611
0.0111520290375
0.0082950592041
0.008544921875
0.490380048752
0.336537837982
0.443013906479
0.181190013885
0.0509810447693
0.02587890625
0.0136160850525
0.0255539417267
0.412702083588
0.272583007812
0.254033088684
0.233294010162
0.140120983124
0.193251132965
0.14346909523
0.0113620758057
0.0101308822632
0.161330938339
0.00935411453247
0.0227069854736
0.007896900177
0.0108058452606
0.00882387161255
0.0042998790741
0.0705790519714
0.00453805923462
0.00501799583435
0.00489401817322
0.00954484939575
0.0600099563599
0.0168459415436
0.0372271537781
0.0242149829865
0.0293600559235
0.0222091674805
0.0232789516449
0.59649515152
1.38248801231
0.526139974594
0.587723970413
0.263804912567
0.677989006042
0.631268978119
0.008868932724
0.00561308860779
0.00767087936401
0.00750017166138
0.00501394271851
0.00583291053772
0.0743069648743
0.319796800613
0.0385251045227
0.0279431343079
0.111565828323
0.0256359577179
0.0232520103455
0.086865901947
0.018620967865
0.0328621864319
0.0380840301514
0.00782203674316
0.017058134079
0.0122320652008
0.0134239196777
0.0272989273071
0.0047459602356
0.0232660770416
0.179888010025
0.101272106171
0.0982179641724
0.202346086502
0.157985925674
0.204065084457
0.140506029129
0.0128579139709
0.00537300109863
0.00876522064209
0.00573086738586
0.00525498390198
0.0748789310455
0.00870013237
0.00958395004272
0.00735092163086
0.00683903694153
0.00437808036804
0.00589513778687
0.960769891739
1.0908010006
1.17241597176
1.27239394188
1.37382388115
1.38988900185
0.00355696678162
0.00441408157349
0.00302791595459
0.00304007530212
0.00308704376221
0.00308108329773
1.97082304955
0.466049909592
0.326260089874
1.17299699783
0.773824930191
1.0206258297
0.949002027512
0.0091769695282
0.00501990318298
0.00458812713623
0.0041868686676
0.620099067688
0.568378925323
0.76722407341
0.588925123215
0.0042040348053
0.00612211227417
0.00509405136108
0.00572896003723
0.00710916519165
0.00634908676147
0.00427293777466
0.00604915618896
0.512254953384
0.23429107666
0.344597816467
0.2131690979
0.519333124161
0.430495023727
0.344882965088
0.319514989853
0.349611997604
0.00585603713989
0.00718402862549
1.02501797676
0.487608909607
0.843900918961
0.768099069595
0.742475986481
0.706684112549
0.715698003769
0.359233140945
1.13109087944
0.228444099426
0.237432003021
0.740884065628
0.349916934967
0.675653934479
0.638916969299
0.285231113434
0.382206201553
0.327535867691
0.31942987442
0.326539039612
0.279816865921
0.448015928268
0.211891889572
0.150971889496
0.180553197861
0.494460821152
0.6207010746
0.241417169571
0.313838005066
0.216256141663
0.17018699646
1.6831009388
1.88901209831
1.33786606789
1.83056807518
1.55992388725
1.52784800529
0.169997215271
0.194954872131
0.151650905609
0.0642418861389
0.0476760864258
0.151137113571
0.00519299507141
0.00553894042969
0.00441312789917
0.00556993484497
0.00499606132507
0.0144929885864
0.850962877274
0.180094957352
0.172922849655
0.063148021698
0.0515580177307
0.046560049057
0.0176079273224
0.00530695915222
0.00571298599243
0.00524187088013
0.2726521492
0.156123876572
0.159101009369
0.110071182251
1.11901903152
0.599011898041
0.621698141098
0.613796949387
0.0115160942078
0.00762915611267
0.00740694999695
0.00920104980469
0.00478410720825
0.00468182563782
1.40037894249
0.903351068497
0.763147115707
0.673973083496
0.832852840424
0.783480882645
0.827430009842
1.22485089302
0.354238986969
0.534424066544
0.29277586937
0.63787984848
0.0275480747223
0.00966811180115
0.00928211212158
0.312279939651
0.173253059387
0.190952062607
0.117727041245
0.164072990417
0.677855014801
0.0111029148102
0.00925397872925
0.00615096092224
0.00611090660095
0.00416111946106
0.00801706314087
0.462506055832
0.530771017075
0.596008062363
0.11021399498
0.588806152344
0.418329000473
0.130431890488
0.0591080188751
0.051342010498
0.0602638721466
0.0508828163147
0.0373542308807
0.413813114166
0.298305034637
0.198344945908
0.135981082916
0.0757958889008
0.255929946899
0.6275639534
0.591498851776
0.465736150742
0.529922008514
0.528043031693
0.464867115021
0.514564990997
0.448084115982
0.166758060455
0.438812971115
0.276730775833
0.393522977829
0.00449919700623
0.00650882720947
0.00667214393616
0.00705599784851
0.00544810295105
0.00663614273071
0.157737016678
0.0590369701385
0.0522420406342
0.0132758617401
0.0574219226837
0.0819568634033
0.34978890419
0.165158033371
0.307470083237
0.428725004196
0.360673904419
0.159596920013
0.901825904846
0.64589381218
0.933353900909
0.807168006897
0.230593919754
0.0831398963928
0.0798308849335
0.0473310947418
0.145210027695
0.0457110404968
0.0842580795288
0.0642790794373
1.01648306847
0.483603954315
0.378341197968
0.522769212723
0.460592031479
0.302990913391
0.0850391387939
0.180861949921
0.0971398353577
0.149107933044
0.00797700881958
0.013288974762
0.0101811885834
0.00716018676758
0.00700211524963
0.00984287261963
0.015869140625
0.00635099411011
0.00597596168518
0.00771999359131
0.00596308708191
0.0045690536499
0.00427579879761
0.00576710700989
0.00548100471497
0.0103168487549
0.00520300865173
0.0567469596863
0.00276207923889
0.00336408615112
0.00292706489563
0.00306820869446
0.00326299667358
0.00666499137878
0.119998931885
0.193689107895
0.204864025116
0.0419898033142
0.0284841060638
0.123448133469
0.73789191246
0.503993034363
1.02189588547
0.35283613205
0.932692050934
0.62381196022
0.0155720710754
0.0104620456696
0.00808811187744
0.0059220790863
0.0215921401978
0.0116999149323
0.0371201038361
0.0167579650879
0.0138049125671
0.0225050449371
0.00940799713135
0.031975030899
0.00775003433228
0.0150661468506
0.0144560337067
0.0503478050232
0.00916481018066
0.00504899024963
0.00649905204773
0.00482296943665
0.0075249671936
0.00551199913025
0.386875152588
0.259175777435
0.215131998062
0.159252882004
0.241746902466
0.19259595871
1.27325296402
1.0302491188
1.13109302521
1.2657289505
0.0115790367126
0.00858402252197
0.00578904151917
0.0062689781189
0.00747799873352
0.0076539516449
0.00644612312317
0.00699210166931
0.00508904457092
0.00493288040161
0.0313949584961
0.0269720554352
0.00991702079773
0.0212199687958
0.0468881130219
0.159225940704
0.00837993621826
0.00454807281494
0.00532102584839
0.0042929649353
0.00338101387024
0.00517702102661
0.00500297546387
0.00577616691589
0.852431058884
0.834721088409
0.723615169525
0.761214971542
0.700277805328
0.717702865601
1.81162595749
0.79723906517
1.04832100868
1.0824098587
0.436094045639
0.290913105011
0.379987955093
0.395359039307
0.299513101578
0.304684877396
1.01449084282
0.542906999588
0.676059961319
0.538047075272
0.797496080399
0.94090294838
0.878953933716
1.83551621437
0.627156019211
0.516593933105
0.362970113754
0.638287782669
0.335268974304
0.0546901226044
0.0224058628082
0.0722029209137
0.0168731212616
0.00905418395996
0.0173120498657
0.00835204124451
0.00779294967651
0.00880193710327
0.766160011292
0.863640785217
1.08186507225
0.750733852386
0.00908422470093
0.010792016983
0.0068359375
0.00681591033936
0.00728297233582
0.00780701637268
1.17779612541
1.26575112343
1.52926111221
1.69513010979
0.386788129807
2.8188290596
2.82176709175
0.0169270038605
0.0289289951324
0.0129489898682
0.00645208358765
0.00758695602417
0.00484585762024
0.0244410037994
0.00918197631836
0.00913715362549
0.0135469436646
0.00981020927429
0.0146071910858
0.850781917572
0.695167064667
0.794486045837
0.659050941467
0.733654022217
0.744360923767
0.400170087814
0.473373174667
0.289458036423
0.399944067001
0.660985946655
0.452672958374
0.0135960578918
0.0193011760712
0.0133109092712
0.0853290557861
0.0241739749908
0.00621795654297
0.00352907180786
0.00339508056641
0.451070070267
0.0783081054688
0.0783650875092
0.188682079315
0.153927087784
0.284011125565
0.0601258277893
0.0510778427124
0.163844108582
0.0963249206543
0.704576969147
181.094172001
0.854125976562
1.02616786957
0.832614898682
0.734055995941
0.66988992691
0.0217821598053
0.0993320941925
0.103457927704
0.0816669464111
0.0123288631439
0.258531093597
0.0648880004883
0.0124158859253
0.0229749679565
0.00738406181335
0.00908708572388
0.010577917099
1.02972602844
0.866000890732
0.547152996063
0.633280992508
0.262253046036
0.420423984528
0.587260007858
0.545340061188
0.494247913361
0.495759963989
0.488943099976
0.474905014038
0.161119222641
0.413539886475
0.302717924118
0.144795894623
0.105123996735
0.026319026947
0.00871992111206
0.00820112228394
0.00869107246399
0.00689005851746
0.0109691619873
0.0227649211884
0.00823903083801
0.00451683998108
0.00470113754272
0.0412659645081
0.0635440349579
0.0313169956207
0.0916469097137
0.0125319957733
0.0681641101837
0.0982670783997
0.0328719615936
0.0243120193481
0.0192749500275
0.0199458599091
0.00748777389526
0.0401329994202
1.01997995377
1.02522087097
1.3872358799
1.17236185074
1.1055829525
1.38166689873
0.44203710556
0.260660886765
0.303200960159
0.208440065384
0.212871074677
0.261858224869
0.220821142197
0.0887999534607
0.178508043289
0.131811141968
0.0574769973755
0.11922287941
0.610631942749
0.484888076782
0.308377027512
0.361910104752
0.508021831512
0.394429922104
0.354864120483
0.111186027527
0.261820077896
0.280685901642
0.325419902802
0.407196998596
0.0292978286743
0.0199689865112
0.0150179862976
0.0101702213287
0.0151288509369
0.0108559131622
0.883404016495
0.555502891541
0.360892057419
1.02032804489
1.60974621773
0.441641807556
0.429229021072
0.259881019592
0.261718988419
0.310325145721
0.264999866486
0.258496999741
0.117390871048
0.143113136292
0.0826549530029
0.0771911144257
0.119731903076
0.0267899036407
0.0106449127197
0.00709891319275
0.0078010559082
0.00960087776184
0.0078821182251
0.486274957657
0.38195514679
0.253946065903
0.413170099258
180.443840027
0.339875936508
0.00851607322693
0.0254108905792
0.0144610404968
0.0110328197479
0.0143909454346
0.0176930427551
0.439637899399
0.187496185303
0.379180908203
0.0669541358948
0.145665884018
0.215646982193
0.00974297523499
0.00418305397034
0.0050790309906
0.00455093383789
0.00826382637024
0.0180861949921
0.679892063141
0.32861995697
0.28056883812
0.219615936279
0.443192005157
0.249151945114
0.0110440254211
0.0114510059357
0.00714588165283
0.00351214408875
0.012186050415
0.0035138130188
0.134703874588
3.34173822403
0.409330844879
0.338862895966
0.805722951889
4.2363319397
0.219362974167
0.110553026199
0.0314471721649
0.0465769767761
0.109292030334
0.0308690071106
0.0521910190582
0.0234858989716
0.0125331878662
0.0118360519409
0.0321340560913
0.0251080989838
0.104144096375
0.121125936508
0.168666124344
0.10847401619
0.0857009887695
0.0268280506134
1.58382511139
1.00060510635
0.658808946609
0.371108055115
0.950099229813
0.906231880188
180.463277102
0.177875041962
0.195115089417
0.226194143295
0.184859037399
0.240830898285
0.0380461215973
0.024650812149
0.0213141441345
0.0221049785614
0.0216491222382
0.0206689834595
2.63202404976
1.22569298744
1.35006403923
1.37006497383
180.523677826
1.30182909966
0.501201868057
0.366971969604
0.171019077301
0.276407957077
0.19166302681
0.272586107254
0.281821966171
0.153675079346
0.588595867157
0.869749069214
0.40808391571
0.300714015961
0.197364091873
0.0581212043762
0.25359082222
0.0350580215454
0.155256986618
0.103103160858
0.0323660373688
0.00904297828674
0.0615599155426
0.743056058884
0.46808886528
0.0857789516449
0.501049995422
1.08182883263
0.617147922516
0.54221200943
0.488857030869
0.444897174835
0.371861934662
0.461323022842
2.15909814835
1.53995895386
1.79335713387
1.86442089081
1.39040112495
0.0063910484314
0.00416994094849
0.00359201431274
0.00369310379028
0.00376582145691
0.00314998626709
0.903053998947
0.710617780685
0.859058141708
0.460301876068
0.66216802597
0.52049779892
0.575903177261
0.775574922562
0.13341999054
0.043025970459
0.0821049213409
0.128182172775
0.113276004791
0.0857019424438
0.570832014084
0.41934800148
0.496751070023
0.61745595932
0.346730947495
0.464000940323
0.547165870667
0.34082198143
0.263290882111
0.411174058914
0.317317962646
0.176946878433
0.365709066391
0.407988071442
0.182622909546
0.0256721973419
0.168390989304
0.0709271430969
0.00835490226746
0.00348305702209
0.00591611862183
0.0031418800354
0.00459504127502
0.533271074295
0.46381688118
0.275285005569
0.496442079544
0.524470090866
0.270790100098
0.308744907379
0.485293149948
0.273668050766
0.96565413475
0.398620128632
0.14733505249
0.0902409553528
0.193765878677
0.294589042664
0.185705184937
0.0106608867645
0.0047459602356
0.0066180229187
0.00477194786072
0.00936412811279
0.00502490997314
0.696496009827
0.538624048233
0.520756959915
0.669004917145
0.0255279541016
0.256135940552
0.131222009659
0.125133991241
0.389086008072
0.15242600441
0.0803220272064
0.181898117065
0.191679000854
0.0898129940033
0.141220092773
0.00446605682373
0.00387001037598
0.00332903862
0.00446081161499
0.00281286239624
0.00494289398193
1.02058696747
1.02050304413
1.17948698997
1.09465694427
1.09626698494
1.30380105972
0.170552968979
0.0670008659363
0.0761840343475
0.0555601119995
1.60319304466
1.02292609215
0.609518051147
0.813832998276
0.979001998901
1.14016103745
0.4690721035
0.246357917786
0.052521944046
0.405339002609
0.182512998581
0.317229032516
0.026123046875
0.00539112091064
0.0103960037231
0.00933790206909
0.0110499858856
0.00950908660889
0.479803085327
0.144675016403
0.237181186676
0.229219913483
0.233289003372
0.312288999557
0.419323921204
0.276715993881
0.294439077377
1.09290218353
0.731122016907
0.951069831848
0.938939809799
0.946315765381
0.84849190712
0.761699199677
0.487100124359
0.23175907135
1.68090295792
1.50444483757
0.425565004349
0.403767108917
0.133633136749
0.23216676712
0.130492925644
0.502857923508
0.318490982056
0.410223007202
0.409514188766
0.34111905098
0.437940835953
0.0424270629883
0.0272181034088
0.0325229167938
0.00742983818054
0.0263061523438
0.294107913971
0.573441982269
0.234563827515
0.194593191147
0.40860414505
0.0954151153564
0.0327949523926
0.0238218307495
0.015645980835
0.0203189849854
0.0195288658142
0.0115540027618
0.735898971558
0.304033041
0.326592922211
0.418288946152
0.414756059647
0.506505012512
0.500020027161
0.251271009445
0.39022898674
0.347730875015
0.307636976242
0.471618175507
0.342031002045
0.087427854538
0.150556087494
0.269343137741
0.208379030228
180.868566036
1.38580513
1.90835309029
1.26025819778
2.11128807068
1.69002819061
2.15299010277
0.520849943161
0.216191053391
0.244866847992
0.394408941269
0.0314688682556
0.400162935257
0.436746120453
0.164921998978
0.302159786224
0.411410093307
0.339138031006
0.404768943787
0.545710086823
0.28008723259
0.15828704834
0.544919967651
0.437926054001
0.383599042892
0.37642788887
0.310449123383
0.271393060684
0.275851964951
0.764225006104
0.515360116959
0.519682168961
0.709334135056
0.269990921021
1.03271913528
0.137460947037
0.280414104462
0.211089134216
0.288180112839
0.38708114624
0.148916006088
0.254073858261
0.107161998749
0.143295049667
0.191457033157
0.210577011108
0.203244924545
0.186101913452
0.152729034424
0.111388921738
0.499437093735
0.0123012065887
0.00918698310852
0.00829291343689
0.00549697875977
0.00766611099243
0.0116260051727
0.678101062775
0.471832036972
0.546899080276
0.500885009766
0.504132986069
0.47992515564
0.225121021271
0.171437978745
0.0405569076538
0.196880817413
0.408280849457
0.0848748683929
0.0168950557709
0.00906300544739
0.00800585746765
0.00995492935181
0.0169169902802
0.0106859207153
180.521482944
0.562343120575
0.631718158722
0.446556091309
0.429764986038
0.412342071533
0.00878500938416
0.0152599811554
0.00855779647827
0.00806593894958
0.008141040802
0.010929107666
0.0116939544678
0.0072078704834
0.00671291351318
0.00564408302307
0.00608611106873
0.00673198699951
1.19690489769
0.652798891068
0.73988199234
0.928042888641
1.12229704857
1.64334607124
0.470742940903
0.510395050049
0.207476139069
0.559185028076
0.397060871124
0.434731960297
0.307579040527
0.310322999954
0.315047025681
0.529062986374
0.562310934067
0.236552000046
0.163166999817
0.0555350780487
0.102309942245
0.1895840168
0.168842077255
0.442935943604
0.2334420681
0.143916845322
0.0662310123444
0.156152963638
0.0848619937897
0.266885042191
0.0755920410156
0.1428399086
0.080600976944
0.145838975906
0.0998778343201
0.479990005493
0.301630020142
0.360845804214
0.336827039719
0.336548089981
0.45029091835
0.0654499530792
0.0275549888611
0.0171320438385
0.0226130485535
0.0196089744568
0.0327670574188
0.0228161811829
0.00958514213562
0.0158319473267
0.00908398628235
0.0145609378815
0.00474095344543
0.0124170780182
0.00764608383179
0.00635981559753
0.00535488128662
0.0517909526825
0.0243508815765
0.00595188140869
0.00683283805847
0.0077497959137
0.0139548778534
0.00982999801636
0.0159599781036
0.0177640914917
0.0243539810181
0.47656917572
0.342689037323
0.323308944702
0.399332046509
0.216845989227
0.151927947998
0.390737056732
0.190888881683
0.135713815689
0.0991549491882
0.168015003204
0.134637117386
0.69447016716
0.269665002823
0.276073932648
0.50790309906
0.418172836304
0.961626052856
0.99277806282
0.220003128052
0.775031089783
0.47622179985
0.0837829113007
0.81162405014
0.778376817703
0.568289995193
0.637326955795
0.706394195557
0.528229951859
2.53676199913
2.16863107681
2.16564011574
1.58704590797
0.694590091705
0.584889888763
0.428952932358
0.43755197525
0.531475067139
0.503995895386
0.0725159645081
0.0709810256958
0.0636341571808
0.0413148403168
0.0293810367584
0.0387959480286
0.0375330448151
0.0544259548187
0.773740053177
0.898140907288
0.925318956375
0.941354990005
0.0562710762024
0.0195331573486
0.0143089294434
0.058687210083
0.358102083206
0.23476600647
0.27706193924
0.27027797699
0.422821044922
0.22068810463
0.313282012939
0.132332086563
0.139956951141
0.229651927948
0.261409044266
0.199951887131
0.0126659870148
0.143851995468
0.0789880752563
0.0547821521759
0.390753984451
0.282244920731
0.30034995079
0.115034103394
0.00692009925842
0.00981402397156
0.00623607635498
0.00508499145508
0.788325071335
0.318279027939
0.241126060486
0.376022815704
0.01136302948
0.00414085388184
0.00501608848572
0.00489711761475
0.0218951702118
0.00994181632996
0.018217086792
0.0125432014465
0.437563896179
0.166757106781
180.406291008
0.236707925797
0.0226550102234
0.0992040634155
0.037565946579
0.130437135696
0.548712968826
0.406365871429
0.146925926208
0.143195152283
0.310208797455
0.367563009262
0.122225999832
0.18881893158
0.171764850616
0.414247989655
0.823942184448
0.740444898605
0.82936501503
0.615425109863
0.00937294960022
0.0254168510437
0.026554107666
0.0210418701172
0.280259847641
1.90364384651
1.89789009094
0.177299022675
0.334578990936
0.382822036743
0.00473809242249
0.00365591049194
0.00305700302124
0.00352191925049
0.480911970139
0.226163864136
0.241015195847
0.301182031631
0.324935913086
0.160729169846
0.197717189789
0.857275009155
0.00727701187134
0.00765991210938
0.00441408157349
0.004075050354
0.0041241645813
0.0108098983765
1.28122186661
0.664032936096
0.557759046555
1.12541890144
1.00657200813
0.903418064117
0.740655899048
0.832710027695
0.746360063553
0.01735496521
0.00566792488098
0.0100479125977
0.00412917137146
0.00478005409241
0.00527906417847
0.668668985367
0.757016897202
0.530857086182
0.647503852844
0.633893966675
0.675086975098
0.981244087219
0.898974895477
0.842294931412
0.687422037125
0.800918102264
0.825621128082
0.805000782013
0.999376058578
0.753039121628
0.520094871521
0.538613080978
0.606779098511
0.0495829582214
0.037526845932
0.0108389854431
0.00698113441467
0.0299639701843
0.0419328212738
0.00517511367798
0.00592803955078
0.00504779815674
0.00406408309937
0.00435996055603
0.00469303131104
0.862828969955
0.221568107605
0.310825824738
0.525396108627
0.605548858643
0.187241077423
0.272944927216
0.333692073822
0.0141007900238
0.0062460899353
0.00942993164062
0.00917792320251
0.00356388092041
0.00557613372803
0.00301909446716
0.00386500358582
1.55946993828
0.92488694191
1.26197004318
181.67227006
0.623611927032
0.556405067444
0.791391134262
0.844695091248
0.657336950302
1.16537094116
0.72355389595
0.473036050797
0.753085851669
0.661224842072
0.00732803344727
0.00508594512939
0.0041651725769
0.00582385063171
0.00572395324707
0.0218191146851
0.00408887863159
0.0107228755951
0.00844693183899
0.0282669067383
1.26823401451
0.244393825531
0.118335962296
0.112152814865
0.698853969574
0.578943967819
0.675348997116
0.784242153168
2.16649985313
2.02000594139
1.89554405212
181.269047976
0.285254001617
0.18035697937
0.0762259960175
0.0952479839325
0.0763459205627
0.03901720047
0.0112609863281
0.010626077652
0.0184330940247
0.006511926651
0.896865844727
0.163931846619
0.22678899765
0.444634914398
0.431927919388
1.27010583878
0.00779294967651
0.00745892524719
0.00465703010559
0.00693297386169
0.00373816490173
0.00577092170715
0.00579118728638
0.263510942459
0.110795974731
0.0421941280365
0.0241160392761
0.0637860298157
0.0326070785522
0.03839802742
0.758744955063
0.319453954697
0.326746940613
0.302196025848
0.289289951324
0.340728998184
0.00586605072021
0.00355792045593
0.00330591201782
0.00340795516968
0.521039009094
0.198970079422
0.168695926666
0.177613973618
0.10714006424
180.409446001
0.746835947037
0.711287021637
0.706809997559
0.688689947128
0.349977970123
0.00579380989075
0.0048840045929
0.00430989265442
0.00459098815918
0.635918140411
0.149013996124
0.179465055466
0.27564907074
0.037654876709
0.0209300518036
0.0214598178864
0.00982689857483
0.0235879421234
0.0217819213867
0.201808929443
0.149762153625
0.119899988174
0.117193937302
0.0589249134064
0.119877815247
0.111387014389
0.131077051163
0.0293440818787
0.0706088542938
0.347467899323
0.172148942947
0.108073949814
0.110282897949
0.0757329463959
0.253210783005
0.850927114487
0.353070020676
0.600501060486
0.356112957001
0.727247953415
0.899585008621
0.934764862061
1.18811202049
0.859925985336
1.01072788239
0.0668120384216
0.0341238975525
0.0141358375549
0.0241420269012
0.0251669883728
0.0167188644409
0.00696682929993
0.00711703300476
0.00962996482849
0.00502395629883
0.0050950050354
0.00525712966919
0.0399699211121
0.0213341712952
0.00594615936279
0.00531506538391
0.450199842453
0.442873001099
0.269711017609
0.268237113953
0.31810593605
0.210141181946
0.142694950104
0.08154296875
0.00498008728027
0.00546598434448
0.00466418266296
0.00426816940308
0.00389504432678
0.00480318069458
0.520897865295
0.330666065216
0.171782016754
0.215901851654
0.0044538974762
0.00513195991516
0.00595998764038
0.00616097450256
0.00723719596863
0.00487399101257
0.00603008270264
0.00725221633911
0.00777697563171
0.00784707069397
0.00619006156921
0.00644207000732
0.0269048213959
0.00878810882568
0.00724506378174
0.0627319812775
0.196875810623
0.0556461811066
0.131808042526
0.0776679515839
0.00692510604858
0.00473093986511
0.00528788566589
0.00483393669128
0.00523805618286
0.0049409866333
0.315135002136
0.169602870941
0.125756978989
0.221210002899
1.89485001564
1.13503599167
1.49972200394
1.29205989838
0.714966058731
0.00670599937439
0.00551295280457
0.00492191314697
0.0043089389801
0.8465321064
0.429933786392
0.0733671188354
0.426938056946
0.0148098468781
0.00808000564575
0.00817489624023
0.00478386878967
0.00445199012756
0.00668692588806
0.00477480888367
0.343392133713
0.368717908859
0.221447944641
0.193578004837
0.28124499321
0.257700920105
0.153579950333
0.0393450260162
0.00855898857117
0.0498588085175
0.0108458995819
0.0832738876343
0.434393882751
0.379172801971
0.140032052994
0.464557170868
0.377552986145
0.163743019104
1.03427910805
0.958305120468
0.898360967636
0.903306007385
1.17002987862
0.893213033676
0.671266794205
0.806415081024
0.695685863495
0.516973018646
0.63596701622
0.658132076263
0.0792298316956
0.0879809856415
0.0602390766144
0.109652996063
0.0259771347046
0.225909948349
0.168012142181
0.118446826935
0.102122068405
0.245533943176
0.159762144089
0.00859498977661
0.0056140422821
0.00785112380981
0.0166299343109
0.00932693481445
0.00576400756836
1.09116101265
0.687623977661
0.844434022903
0.918772935867
0.877213954926
1.00012683868
2.34057593346
1.74730300903
1.49415802956
1.71579194069
1.75455498695
2.52024388313
0.699251890182
0.628973960876
0.479099035263
0.281414985657
0.473479986191
0.738657951355
0.00878214836121
0.00742602348328
0.00701093673706
0.00490498542786
0.00716590881348
0.00477814674377
0.658354043961
0.0906369686127
0.11496591568
0.322232961655
0.252533912659
0.298802137375
1.01862192154
0.452242136002
0.705635070801
0.735821008682
1.09169101715
0.584224939346
0.415528059006
0.0109360218048
0.0135707855225
0.0272109508514
0.0151731967926
0.37450003624
0.329933166504
0.191864967346
0.117914915085
0.253745794296
0.192935943604
0.190026044846
0.0835049152374
0.0334091186523
0.101629972458
0.00875806808472
0.0139999389648
0.0109510421753
0.0046329498291
0.576398849487
0.697501182556
0.805330991745
0.715312957764
0.46080493927
0.290047883987
0.089704990387
0.193542003632
0.304193019867
0.226139068604
0.67036986351
0.998399019241
0.793274879456
0.757005929947
0.934569120407
0.81346487999
1.46974611282
0.621059894562
0.800241231918
1.13198399544
1.66337203979
1.10506796837
0.19403886795
0.128832101822
0.0818300247192
0.156694889069
0.183460950851
0.0641388893127
0.126410961151
0.0365040302277
0.0955829620361
180.507482052
0.0746030807495
0.0557200908661
0.594443082809
0.199877023697
0.0264310836792
0.352788925171
0.181005954742
0.0669989585876
0.181865930557
0.691690921783
0.568290948868
0.282039165497
0.257040977478
0.255894899368
0.221308946609
0.348006010056
0.190059185028
0.221431016922
0.164119958878
0.0940840244293
0.308176994324
0.156447172165
0.19655919075
0.253556966782
0.0514829158783
0.102425098419
0.163582086563
0.141690969467
0.00998091697693
0.0152518749237
0.0120460987091
0.00621700286865
0.00493884086609
0.00528192520142
0.00600814819336
0.672219991684
0.35569691658
0.488083124161
0.475331068039
0.436239957809
0.755379915237
1.01853990555
0.894675970078
1.25121903419
0.841663122177
0.350878953934
0.122576951981
0.0349268913269
0.244333982468
0.134184837341
0.152787923813
0.0833699703217
0.0291948318481
0.0453729629517
0.0256261825562
0.0184299945831
0.0470530986786
0.237340927124
0.0904698371887
0.105760812759
0.0753929615021
0.139140129089
0.0447459220886
1.09428715706
0.850986003876
1.08820700645
1.01326203346
1.23859620094
0.782429933548
1.06783294678
0.00961208343506
0.0326969623566
0.0200419425964
0.0113301277161
0.637197971344
0.416877031326
0.41255903244
0.396547079086
0.179555177689
0.409736871719
1.17917203903
1.08335804939
1.38643598557
1.6958360672
0.543471097946
0.233866930008
0.236483097076
0.230064153671
0.359695196152
0.167208194733
0.161552906036
0.10590004921
0.143239974976
0.115865945816
0.119653224945
0.0802807807922
0.961335897446
0.620337963104
1.03953289986
0.760684967041
0.00687503814697
0.00844287872314
0.00929713249207
0.00922203063965
0.407876968384
0.139424800873
0.303355932236
0.0151228904724
1.2723338604
0.947736024857
1.38756489754
1.02359414101
0.949702978134
1.21415305138
1.69235801697
1.51969814301
2.13909196854
2.15963602066
180.32614994
1.77745509148
0.790509939194
0.446344137192
0.73107790947
0.60738992691
0.0116078853607
0.00382590293884
0.00514817237854
0.00823307037354
0.00415778160095
0.00432896614075
0.928748130798
0.507821083069
0.680334091187
0.62292098999
0.729984045029
180.359681845
0.648180961609
0.479762077332
0.551280975342
0.443679094315
0.486320018768
0.345261096954
0.371881961823
0.170519113541
0.161363124847
0.164176940918
0.156162977219
0.203979969025
0.00847291946411
0.00358200073242
0.0046079158783
0.383843898773
0.0134298801422
0.00671696662903
