# unix_time, cycles_done, cur_path, paths_total, pending_total, pending_favs, map_size, unique_crashes, unique_hangs, max_depth, execs_per_sec, total_execs
1712685931, 1, 0, 5, 5, 5, 1.24%, 0, 0, 1, 2352.94, 40
1712686007, 1, 0, 166, 166, 5, 1.50%, 0, 0, 2, 2.28, 5236
1712686012, 1, 0, 242, 242, 5, 1.68%, 0, 0, 2, 1662.41, 11880
1712686017, 1, 0, 271, 271, 5, 1.80%, 0, 0, 2, 1350.62, 18166
1712686022, 1, 0, 294, 294, 5, 1.85%, 0, 0, 2, 1564.44, 24330
1712686028, 1, 0, 314, 314, 5, 1.89%, 0, 0, 2, 1017.69, 30902
1712686033, 1, 0, 329, 329, 5, 1.91%, 0, 0, 2, 1178.24, 36821
1712690154, 1, 1, 512, 511, 197, 2.34%, 0, 0, 2, 0.02, 40763
1712690215, 1, 1, 514, 513, 197, 2.34%, 0, 0, 2, 2.56, 40919
1712690220, 1, 1, 527, 526, 197, 2.39%, 0, 0, 2, 1438.26, 48807
1712690226, 1, 1, 529, 528, 197, 2.40%, 0, 0, 2, 1643.46, 57228
1712690231, 1, 2, 571, 569, 210, 2.42%, 0, 0, 2, 1703.33, 65963
1712690236, 1, 2, 626, 624, 210, 2.51%, 0, 0, 2, 1423.21, 72871
1712690241, 1, 2, 656, 654, 210, 2.54%, 0, 0, 2, 1490.13, 80435
1712690426, 1, 2, 682, 680, 210, 2.59%, 0, 0, 2, 0.17, 87363
1712690431, 1, 2, 715, 713, 210, 2.68%, 0, 0, 2, 1368.45, 94728
1712690436, 1, 8, 737, 734, 246, 2.73%, 0, 0, 3, 1461.31, 102049
1712690442, 1, 8, 746, 743, 246, 2.74%, 0, 0, 3, 55.16, 106227
1712690447, 1, 8, 749, 746, 246, 2.75%, 0, 0, 3, 250.00, 110362
1712690453, 1, 8, 762, 759, 246, 2.78%, 0, 0, 3, 1499.57, 115199
1712690636, 1, 8, 763, 760, 246, 2.78%, 0, 0, 3, 0.81, 117634
1712690641, 1, 8, 770, 767, 246, 2.78%, 0, 0, 3, 69.22, 121785
1712690646, 1, 8, 786, 783, 246, 2.79%, 0, 0, 3, 1513.29, 127788
1712690652, 1, 8, 795, 792, 246, 2.81%, 0, 0, 3, 1713.63, 132460
1712690657, 1, 21, 805, 801, 265, 2.82%, 0, 0, 3, 146.67, 139141
1712690662, 1, 21, 812, 808, 265, 2.84%, 0, 0, 3, 1278.58, 145333
1712690846, 1, 21, 821, 817, 265, 2.85%, 0, 0, 3, 1.87, 151203
1712690851, 1, 21, 835, 831, 265, 2.87%, 0, 0, 3, 1587.42, 159321
1712690857, 1, 21, 842, 838, 265, 2.88%, 0, 0, 3, 1452.21, 166044
1712690862, 1, 33, 849, 844, 283, 2.88%, 0, 0, 3, 1516.03, 171911
1712690867, 1, 33, 852, 847, 283, 2.89%, 0, 0, 3, 1375.54, 176587
1712690873, 1, 33, 857, 852, 283, 2.89%, 0, 0, 3, 80.75, 181190
1712691057, 1, 33, 861, 856, 283, 2.91%, 0, 0, 3, 0.81, 184706
1712691062, 1, 33, 864, 859, 283, 2.91%, 0, 0, 3, 1516.17, 190018
1712691067, 1, 33, 869, 864, 283, 2.91%, 0, 0, 3, 1474.14, 195608
1712691072, 1, 33, 1009, 1003, 282, 4.90%, 0, 0, 3, 1579.83, 201973
1712691077, 1, 33, 1867, 1861, 282, 7.84%, 0, 0, 3, 1587.04, 209841
1712691082, 1, 33, 2784, 2778, 282, 9.28%, 0, 0, 3, 1699.98, 218377
1712691267, 1, 33, 3623, 3617, 282, 10.27%, 0, 0, 3, 0.26, 226290
1712691272, 1, 33, 4392, 4386, 282, 11.03%, 0, 0, 3, 1457.72, 233677
1712691277, 1, 33, 5194, 5188, 282, 11.73%, 0, 0, 3, 1526.14, 241486
1712691282, 1, 33, 6023, 6017, 282, 12.41%, 0, 0, 3, 1624.43, 249760
1712691287, 1, 46, 6147, 6141, 3035, 12.49%, 0, 0, 3, 1136.14, 254909
1712691480, 1, 76, 6147, 6140, 3035, 12.49%, 0, 0, 3, 0.86, 258339
1712691485, 1, 76, 6148, 6141, 3035, 12.49%, 0, 0, 3, 1336.82, 264278
1712691495, 1, 83, 6149, 6141, 3035, 12.49%, 0, 0, 3, 1178.11, 275209
1712691500, 1, 83, 6150, 6142, 3035, 12.49%, 0, 0, 3, 1361.75, 279313
1712691693, 1, 83, 6151, 6143, 3035, 12.49%, 0, 0, 3, 1377.21, 290144
1712691703, 1, 122, 6152, 6142, 3033, 12.49%, 0, 0, 3, 1314.03, 299895
1712691708, 1, 122, 6153, 6143, 3033, 12.49%, 0, 0, 3, 1289.97, 306391
1712691713, 1, 122, 6154, 6144, 3033, 12.49%, 0, 0, 3, 1364.40, 313369
1712691903, 1, 143, 6154, 6142, 3031, 12.49%, 0, 0, 3, 1559.87, 327150
1712691913, 1, 144, 6156, 6143, 3030, 12.49%, 0, 0, 3, 1214.70, 338191
1712691924, 1, 144, 6157, 6144, 3030, 12.50%, 0, 0, 3, 1370.69, 347337
1712692119, 1, 144, 6158, 6145, 3030, 12.50%, 0, 0, 3, 1301.20, 359846
1712692129, 1, 151, 6158, 6144, 3031, 12.50%, 0, 0, 3, 1403.30, 371463
1712692135, 1, 169, 6158, 6142, 3030, 12.50%, 0, 0, 3, 1454.61, 378099
1712694166, 1, 171, 6158, 6141, 3029, 12.50%, 0, 0, 3, 1983.40, 386362
1712694171, 1, 172, 6158, 6140, 3028, 12.50%, 0, 0, 3, 1283.37, 390866
1712694176, 1, 182, 6158, 6139, 3027, 12.50%, 0, 0, 3, 1436.13, 398117
1712694181, 1, 182, 6159, 6140, 3027, 12.50%, 0, 0, 3, 1207.92, 403181
1712694192, 1, 188, 6159, 6139, 3026, 12.50%, 0, 0, 3, 860.92, 412113
1712694203, 1, 188, 6371, 6350, 3025, 12.92%, 0, 0, 3, 1473.58, 420810
1712694208, 1, 188, 7034, 7013, 3025, 13.41%, 0, 0, 3, 1413.24, 427866
1712694213, 1, 220, 7179, 7157, 3334, 13.47%, 0, 0, 3, 1331.01, 434734
1712694218, 1, 235, 7180, 7156, 3332, 13.47%, 0, 0, 3, 1339.46, 441186
1712694234, 1, 242, 7180, 7155, 3332, 13.47%, 0, 0, 3, 1199.77, 456304
1712694239, 1, 253, 7180, 7154, 3331, 13.47%, 0, 0, 3, 1386.08, 460372
1712694244, 1, 257, 7180, 7153, 3330, 13.47%, 0, 0, 3, 1058.52, 465064
1712694249, 1, 257, 7181, 7154, 3330, 13.47%, 0, 0, 3, 1162.20, 471068
1712694260, 1, 271, 7181, 7152, 3329, 13.47%, 0, 0, 3, 1524.10, 484551
1712694270, 1, 280, 7181, 7150, 3327, 13.47%, 0, 0, 3, 1536.92, 495182
1712694284, 1, 281, 7181, 7149, 3326, 13.47%, 0, 0, 3, 27.97, 501815
1712694289, 1, 285, 7181, 7148, 3325, 13.47%, 0, 0, 3, 1447.90, 507651
1712694300, 1, 292, 7181, 7147, 3324, 13.47%, 0, 0, 3, 1164.04, 516029
1712694305, 1, 292, 7182, 7148, 3324, 13.47%, 0, 0, 3, 1320.47, 520032
1712694343, 1, 301, 7182, 7147, 3323, 13.47%, 0, 0, 3, 2.02, 528368
1712694348, 1, 315, 7182, 7146, 3322, 13.47%, 0, 0, 3, 1497.36, 535639
1712694353, 1, 315, 7183, 7147, 3322, 13.47%, 0, 0, 3, 1133.60, 540111
1712694423, 1, 317, 7183, 7146, 3321, 13.47%, 0, 0, 3, 5.41, 549853
1712694433, 1, 325, 7183, 7145, 3320, 13.47%, 0, 0, 3, 1276.42, 558008
1712694443, 1, 325, 7184, 7146, 3320, 13.47%, 0, 0, 3, 35.29, 566710
1712694449, 1, 325, 7186, 7148, 3320, 13.47%, 0, 0, 3, 1143.67, 572181
1712694639, 1, 331, 7186, 7147, 3321, 13.47%, 0, 0, 3, 1097.08, 582356
1712694644, 1, 340, 7186, 7146, 3320, 13.47%, 0, 0, 3, 171.30, 588455
1712694649, 1, 349, 7186, 7145, 3319, 13.47%, 0, 0, 3, 1190.96, 594202
1712694654, 1, 409, 7186, 7144, 3319, 13.47%, 0, 0, 3, 1252.40, 600014
1712694659, 1, 425, 7186, 7143, 3318, 13.47%, 0, 0, 3, 1153.42, 604599
1712694844, 1, 426, 7186, 7142, 3317, 13.47%, 0, 0, 3, 0.97, 610427
1712694849, 1, 427, 7186, 7141, 3316, 13.47%, 0, 0, 3, 1252.95, 616791
1712694854, 1, 451, 7186, 7140, 3315, 13.47%, 0, 0, 3, 1145.95, 622138
1712694860, 1, 454, 7186, 7139, 3314, 13.47%, 0, 0, 3, 1289.02, 626940
1712694870, 1, 457, 7186, 7138, 3313, 13.47%, 0, 0, 3, 1285.84, 639436
1712695054, 1, 462, 7186, 7137, 3312, 13.47%, 0, 0, 3, 0.41, 644310
1712695070, 1, 463, 7186, 7136, 3311, 13.47%, 0, 0, 3, 1763.29, 655766
1712695075, 1, 463, 7187, 7137, 3311, 13.47%, 0, 0, 3, 1463.63, 661226
1712695264, 1, 471, 7187, 7136, 3311, 13.47%, 0, 0, 3, 1.32, 671606
1712695270, 1, 472, 7188, 7136, 3311, 13.48%, 0, 0, 3, 1178.37, 677265
1712695280, 1, 474, 7188, 7135, 3311, 13.48%, 0, 0, 3, 1325.04, 690547
1712695285, 1, 477, 7188, 7134, 3310, 13.48%, 0, 0, 3, 1140.43, 696404
1712695290, 1, 497, 7188, 7133, 3309, 13.48%, 0, 0, 3, 86.82, 702901
1712695486, 1, 498, 7188, 7132, 3308, 13.48%, 0, 0, 3, 1391.83, 714105
1712695491, 1, 504, 7188, 7131, 3307, 13.48%, 0, 0, 3, 1083.44, 718953
1712695496, 1, 505, 7188, 7130, 3306, 13.48%, 0, 0, 3, 41.11, 723891
1712695501, 1, 508, 7188, 7129, 3305, 13.48%, 0, 0, 3, 1903.50, 728910
1712695685, 1, 511, 7188, 7128, 3304, 13.48%, 0, 0, 3, 1.10, 730537
1712695697, 1, 515, 7188, 7125, 3301, 13.48%, 0, 0, 3, 1822.48, 737262
1712695903, 1, 516, 7188, 7124, 3300, 13.48%, 0, 0, 3, 3.45, 743073
1712695909, 1, 518, 7188, 7123, 3299, 13.48%, 0, 0, 3, 95.72, 746914
1712695922, 1, 521, 7188, 7122, 3298, 13.48%, 0, 0, 3, 81.87, 752238
1712696117, 1, 524, 7188, 7121, 3297, 13.48%, 0, 0, 3, 26.54, 759628
1712696127, 1, 528, 7188, 7119, 3296, 13.48%, 0, 0, 3, 1433.64, 767399
1712698643, 1, 536, 7188, 7118, 3295, 13.48%, 0, 0, 3, 1509.60, 775434
1712698648, 1, 536, 7267, 7196, 3294, 13.81%, 0, 1, 3, 92.06, 780277
1712698653, 1, 536, 7592, 7521, 3294, 14.17%, 0, 4, 3, 1446.29, 783280
1712698659, 1, 536, 8082, 8011, 3294, 14.48%, 0, 5, 3, 1176.88, 787847
1712698841, 1, 536, 8302, 8231, 3294, 14.57%, 0, 6, 3, 0.85, 789932
1712698847, 1, 536, 8507, 8436, 3294, 14.66%, 0, 7, 3, 56.24, 791901
1712698852, 1, 571, 8714, 8643, 3724, 14.76%, 0, 7, 3, 1085.40, 796564
1712698857, 1, 572, 8714, 8642, 3723, 14.76%, 0, 7, 3, 1202.31, 802748
1712698862, 1, 578, 8714, 8641, 3722, 14.76%, 0, 7, 3, 1087.34, 807882
1712698867, 1, 585, 8714, 8640, 3721, 14.76%, 0, 7, 3, 1237.97, 814223
1712699057, 1, 588, 8714, 8639, 3720, 14.76%, 0, 7, 3, 1021.19, 825550
1712699062, 1, 594, 8714, 8638, 3719, 14.76%, 0, 7, 3, 1087.36, 831138
1712699067, 1, 597, 8714, 8637, 3718, 14.76%, 0, 7, 3, 1054.61, 836794
1712699072, 1, 601, 8714, 8635, 3716, 14.76%, 0, 7, 3, 1186.46, 842817
1712699077, 1, 606, 8714, 8634, 3715, 14.76%, 0, 7, 3, 1224.01, 849015
1712699267, 1, 625, 8714, 8632, 3713, 14.76%, 0, 7, 3, 924.46, 860250
1712699272, 1, 636, 8714, 8631, 3712, 14.76%, 0, 7, 3, 1045.85, 865549
1712699277, 1, 636, 8715, 8632, 3712, 14.76%, 0, 7, 3, 1146.54, 871409
1712699287, 1, 654, 8715, 8631, 3711, 14.76%, 0, 7, 3, 1165.19, 882326
1712699473, 1, 661, 8715, 8630, 3710, 14.76%, 0, 7, 3, 1.27, 887756
1712699478, 1, 664, 8715, 8629, 3709, 14.76%, 0, 7, 3, 1191.40, 893672
1712699483, 1, 667, 8715, 8628, 3708, 14.76%, 0, 7, 3, 1086.34, 899229
1712699488, 1, 670, 8715, 8627, 3707, 14.76%, 0, 7, 3, 1283.39, 906291
1712699493, 1, 671, 8715, 8626, 3706, 14.76%, 0, 7, 3, 1244.72, 912353
1712699498, 1, 682, 8715, 8625, 3705, 14.76%, 0, 7, 3, 1224.72, 918418
1712699683, 1, 689, 8715, 8624, 3704, 14.76%, 0, 7, 3, 1.54, 922512
1712699693, 1, 694, 8716, 8624, 3703, 14.76%, 0, 7, 3, 1114.59, 934058
1712699698, 1, 694, 8717, 8625, 3703, 14.76%, 0, 7, 3, 1251.54, 940437
1712699703, 1, 694, 8719, 8627, 3703, 14.76%, 0, 7, 3, 1320.04, 946903
1712699893, 1, 697, 8722, 8629, 3702, 14.76%, 0, 7, 3, 0.60, 959239
1712699914, 1, 699, 8722, 8628, 3701, 14.76%, 0, 7, 3, 1364.52, 982988
1712699919, 1, 704, 8722, 8627, 3700, 14.76%, 0, 7, 3, 1325.13, 989755
1712700104, 1, 706, 8722, 8626, 3699, 14.76%, 0, 7, 3, 1.52, 995663
1712700109, 1, 707, 8722, 8625, 3698, 14.76%, 0, 7, 3, 1236.45, 1001476
1712700114, 1, 711, 8722, 8624, 3697, 14.76%, 0, 7, 3, 1168.44, 1007024
1712700119, 1, 718, 8722, 8623, 3696, 14.76%, 0, 7, 3, 1046.86, 1012340
1712700129, 1, 728, 8722, 8622, 3695, 14.76%, 0, 7, 3, 1427.69, 1023744
1712700314, 1, 729, 8722, 8621, 3695, 14.76%, 0, 7, 3, 0.41, 1027867
1712700319, 1, 732, 8722, 8620, 3694, 14.76%, 0, 7, 3, 1175.53, 1033533
1712700324, 1, 732, 8724, 8622, 3694, 14.76%, 0, 7, 4, 117.44, 1037180
1712700339, 1, 732, 8725, 8623, 3694, 14.76%, 0, 7, 4, 1603.72, 1049010
1712700535, 1, 733, 8725, 8622, 3695, 14.76%, 0, 7, 4, 1168.95, 1060137
1712700540, 1, 735, 8725, 8621, 3694, 14.76%, 0, 7, 4, 1217.12, 1066291
1712700550, 1, 740, 8725, 8619, 3692, 14.76%, 0, 7, 4, 1289.25, 1076490
1712702838, 1, 743, 8725, 8618, 3691, 14.76%, 0, 7, 4, 0.07, 1082138
1712702843, 1, 744, 8725, 8617, 3690, 14.76%, 0, 7, 4, 1255.78, 1088123
1712702848, 1, 749, 8725, 8616, 3689, 14.76%, 0, 7, 4, 1233.23, 1094436
1712702859, 1, 752, 8725, 8615, 3688, 14.76%, 0, 7, 4, 1180.52, 1106678
1712702864, 1, 753, 8933, 8822, 3715, 14.85%, 0, 7, 4, 47.10, 1111625
1712703049, 1, 753, 8934, 8823, 3715, 14.85%, 0, 7, 4, 1.38, 1115229
1712703064, 1, 754, 8935, 8823, 3715, 14.85%, 0, 7, 4, 1220.34, 1126649
1712703074, 1, 764, 8935, 8822, 3714, 14.85%, 0, 7, 4, 1250.24, 1138030
1712703259, 1, 769, 8935, 8821, 3713, 14.85%, 0, 8, 4, 1.46, 1143410
1712703264, 1, 772, 8935, 8820, 3712, 14.85%, 0, 8, 4, 178.57, 1148065
1712703269, 1, 784, 8935, 8819, 3711, 14.85%, 0, 8, 4, 144.20, 1152753
1712703274, 1, 784, 8936, 8820, 3711, 14.85%, 0, 8, 4, 980.00, 1157055
1712703285, 1, 785, 8936, 8819, 3711, 14.85%, 0, 8, 4, 723.37, 1166190
1712703469, 1, 785, 8939, 8822, 3711, 14.85%, 0, 8, 4, 0.70, 1171241
1712703480, 1, 785, 8940, 8823, 3711, 14.85%, 0, 8, 4, 1025.52, 1182014
1712703485, 1, 790, 8942, 8824, 3711, 14.85%, 0, 8, 4, 1090.36, 1187602
1712703490, 1, 793, 8942, 8823, 3710, 14.85%, 0, 8, 4, 85.71, 1192927
1712703680, 1, 798, 8942, 8822, 3709, 14.85%, 0, 8, 4, 1.10, 1200639
1712703685, 1, 800, 8942, 8821, 3709, 14.85%, 0, 8, 4, 1116.82, 1206263
1712703695, 1, 804, 8942, 8820, 3708, 14.85%, 0, 8, 4, 937.39, 1216213
1712703700, 1, 806, 8942, 8819, 3707, 14.85%, 0, 8, 4, 1117.13, 1222434
1712703706, 1, 809, 8943, 8819, 3706, 14.85%, 0, 8, 4, 1037.91, 1227819
1712703895, 1, 809, 8948, 8824, 3706, 14.86%, 0, 8, 4, 1205.55, 1239027
1712703905, 1, 810, 8949, 8824, 3706, 14.86%, 0, 8, 4, 1091.21, 1250552
1712703911, 1, 821, 8949, 8823, 3705, 14.86%, 0, 8, 4, 1230.70, 1257223
1712703916, 1, 822, 8949, 8822, 3704, 14.86%, 0, 8, 4, 1210.24, 1263245
1712704101, 1, 825, 8949, 8820, 3702, 14.86%, 0, 8, 4, 0.40, 1268695
1712704106, 1, 826, 8949, 8819, 3701, 14.86%, 0, 8, 4, 1064.96, 1273823
1712704111, 1, 831, 8949, 8818, 3700, 14.86%, 0, 8, 4, 1123.05, 1277895
1712704116, 1, 833, 8949, 8817, 3699, 14.86%, 0, 8, 4, 987.90, 1282664
1712704126, 1, 836, 8951, 8818, 3698, 14.86%, 0, 8, 4, 1160.76, 1293344
1712704331, 1, 837, 8951, 8817, 3698, 14.86%, 0, 8, 4, 1097.14, 1315447
1712704337, 1, 838, 8951, 8816, 3696, 14.86%, 0, 8, 4, 254.60, 1322007
1712704526, 1, 839, 8951, 8815, 3695, 14.86%, 0, 8, 4, 881.72, 1329711
1712704532, 1, 839, 8952, 8816, 3695, 14.87%, 0, 8, 4, 87.66, 1332917
1712704542, 1, 842, 8952, 8815, 3695, 14.87%, 0, 8, 4, 1304.48, 1342011
1712704547, 1, 846, 8952, 8814, 3693, 14.87%, 0, 8, 4, 1139.92, 1347216
1712704732, 1, 846, 8953, 8815, 3693, 14.87%, 0, 9, 4, 0.25, 1351041
1712704747, 1, 847, 8954, 8815, 3693, 14.87%, 0, 9, 4, 967.98, 1361373
1712704757, 1, 850, 8954, 8814, 3692, 14.87%, 0, 9, 4, 1181.10, 1373373
1712706051, 1, 855, 8954, 8813, 3691, 14.87%, 0, 9, 4, 0.18, 1378537
1712706056, 1, 855, 8955, 8814, 3691, 14.87%, 0, 9, 4, 993.01, 1384673
1712706061, 1, 856, 8955, 8813, 3690, 14.87%, 0, 9, 4, 1173.99, 1390740
1712706067, 1, 857, 8955, 8812, 3689, 14.87%, 0, 9, 4, 1259.56, 1397157
1712706072, 1, 861, 8956, 8812, 3688, 14.87%, 0, 9, 4, 37.33, 1402598
1712706077, 1, 869, 8956, 8811, 3688, 14.87%, 0, 9, 4, 1286.85, 1407544
1712706082, 1, 869, 9034, 8888, 3687, 14.92%, 0, 9, 4, 1232.42, 1413729
1712706087, 1, 872, 9322, 9176, 3757, 15.06%, 0, 9, 4, 1124.38, 1418344
1712706092, 1, 873, 9322, 9175, 3756, 15.06%, 0, 9, 4, 1246.73, 1424677
1712706097, 1, 874, 9322, 9174, 3755, 15.06%, 0, 9, 4, 1240.07, 1430997
1712706102, 1, 876, 9322, 9173, 3754, 15.06%, 0, 9, 4, 1294.08, 1437075
1712706108, 1, 879, 9322, 9172, 3753, 15.06%, 0, 9, 4, 28.91, 1441147
1712706126, 1, 881, 9324, 9172, 3751, 15.06%, 0, 9, 4, 1582.45, 1449417
1712706132, 1, 881, 9325, 9173, 3751, 15.06%, 0, 9, 4, 1276.61, 1455704
1712706147, 1, 882, 9325, 9172, 3750, 15.06%, 0, 9, 4, 1216.27, 1473798
1712706157, 1, 886, 9325, 9171, 3749, 15.06%, 0, 9, 4, 1435.00, 1483044
1712706163, 1, 887, 9325, 9170, 3748, 15.06%, 0, 9, 4, 77.35, 1487084
1712706174, 1, 888, 9325, 9169, 3747, 15.06%, 0, 9, 4, 1545.00, 1493805
1712706179, 1, 889, 9325, 9168, 3746, 15.06%, 0, 9, 4, 1257.65, 1499421
1712706184, 1, 890, 9325, 9167, 3745, 15.06%, 0, 9, 4, 1319.67, 1506071
1712706189, 1, 890, 9326, 9168, 3745, 15.06%, 0, 9, 4, 1418.90, 1511529
1712706194, 1, 890, 9327, 9169, 3745, 15.06%, 0, 9, 4, 1390.42, 1516951
1712706204, 1, 894, 9327, 9168, 3745, 15.06%, 0, 9, 4, 1335.39, 1530391
1712706215, 1, 894, 9328, 9169, 3745, 15.06%, 0, 9, 4, 1295.61, 1539706
1712706220, 1, 894, 9330, 9171, 3745, 15.07%, 0, 9, 4, 1186.95, 1545633
1712706230, 1, 895, 9330, 9170, 3745, 15.07%, 0, 9, 4, 1226.70, 1557666
1712706235, 1, 897, 9331, 9170, 3744, 15.07%, 0, 9, 4, 1235.01, 1563959
1712706245, 1, 899, 9331, 9169, 3743, 15.07%, 0, 9, 4, 1186.28, 1575686
1712706250, 1, 900, 9331, 9168, 3742, 15.07%, 0, 9, 4, 1272.58, 1580401
1712706256, 1, 901, 9331, 9167, 3741, 15.07%, 0, 9, 4, 215.91, 1583997
1712706267, 1, 905, 9331, 9166, 3740, 15.07%, 0, 9, 4, 240.06, 1590382
1712706284, 1, 907, 9332, 9166, 3739, 15.07%, 0, 9, 4, 1388.53, 1600845
1712706289, 1, 907, 9336, 9170, 3739, 15.07%, 0, 9, 4, 1333.38, 1607413
1712706304, 1, 909, 9336, 9169, 3742, 15.07%, 0, 9, 4, 1461.42, 1625850
1712706309, 1, 910, 9336, 9168, 3741, 15.07%, 0, 9, 4, 1323.99, 1630454
1712706315, 1, 912, 9336, 9167, 3740, 15.07%, 0, 9, 4, 1182.08, 1635138
1712706326, 1, 916, 9336, 9166, 3739, 15.07%, 0, 9, 4, 232.14, 1643954
1712706331, 1, 917, 9336, 9165, 3738, 15.07%, 0, 9, 4, 126.65, 1648272
1712706342, 1, 919, 9337, 9165, 3737, 15.07%, 0, 9, 4, 654.35, 1657597
1712706352, 1, 920, 9338, 9165, 3737, 15.08%, 0, 9, 4, 1345.27, 1670447
1712706357, 1, 920, 9339, 9166, 3737, 15.08%, 0, 9, 4, 1272.60, 1676699
1712706368, 1, 922, 9340, 9166, 3738, 15.08%, 0, 9, 4, 140.10, 1687076
1712706379, 1, 923, 9340, 9165, 3737, 15.08%, 0, 9, 4, 1233.12, 1695682
1712706385, 1, 926, 9340, 9164, 3736, 15.08%, 0, 9, 4, 136.49, 1699744
1712706396, 1, 927, 9340, 9163, 3735, 15.08%, 0, 9, 4, 1614.63, 1707491
1712706401, 1, 933, 9340, 9162, 3734, 15.08%, 0, 9, 4, 1781.31, 1711680
1712707052, 1, 936, 9340, 9161, 3733, 15.08%, 0, 9, 4, 194.05, 1716619
1712707064, 1, 938, 9340, 9160, 3732, 15.08%, 0, 9, 4, 84.23, 1724019
1712707074, 1, 941, 9358, 9177, 3734, 15.10%, 0, 9, 4, 1078.56, 1729353
1712707263, 1, 945, 9358, 9176, 3733, 15.10%, 0, 9, 4, 83.77, 1734636
1712707273, 1, 946, 9358, 9175, 3732, 15.10%, 0, 9, 4, 989.20, 1743256
1712707278, 1, 947, 9358, 9174, 3731, 15.10%, 0, 9, 4, 1016.22, 1748645
1712707467, 1, 952, 9360, 9175, 3730, 15.10%, 0, 9, 4, 0.81, 1757190
1712707493, 1, 955, 9360, 9174, 3730, 15.10%, 0, 9, 4, 667.93, 1783374
1712707678, 1, 959, 9360, 9173, 3729, 15.10%, 0, 9, 4, 0.30, 1787295
1712707683, 1, 960, 9360, 9172, 3729, 15.10%, 0, 9, 4, 822.47, 1791626
1712707693, 1, 962, 9360, 9171, 3728, 15.10%, 0, 9, 4, 1056.90, 1799916
1712707698, 1, 963, 9360, 9170, 3727, 15.10%, 0, 9, 4, 1029.49, 1804914
1712707888, 1, 968, 9360, 9169, 3726, 15.10%, 0, 9, 4, 0.13, 1813388
1712707893, 1, 972, 9360, 9168, 3725, 15.10%, 0, 9, 4, 743.00, 1816952
1712707903, 1, 974, 9360, 9167, 3724, 15.10%, 0, 9, 4, 961.99, 1826603
1712707908, 1, 975, 9360, 9166, 3723, 15.10%, 0, 9, 4, 981.98, 1831269
1712708099, 1, 977, 9360, 9165, 3722, 15.10%, 0, 9, 4, 0.57, 1836813
1712708118, 1, 978, 9360, 9164, 3721, 15.10%, 0, 9, 4, 40.75, 1843183
1712708309, 1, 982, 9360, 9163, 3720, 15.10%, 0, 9, 4, 1.59, 1852618
1712708314, 1, 983, 9360, 9162, 3719, 15.10%, 0, 9, 4, 763.72, 1856388
1712708325, 1, 984, 9360, 9161, 3718, 15.10%, 0, 9, 4, 60.15, 1864343
1712708330, 1, 985, 9360, 9160, 3717, 15.10%, 0, 9, 4, 502.58, 1868285
1712708519, 1, 989, 9360, 9159, 3716, 15.10%, 0, 9, 4, 0.40, 1874440
1712708524, 1, 989, 9361, 9160, 3716, 15.10%, 0, 9, 4, 920.76, 1879476
1712708529, 1, 992, 9361, 9159, 3716, 15.10%, 0, 9, 4, 990.46, 1884802
1712708535, 1, 998, 9361, 9158, 3715, 15.10%, 0, 9, 4, 141.94, 1889562
1712708546, 1, 999, 9361, 9157, 3714, 15.10%, 0, 9, 4, 1208.82, 1895566
1712708735, 1, 1000, 9361, 9156, 3713, 15.10%, 0, 9, 4, 833.80, 1902185
1712708745, 1, 1000, 9362, 9157, 3713, 15.10%, 0, 9, 4, 1073.98, 1911131
1712708751, 1, 1002, 9362, 9156, 3713, 15.10%, 0, 9, 4, 1005.30, 1915717
1712708756, 1, 1003, 9362, 9155, 3712, 15.10%, 0, 9, 4, 997.56, 1920168
1712708945, 1, 1005, 9362, 9154, 3711, 15.10%, 0, 9, 4, 103.97, 1923096
1712708951, 1, 1007, 9362, 9153, 3710, 15.10%, 0, 9, 4, 822.82, 1927412
1712708968, 1, 1008, 9362, 9152, 3709, 15.10%, 0, 9, 4, 1075.19, 1938693
1712711155, 1, 1010, 9363, 9152, 3708, 15.10%, 0, 9, 4, 0.02, 1941256
1712711161, 1, 1010, 9364, 9153, 3708, 15.10%, 0, 9, 4, 1244.89, 1946382
1712711166, 1, 1010, 9365, 9154, 3708, 15.11%, 0, 9, 4, 167.94, 1951526
1712711176, 1, 1010, 9366, 9155, 3708, 15.11%, 0, 9, 4, 1109.53, 1961258
1712711181, 1, 1013, 9367, 9155, 3711, 15.11%, 0, 9, 4, 1136.25, 1967218
1712711187, 1, 1014, 9367, 9154, 3710, 15.11%, 0, 9, 4, 119.57, 1972410
1712711255, 1, 1015, 9367, 9153, 3709, 15.11%, 0, 9, 4, 2.34, 1978919
1712711265, 1, 1017, 9367, 9152, 3708, 15.11%, 0, 9, 4, 68.65, 1985116
1712711276, 1, 1017, 9748, 9532, 3707, 15.46%, 0, 9, 4, 909.23, 1994044
1712711281, 1, 1021, 9888, 9672, 3831, 15.51%, 0, 9, 4, 1133.93, 1998850
1712711467, 1, 1023, 9888, 9671, 3830, 15.51%, 0, 9, 4, 1.26, 2003162
1712711472, 1, 1024, 9889, 9671, 3829, 15.51%, 0, 9, 4, 781.98, 2006825
1712711483, 1, 1027, 9889, 9670, 3829, 15.51%, 0, 9, 4, 37.71, 2011589
1712711488, 1, 1028, 9889, 9669, 3828, 15.51%, 0, 9, 4, 1107.13, 2016660
1712715468, 1, 1028, 10178, 9957, 3827, 15.65%, 3, 9, 4, 874.87, 2025202
1712715473, 1, 1029, 10471, 10250, 3872, 15.71%, 6, 9, 4, 896.65, 2029705
1712715483, 1, 1031, 10471, 10249, 3871, 15.71%, 6, 9, 4, 933.99, 2039024
1712715488, 1, 1031, 10473, 10251, 3871, 15.71%, 6, 9, 4, 999.06, 2044263
1712715683, 1, 1032, 10473, 10250, 3871, 15.71%, 6, 9, 4, 981.17, 2059818
1712715694, 1, 1033, 10473, 10249, 3870, 15.71%, 6, 9, 4, 852.09, 2068195
1712715699, 1, 1036, 10473, 10248, 3869, 15.71%, 6, 9, 4, 860.20, 2072129
1712715894, 1, 1042, 10473, 10247, 3868, 15.71%, 6, 9, 4, 83.64, 2080773
1712715899, 1, 1047, 10473, 10246, 3867, 15.71%, 6, 9, 4, 641.04, 2084862
1712715910, 1, 1048, 10473, 10245, 3866, 15.71%, 6, 9, 4, 1131.93, 2093433
1712716094, 1, 1050, 10473, 10244, 3865, 15.71%, 6, 9, 4, 2.30, 2098659
1712716099, 1, 1053, 10473, 10243, 3864, 15.71%, 6, 9, 4, 1820.00, 2102261
1712716115, 1, 1057, 10473, 10242, 3863, 15.71%, 6, 9, 4, 2245.00, 2108730
1712716309, 1, 1059, 10473, 10241, 3861, 15.71%, 6, 9, 4, 908.88, 2116914
1712716314, 1, 1061, 10473, 10240, 3860, 15.71%, 6, 9, 4, 983.17, 2122113
1712716324, 1, 1065, 10473, 10239, 3859, 15.71%, 6, 9, 4, 1472.46, 2130447
1712716329, 1, 1067, 10473, 10238, 3858, 15.71%, 6, 9, 4, 1468.76, 2133308
1712716520, 1, 1070, 10473, 10237, 3857, 15.71%, 6, 9, 4, 1905.00, 2138238
1712716525, 1, 1073, 10473, 10236, 3856, 15.71%, 6, 9, 4, 462.42, 2141142
1712716536, 1, 1074, 10473, 10235, 3855, 15.71%, 6, 9, 4, 797.98, 2148787
1712716725, 1, 1076, 10473, 10234, 3854, 15.71%, 6, 9, 4, 0.90, 2155130
1712716735, 1, 1078, 10473, 10233, 3853, 15.71%, 6, 9, 4, 366.51, 2162403
1712716745, 1, 1080, 10473, 10232, 3852, 15.71%, 6, 9, 4, 974.29, 2170667
1712716750, 1, 1083, 10473, 10231, 3851, 15.71%, 6, 9, 4, 1154.60, 2176533
1712719609, 1, 1085, 10473, 10230, 3850, 15.71%, 6, 9, 4, 0.01, 2180794
1712719676, 1, 1089, 10473, 10229, 3849, 15.71%, 6, 9, 4, 807.24, 2184997
1712719686, 1, 1093, 10473, 10228, 3848, 15.71%, 6, 9, 4, 170.37, 2193281
1712719691, 1, 1093, 10604, 10358, 3847, 16.48%, 6, 9, 4, 1129.96, 2197536
1712719696, 1, 1093, 11074, 10828, 3847, 16.96%, 6, 10, 4, 1067.28, 2201895
1712719881, 1, 1094, 11286, 11040, 4212, 17.11%, 6, 11, 4, 0.12, 2205602
1712719891, 1, 1097, 11286, 11039, 4211, 17.11%, 6, 11, 4, 977.56, 2213842
1712719897, 1, 1103, 11286, 11038, 4210, 17.11%, 6, 11, 4, 81.23, 2217841
1712719907, 1, 1105, 11286, 11037, 4209, 17.11%, 6, 11, 4, 992.21, 2224398
1712720096, 1, 1106, 11286, 11036, 4208, 17.11%, 6, 11, 4, 1011.31, 2232125
1712720102, 1, 1107, 11286, 11035, 4207, 17.11%, 6, 11, 4, 819.22, 2235569
1712720107, 1, 1108, 11286, 11034, 4206, 17.11%, 6, 11, 4, 1494.21, 2239895
1712720112, 1, 1109, 11286, 11033, 4205, 17.11%, 6, 11, 4, 1042.92, 2244714
1712720117, 1, 1109, 11287, 11034, 4205, 17.11%, 6, 11, 4, 1068.33, 2250235
1712720307, 1, 1109, 11288, 11035, 4205, 17.11%, 6, 11, 4, 834.74, 2259302
1712720312, 1, 1109, 11289, 11036, 4205, 17.11%, 6, 11, 4, 1010.13, 2264458
1712720317, 1, 1111, 11290, 11036, 4204, 17.11%, 6, 11, 4, 949.43, 2269400
1712720322, 1, 1114, 11290, 11035, 4203, 17.11%, 6, 11, 4, 1137.58, 2275331
1712720512, 1, 1120, 11290, 11033, 4201, 17.11%, 6, 11, 4, 0.37, 2284381
1712720523, 1, 1120, 11291, 11034, 4201, 17.11%, 6, 11, 4, 88.59, 2290396
1712720533, 1, 1122, 11291, 11033, 4200, 17.11%, 6, 11, 4, 909.50, 2299407
1712720538, 1, 1126, 11291, 11032, 4198, 17.11%, 6, 11, 4, 1199.82, 2304567
1712720723, 1, 1129, 11291, 11031, 4197, 17.11%, 6, 11, 4, 1.34, 2308399
1712720733, 1, 1134, 11291, 11030, 4196, 17.11%, 6, 11, 4, 585.21, 2315782
1712720744, 1, 1136, 11291, 11029, 4195, 17.11%, 6, 11, 4, 635.00, 2321263
1712720749, 1, 1137, 11291, 11028, 4194, 17.11%, 6, 11, 4, 1108.80, 2325143
1712720933, 1, 1138, 11291, 11027, 4192, 17.11%, 6, 11, 4, 1.10, 2329186
1712720943, 1, 1142, 11291, 11026, 4191, 17.11%, 6, 11, 4, 29.83, 2335894
1712721143, 1, 1146, 11291, 11025, 4190, 17.11%, 6, 11, 4, 0.98, 2341012
1712721153, 1, 1147, 11291, 11024, 4189, 17.11%, 6, 11, 4, 835.73, 2347708
1712721164, 1, 1150, 11291, 11023, 4188, 17.11%, 6, 11, 4, 928.37, 2355027
1712721169, 1, 1155, 11291, 11022, 4187, 17.11%, 6, 11, 4, 1208.49, 2360033
1712721354, 1, 1161, 11291, 11021, 4186, 17.11%, 6, 11, 4, 1.21, 2364051
1712721372, 1, 1166, 11291, 11020, 4185, 17.11%, 6, 11, 4, 84.10, 2369161
1712721569, 1, 1170, 11291, 11019, 4184, 17.11%, 6, 11, 4, 878.22, 2377810
1712721579, 1, 1172, 11291, 11018, 4183, 17.11%, 6, 11, 4, 848.21, 2385178
1712721585, 1, 1172, 11292, 11019, 4183, 17.11%, 6, 11, 4, 742.47, 2388044
1712723879, 1, 1174, 11292, 11018, 4185, 17.11%, 6, 11, 4, 0.09, 2394121
1712723889, 1, 1175, 11292, 11017, 4184, 17.11%, 6, 11, 4, 1455.51, 2400496
1712723900, 1, 1178, 11350, 11074, 4194, 17.13%, 6, 11, 4, 948.83, 2410222
1712723905, 1, 1179, 11350, 11073, 4193, 17.13%, 6, 11, 4, 1103.89, 2415686
1712724088, 1, 1182, 11350, 11072, 4192, 17.13%, 6, 11, 4, 0.35, 2419251
1712724099, 1, 1184, 11350, 11071, 4191, 17.13%, 6, 11, 4, 810.18, 2427426
1712724104, 1, 1185, 11350, 11070, 4190, 17.13%, 6, 11, 4, 810.50, 2431532
1712724114, 1, 1185, 11351, 11071, 4190, 17.13%, 6, 11, 4, 986.39, 2441252
1712724299, 1, 1186, 11351, 11070, 4189, 17.13%, 6, 11, 4, 0.50, 2445157
1712724309, 1, 1187, 11351, 11069, 4188, 17.13%, 6, 11, 4, 810.90, 2452734
1712724314, 1, 1189, 11351, 11068, 4187, 17.13%, 6, 11, 4, 1452.79, 2457048
1712724326, 1, 1192, 11351, 11067, 4186, 17.13%, 6, 11, 4, 67.48, 2461076
1712724509, 1, 1192, 11352, 11068, 4186, 17.13%, 6, 11, 4, 0.93, 2464930
1712724519, 1, 1193, 11352, 11067, 4185, 17.13%, 6, 11, 4, 892.34, 2473920
1712724524, 1, 1197, 11352, 11066, 4184, 17.13%, 6, 11, 4, 713.81, 2477665
1712724530, 1, 1197, 11353, 11067, 4184, 17.13%, 6, 11, 4, 827.92, 2481474
1712724720, 1, 1198, 11353, 11066, 4184, 17.13%, 6, 11, 4, 0.61, 2490168
1712724725, 1, 1203, 11353, 11065, 4183, 17.13%, 6, 11, 4, 950.86, 2495048
1712724735, 1, 1206, 11353, 11064, 4182, 17.13%, 6, 11, 4, 1054.54, 2503200
1712724745, 1, 1210, 11353, 11063, 4181, 17.13%, 6, 11, 4, 921.32, 2511065
1712724930, 1, 1213, 11353, 11062, 4180, 17.13%, 6, 11, 4, 0.55, 2514288
1712724941, 1, 1214, 11353, 11061, 4179, 17.13%, 6, 11, 4, 126.50, 2519852
1712724951, 1, 1215, 11353, 11060, 4178, 17.13%, 6, 11, 4, 947.69, 2528904
1712725140, 1, 1216, 11353, 11059, 4177, 17.13%, 6, 11, 4, 0.10, 2534828
1712725151, 1, 1218, 11353, 11058, 4176, 17.13%, 6, 11, 4, 1363.27, 2541377
1712725156, 1, 1219, 11353, 11057, 4175, 17.13%, 6, 11, 4, 986.27, 2545659
1712725166, 1, 1220, 11354, 11057, 4174, 17.13%, 6, 11, 4, 894.71, 2553831
1712725362, 1, 1221, 11354, 11056, 4173, 17.13%, 6, 11, 4, 776.51, 2564067
1712725377, 1, 1222, 11354, 11055, 4172, 17.13%, 6, 11, 4, 732.63, 2574204
1712725561, 1, 1223, 11354, 11054, 4171, 17.13%, 6, 11, 4, 1.05, 2577667
1712725572, 1, 1224, 11354, 11053, 4170, 17.13%, 6, 11, 4, 35.26, 2584417
1712725588, 1, 1226, 11354, 11052, 4169, 17.13%, 6, 11, 4, 105.91, 2591805
1712725776, 1, 1229, 11354, 11051, 4168, 17.13%, 6, 11, 4, 1354.36, 2597016
1712725787, 1, 1230, 11354, 11050, 4167, 17.13%, 6, 11, 4, 910.08, 2604464
1712725792, 1, 1231, 11355, 11050, 4166, 17.13%, 6, 11, 4, 1064.18, 2609218
1712728086, 1, 1232, 11355, 11049, 4164, 17.13%, 6, 11, 4, 0.06, 2618171
1712728101, 1, 1233, 11355, 11048, 4163, 17.13%, 6, 11, 4, 530.77, 2626104
1712728107, 1, 1236, 11355, 11047, 4162, 17.13%, 6, 11, 4, 872.25, 2630923
1712728296, 1, 1237, 11355, 11046, 4161, 17.13%, 6, 11, 4, 1.40, 2639195
1712728301, 1, 1238, 11355, 11045, 4160, 17.13%, 6, 11, 4, 900.22, 2644104
1712728306, 1, 1238, 11377, 11066, 4159, 17.14%, 6, 11, 4, 1000.00, 2648775
1712728312, 1, 1239, 11468, 11157, 4177, 17.17%, 6, 11, 4, 923.44, 2653089
1712728522, 1, 1240, 11468, 11156, 4177, 17.17%, 6, 11, 4, 988.74, 2678523
1712728527, 1, 1241, 11468, 11155, 4176, 17.17%, 6, 11, 4, 1593.81, 2682904
1712728532, 1, 1241, 11469, 11156, 4176, 17.17%, 6, 11, 4, 1191.12, 2688314
1712728722, 1, 1242, 11469, 11155, 4176, 17.17%, 6, 11, 4, 1116.38, 2698341
1712728727, 1, 1244, 11470, 11155, 4175, 17.18%, 6, 11, 4, 874.41, 2702008
1712728743, 1, 1247, 11470, 11154, 4175, 17.18%, 6, 11, 4, 97.18, 2713509
1712728933, 1, 1249, 11470, 11153, 4174, 17.18%, 6, 11, 4, 120.10, 2719881
1712728943, 1, 1251, 11471, 11153, 4173, 17.18%, 6, 11, 4, 434.87, 2727381
1712729138, 1, 1255, 11471, 11152, 4173, 17.18%, 6, 11, 4, 1.10, 2741212
1712729143, 1, 1256, 11471, 11151, 4172, 17.18%, 6, 11, 4, 909.28, 2745856
1712729148, 1, 1257, 11471, 11150, 4171, 17.18%, 6, 11, 4, 13.49, 2749132
1712729153, 1, 1258, 11471, 11149, 4170, 17.18%, 6, 11, 4, 1389.40, 2751920
1712729165, 1, 1259, 11471, 11148, 4169, 17.18%, 6, 11, 4, 0.51, 2755484
1712732304, 1, 1260, 11471, 11147, 4168, 17.18%, 6, 11, 4, 1447.84, 2762544
1712732314, 1, 1265, 11471, 11146, 4167, 17.18%, 6, 11, 4, 1334.89, 2770921
1712732319, 1, 1265, 11573, 11247, 4166, 17.50%, 6, 11, 4, 1072.46, 2775494
1712732503, 1, 1266, 12024, 11698, 4306, 17.73%, 6, 11, 4, 0.61, 2780418
1712732509, 1, 1267, 12024, 11697, 4305, 17.73%, 6, 11, 4, 147.73, 2784120
1712732519, 1, 1271, 12024, 11696, 4304, 17.73%, 6, 11, 4, 848.84, 2789283
1712732525, 1, 1273, 12024, 11695, 4302, 17.73%, 6, 11, 4, 164.06, 2794669
1712732714, 1, 1274, 12024, 11694, 4301, 17.73%, 6, 11, 4, 0.84, 2800175
1712732719, 1, 1277, 12024, 11692, 4299, 17.73%, 6, 11, 4, 997.37, 2804906
1712732734, 1, 1278, 12024, 11691, 4298, 17.73%, 6, 11, 4, 795.77, 2813949
1712732924, 1, 1283, 12024, 11690, 4297, 17.73%, 6, 11, 4, 1.06, 2821964
1712732930, 1, 1284, 12024, 11689, 4296, 17.73%, 6, 11, 4, 754.48, 2825835
1712732935, 1, 1285, 12024, 11688, 4295, 17.73%, 6, 11, 4, 100.72, 2829150
1712732940, 1, 1285, 12025, 11689, 4295, 17.73%, 6, 11, 4, 837.00, 2832642
1712732946, 1, 1285, 12027, 11691, 4295, 17.73%, 6, 11, 4, 198.67, 2836336
1712733145, 1, 1292, 12027, 11690, 4294, 17.73%, 6, 11, 4, 165.29, 2854988
1712733155, 1, 1293, 12027, 11689, 4293, 17.73%, 6, 11, 4, 995.37, 2862293
1712733160, 1, 1294, 12027, 11688, 4292, 17.73%, 6, 11, 4, 1541.58, 2866922
1712733350, 1, 1298, 12027, 11687, 4291, 17.73%, 6, 11, 4, 1224.49, 2874192
1712733356, 1, 1302, 12027, 11686, 4290, 17.73%, 6, 11, 4, 848.90, 2878000
1712733366, 1, 1303, 12027, 11685, 4289, 17.73%, 6, 11, 4, 958.40, 2885415
1712733371, 1, 1304, 12027, 11684, 4288, 17.73%, 6, 11, 4, 1018.51, 2889893
1712733555, 1, 1304, 12030, 11687, 4288, 17.74%, 6, 11, 4, 0.38, 2892594
1712733560, 1, 1304, 12031, 11688, 4288, 17.74%, 6, 11, 4, 540.32, 2895915
1712733566, 1, 1304, 12034, 11691, 4288, 17.75%, 6, 11, 4, 698.78, 2899097
1712733571, 1, 1304, 12035, 11692, 4288, 17.75%, 6, 11, 4, 827.59, 2903541
1712733576, 1, 1304, 12036, 11693, 4288, 17.75%, 6, 11, 4, 959.36, 2908394
1712733766, 1, 1306, 12036, 11692, 4294, 17.75%, 6, 11, 4, 0.18, 2917482
1712733771, 1, 1307, 12036, 11691, 4293, 17.75%, 6, 11, 4, 142.86, 2920515
1712733781, 1, 1308, 12036, 11690, 4292, 17.75%, 6, 11, 4, 882.96, 2929914
1712733786, 1, 1309, 12036, 11689, 4291, 17.75%, 6, 11, 4, 91.49, 2934391
1712733976, 1, 1310, 12036, 11688, 4290, 17.75%, 6, 11, 4, 0.33, 2941493
1712733982, 1, 1317, 12036, 11687, 4289, 17.75%, 6, 11, 4, 39.68, 2944010
1712733992, 1, 1319, 12036, 11686, 4288, 17.75%, 6, 11, 4, 800.26, 2951409
1712733997, 1, 1320, 12036, 11685, 4287, 17.75%, 6, 11, 4, 906.19, 2956131
1712734002, 1, 1322, 12036, 11684, 4286, 17.75%, 6, 11, 4, 1016.18, 2961269
1712734199, 1, 1324, 12036, 11683, 4285, 17.75%, 6, 11, 4, 26.02, 2965687
1712734204, 1, 1326, 12036, 11682, 4284, 17.75%, 6, 11, 4, 918.43, 2970326
1712734209, 1, 1327, 12036, 11681, 4283, 17.75%, 6, 11, 4, 1012.36, 2975455
1712734214, 1, 1328, 12036, 11680, 4282, 17.75%, 6, 11, 4, 1047.55, 2980553
1712734342, 1, 1335, 12036, 11679, 4281, 17.75%, 6, 11, 4, 1132.96, 2987714
1712734347, 1, 1341, 12036, 11678, 4280, 17.75%, 6, 11, 4, 74.60, 2992653
1712734358, 1, 1343, 12036, 11677, 4279, 17.75%, 6, 11, 4, 1253.18, 3000867
1712734363, 1, 1344, 12036, 11676, 4278, 17.75%, 6, 11, 4, 42.96, 3005242
1712734374, 1, 1344, 12094, 11733, 4277, 17.77%, 6, 11, 4, 996.62, 3010917
1712734379, 1, 1345, 12109, 11748, 4287, 17.78%, 6, 11, 4, 210.01, 3014527
1712734385, 1, 1349, 12109, 11747, 4286, 17.78%, 6, 11, 4, 1329.77, 3018724
1712734390, 1, 1352, 12109, 11746, 4285, 17.78%, 6, 11, 4, 1201.34, 3024641
1712734400, 1, 1354, 12109, 11745, 4284, 17.78%, 6, 11, 4, 1163.88, 3031772
1712734405, 1, 1358, 12109, 11744, 4283, 17.78%, 6, 11, 4, 1044.15, 3036923
1712734415, 1, 1359, 12109, 11743, 4282, 17.78%, 6, 11, 4, 176.22, 3043918
1712734426, 1, 1360, 12109, 11742, 4281, 17.78%, 6, 11, 4, 1020.00, 3051538
1712734431, 1, 1362, 12109, 11741, 4280, 17.78%, 6, 11, 4, 962.40, 3055740
1712734447, 1, 1366, 12109, 11740, 4279, 17.78%, 6, 11, 4, 1125.76, 3063463
1712734452, 1, 1367, 12109, 11739, 4278, 17.78%, 6, 11, 4, 1071.56, 3068065
1712734457, 1, 1370, 12109, 11737, 4275, 17.78%, 6, 11, 4, 1121.87, 3073641
1712734462, 1, 1373, 12109, 11736, 4274, 17.78%, 6, 11, 4, 956.70, 3077517
1712734467, 1, 1374, 12109, 11735, 4273, 17.78%, 6, 11, 4, 1037.00, 3083088
1712734478, 1, 1378, 12109, 11734, 4272, 17.78%, 6, 11, 4, 1060.95, 3092973
1712734483, 1, 1381, 12109, 11733, 4271, 17.78%, 6, 11, 4, 1060.11, 3098315
1712734488, 1, 1382, 12109, 11732, 4270, 17.78%, 6, 11, 4, 1047.05, 3103599
1712734493, 1, 1387, 12110, 11732, 4269, 17.78%, 6, 11, 4, 1021.04, 3108798
1712734498, 1, 1387, 12111, 11733, 4269, 17.78%, 6, 11, 4, 1014.85, 3113766
1712734503, 1, 1387, 12112, 11734, 4269, 17.78%, 6, 11, 4, 1065.24, 3119454
1712734514, 1, 1395, 12112, 11733, 4269, 17.78%, 6, 11, 4, 1106.93, 3130887
1712734524, 1, 1396, 12112, 11732, 4268, 17.78%, 6, 11, 4, 1257.56, 3137442
1712734529, 1, 1398, 12112, 11731, 4267, 17.78%, 6, 11, 4, 1142.22, 3143035
1712734539, 1, 1403, 12112, 11730, 4266, 17.78%, 6, 11, 4, 949.78, 3152885
1712734544, 1, 1404, 12113, 11730, 4265, 17.78%, 6, 11, 4, 1084.66, 3158677
1712734550, 1, 1404, 12114, 11731, 4265, 17.78%, 6, 11, 4, 1087.64, 3164334
1712734560, 1, 1404, 12115, 11732, 4265, 17.78%, 6, 11, 4, 1125.68, 3175385
1712734565, 1, 1405, 12115, 11731, 4266, 17.78%, 6, 11, 4, 1032.90, 3180592
1712734570, 1, 1408, 12115, 11730, 4265, 17.78%, 6, 11, 4, 1046.12, 3185516
1712734575, 1, 1414, 12115, 11729, 4264, 17.78%, 6, 11, 4, 1077.21, 3191167
1712734580, 1, 1416, 12115, 11728, 4263, 17.78%, 6, 11, 4, 1132.36, 3196898
1712734596, 1, 1417, 12115, 11727, 4262, 17.78%, 6, 11, 4, 1163.04, 3206768
1712734601, 1, 1420, 12115, 11726, 4261, 17.78%, 6, 11, 4, 1185.00, 3210737
1712734606, 1, 1422, 12115, 11725, 4260, 17.78%, 6, 11, 4, 1109.06, 3214251
1712734611, 1, 1425, 12115, 11724, 4259, 17.78%, 6, 11, 4, 121.42, 3216851
1712734616, 1, 1427, 12115, 11723, 4258, 17.78%, 6, 11, 4, 247.32, 3222303
1712734622, 1, 1435, 12115, 11722, 4257, 17.78%, 6, 11, 4, 1260.00, 3225611
1712734627, 1, 1438, 12115, 11721, 4256, 17.78%, 6, 11, 4, 1103.83, 3230984
1712734632, 1, 1442, 12115, 11720, 4255, 17.78%, 6, 11, 4, 1084.52, 3236058
1712734637, 1, 1443, 12115, 11719, 4254, 17.78%, 6, 11, 4, 1012.56, 3240287
1712734642, 1, 1450, 12115, 11718, 4253, 17.78%, 6, 11, 4, 1030.50, 3244516
1712734648, 1, 1452, 12115, 11717, 4252, 17.78%, 6, 11, 4, 1055.27, 3248995
1712734653, 1, 1456, 12115, 11716, 4251, 17.78%, 6, 11, 4, 1027.38, 3253198
1712734663, 1, 1461, 12115, 11715, 4250, 17.78%, 6, 11, 4, 1090.95, 3259619
1712734668, 1, 1464, 12115, 11714, 4249, 17.78%, 6, 11, 4, 1495.76, 3263192
1712734679, 1, 1467, 12115, 11713, 4248, 17.78%, 6, 11, 4, 897.89, 3271340
1712734684, 1, 1469, 12115, 11712, 4247, 17.78%, 6, 11, 4, 946.97, 3275732
1712734689, 1, 1471, 12115, 11711, 4246, 17.78%, 6, 11, 4, 942.11, 3279937
1712734696, 1, 1472, 12115, 11710, 4245, 17.78%, 6, 11, 4, 86.08, 3283223
1712734706, 1, 1473, 12115, 11709, 4244, 17.78%, 6, 11, 4, 95.91, 3287315
1712734717, 1, 1474, 12115, 11708, 4243, 17.78%, 6, 11, 4, 956.31, 3297384
1712734722, 1, 1479, 12115, 11707, 4242, 17.78%, 6, 11, 4, 1157.87, 3301871
1712734727, 1, 1482, 12115, 11705, 4240, 17.78%, 6, 11, 4, 1046.70, 3306827
1712734732, 1, 1483, 12115, 11704, 4239, 17.78%, 6, 11, 4, 1042.70, 3312207
1712734737, 1, 1484, 12115, 11703, 4238, 17.78%, 6, 11, 4, 1154.23, 3316220
1712734742, 1, 1485, 12115, 11702, 4237, 17.78%, 6, 11, 4, 1235.68, 3319693
1712734752, 1, 1489, 12115, 11701, 4236, 17.78%, 6, 11, 4, 1134.00, 3328348
1712734757, 1, 1489, 12116, 11702, 4236, 17.78%, 6, 11, 4, 1059.17, 3331338
1712734762, 1, 1489, 12117, 11703, 4236, 17.78%, 6, 11, 4, 15.16, 3333800
1712734783, 1, 1491, 12117, 11702, 4235, 17.78%, 6, 11, 4, 1036.37, 3354150
1712734788, 1, 1497, 12117, 11700, 4233, 17.78%, 6, 11, 4, 128.13, 3358806
1712734798, 1, 1501, 12117, 11699, 4232, 17.78%, 6, 11, 4, 1200.60, 3368394
1712734803, 1, 1503, 12117, 11698, 4231, 17.78%, 6, 11, 4, 1325.16, 3373302
1712734808, 1, 1504, 12117, 11697, 4230, 17.78%, 6, 11, 4, 1446.17, 3377100
1712734819, 1, 1506, 12117, 11696, 4229, 17.78%, 6, 11, 4, 972.94, 3386900
1712734824, 1, 1511, 12117, 11695, 4228, 17.78%, 6, 11, 4, 257.11, 3391550
1712734835, 1, 1512, 12117, 11694, 4227, 17.78%, 6, 11, 4, 631.22, 3399384
1712734840, 1, 1513, 12117, 11693, 4226, 17.78%, 6, 11, 4, 911.43, 3403632
1712734845, 1, 1515, 12117, 11692, 4226, 17.78%, 6, 11, 4, 1034.22, 3408987
1712734855, 1, 1516, 12117, 11691, 4225, 17.78%, 6, 11, 4, 478.62, 3418567
1712734860, 1, 1519, 12117, 11690, 4224, 17.78%, 6, 11, 4, 108.89, 3422307
1712734866, 1, 1520, 12117, 11689, 4223, 17.78%, 6, 11, 4, 159.92, 3425366
1712734871, 1, 1521, 12117, 11688, 4222, 17.78%, 6, 11, 4, 778.61, 3430456
1712734877, 1, 1525, 12117, 11687, 4221, 17.78%, 6, 11, 4, 99.30, 3435386
1712734882, 1, 1527, 12117, 11686, 4220, 17.78%, 6, 11, 4, 1589.88, 3439497
1712734892, 1, 1528, 12117, 11685, 4219, 17.78%, 6, 11, 4, 1142.62, 3449089
1712734897, 1, 1531, 12117, 11684, 4218, 17.78%, 6, 11, 4, 1061.29, 3454374
1712734902, 1, 1531, 12118, 11685, 4218, 17.79%, 6, 11, 4, 1019.24, 3459533
1712734907, 1, 1533, 12118, 11684, 4218, 17.79%, 6, 11, 4, 1034.12, 3464694
1712734912, 1, 1534, 12118, 11683, 4217, 17.79%, 6, 11, 4, 1069.79, 3470058
1712734922, 1, 1535, 12118, 11682, 4216, 17.79%, 6, 11, 4, 1050.00, 3478755
1712734933, 1, 1536, 12118, 11681, 4215, 17.79%, 6, 11, 4, 1247.43, 3486842
1712734938, 1, 1537, 12118, 11680, 4214, 17.79%, 6, 11, 4, 1093.72, 3492186
1712734943, 1, 1537, 12119, 11681, 4214, 17.79%, 6, 11, 4, 1021.31, 3497368
1712734948, 1, 1539, 12119, 11680, 4213, 17.79%, 6, 11, 4, 1059.06, 3502752
1712734953, 1, 1542, 12119, 11679, 4212, 17.79%, 6, 11, 4, 1084.89, 3508286
1712734963, 1, 1544, 12119, 11678, 4211, 17.79%, 6, 11, 4, 173.88, 3516309
1712734969, 1, 1545, 12119, 11677, 4211, 17.79%, 6, 11, 4, 1373.62, 3519467
1712734974, 1, 1550, 12119, 11676, 4210, 17.79%, 6, 11, 4, 1117.74, 3524739
1712734979, 1, 1553, 12120, 11676, 4209, 17.79%, 6, 11, 4, 1065.32, 3530011
1712734989, 1, 1554, 12120, 11675, 4208, 17.79%, 6, 11, 4, 1046.42, 3540307
1712734994, 1, 1554, 12121, 11676, 4208, 17.79%, 6, 11, 4, 1056.33, 3545706
1712735000, 1, 1555, 12121, 11675, 4207, 17.79%, 6, 11, 4, 161.84, 3549966
1712735010, 1, 1558, 12121, 11674, 4206, 17.79%, 6, 11, 4, 1025.98, 3556175
1712735015, 1, 1562, 12121, 11673, 4205, 17.79%, 6, 11, 4, 1601.99, 3558693
1712735026, 1, 1569, 12121, 11672, 4204, 17.79%, 6, 11, 4, 927.13, 3566389
1712735031, 1, 1569, 12122, 11673, 4204, 17.79%, 6, 11, 4, 999.47, 3570010
1712735036, 1, 1569, 12123, 11674, 4204, 17.79%, 6, 11, 4, 927.30, 3572543
1712735041, 1, 1569, 12124, 11675, 4204, 17.79%, 6, 11, 4, 1017.80, 3575631
1712735046, 1, 1569, 12127, 11678, 4204, 17.79%, 6, 11, 4, 1084.27, 3581206
1712735051, 1, 1569, 12130, 11681, 4204, 17.79%, 6, 11, 4, 1073.85, 3586564
1712735056, 1, 1569, 12134, 11685, 4204, 17.79%, 6, 11, 4, 1072.10, 3591888
1712735061, 1, 1569, 12136, 11687, 4204, 17.79%, 6, 11, 4, 1046.30, 3597154
1712735067, 1, 1575, 12136, 11686, 4205, 17.79%, 6, 11, 4, 539.93, 3601165
1712735072, 1, 1576, 12136, 11685, 4204, 17.79%, 6, 11, 4, 865.72, 3605540
1712735077, 1, 1577, 12136, 11684, 4204, 17.79%, 6, 11, 4, 1010.67, 3610774
1712735082, 1, 1578, 12136, 11683, 4203, 17.79%, 6, 11, 4, 75.63, 3615075
1712735088, 1, 1580, 12136, 11682, 4202, 17.79%, 6, 11, 4, 1385.47, 3618871
1712735094, 1, 1581, 12136, 11681, 4201, 17.79%, 6, 11, 4, 185.78, 3624703
1712735104, 1, 1582, 12136, 11680, 4200, 17.79%, 6, 11, 4, 334.85, 3631059
1712736501, 1, 1584, 12136, 11679, 4199, 17.79%, 6, 11, 4, 0.17, 3637989
1712736506, 1, 1585, 12136, 11678, 4198, 17.79%, 6, 11, 4, 1150.19, 3643322
1712736516, 1, 1589, 12136, 11677, 4196, 17.79%, 6, 11, 4, 1052.37, 3651586
1712736527, 1, 1590, 12136, 11676, 4195, 17.79%, 6, 11, 4, 862.47, 3658080
1712736716, 1, 1591, 12353, 11892, 4227, 17.92%, 6, 11, 4, 761.46, 3664527
1712736721, 1, 1592, 12353, 11891, 4226, 17.92%, 6, 11, 4, 762.20, 3668291
1712736726, 1, 1595, 12353, 11889, 4224, 17.92%, 6, 11, 4, 841.98, 3672798
1712736731, 1, 1595, 12354, 11890, 4224, 17.92%, 6, 11, 4, 884.32, 3676988
1712736921, 1, 1598, 12354, 11889, 4224, 17.92%, 6, 11, 4, 0.89, 3685782
1712736932, 1, 1603, 12354, 11888, 4223, 17.92%, 6, 11, 4, 57.76, 3690900
1712736942, 1, 1604, 12354, 11887, 4222, 17.92%, 6, 11, 4, 866.70, 3698845
1712736947, 1, 1606, 12354, 11886, 4221, 17.92%, 6, 11, 4, 951.35, 3703688
1712737137, 1, 1607, 12354, 11885, 4220, 17.92%, 6, 11, 4, 660.96, 3709124
1712737148, 1, 1609, 12354, 11884, 4219, 17.92%, 6, 11, 4, 87.66, 3714722
1712737158, 1, 1612, 12354, 11883, 4218, 17.92%, 6, 11, 4, 905.90, 3723343
1712737347, 1, 1613, 12354, 11882, 4217, 17.92%, 6, 11, 4, 793.77, 3731521
1712737352, 1, 1614, 12354, 11881, 4216, 17.92%, 6, 11, 4, 716.57, 3735082
1712737358, 1, 1614, 12355, 11882, 4216, 17.92%, 6, 11, 4, 785.72, 3739144
1712737368, 1, 1620, 12355, 11881, 4216, 17.92%, 6, 11, 4, 1065.93, 3747887
1712737563, 1, 1621, 12355, 11880, 4215, 17.92%, 6, 11, 4, 1089.67, 3754643
1712737573, 1, 1623, 12355, 11879, 4214, 17.92%, 6, 11, 4, 1047.04, 3761703
1712737578, 1, 1624, 12355, 11878, 4213, 17.92%, 6, 11, 4, 31.45, 3766589
1712737768, 1, 1630, 12355, 11877, 4212, 17.92%, 6, 11, 4, 853.78, 3772875
1712737778, 1, 1633, 12355, 11876, 4211, 17.92%, 6, 11, 4, 1177.68, 3780336
1712737784, 1, 1635, 12355, 11875, 4210, 17.92%, 6, 11, 4, 187.33, 3785659
1712737973, 1, 1637, 12355, 11874, 4209, 17.92%, 6, 11, 4, 0.80, 3791971
1712737984, 1, 1638, 12355, 11873, 4208, 17.92%, 6, 11, 4, 74.07, 3798358
1712737994, 1, 1640, 12355, 11872, 4207, 17.92%, 6, 11, 4, 851.54, 3806486
1712737999, 1, 1643, 12355, 11871, 4206, 17.92%, 6, 11, 4, 988.11, 3811208
1712738189, 1, 1645, 12355, 11870, 4205, 17.92%, 6, 11, 4, 861.96, 3819454
1712738194, 1, 1646, 12355, 11869, 4204, 17.92%, 6, 11, 4, 677.42, 3822710
1712738204, 1, 1647, 12355, 11868, 4203, 17.92%, 6, 11, 4, 934.34, 3831010
1712738209, 1, 1649, 12355, 11867, 4202, 17.92%, 6, 11, 4, 139.63, 3836253
1712738399, 1, 1650, 12355, 11866, 4201, 17.92%, 6, 11, 4, 793.52, 3843797
1712738404, 1, 1651, 12355, 11865, 4200, 17.92%, 6, 11, 4, 1044.34, 3849346
1712738420, 1, 1653, 12355, 11864, 4199, 17.92%, 6, 11, 4, 1800.00, 3855556
1712740714, 1, 1655, 12355, 11863, 4198, 17.92%, 6, 11, 4, 956.24, 3864392
1712740719, 1, 1656, 12355, 11862, 4197, 17.92%, 6, 11, 4, 946.48, 3869182
1712740729, 1, 1660, 12355, 11861, 4196, 17.92%, 6, 11, 4, 1030.52, 3876341
1712740919, 1, 1661, 12355, 11860, 4195, 17.92%, 6, 11, 4, 0.71, 3881951
1712740929, 1, 1662, 12477, 11981, 4225, 18.01%, 6, 11, 4, 779.24, 3889013
1712740940, 1, 1663, 12477, 11980, 4224, 18.01%, 6, 11, 4, 34.04, 3895756
1712741134, 1, 1664, 12477, 11979, 4223, 18.01%, 6, 11, 4, 280.93, 3902576
1712741140, 1, 1664, 12478, 11980, 4223, 18.02%, 6, 11, 4, 643.54, 3906096
1712741145, 1, 1664, 12480, 11982, 4223, 18.02%, 6, 11, 4, 744.79, 3909808
1712741150, 1, 1664, 12481, 11983, 4223, 18.02%, 6, 11, 4, 984.58, 3914817
1712741345, 1, 1666, 12481, 11982, 4226, 18.02%, 6, 11, 4, 786.98, 3927951
1712741355, 1, 1667, 12481, 11981, 4225, 18.02%, 6, 11, 4, 748.85, 3934893
1712741360, 1, 1670, 12481, 11980, 4224, 18.02%, 6, 11, 4, 942.62, 3939606
1712741365, 1, 1670, 12482, 11981, 4224, 18.02%, 6, 11, 4, 800.58, 3942930
1712741550, 1, 1670, 12483, 11982, 4224, 18.02%, 6, 11, 4, 0.60, 3946212
1712741575, 1, 1671, 12483, 11981, 4225, 18.02%, 6, 11, 4, 1049.05, 3965498
1712741766, 1, 1672, 12484, 11981, 4224, 18.02%, 6, 11, 4, 983.44, 3971478
1712741777, 1, 1672, 12485, 11982, 4224, 18.03%, 6, 11, 4, 74.42, 3974938
1712741981, 1, 1675, 12485, 11981, 4223, 18.03%, 6, 11, 4, 786.19, 3995584
1712741991, 1, 1678, 12485, 11980, 4222, 18.03%, 6, 11, 4, 901.13, 4002990
1712741996, 1, 1678, 12486, 11981, 4222, 18.03%, 6, 11, 4, 849.55, 4005751
1712742186, 1, 1681, 12486, 11980, 4222, 18.03%, 6, 11, 4, 1041.27, 4012638
1712742191, 1, 1682, 12486, 11979, 4221, 18.03%, 6, 11, 4, 867.34, 4016453
1712742202, 1, 1692, 12486, 11978, 4220, 18.03%, 6, 11, 4, 1647.32, 4022961
1712742392, 1, 1695, 12486, 11977, 4219, 18.03%, 6, 11, 4, 0.21, 4030313
1712742402, 1, 1697, 12486, 11976, 4218, 18.03%, 6, 11, 4, 641.83, 4037507
1712742407, 1, 1697, 12487, 11977, 4218, 18.03%, 6, 11, 4, 738.10, 4041410
1712742417, 1, 1698, 12488, 11977, 4217, 18.03%, 6, 11, 4, 906.74, 4049877
1712742612, 1, 1699, 12488, 11976, 4217, 18.03%, 6, 11, 4, 875.30, 4060559
1712742622, 1, 1700, 12488, 11975, 4216, 18.03%, 6, 11, 4, 916.65, 4068152
1712742628, 1, 1704, 12488, 11974, 4215, 18.03%, 6, 11, 4, 998.74, 4073560
1712744703, 1, 1715, 12488, 11973, 4214, 18.03%, 6, 11, 4, 0.02, 4076372
1712744713, 1, 1715, 12851, 12335, 4213, 18.39%, 6, 11, 4, 1046.19, 4085332
1712744719, 1, 1720, 13104, 12588, 4331, 18.46%, 6, 11, 4, 962.28, 4090086
1712744724, 1, 1723, 13104, 12587, 4330, 18.46%, 6, 11, 4, 898.16, 4094251
1712744734, 1, 1731, 13104, 12586, 4329, 18.46%, 6, 11, 4, 108.62, 4102695
1712744745, 1, 1733, 13104, 12585, 4328, 18.46%, 6, 11, 4, 1191.85, 4108059
1712744750, 1, 1736, 13104, 12584, 4327, 18.46%, 6, 11, 4, 98.68, 4112392
1712744761, 1, 1740, 13104, 12583, 4326, 18.46%, 6, 11, 4, 1335.93, 4118303
1712744772, 1, 1743, 13104, 12582, 4325, 18.46%, 6, 11, 4, 1075.92, 4126828
1712744777, 1, 1744, 13104, 12581, 4324, 18.46%, 6, 11, 4, 906.61, 4131394
1712744782, 1, 1744, 13105, 12582, 4324, 18.46%, 6, 11, 4, 857.00, 4135663
1712744793, 1, 1751, 13105, 12581, 4323, 18.46%, 6, 11, 4, 972.56, 4142797
1712744804, 1, 1758, 13105, 12580, 4322, 18.46%, 6, 11, 4, 1040.15, 4149029
1712744809, 1, 1761, 13105, 12579, 4321, 18.46%, 6, 11, 4, 117.58, 4152560
1712744814, 1, 1774, 13105, 12578, 4321, 18.46%, 6, 11, 4, 425.81, 4155955
1712744922, 1, 1775, 13105, 12577, 4320, 18.46%, 6, 11, 4, 786.19, 4161801
1712744932, 1, 1778, 13105, 12576, 4319, 18.46%, 6, 11, 4, 727.78, 4168711
1712744937, 1, 1780, 13105, 12575, 4318, 18.46%, 6, 11, 4, 863.00, 4172947
1712744942, 1, 1781, 13105, 12574, 4317, 18.46%, 6, 11, 4, 945.97, 4176654
1712745132, 1, 1783, 13105, 12573, 4315, 18.46%, 6, 11, 4, 675.99, 4184504
1712745142, 1, 1784, 13106, 12573, 4314, 18.46%, 6, 11, 4, 222.39, 4190356
1712745337, 1, 1785, 13106, 12572, 4313, 18.46%, 6, 11, 4, 0.25, 4201610
1712745356, 1, 1787, 13106, 12571, 4312, 18.46%, 6, 11, 4, 44.12, 4207994
1712745367, 1, 1788, 13106, 12570, 4311, 18.46%, 6, 11, 4, 899.16, 4216490
1712745553, 1, 1788, 13107, 12571, 4311, 18.46%, 6, 11, 4, 805.62, 4220119
1712745569, 1, 1789, 13107, 12570, 4311, 18.46%, 6, 11, 4, 846.73, 4230272
1712745574, 1, 1790, 13107, 12569, 4310, 18.46%, 6, 11, 4, 1257.58, 4234302
1712745763, 1, 1791, 13107, 12568, 4309, 18.46%, 6, 11, 4, 1540.15, 4240219
1712745773, 1, 1792, 13107, 12567, 4308, 18.46%, 6, 11, 4, 872.10, 4247889
1712745779, 1, 1792, 13108, 12568, 4308, 18.46%, 6, 11, 4, 872.88, 4252062
1712745969, 1, 1793, 13108, 12567, 4308, 18.46%, 6, 11, 4, 1.45, 4261272
1712745974, 1, 1794, 13108, 12566, 4307, 18.46%, 6, 11, 4, 839.44, 4265700
1712745984, 1, 1795, 13108, 12565, 4306, 18.46%, 6, 11, 4, 1283.79, 4271892
1712745994, 1, 1797, 13108, 12564, 4305, 18.46%, 6, 11, 4, 1054.55, 4280715
1712746179, 1, 1798, 13108, 12563, 4304, 18.46%, 6, 11, 4, 0.44, 4285213
1712746189, 1, 1799, 13108, 12562, 4303, 18.46%, 6, 11, 4, 1414.81, 4292027
1712746199, 1, 1800, 13108, 12561, 4302, 18.46%, 6, 11, 4, 950.60, 4301426
1712746205, 1, 1801, 13108, 12560, 4301, 18.46%, 6, 11, 4, 151.80, 4305166
1712746394, 1, 1802, 13108, 12559, 4300, 18.46%, 6, 11, 4, 1397.32, 4310280
1712746405, 1, 1802, 13109, 12560, 4300, 18.46%, 6, 11, 4, 1083.74, 4316878
1712746415, 1, 1803, 13109, 12559, 4299, 18.46%, 6, 11, 4, 865.33, 4325054
1712746600, 1, 1804, 13109, 12558, 4298, 18.46%, 6, 11, 4, 0.32, 4328752
1712746610, 1, 1805, 13109, 12557, 4297, 18.46%, 6, 11, 4, 900.39, 4337258
1712746615, 1, 1809, 13109, 12556, 4296, 18.46%, 6, 11, 4, 916.11, 4341686
1712746625, 1, 1810, 13109, 12555, 4295, 18.46%, 6, 11, 4, 1204.94, 4349064
1712749064, 1, 1813, 13109, 12554, 4294, 18.46%, 6, 11, 4, 0.12, 4353807
1712749135, 1, 1815, 13417, 12861, 4322, 18.55%, 6, 11, 4, 864.16, 4362928
1712749140, 1, 1817, 13417, 12860, 4321, 18.55%, 6, 11, 4, 911.14, 4367604
1712749150, 1, 1825, 13417, 12858, 4318, 18.55%, 6, 11, 4, 1047.23, 4377666
1712749340, 1, 1827, 13417, 12857, 4317, 18.55%, 6, 11, 4, 790.95, 4385095
1712749351, 1, 1829, 13417, 12856, 4316, 18.55%, 6, 11, 4, 75.97, 4391491
1712749361, 1, 1831, 13417, 12855, 4315, 18.55%, 6, 11, 4, 128.62, 4397862
1712749550, 1, 1835, 13417, 12854, 4314, 18.55%, 6, 11, 4, 634.94, 4402955
1712749561, 1, 1837, 13417, 12853, 4313, 18.55%, 6, 11, 4, 746.46, 4408189
1712749761, 1, 1845, 13417, 12852, 4312, 18.55%, 6, 11, 4, 855.00, 4416620
1712749771, 1, 1851, 13417, 12851, 4311, 18.55%, 6, 11, 4, 581.52, 4422830
1712749776, 1, 1851, 13418, 12852, 4311, 18.55%, 6, 11, 4, 936.77, 4427801
1712749781, 1, 1853, 13418, 12851, 4310, 18.55%, 6, 11, 4, 100.89, 4431251
1712749966, 1, 1855, 13418, 12850, 4309, 18.55%, 6, 11, 4, 0.60, 4433694
1712749976, 1, 1856, 13418, 12849, 4308, 18.55%, 6, 11, 4, 122.62, 4440834
1712749986, 1, 1857, 13418, 12848, 4307, 18.55%, 6, 11, 4, 1080.01, 4447998
1712749992, 1, 1858, 13418, 12847, 4306, 18.55%, 6, 11, 4, 1260.79, 4452445
1712750176, 1, 1867, 13418, 12846, 4305, 18.55%, 6, 11, 4, 0.38, 4456861
1712750181, 1, 1868, 13418, 12845, 4304, 18.55%, 6, 11, 4, 615.41, 4460033
1712750186, 1, 1870, 13418, 12844, 4303, 18.55%, 6, 11, 4, 738.26, 4464175
1712750196, 1, 1873, 13418, 12843, 4302, 18.55%, 6, 11, 4, 742.88, 4470913
1712750201, 1, 1875, 13418, 12842, 4301, 18.55%, 6, 11, 4, 895.87, 4475668
1712750387, 1, 1877, 13418, 12841, 4300, 18.55%, 6, 11, 4, 0.19, 4480101
1712750392, 1, 1878, 13418, 12840, 4299, 18.55%, 6, 11, 4, 769.38, 4483735
1712750397, 1, 1880, 13418, 12839, 4298, 18.55%, 6, 11, 4, 208.91, 4486973
1712750407, 1, 1882, 13418, 12838, 4297, 18.55%, 6, 11, 4, 1386.46, 4494721
1712750413, 1, 1883, 13418, 12837, 4296, 18.55%, 6, 11, 4, 151.52, 4498476
1712750602, 1, 1885, 13418, 12836, 4295, 18.55%, 6, 11, 4, 854.37, 4504389
1712750607, 1, 1887, 13418, 12835, 4294, 18.55%, 6, 11, 4, 830.99, 4508253
1712750619, 1, 1889, 13418, 12834, 4293, 18.55%, 6, 11, 4, 931.56, 4514917
1712750624, 1, 1892, 13418, 12833, 4292, 18.55%, 6, 11, 4, 1030.86, 4519417
1712750807, 1, 1897, 13418, 12832, 4291, 18.55%, 6, 11, 4, 1.05, 4522579
1712750812, 1, 1897, 13420, 12834, 4291, 18.55%, 6, 11, 4, 441.92, 4525643
1712751023, 1, 1898, 13420, 12833, 4290, 18.55%, 6, 11, 4, 888.91, 4549978
1712751029, 1, 1901, 13420, 12832, 4289, 18.55%, 6, 11, 4, 65.22, 4553427
1712751034, 1, 1902, 13420, 12831, 4289, 18.55%, 6, 11, 4, 1279.46, 4556267
1712753331, 1, 1904, 13420, 12830, 4288, 18.55%, 6, 11, 4, 0.07, 4564240
1712753336, 1, 1904, 13431, 12840, 4287, 18.55%, 6, 11, 4, 731.95, 4568218
1712753342, 1, 1906, 13536, 12945, 4295, 18.57%, 6, 11, 4, 832.02, 4571375
1712753352, 1, 1910, 13536, 12944, 4294, 18.57%, 6, 11, 4, 183.67, 4576811
1712753357, 1, 1910, 13537, 12945, 4294, 18.57%, 6, 11, 4, 78.53, 4579893
1712753552, 1, 1911, 13537, 12944, 4293, 18.57%, 6, 11, 4, 756.86, 4588791
1712753562, 1, 1912, 13537, 12943, 4292, 18.57%, 6, 11, 4, 959.64, 4595785
1712753567, 1, 1913, 13537, 12942, 4291, 18.57%, 6, 11, 4, 1098.07, 4601424
1712753752, 1, 1918, 13537, 12941, 4290, 18.57%, 6, 11, 4, 0.70, 4606191
1712753763, 1, 1922, 13537, 12940, 4289, 18.57%, 6, 11, 4, 804.63, 4612652
1712753768, 1, 1923, 13537, 12939, 4288, 18.57%, 6, 11, 4, 933.72, 4617160
1712753773, 1, 1926, 13537, 12937, 4286, 18.57%, 6, 11, 4, 979.28, 4622177
1712753963, 1, 1928, 13537, 12936, 4285, 18.57%, 6, 11, 4, 0.75, 4626347
1712753979, 1, 1929, 13537, 12935, 4284, 18.57%, 6, 11, 4, 544.73, 4634846
1712753984, 1, 1930, 13538, 12935, 4283, 18.57%, 6, 11, 4, 779.14, 4637654
1712754178, 1, 1934, 13538, 12934, 4283, 18.57%, 6, 11, 4, 820.13, 4650386
1712754188, 1, 1935, 13538, 12933, 4282, 18.57%, 6, 11, 4, 1073.53, 4656359
1712754195, 1, 1937, 13538, 12932, 4281, 18.57%, 6, 11, 4, 69.74, 4659247
1712754388, 1, 1940, 13538, 12931, 4280, 18.57%, 6, 11, 4, 1022.97, 4666809
1712754394, 1, 1942, 13538, 12930, 4279, 18.57%, 6, 11, 4, 970.14, 4671540
1712754399, 1, 1949, 13538, 12929, 4278, 18.57%, 6, 11, 4, 814.38, 4675679
1712754409, 1, 1955, 13538, 12928, 4277, 18.57%, 6, 11, 4, 972.95, 4683057
1712754594, 1, 1955, 13539, 12929, 4277, 18.57%, 6, 11, 4, 0.63, 4687283
1712754599, 1, 1956, 13539, 12928, 4276, 18.57%, 6, 11, 4, 912.37, 4692123
1712754609, 1, 1958, 13539, 12927, 4275, 18.57%, 6, 11, 4, 1114.17, 4702190
1712754614, 1, 1960, 13539, 12926, 4274, 18.57%, 6, 11, 4, 1046.76, 4706674
1712754619, 1, 1961, 13539, 12925, 4273, 18.57%, 6, 11, 4, 988.11, 4711252
1712754804, 1, 1966, 13539, 12924, 4272, 18.57%, 6, 11, 4, 0.35, 4715336
1712754814, 1, 1968, 13539, 12923, 4271, 18.57%, 6, 11, 4, 657.10, 4723096
1712754820, 1, 1977, 13539, 12922, 4270, 18.57%, 6, 11, 4, 1283.07, 4728120
1712754825, 1, 1980, 13539, 12921, 4269, 18.57%, 6, 11, 4, 1570.14, 4734155
1712754830, 1, 1981, 13539, 12920, 4268, 18.57%, 6, 11, 4, 1141.95, 4739545
1712755014, 1, 1988, 13539, 12919, 4267, 18.57%, 6, 11, 4, 1.45, 4744357
1712755019, 1, 1989, 13539, 12918, 4266, 18.57%, 6, 11, 4, 906.27, 4748721
1712755029, 1, 1993, 13539, 12917, 4265, 18.57%, 6, 11, 4, 814.30, 4756952
1712755035, 1, 1997, 13539, 12916, 4264, 18.57%, 6, 11, 4, 38.63, 4760674
1712755225, 1, 1998, 13539, 12915, 4263, 18.57%, 6, 11, 4, 0.38, 4766238
1712755230, 1, 1999, 13539, 12914, 4262, 18.57%, 6, 11, 4, 1136.54, 4771850
1712755240, 1, 2001, 13539, 12912, 4260, 18.57%, 6, 11, 4, 1091.75, 4782581
1712755245, 1, 2003, 13539, 12911, 4259, 18.57%, 6, 11, 4, 121.88, 4787107
1712755250, 1, 2005, 13539, 12910, 4258, 18.57%, 6, 11, 4, 1024.63, 4792023
1712757245, 1, 2007, 13539, 12909, 4257, 18.57%, 6, 11, 4, 0.04, 4797313
1712757250, 1, 2007, 13626, 12995, 4256, 18.60%, 6, 11, 4, 1049.27, 4801516
1712757255, 1, 2008, 13696, 13065, 4281, 18.62%, 7, 11, 4, 1136.34, 4807521
1712757260, 1, 2011, 13696, 13064, 4280, 18.62%, 7, 11, 4, 1173.76, 4813664
1712757265, 1, 2017, 13696, 13062, 4279, 18.62%, 7, 11, 4, 1173.85, 4819494
1712757270, 1, 2018, 13696, 13061, 4278, 18.62%, 7, 11, 4, 1098.86, 4824950
1712757275, 1, 2022, 13696, 13060, 4277, 18.62%, 7, 11, 4, 1015.60, 4830022
1712757280, 1, 2023, 13696, 13059, 4276, 18.62%, 7, 11, 4, 1001.28, 4834778
1712757292, 1, 2025, 13696, 13058, 4275, 18.62%, 7, 11, 4, 1267.68, 4841014
1712757297, 1, 2030, 13696, 13057, 4274, 18.62%, 7, 11, 4, 1048.64, 4845614
1712757302, 1, 2033, 13696, 13056, 4273, 18.62%, 7, 11, 4, 910.31, 4850284
1712757307, 1, 2034, 13696, 13055, 4272, 18.62%, 7, 11, 4, 783.00, 4855572
1712757318, 1, 2035, 13696, 13054, 4271, 18.62%, 7, 11, 4, 1207.94, 4865349
1712757323, 1, 2036, 13696, 13053, 4270, 18.62%, 7, 11, 4, 845.47, 4869466
1712757328, 1, 2038, 13696, 13052, 4269, 18.62%, 7, 11, 4, 1187.34, 4873372
1712757340, 1, 2039, 13696, 13051, 4268, 18.62%, 7, 11, 4, 124.39, 4879424
1712757350, 1, 2040, 13696, 13050, 4267, 18.62%, 7, 11, 4, 1442.15, 4886431
1712757355, 1, 2040, 13697, 13051, 4267, 18.62%, 7, 11, 4, 1055.02, 4890912
1712757365, 1, 2041, 13697, 13050, 4266, 18.62%, 7, 11, 4, 900.51, 4899656
1712757375, 1, 2047, 13697, 13049, 4265, 18.62%, 7, 11, 4, 999.76, 4907418
1712757386, 1, 2048, 13697, 13048, 4264, 18.62%, 7, 11, 4, 52.13, 4912122
1712757402, 1, 2052, 13697, 13047, 4263, 18.62%, 7, 11, 4, 114.91, 4918507
1712757412, 1, 2054, 13697, 13046, 4262, 18.62%, 7, 11, 4, 1088.20, 4926403
1712757418, 1, 2055, 13697, 13045, 4261, 18.62%, 7, 11, 4, 1017.50, 4931085
1712757428, 1, 2056, 13697, 13044, 4260, 18.62%, 7, 11, 4, 869.30, 4939142
1712757433, 1, 2058, 13697, 13043, 4259, 18.62%, 7, 11, 4, 786.43, 4942141
1712757438, 1, 2062, 13697, 13042, 4258, 18.62%, 7, 11, 4, 1055.32, 4947105
1712757443, 1, 2064, 13697, 13041, 4257, 18.62%, 7, 11, 4, 1001.53, 4951876
1712757448, 1, 2068, 13697, 13040, 4257, 18.62%, 7, 11, 4, 1398.69, 4956777
1712757453, 1, 2073, 13697, 13039, 4256, 18.62%, 7, 11, 4, 1223.34, 4962423
1712757458, 1, 2075, 13697, 13038, 4255, 18.62%, 7, 11, 4, 544.44, 4966255
1712757464, 1, 2076, 13697, 13037, 4254, 18.62%, 7, 11, 4, 450.36, 4969602
1712757474, 1, 2077, 13697, 13036, 4253, 18.62%, 7, 11, 4, 716.74, 4976661
1712757544, 1, 2080, 13697, 13035, 4252, 18.62%, 7, 11, 4, 64.24, 4981365
1712757556, 1, 2086, 13697, 13034, 4251, 18.62%, 7, 11, 4, 536.62, 4986469
1712757566, 1, 2087, 13697, 13033, 4250, 18.62%, 7, 11, 4, 866.50, 4994518
1712757755, 1, 2088, 13697, 13032, 4249, 18.62%, 7, 11, 4, 121.52, 5000469
1712757760, 1, 2088, 13698, 13033, 4249, 18.62%, 7, 11, 4, 541.19, 5003950
1712757776, 1, 2089, 13698, 13032, 4248, 18.62%, 7, 11, 4, 98.36, 5015025
1712757965, 1, 2092, 13698, 13031, 4247, 18.62%, 7, 11, 4, 695.09, 5020765
1712757970, 1, 2095, 13698, 13030, 4246, 18.62%, 7, 11, 4, 851.49, 5023863
1712757975, 1, 2096, 13698, 13029, 4245, 18.62%, 7, 11, 4, 1387.95, 5027888
1712757980, 1, 2097, 13698, 13028, 4244, 18.62%, 7, 11, 4, 922.26, 5031900
1712757985, 1, 2098, 13698, 13027, 4243, 18.62%, 7, 11, 4, 893.37, 5036751
1712758170, 1, 2111, 13698, 13026, 4242, 18.62%, 7, 11, 4, 0.78, 5041135
1712758180, 1, 2112, 13698, 13025, 4242, 18.62%, 7, 11, 4, 1228.95, 5046797
1712758191, 1, 2113, 13698, 13024, 4241, 18.62%, 7, 11, 4, 808.41, 5052033
1712758196, 1, 2114, 13698, 13023, 4240, 18.62%, 7, 11, 4, 874.11, 5056417
1712758386, 1, 2116, 13698, 13022, 4238, 18.62%, 7, 11, 4, 726.45, 5063885
1712758397, 1, 2122, 13698, 13021, 4237, 18.62%, 7, 11, 4, 141.08, 5071281
1712758402, 1, 2127, 13698, 13020, 4236, 18.62%, 7, 11, 4, 1422.00, 5073965
1712758408, 1, 2131, 13698, 13019, 4235, 18.62%, 7, 11, 4, 367.48, 5076544
1712758596, 1, 2134, 13698, 13018, 4234, 18.62%, 7, 11, 4, 316.61, 5082481
1712758608, 1, 2137, 13698, 13017, 4233, 18.62%, 7, 11, 4, 48.49, 5088505
1712758618, 1, 2142, 13698, 13016, 4232, 18.62%, 7, 11, 4, 1113.17, 5093425
1712758806, 1, 2143, 13698, 13015, 4231, 18.62%, 7, 11, 4, 673.17, 5099213
1712758817, 1, 2145, 13698, 13014, 4230, 18.62%, 7, 11, 4, 70.72, 5105548
1712758827, 1, 2147, 13698, 13013, 4229, 18.62%, 7, 11, 4, 1043.07, 5112283
1712759012, 1, 2148, 13698, 13012, 4228, 18.62%, 7, 11, 4, 0.94, 5116361
1712759017, 1, 2149, 13698, 13011, 4227, 18.62%, 7, 11, 4, 751.29, 5119004
1712759028, 1, 2150, 13698, 13010, 4226, 18.62%, 7, 11, 4, 337.62, 5123573
1712759227, 1, 2152, 13698, 13009, 4225, 18.62%, 7, 11, 4, 725.27, 5130974
1712759237, 1, 2155, 13698, 13008, 4224, 18.62%, 7, 11, 4, 839.15, 5136787
1712759242, 1, 2157, 13698, 13007, 4223, 18.62%, 7, 11, 4, 812.11, 5140818
1712759432, 1, 2163, 13698, 13006, 4222, 18.62%, 7, 11, 4, 0.02, 5146722
1712759448, 1, 2164, 13698, 13005, 4221, 18.62%, 7, 11, 4, 598.59, 5155315
1712759453, 1, 2165, 13698, 13004, 4220, 18.62%, 7, 11, 4, 1089.67, 5160178
