0.00269198417664
0.00381207466125
0.00262904167175
0.00494503974915
0.00266313552856
0.00319600105286
0.00494599342346
0.00286507606506
0.00480794906616
0.00313901901245
0.00554800033569
0.00266695022583
0.00547409057617
0.00533699989319
0.00601887702942
0.00372505187988
0.00484299659729
0.0029890537262
0.00507497787476
0.00522899627686
0.00514602661133
0.00578212738037
0.00273990631104
0.00293493270874
0.00265192985535
0.00493311882019
0.00747513771057
0.0606620311737
0.176460027695
0.184065818787
0.175039052963
0.16495513916
0.172801017761
0.161218881607
0.178059101105
0.163048028946
0.16112780571
0.158030033112
0.16387295723
0.160776138306
0.158243894577
0.152418136597
0.188950777054
0.205360889435
0.201573848724
0.205965042114
0.250395059586
0.250385046005
0.353791952133
0.235143184662
0.192250967026
0.208773136139
0.187546014786
0.194806098938
0.246946811676
0.253869056702
0.217569828033
0.215177059174
0.00250506401062
0.00602698326111
0.00213503837585
0.00467920303345
0.00194096565247
0.00298309326172
0.00196480751038
0.00274705886841
0.00290679931641
0.00250005722046
0.00272607803345
0.00203204154968
2.18221402168
2.51659488678
2.15779089928
2.52119588852
2.15840888023
1.05585694313
2.12305498123
0.773149013519
1.6789958477
1.08044886589
1.95901703835
0.00297498703003
0.00979495048523
1.26944708824
1.22557616234
0.899074077606
1.2696211338
1.37776207924
1.3898229599
0.635604858398
0.259984016418
0.547641992569
0.598853111267
0.273354053497
0.258616924286
1.17396211624
1.23841691017
0.798439979553
0.76503610611
0.15681886673
182.493587017
1.462651968
1.70911002159
1.6865029335
1.90716004372
3.01821780205
0.00264501571655
0.00292587280273
0.00358390808105
0.00262212753296
0.00129890441895
1.15675497055
0.336459875107
0.128041028976
0.516377925873
0.426887989044
0.291901111603
0.0032000541687
0.0015709400177
0.00484180450439
0.00305390357971
0.00453495979309
0.00295996665955
0.00211501121521
0.00412487983704
0.00202608108521
1.27195811272
1.24151611328
0.889569997787
1.20483112335
0.970187902451
1.16214299202
0.845080137253
0.527405977249
0.380959033966
0.0538730621338
0.127321004868
0.432624816895
1.01505088806
0.849454164505
0.894369125366
0.722944974899
0.593478918076
0.741428852081
0.00341200828552
0.00211095809937
0.941005945206
0.256593942642
0.386672019958
0.334819078445
0.231230974197
0.585605859756
0.00275897979736
0.00266003608704
0.00331807136536
0.00296092033386
0.725945949554
0.321752071381
0.476305007935
0.578678846359
0.619929075241
0.501244068146
0.00250601768494
0.00261211395264
0.00270104408264
0.00289797782898
0.00184011459351
1.90169787407
180.887110949
1.27949500084
2.15967988968
1.90231394768
1.38351106644
0.00291109085083
0.00270318984985
0.00300288200378
0.00339412689209
1.08356308937
0.781169891357
0.709988117218
0.875694036484
0.751037120819
1.06638288498
0.00306081771851
0.00505900382996
0.00296592712402
0.00310301780701
0.00259184837341
0.00396609306335
3.31917405128
2.26882410049
1.88966393471
1.68373203278
2.16065502167
2.16045808792
0.00508093833923
0.00268602371216
0.00259399414062
0.00384211540222
2.16166496277
1.37387704849
180.662834167
1.5154671669
1.72979998589
1.67713594437
0.377872943878
0.421302080154
0.382071971893
0.721937179565
0.341522932053
0.350234985352
0.00409913063049
0.00767588615417
0.00473499298096
0.00600910186768
0.00643301010132
0.00466895103455
0.626377105713
0.0633420944214
0.210386037827
0.472239017487
0.20018696785
0.613759040833
0.00826597213745
0.0333569049835
0.025486946106
0.0345461368561
0.0480041503906
0.202825069427
0.217353105545
0.189468860626
0.184836864471
0.195976018906
0.0478630065918
0.190279960632
0.189559936523
0.184741973877
0.155035972595
0.18318104744
0.00480794906616
0.0155820846558
0.00920414924622
0.00896120071411
0.00838303565979
0.00961995124817
0.0100219249725
0.00969886779785
0.00584077835083
0.00778412818909
0.0089910030365
0.0063681602478
0.0568008422852
0.248558044434
0.202513933182
0.17859005928
0.175149917603
0.159908056259
0.00979995727539
0.0140118598938
0.0144038200378
0.0132169723511
0.0139889717102
0.0163431167603
0.66387295723
0.708729028702
0.732181072235
0.715101003647
0.713731050491
0.694259881973
0.690478086472
0.701068162918
0.771324872971
0.68966293335
0.704535961151
0.815634012222
0.702571153641
0.686259031296
0.731137990952
0.710479021072
0.699563980103
0.709188938141
0.186861991882
0.177839040756
0.291373968124
0.370316028595
0.170715093613
0.272494077682
2.03126311302
1.9937620163
0.698471069336
0.711863040924
0.683666229248
0.73983502388
0.670696020126
0.671015024185
0.680934906006
0.726233005524
0.673769950867
0.65788602829
0.706534862518
0.66748380661
0.69224691391
0.679062843323
0.69512796402
0.664379119873
2285.76770306
0.738390922546
0.00745916366577
0.0332069396973
0.0259809494019
0.0254399776459
0.0253620147705
0.0303030014038
0.0319471359253
0.0245559215546
0.0289180278778
0.0279688835144
0.0288400650024
0.0341739654541
0.0297429561615
0.0306420326233
0.0320591926575
0.00756788253784
0.0420939922333
0.0405459403992
0.0313770771027
0.0320601463318
0.0375580787659
0.0309450626373
0.0342199802399
0.025682926178
0.0304610729218
0.0309019088745
0.0324079990387
0.731785058975
0.714386940002
0.671712875366
0.685921907425
0.664784193039
0.682793855667
0.72722697258
0.708462953568
0.708093881607
0.697772026062
0.691191911697
0.741003036499
0.758923053741
0.744824886322
0.677545070648
181.219727993
0.741784095764
0.70519900322
0.007728099823
0.0375411510468
0.0251309871674
0.0306429862976
0.0322868824005
0.0336661338806
0.03284907341
0.0280389785767
0.0300281047821
0.0260329246521
0.0283749103546
0.028815984726
0.0275449752808
0.0294179916382
0.029844045639
0.0293498039246
0.0336790084839
0.0277810096741
0.00846314430237
0.040755033493
0.0309371948242
0.0379779338837
0.0347278118134
0.0331318378448
0.00966691970825
0.0351901054382
0.028795003891
0.0250849723816
0.0262150764465
0.0284819602966
0.00679612159729
0.0307610034943
0.0306620597839
0.0326900482178
0.0308620929718
0.023943901062
0.754332065582
0.724008083344
0.68571305275
0.713222026825
0.710566043854
0.710798978806
0.691663980484
181.036786079
0.703329801559
0.00795412063599
0.00990009307861
0.00859308242798
0.00965404510498
0.00956988334656
0.0100798606873
0.0177600383759
0.0212230682373
0.0171661376953
0.0100381374359
0.0120241641998
0.0168600082397
0.00696706771851
0.0370569229126
0.0305421352386
0.034343957901
0.025041103363
0.0341749191284
0.0287489891052
0.0244789123535
0.0328190326691
0.0303950309753
0.0313589572906
0.0378129482269
0.158112049103
0.246507883072
0.0984768867493
0.182508945465
0.163115978241
0.133060932159
0.191410064697
0.559740066528
0.417194128036
0.455806016922
0.452064037323
0.454825878143
1.17596912384
1.1701271534
1.17527985573
1.26789093018
1.90059304237
1.25811600685
0.287047147751
0.586512088776
0.78407907486
0.293773889542
0.420667886734
0.517728090286
1.52001690865
1.08410787582
1.73259687424
1.29003286362
1.38271903992
1.11694097519
1.10474300385
0.205708026886
0.395179986954
0.41056394577
0.754935979843
0.675850868225
181.519370079
1.90428304672
2.17787194252
1.89975595474
2.1695599556
1.90646505356
1.16912007332
0.173143863678
0.345145225525
0.264966011047
0.345633983612
0.53733086586
1.85833692551
1.19546508789
181.007448912
1.05799198151
1.89810991287
1.40159511566
0.54302406311
0.934592008591
0.558279037476
0.43688082695
0.711879014969
0.567389965057
1.27328705788
1.28798604012
1.16427302361
1.39257192612
1.38058519363
1.29615592957
1.7865858078
1.27178001404
1.28609013557
0.289489030838
0.233137130737
0.318269968033
0.113867998123
0.3011469841
0.159896850586
0.844635009766
0.20319890976
0.388899087906
0.178511142731
0.669039011002
0.323101043701
0.0358939170837
0.288094043732
0.164889097214
0.140910863876
0.143839836121
0.202538967133
0.466594934464
2.13588094711
0.868677139282
0.156550884247
0.342615842819
1.68571996689
1.3811070919
1.27077102661
1.16718697548
1.69377112389
1.82660198212
1.22075486183
0.886703968048
0.353400945663
0.61522102356
0.400542020798
0.601521968842
0.00270700454712
0.00240015983582
1.38442802429
0.995573997498
0.740061998367
0.971889019012
0.8544049263
0.990946054459
0.0821189880371
0.0593059062958
0.0340628623962
0.029865026474
0.042307138443
0.032341003418
1.27245402336
1.20616889
0.968765974045
1.67790699005
1.38409113884
1.08135914803
0.192807912827
0.152011156082
0.0637109279633
0.193144083023
0.0499060153961
180.389410019
0.129920959473
0.0600628852844
0.144851207733
0.0465679168701
0.205368995667
0.0566592216492
0.51707983017
0.177087068558
0.47926402092
0.427305936813
0.46235704422
0.502516031265
0.536013126373
0.209361076355
0.23436498642
1.088078022
0.46301317215
0.311969995499
0.450692892075
0.183366060257
0.416001081467
0.383530139923
1.18517017365
1.08557319641
1.3771879673
1.38157510757
1.52162981033
1.3921880722
0.315649986267
0.069540977478
0.0989561080933
0.0673320293427
0.0526030063629
0.0630869865417
0.0054030418396
0.00688886642456
0.00598907470703
0.00412392616272
0.0041069984436
0.00559091567993
0.00394511222839
0.00798010826111
0.00445508956909
0.00355005264282
0.00466704368591
0.00347900390625
0.0204749107361
0.782314062119
0.356343984604
0.251965999603
0.415690898895
0.414699077606
0.330317974091
0.00557804107666
0.00579309463501
0.00501799583435
0.0052490234375
0.0136709213257
0.00471305847168
0.00769996643066
0.00532007217407
0.0227780342102
0.0287849903107
0.0111680030823
0.291458845139
0.306128025055
0.261366844177
0.157194852829
0.195422887802
0.219470977783
0.133864879608
0.269571065903
0.205286026001
0.208363056183
0.189675807953
0.807535886765
0.192099094391
0.147242069244
0.83606505394
0.769046068192
0.663071870804
0.982226848602
0.852109909058
0.805217981339
0.94665312767
0.0332489013672
0.0122230052948
0.0198850631714
0.0108969211578
0.0246541500092
0.0394508838654
0.764586925507
0.700028896332
0.77126789093
1.30045104027
1.01975011826
0.953113079071
0.735888957977
0.89229798317
0.95400595665
0.00427293777466
0.00539708137512
0.00482296943665
0.00324416160583
0.00368809700012
0.00366306304932
0.0193138122559
0.00905609130859
0.0320761203766
0.0139760971069
0.0211269855499
0.0261759757996
0.0238509178162
0.00654101371765
0.00619697570801
0.0076150894165
0.00844097137451
0.00757694244385
0.402606010437
0.203957080841
0.269046068192
0.453089952469
0.143345117569
0.261410951614
0.128414869308
0.329457998276
0.278385877609
0.754858970642
0.107547044754
0.182266950607
0.591194152832
0.00445008277893
0.00510907173157
0.00433397293091
0.00444793701172
0.00533485412598
0.00371694564819
0.010440826416
0.00837802886963
0.0524621009827
0.0123510360718
0.00651693344116
0.0131931304932
0.626734018326
0.227285861969
0.553122997284
0.392888069153
0.518666982651
0.328891038895
0.27175784111
0.119791984558
0.116961956024
0.117426156998
0.0867350101471
0.102526903152
0.00411200523376
0.00808095932007
0.00760006904602
0.00519394874573
0.00540685653687
0.00721096992493
1.89968585968
1.1800069809
1.08640599251
1.38779592514
1.51601791382
1.16843891144
0.806353092194
0.952044963837
0.710915088654
0.784430980682
0.570761919022
0.920548915863
1.26851987839
0.89546585083
1.23067808151
0.754235029221
0.764741182327
0.316883802414
0.396423101425
0.373132944107
0.326746940613
0.695859909058
0.496677160263
0.280090808868
0.343764066696
0.130978107452
0.272156000137
0.455721855164
0.107905864716
0.0601079463959
0.0371749401093
0.0797390937805
0.014454126358
0.320392847061
0.312025785446
0.258111000061
0.288536071777
0.23660492897
0.113825082779
0.145951986313
0.0117869377136
0.00693511962891
0.00496912002563
0.00444483757019
0.00427889823914
0.00640296936035
0.852123975754
0.95015501976
181.036608934
1.29359602928
0.0169231891632
0.012720823288
0.00754308700562
0.00909805297852
0.011440038681
0.00994300842285
0.019828081131
0.0149791240692
0.0272078514099
0.0120279788971
0.00909209251404
0.00848507881165
0.269310951233
0.128425836563
0.435754060745
0.362419128418
0.00287413597107
0.00317406654358
0.00461006164551
0.0598180294037
0.0186519622803
0.0278580188751
0.0152540206909
0.0135099887848
0.0207901000977
0.0354120731354
0.0150001049042
0.0112888813019
0.0163109302521
0.064435005188
0.0132141113281
0.056421995163
1.39601492882
1.1678109169
1.68520092964
1.38610005379
1.38067388535
0.96097111702
0.0301251411438
0.00620198249817
0.00970196723938
0.0139019489288
0.0190331935883
0.0132219791412
0.959872961044
1.01744318008
0.842981100082
1.27021193504
1.34260106087
1.0102751255
0.0274479389191
0.0191519260406
0.0456421375275
0.0190751552582
0.0191791057587
0.0161108970642
1.09078907967
1.00797200203
1.01786208153
0.941267967224
1.27722001076
1.68193101883
1.49492406845
1.31928086281
1.37269091606
1.56126999855
1.60048413277
0.641934156418
0.645771980286
180.736063957
0.507938861847
0.699012994766
0.59859585762
0.0115170478821
0.00505685806274
0.004075050354
0.00864791870117
0.00433111190796
0.00437307357788
0.00460600852966
0.00374698638916
0.00434017181396
0.00449800491333
0.0388588905334
0.961967945099
1.02269005775
1.25591778755
1.37565398216
0.8976790905
1.40487289429
0.0219697952271
0.105005025864
0.014142036438
0.0101089477539
0.0183219909668
0.0303897857666
0.0129880905151
0.00680208206177
0.00532293319702
0.00449705123901
0.0801939964294
0.0331180095673
0.0282270908356
0.0509471893311
0.021476984024
0.0312600135803
0.0116679668427
0.0140290260315
0.236012935638
0.313234090805
0.170844078064
0.200614929199
0.0958659648895
0.170168876648
0.00517511367798
0.00408697128296
0.00585603713989
0.00326204299927
0.0048840045929
0.0029079914093
0.00346302986145
0.00277495384216
0.00336503982544
0.00474500656128
0.456816911697
0.149306058884
0.218283891678
0.240144968033
0.271946907043
0.0852279663086
0.039626121521
0.0495331287384
0.206805229187
0.11921620369
0.0786509513855
0.0693070888519
0.00895500183105
0.00658798217773
0.00528502464294
0.0192360877991
0.00905990600586
0.00510191917419
0.0108709335327
0.0053699016571
0.00962400436401
0.00713896751404
0.00574994087219
0.00462698936462
0.00493097305298
0.0358719825745
0.760173082352
1.33349895477
1.04700398445
1.20117211342
0.789384126663
1.40083003044
0.0113391876221
0.00929307937622
0.0115940570831
0.00871801376343
0.00897884368896
0.00795793533325
0.0081639289856
0.00999307632446
0.0073709487915
0.00621795654297
0.00376296043396
0.00382804870605
0.00343799591064
0.00351405143738
0.00291204452515
0.0062198638916
0.320212841034
0.22921204567
0.0718548297882
0.213809967041
0.0956220626831
0.15163397789
0.442169904709
0.302712917328
0.223188877106
0.187172889709
0.250771045685
0.268373966217
0.377691984177
0.198704004288
0.453832149506
0.298747062683
0.30329990387
0.425571918488
0.416315078735
0.292001008987
0.388130903244
0.245115041733
0.116144180298
1.1657500267
0.806416034698
1.0137488842
181.208317041
1.09498691559
1.02015781403
1.44161987305
0.00430297851562
0.00495100021362
0.00410294532776
0.00399208068848
0.0160310268402
0.00376987457275
0.190186977386
0.136979818344
0.281256914139
0.125485897064
0.098886013031
0.133925914764
0.698302030563
0.214521884918
0.571823835373
0.110687971115
0.265505075455
0.291178941727
0.00472402572632
0.00719809532166
0.00936603546143
0.00574684143066
0.00468492507935
0.0155301094055
0.0132210254669
0.00593519210815
0.00684499740601
0.00523805618286
0.00727605819702
0.0390331745148
0.00912809371948
0.0072181224823
0.00720381736755
0.00621294975281
0.0393109321594
0.962970972061
0.447314977646
0.13523888588
0.774635076523
0.484354972839
0.249266862869
0.0207581520081
0.00808000564575
0.0143189430237
0.00483107566833
0.00552916526794
0.0121629238129
0.0597758293152
0.115751028061
0.0165021419525
0.00491499900818
0.0486431121826
0.0789380073547
0.061311006546
0.0228238105774
0.0963699817657
0.0192790031433
0.0897109508514
0.0578861236572
0.0173881053925
0.0208358764648
0.0854518413544
0.0170831680298
0.0665621757507
0.414764881134
0.0076470375061
0.00435304641724
0.00394201278687
0.00349497795105
0.00567102432251
0.0079071521759
0.00695300102234
0.00488901138306
0.00694799423218
0.0743958950043
0.0265221595764
0.0102851390839
0.00662016868591
0.00581288337708
0.00729990005493
0.00724101066589
0.0145809650421
0.00890302658081
0.0649039745331
0.771357059479
0.702849149704
0.901059865952
0.592757940292
1.27714514732
1.26736116409
0.901121139526
0.893095970154
1.08892416954
0.769744873047
1.26591420174
1.12920880318
1.274559021
1.26425385475
1.08716583252
1.18197202682
0.00535678863525
0.00497794151306
0.00539612770081
0.004723072052
0.00438618659973
0.00492715835571
0.0154020786285
0.00878119468689
0.00762891769409
0.0073390007019
0.00659394264221
0.0067081451416
0.0109658241272
0.00566005706787
0.00697994232178
0.110951900482
0.0530848503113
0.0317420959473
0.108691215515
0.126748800278
0.0796301364899
0.113739967346
0.0535831451416
0.0652389526367
0.0488641262054
0.0199241638184
0.0371859073639
0.00925087928772
0.00990605354309
0.0100889205933
0.00657486915588
0.00527596473694
0.00719094276428
0.0659139156342
0.0228791236877
0.0444021224976
0.0368990898132
0.0112810134888
0.00382781028748
0.00529217720032
0.0047779083252
0.00436687469482
0.0042519569397
0.00344610214233
0.0109310150146
0.00908398628235
0.00420808792114
0.00499200820923
0.00607895851135
0.00410509109497
0.0102019309998
0.00690102577209
0.00363993644714
0.00880599021912
0.00446915626526
0.00440192222595
0.131968975067
0.0272541046143
0.073114156723
0.082640171051
0.0062210559845
0.00926899909973
0.00379705429077
0.0175640583038
0.00501990318298
0.657574892044
0.331062078476
0.396543979645
0.456792116165
0.251221895218
0.485656023026
0.801443815231
0.250761032104
0.231384992599
0.59256196022
0.306304931641
0.162287950516
0.0946187973022
0.058207988739
0.241616010666
0.139102935791
0.12297296524
0.118036985397
0.287132024765
0.387342214584
0.239948987961
0.459118843079
0.319991111755
0.847367048264
0.242587089539
0.0342421531677
0.0490479469299
0.0347459316254
0.054347038269
0.0583200454712
0.00713896751404
0.00773310661316
0.00778293609619
0.00715589523315
0.00782585144043
0.0077919960022
0.039158821106
0.0245790481567
0.0102272033691
0.0259630680084
0.0128769874573
0.0298869609833
0.0110359191895
0.00694489479065
0.00516200065613
0.00736403465271
0.0103869438171
0.00599789619446
0.189855098724
0.0639770030975
0.096734046936
0.0851831436157
0.035651922226
0.0422968864441
0.0633869171143
0.0284390449524
0.0519478321075
0.054102897644
0.0213449001312
0.0313239097595
0.905613899231
0.813695907593
0.792713880539
0.918778896332
1.02236413956
1.08934998512
1.69392108917
1.37896203995
2.16316199303
1.76877307892
1.4089050293
2.04709911346
0.133273839951
0.114686965942
0.0414929389954
0.014986038208
0.0200660228729
0.0112910270691
0.349910974503
0.103109836578
0.153120040894
0.122157812119
0.0574719905853
1.68952894211
1.27170586586
1.51765584946
1.68811488152
0.0499229431152
0.0380868911743
0.0230751037598
0.0322148799896
0.475480794907
0.178203105927
0.0961489677429
0.425843000412
0.249392986298
0.102415084839
0.197035074234
0.110141992569
0.188544988632
0.0772390365601
0.0504789352417
0.066967010498
0.0517899990082
0.0200440883636
0.0085289478302
0.00805807113647
0.0109629631042
0.0456848144531
0.0562989711761
0.021742105484
0.0596821308136
1.01893591881
1.26653790474
1.00909399986
1.37652111053
1.26573705673
1.0865111351
0.078476190567
0.0262401103973
0.0332019329071
0.0132369995117
0.0116889476776
0.0482261180878
0.0108051300049
0.00811100006104
0.00972104072571
0.0139060020447
0.00783705711365
0.0101118087769
0.00785207748413
0.00715517997742
0.0196599960327
0.00561118125916
0.00910496711731
0.00812292098999
0.00710701942444
0.00793504714966
0.00904583930969
0.00482988357544
0.0064651966095
0.0102980136871
0.713854074478
0.599366188049
0.6752409935
0.808068990707
0.734207868576
0.769064903259
0.00557804107666
0.0218930244446
0.00835800170898
0.00984382629395
0.00803899765015
0.0089259147644
0.258239984512
0.109869003296
0.192968130112
0.130416870117
1.17230391502
0.0752491950989
0.0444858074188
0.0445039272308
0.0446178913116
0.048182964325
0.143686056137
0.334745883942
0.196930885315
0.099730014801
0.218806028366
0.191854000092
0.842141866684
0.852138996124
1.22622799873
1.22860908508
1.090528965
1.3731379509
1.18942403793
0.00520014762878
0.00416016578674
0.00497102737427
0.00876784324646
0.00379204750061
0.00448799133301
0.0579209327698
0.0553390979767
0.0412170886993
0.0405411720276
0.0407240390778
0.0201010704041
0.00537300109863
0.0048520565033
0.00571298599243
0.00851511955261
0.0148701667786
0.00361680984497
0.00389814376831
0.00489211082458
0.00518012046814
0.00492906570435
0.00639510154724
0.00516104698181
0.151247024536
0.0958638191223
0.0679199695587
0.699669837952
0.886336088181
0.895395994186
1.03891611099
0.849977016449
1.01783704758
0.203857183456
0.12771487236
0.0389230251312
0.111774921417
0.0892078876495
0.103044986725
0.184154033661
0.0317051410675
0.0792751312256
0.0727138519287
0.828464031219
0.25851392746
0.43835401535
0.268548965454
0.365015029907
0.463427066803
180.532445908
0.453938007355
0.743119955063
0.561252117157
0.639969110489
0.708789110184
0.00899600982666
0.00565505027771
0.00490999221802
0.00506496429443
0.00672078132629
0.00503206253052
0.00735807418823
0.00579500198364
0.00513505935669
0.00938606262207
0.00536608695984
0.00478887557983
1.08978796005
0.88870382309
1.05507898331
1.08222484589
0.899639844894
1.44000291824
0.00537800788879
0.00473022460938
0.00575995445251
0.00402784347534
0.00470685958862
0.00496101379395
0.804764986038
0.948462963104
0.850163936615
0.863277196884
1.08411812782
0.903578996658
1.02007508278
0.801599979401
0.939558982849
1.25093388557
1.00035500526
1.53082203865
0.00768208503723
0.00861597061157
0.00601696968079
0.00825095176697
0.00496411323547
0.00488018989563
0.157343149185
0.439414978027
0.128199100494
0.193785190582
0.0563127994537
0.366474151611
0.17647600174
0.0567967891693
0.097767829895
0.0384600162506
0.0825760364532
0.161622047424
0.140911817551
0.0421950817108
0.104995965958
0.645166158676
0.00505495071411
0.00743699073792
0.0075991153717
0.00432586669922
0.006187915802
0.00481295585632
0.0186948776245
0.0504550933838
0.0148510932922
0.00566411018372
0.00483894348145
0.00678110122681
0.00807690620422
0.0074610710144
0.0081090927124
0.00509214401245
0.00806784629822
0.0960168838501
0.00562214851379
0.00465321540833
0.00350713729858
0.00480985641479
0.00432300567627
0.00375580787659
0.134797096252
0.104300022125
0.0834410190582
0.0311589241028
0.0530140399933
0.102807998657
0.00608777999878
0.00406813621521
0.00697302818298
0.00367498397827
0.00423312187195
0.00444102287292
0.0038800239563
0.00557088851929
0.00357604026794
0.00875210762024
0.0185880661011
0.00546908378601
0.0127568244934
0.0072660446167
0.00659584999084
0.0113110542297
0.058886051178
0.00758099555969
0.00804710388184
0.00739502906799
0.0134971141815
0.157629013062
0.0130000114441
0.00583910942078
0.0050630569458
0.0076150894165
0.0202550888062
1.2359521389
0.726495981216
0.584714889526
0.800397872925
0.691471099854
1.88752388954
0.00983619689941
0.00929808616638
0.00678181648254
0.00959920883179
0.0105540752411
0.0302999019623
0.956137895584
0.538601875305
0.508407831192
0.732590913773
1.08310198784
0.892523050308
0.504684925079
0.559732913971
0.584665060043
0.540047883987
0.404031038284
0.0491869449615
0.025386095047
0.0152778625488
0.024453163147
0.0224947929382
0.0184218883514
0.00479197502136
0.00316405296326
0.00383615493774
0.00305700302124
0.0044310092926
0.00333213806152
0.28807091713
0.242588996887
0.229123830795
0.0958209037781
0.202552080154
0.146856069565
0.533438920975
0.0281381607056
0.0360379219055
0.0270521640778
0.0309858322144
0.0415608882904
0.0249309539795
0.0281088352203
0.0149610042572
0.070121049881
0.0404028892517
0.0208389759064
0.0166709423065
0.209403991699
0.0326509475708
0.114130973816
0.0155239105225
0.923644781113
0.618261098862
0.694144010544
0.63094496727
0.874678850174
0.93802690506
0.0599100589752
0.0188798904419
0.0947148799896
0.0346701145172
0.0345051288605
0.0141780376434
0.00756406784058
0.00734806060791
0.011824131012
0.00507283210754
0.00712084770203
0.00567698478699
0.013120174408
0.00709295272827
0.00495910644531
0.00807189941406
0.00639414787292
0.00646090507507
1.0287528038
0.504276990891
0.621973991394
0.227033853531
0.161321878433
0.141984939575
0.239898920059
0.019012928009
180.466701031
0.530658960342
0.416131019592
0.116039991379
0.579842090607
0.28431892395
0.218475103378
0.205754041672
0.371140956879
0.857680082321
0.0426859855652
0.0739200115204
0.0310361385345
0.0257670879364
0.0173749923706
0.0149760246277
0.380082845688
0.157626867294
0.377265930176
0.52074098587
0.499676942825
0.45343708992
0.736174106598
0.706969976425
0.627767801285
0.460153102875
0.659590959549
0.604460954666
0.00439596176147
0.00454688072205
0.00414299964905
0.00412082672119
0.00701808929443
0.00357699394226
0.772089958191
0.687474012375
0.492202997208
0.588428974152
0.548169136047
0.63659286499
0.954893112183
0.802086830139
0.94463801384
0.893618106842
1.05901002884
0.61985707283
0.483180046082
0.236236095428
0.315757036209
0.160377979279
0.144104957581
0.290682077408
0.00584292411804
0.0068531036377
0.00506687164307
0.0116059780121
0.00988602638245
0.00635099411011
0.00855684280396
0.00519418716431
0.00461506843567
0.331437826157
0.906197071075
0.0250859260559
0.222792863846
0.155796051025
0.0771100521088
0.204837083817
0.11439204216
0.146857976913
0.0486450195312
0.120526075363
0.0510730743408
0.0859348773956
0.806308031082
0.453456878662
0.479846000671
0.682301044464
0.575301885605
0.608081817627
0.010223865509
0.00620603561401
0.0048999786377
0.00532293319702
0.00550103187561
0.00654888153076
0.370080947876
0.188868999481
0.306710958481
0.212051868439
0.209191083908
0.0617868900299
0.00580406188965
0.00398302078247
0.0044858455658
0.00494194030762
0.00411105155945
0.00575518608093
1.12124609947
0.576793909073
0.700660943985
0.727005004883
1.89337396622
0.00982689857483
0.00472402572632
0.00974702835083
0.0106489658356
0.00818109512329
0.0144319534302
0.00687408447266
0.00440096855164
0.00727200508118
0.00636100769043
0.00300097465515
1.70035195351
1.38517403603
1.47272801399
181.599684
1.68649816513
1.90379691124
0.0223741531372
0.00747489929199
0.00621700286865
0.0137059688568
0.00655794143677
0.00492191314697
0.0110130310059
0.012736082077
0.00565505027771
0.00855493545532
0.203411102295
0.242733001709
0.185062170029
0.159394025803
0.0366208553314
0.0845839977264
0.00585699081421
0.00811910629272
0.00931906700134
0.00513195991516
0.00553607940674
0.00811815261841
1.28627920151
1.08426594734
1.26362895966
0.718140125275
1.16830897331
0.895985126495
0.363232851028
0.213958978653
0.475441932678
0.124048948288
0.266515016556
0.127965927124
0.00512981414795
0.00847697257996
0.00701785087585
0.00631594657898
0.0058388710022
0.010901927948
0.774402856827
0.142461061478
0.104693174362
0.167551994324
0.148360013962
0.184997081757
0.346773862839
0.104358196259
0.0835099220276
0.117441892624
0.0485918521881
0.135051965714
0.321138858795
0.18251490593
0.179796934128
0.152292013168
0.585991859436
0.184432983398
0.0259969234467
0.00703597068787
0.025575876236
0.0234079360962
0.623043060303
0.157843828201
0.190041065216
0.22758102417
0.249410867691
0.218254089355
0.126981973648
0.176189899445
0.0794219970703
0.188570976257
0.102432012558
0.258593082428
0.114302873611
0.718193054199
0.0079779624939
0.0045850276947
0.00354790687561
0.00416111946106
0.00469207763672
0.00625014305115
0.228969097137
0.048633813858
0.0233860015869
0.0867938995361
0.0691769123077
0.0342168807983
0.0813140869141
0.0215640068054
0.0345740318298
0.0213129520416
0.0278739929199
0.0275580883026
0.641108036041
0.845233917236
0.854114055634
0.846821784973
180.817701817
0.16464304924
0.33699297905
0.234238147736
0.651966810226
0.119619131088
0.335677146912
0.185633182526
0.0928449630737
0.192688941956
0.0100679397583
0.0110900402069
0.00775289535522
0.00582909584045
0.00786709785461
0.00684499740601
0.333482980728
0.0548551082611
0.0556859970093
0.128515958786
0.100252151489
0.137935161591
0.0152821540833
0.00668096542358
0.00876593589783
0.00841593742371
0.00918316841125
0.00807619094849
0.967267036438
0.952727079391
0.903506994247
1.27009606361
1.08950304985
1.17522096634
0.814626932144
0.766002893448
0.911482095718
1.37691998482
1.38929605484
0.951359987259
0.0100879669189
0.00346398353577
0.00781893730164
0.00378799438477
0.00476908683777
0.00387001037598
0.0546050071716
0.051500082016
0.0313079357147
0.0349609851837
0.0288300514221
0.0190169811249
0.303362131119
0.0163230895996
0.11328792572
0.12296295166
0.0799949169159
0.101973056793
0.120064020157
0.0969250202179
0.138505935669
0.0894448757172
0.515602111816
0.0184659957886
0.0115399360657
0.00647592544556
0.011727809906
0.0111229419708
0.0123610496521
0.0141041278839
0.00665593147278
0.00890707969666
0.0154340267181
0.00691795349121
0.00952196121216
0.014778137207
0.0167000293732
0.0167610645294
0.0133979320526
0.0151209831238
0.0159518718719
0.00966501235962
0.00949096679688
0.0108749866486
0.00660109519958
0.00594997406006
0.00900292396545
0.00527286529541
0.00572991371155
0.00539898872375
0.635692119598
0.274981021881
0.217377185822
0.22803401947
0.13662481308
0.188888788223
0.184538125992
0.270748853683
0.176855802536
0.315827131271
0.110146045685
0.379638910294
0.0461249351501
0.0291349887848
0.0182301998138
0.017735004425
0.00840616226196
0.0134987831116
0.10600399971
0.0202629566193
0.0335199832916
0.095290184021
0.0180621147156
0.0300030708313
0.0164167881012
0.00944685935974
0.00796794891357
0.00434112548828
0.00533485412598
0.00878286361694
0.0307991504669
0.0314018726349
0.0262098312378
0.035521030426
0.0189301967621
0.0148100852966
0.381405830383
0.0161418914795
0.119854927063
0.0489139556885
0.219869852066
0.0556180477142
0.00702309608459
0.00990509986877
0.00878500938416
0.00988388061523
0.00801086425781
0.00863194465637
0.00832891464233
0.00832104682922
0.00709915161133
0.259796142578
0.0588150024414
0.223242044449
0.0250148773193
0.0754339694977
0.21489405632
0.379669904709
0.181837797165
0.193738937378
0.115744113922
0.227874040604
0.151982784271
0.0284311771393
0.0133030414581
0.00557613372803
0.012677192688
0.0080771446228
0.0040340423584
0.00694108009338
0.0119540691376
0.00524520874023
0.173182010651
0.122452020645
0.119467020035
0.0642199516296
0.0558550357819
0.0111999511719
0.00656890869141
0.398511886597
0.439181804657
0.521909952164
0.442451953888
0.187366008759
0.450959920883
0.34651517868
1.18892502785
0.956264019012
0.946156024933
1.01780796051
0.846056938171
0.938066005707
1.16913294792
0.398988008499
0.029834985733
0.210010051727
0.202156066895
0.283859014511
0.128975152969
0.00655794143677
0.00472211837769
0.0055558681488
0.00510907173157
0.00546813011169
0.00408911705017
0.00576710700989
0.00776505470276
0.00686192512512
0.0042359828949
0.00378394126892
0.00418090820312
0.0619649887085
0.0767199993134
0.109216928482
0.084342956543
0.0243668556213
0.0639989376068
0.735372066498
0.950193166733
0.920278072357
0.936125993729
0.947733879089
1.02340722084
0.294808864594
0.182852983475
0.0389199256897
0.00735902786255
0.0389161109924
0.13082408905
0.0172860622406
0.00854206085205
0.0117831230164
0.00550413131714
0.00879216194153
0.00831413269043
0.819010972977
0.184262990952
0.396310806274
0.232594013214
0.334473848343
0.500345945358
0.0128600597382
0.00650596618652
0.0124690532684
0.00625610351562
0.00505900382996
0.0147550106049
0.00696611404419
0.0055079460144
0.00417399406433
0.00528812408447
0.00885987281799
0.0293531417847
0.0728359222412
0.0644919872284
0.05326795578
0.0564949512482
0.0516529083252
0.0536391735077
0.0513010025024
0.0478370189667
0.0201709270477
0.00924587249756
0.00903391838074
0.00476098060608
0.00469899177551
0.0116090774536
0.134090900421
0.0251891613007
0.00881505012512
0.00958395004272
0.00532388687134
0.00433015823364
0.00456500053406
0.678462028503
0.474857091904
0.510170936584
0.557555198669
0.510260105133
0.600153923035
0.665222883224
0.754968881607
1.38133311272
0.896473169327
0.932635068893
1.09864807129
1.26046609879
0.006108045578
0.0042610168457
0.0061240196228
0.00655317306519
0.00418305397034
0.00626277923584
0.276901960373
0.191588878632
0.194179058075
0.162218093872
0.124005079269
0.0733549594879
0.210197925568
0.0809299945831
0.0533239841461
0.0689330101013
0.0949699878693
0.0910370349884
0.450211048126
0.16064786911
0.210661172867
0.129551172256
0.135151147842
1.31599879265
0.165780067444
0.109801054001
0.0809738636017
0.0517740249634
0.0892879962921
0.0942320823669
0.0779120922089
0.0528681278229
0.064621925354
0.0586290359497
0.0507659912109
0.0255851745605
1.02198004723
0.895327091217
1.469851017
0.882177829742
1.05769991875
1.30692696571
0.750711917877
0.222669124603
0.317255020142
0.316281080246
0.352699995041
0.300107955933
0.846786022186
0.170925855637
0.398282051086
0.108659029007
0.25087594986
1.19194316864
0.40896987915
0.218204021454
0.363363027573
0.356207132339
0.258879899979
0.241652965546
0.211916923523
0.313107967377
0.243359088898
0.241935014725
0.236119031906
0.171743869781
0.00865912437439
0.0119259357452
0.0107140541077
0.00923109054565
0.0141489505768
0.00830292701721
0.293344974518
0.204210996628
0.103935956955
0.394094944
0.0317471027374
0.576536893845
0.172288894653
0.195875167847
0.361639976501
0.351531982422
0.211486816406
0.478244066238
0.318143129349
0.26415514946
0.234735965729
0.422488212585
0.159420013428
0.693965911865
0.308151006699
0.691200017929
0.620095968246
0.657513141632
0.468024015427
0.451081037521
0.255127906799
0.373862981796
0.24502491951
0.17448592186
0.126507997513
1.09744906425
0.850497961044
0.591854095459
0.593093156815
0.430886983871
0.417141914368
0.0701739788055
0.0374908447266
0.0473909378052
0.0306899547577
0.0217440128326
0.0631248950958
0.0237669944763
0.0118310451508
0.00952196121216
0.0115139484406
0.0129630565643
0.011785030365
0.0222759246826
0.014848947525
0.00627493858337
0.00678610801697
0.00611114501953
0.0113930702209
0.316152095795
0.204743862152
0.0961921215057
0.228834867477
0.167422056198
0.15199303627
0.136948823929
0.0534181594849
0.0464270114899
0.0423240661621
0.0562181472778
0.0662400722504
0.00982308387756
0.0137610435486
0.00486707687378
0.00689506530762
0.00624299049377
0.0100519657135
0.0219941139221
0.00501704216003
0.00373101234436
0.00380897521973
0.00713896751404
0.00396203994751
1.52919197083
0.909467220306
1.24180388451
1.06428718567
1.18092012405
0.953886032104
1.09437417984
1.05631995201
1.01706886292
1.26575398445
0.734910964966
1.03251981735
0.00564002990723
0.00708413124084
0.00401401519775
0.00382995605469
0.00633382797241
0.00384187698364
0.149504899979
0.105453968048
0.203162908554
0.0880651473999
0.0496699810028
0.048367023468
0.557422876358
0.325172185898
0.376785993576
0.266492128372
0.250503063202
0.26247382164
0.00443196296692
0.00346183776855
0.0039210319519
0.00423312187195
0.00555610656738
0.00304508209229
0.598469018936
0.22531914711
0.163950920105
0.378520011902
0.541585922241
0.119390010834
0.851002216339
0.809702157974
0.963694095612
0.730638980865
0.897278785706
1.02514505386
1.08842206001
0.0045850276947
0.00708413124084
0.00414991378784
0.00373411178589
0.00383496284485
0.00377702713013
0.533392906189
0.337152004242
0.391211032867
0.28400015831
0.251343011856
0.164485931396
0.008957862854
0.00607299804688
0.00442790985107
0.00360703468323
0.696972846985
0.54535984993
0.768529176712
0.625427961349
0.603538990021
0.342279911041
1.02121090889
0.805347919464
0.687487125397
0.552860975266
0.785313129425
0.482825040817
0.504082918167
0.143762111664
0.0568029880524
0.0774750709534
0.0637469291687
0.114808082581
0.0453028678894
0.0671570301056
0.408617019653
0.425808191299
0.286988019943
0.135777950287
0.541794061661
0.22599697113
0.224563837051
0.0252799987793
0.0129730701447
0.0136749744415
0.0155549049377
0.0208070278168
0.0149879455566
0.0195140838623
0.00480604171753
0.00623798370361
0.00411796569824
0.612049102783
0.764626026154
0.896022081375
1.04001903534
0.141188144684
0.0747838020325
0.0701231956482
0.378303050995
0.097424030304
0.0728690624237
0.0411920547485
0.0449779033661
0.00605297088623
0.0485789775848
1.17560696602
0.946599006653
1.34382987022
0.957325935364
0.0047779083252
0.00535798072815
0.00452709197998
0.00362205505371
0.00918912887573
0.00986003875732
0.0094530582428
0.0126430988312
0.0150320529938
0.00868797302246
0.260188102722
0.515532970428
0.37779712677
0.173401117325
0.173947811127
0.220190048218
0.0629830360413
0.0425789356232
0.0175580978394
0.0311961174011
0.0137569904327
0.0333471298218
0.55397605896
0.340647935867
0.187074899673
0.213987827301
0.28973698616
0.133306026459
0.061558008194
0.0150759220123
0.00773215293884
0.00816202163696
0.0061821937561
0.00720906257629
0.00462508201599
0.00598692893982
0.0064640045166
0.00463604927063
0.00413584709167
0.00738000869751
0.675704956055
0.842439889908
0.714015960693
0.811618089676
0.698827028275
0.321385145187
0.176754951477
0.0363371372223
0.0245208740234
0.245312929153
0.119285821915
0.159641981125
0.340631008148
0.169188022614
0.27277302742
0.734246969223
1.18590497971
0.901256799698
1.02888989449
0.175778865814
0.083281993866
0.0521399974823
0.603406906128
0.479769945145
0.612375974655
0.617606878281
0.242769956589
0.12503695488
0.0659070014954
0.0271661281586
0.00780391693115
0.00519394874573
0.00396203994751
0.00438404083252
0.00441479682922
0.00334095954895
0.00426197052002
0.00455784797668
0.458044052124
0.545150995255
0.454013109207
0.681972980499
0.454993009567
0.547780990601
0.614289045334
0.884074926376
0.64798283577
0.790057897568
0.154057979584
0.0240089893341
0.00661110877991
0.0655329227448
0.0686631202698
0.00911402702332
0.0276000499725
0.34729385376
0.014102935791
0.00596284866333
0.00509715080261
0.0049729347229
0.00438904762268
0.00330400466919
0.0040590763092
0.00376319885254
0.00339603424072
0.0035560131073
0.168421030045
0.132072925568
0.118411064148
0.103141069412
0.0702090263367
0.453230142593
0.104527950287
0.230202913284
0.241986036301
0.128733158112
0.192053079605
0.856256008148
0.907449007034
0.827445030212
0.932389974594
0.00511503219604
0.0161950588226
0.00363087654114
0.00351595878601
0.00345301628113
0.00366687774658
0.245424032211
0.0124318599701
0.0143840312958
0.0121297836304
0.0599410533905
0.0183770656586
0.0947239398956
0.0573420524597
0.0434460639954
0.0300898551941
0.176555871964
0.0433120727539
0.0578289031982
0.0683300495148
0.0105800628662
0.703779935837
0.319421052933
0.385344982147
0.319911003113
0.397989034653
0.271395921707
0.849689006805
0.89989900589
1.08026504517
0.850824832916
0.847548007965
0.949867010117
0.821547031403
0.502085924149
0.669512987137
0.734830856323
0.859652042389
0.776777029037
0.0132429599762
0.0905900001526
0.0352740287781
0.0502631664276
0.0174081325531
0.00950288772583
0.00679302215576
0.00933313369751
0.00735402107239
0.00749397277832
0.00617599487305
0.0661549568176
0.125151157379
0.0303330421448
0.0472071170807
0.0503969192505
0.055712223053
0.0461399555206
0.73273396492
0.745809078217
0.716500043869
0.728150129318
0.739104986191
0.695199012756
0.761524915695
0.240617990494
0.574560880661
0.390982866287
0.203927993774
0.257740974426
0.328377008438
0.14182806015
811.747998953
0.16393494606
0.093780040741
0.147129058838
1.09107303619
1.27801299095
1.35478901863
1.26889705658
1.52157688141
0.902368068695
0.399487018585
0.369267940521
0.402406930923
180.741164207
0.297415018082
0.363372087479
0.00691890716553
0.00683903694153
0.00453495979309
0.0054030418396
0.0045690536499
0.0333981513977
0.918195962906
1.0185148716
0.916176080704
1.09290504456
0.967470169067
1.0219180584
0.63628911972
0.473030090332
0.408811092377
0.457576036453
0.345656871796
1.01107811928
0.261219024658
0.0323901176453
0.252013921738
0.121263980865
0.125289916992
0.0887730121613
0.00694799423218
0.0103800296783
0.00985383987427
0.0101881027222
0.00833582878113
0.00900602340698
0.232678174973
180.442991972
0.58806180954
0.560754060745
0.346140861511
1.6779499054
0.0255041122437
0.0238530635834
0.0089590549469
0.0136389732361
0.00901794433594
0.00780415534973
0.0140240192413
0.00728797912598
0.0307488441467
0.00516796112061
0.0036199092865
0.0110769271851
0.709656953812
0.180352926254
0.20778298378
0.509625911713
0.337728023529
0.309444904327
0.772645950317
0.426464080811
0.604388952255
0.74444103241
0.943946123123
0.497391939163
0.981611967087
0.450778007507
0.461118221283
0.395761966705
0.565202951431
0.418704032898
0.377221107483
0.205236196518
0.183837890625
0.120473861694
0.714609861374
0.015615940094
0.00749897956848
0.00555801391602
0.00643396377563
0.0063898563385
0.00864887237549
0.0185599327087
0.0213489532471
0.0177381038666
0.00443482398987
0.0241529941559
0.0118570327759
0.0147500038147
0.0215489864349
0.00902485847473
0.0105600357056
0.00808000564575
0.00379800796509
0.00484108924866
0.0045690536499
0.00371980667114
0.00380992889404
0.0101170539856
0.00952696800232
0.00964093208313
0.00827598571777
0.00869417190552
0.00735902786255
0.927100896835
0.728794813156
1.08672499657
1.18143391609
1.38911914825
0.894422054291
0.00972294807434
0.0475928783417
0.0165781974792
0.00782108306885
0.00536298751831
0.00916910171509
0.130980968475
0.100852966309
0.0443739891052
0.0775430202484
0.0241460800171
0.0831270217896
0.201819181442
0.0571579933167
0.0313611030579
0.0284578800201
0.0466160774231
0.0567190647125
0.0691211223602
0.0105559825897
0.00793695449829
0.0153608322144
0.0244600772858
0.014800786972
0.248720169067
0.115135192871
0.12372803688
0.0654480457306
0.0763258934021
0.519177913666
0.0152938365936
0.0062210559845
0.00423288345337
0.00734496116638
0.00407600402832
0.00653886795044
0.235440015793
0.089173078537
0.0628747940063
0.0616300106049
0.0998330116272
0.0375061035156
0.73407292366
0.764239788055
0.862252950668
0.655201911926
0.819708824158
0.704936981201
0.00510311126709
0.00474810600281
0.00437498092651
0.00689101219177
0.00527310371399
0.00405693054199
0.0117359161377
0.0149338245392
0.0158479213715
0.00930190086365
0.00583291053772
0.0107109546661
0.00794911384583
0.00831890106201
0.00568914413452
0.00553107261658
0.00471186637878
0.0052809715271
0.07182097435
0.0209331512451
0.0318651199341
0.0303950309753
0.0260100364685
0.0340709686279
0.727047920227
0.802021980286
1.00905203819
2284.86077595
0.914061069489
1.01133203506
0.0275299549103
0.00412797927856
0.020122051239
0.00941395759583
0.00465989112854
0.217442035675
0.570290803909
0.201133012772
0.23205280304
0.283371210098
0.177159070969
0.0908961296082
0.74806022644
0.332338809967
0.43109703064
0.523395061493
0.308012962341
0.53652381897
0.00505018234253
0.00648903846741
0.00593996047974
0.00915908813477
0.00579619407654
0.00671696662903
0.059298992157
0.0223178863525
0.0204401016235
0.0208458900452
0.0127050876617
0.00521802902222
0.183274030685
0.16966509819
0.0451409816742
0.09219789505
0.105874061584
0.0841860771179
0.489959001541
0.227620124817
0.319272994995
0.240046024323
0.1635658741
0.250262022018
0.00917506217957
0.00627398490906
0.00568509101868
0.00589418411255
0.900988101959
1.08280587196
1.26746487617
1.09034895897
1.26805996895
1.26154613495
1.41139698029
0.978204965591
0.898495912552
0.820868968964
1.68118691444
0.725265979767
0.120038032532
0.388422966003
0.0515270233154
0.159743070602
0.0284860134125
0.729233980179
0.721336126328
0.619235992432
0.246847867966
0.37481713295
0.469292163849
0.725013971329
0.476892948151
0.305141210556
0.214280843735
0.209781885147
0.188266038895
0.203570842743
0.106137990952
0.13387799263
0.0353298187256
0.0410771369934
0.0467071533203
0.0507988929749
0.347077846527
0.062383890152
0.100078821182
0.0172729492188
0.502357959747
0.00577306747437
0.00483393669128
0.00359082221985
0.00547194480896
0.00459408760071
0.00422692298889
0.00909495353699
0.00633716583252
0.0118770599365
0.00774192810059
0.254512071609
0.0520298480988
0.00968980789185
0.0211598873138
0.0389940738678
0.0507709980011
1.1705019474
0.300874948502
0.904001951218
0.966867923737
0.951900005341
2.16566514969
0.0480020046234
0.0137422084808
0.0239999294281
0.049674987793
0.0338490009308
0.0192658901215
0.0153551101685
0.0118520259857
0.0209589004517
0.0255138874054
0.732589006424
0.769973993301
0.764626979828
181.387714863
0.34925699234
0.195390939713
0.136687994003
0.218029975891
0.0100350379944
0.00690889358521
0.00555801391602
0.0101919174194
0.00985407829285
0.00559401512146
0.140861034393
0.0985159873962
0.251933813095
0.209082126617
0.212060928345
0.128513097763
0.0146479606628
0.00617289543152
0.00697708129883
0.00788712501526
0.00630712509155
0.0073299407959
0.0124061107635
0.00917983055115
0.00721287727356
0.00845694541931
0.00608396530151
0.00597906112671
0.00875496864319
0.0105412006378
0.0131320953369
0.00955200195312
0.0104780197144
0.055202960968
0.00538492202759
0.006915807724
0.0162129402161
0.00614094734192
0.00586199760437
0.00424909591675
0.950797080994
1.16692900658
2093.62959409
0.946135997772
1.1679289341
1.16878604889
0.119976043701
0.0631260871887
0.0607581138611
0.0789630413055
0.0507369041443
0.0233631134033
0.95804309845
0.780167818069
0.580927848816
0.716365098953
0.664058923721
0.925117015839
0.0106520652771
0.0111889839172
0.00919103622437
0.00587701797485
0.00914812088013
0.0064480304718
0.0333108901978
0.00866794586182
0.0157279968262
0.0055718421936
0.0199840068817
0.00796794891357
0.496186971664
0.416776895523
0.297449111938
0.179600000381
0.401140213013
0.365279912949
0.0421781539917
0.0197830200195
0.020467042923
0.0108318328857
0.401911020279
0.0167989730835
0.00618696212769
0.00428700447083
0.00860905647278
0.0112879276276
0.00700879096985
0.00739216804504
0.0083019733429
0.00518202781677
0.00567102432251
0.00750207901001
0.00826597213745
0.00513505935669
0.00965189933777
0.136719942093
0.0453219413757
0.00503396987915
0.0592138767242
0.0508949756622
0.0413119792938
0.760926008224
0.346261024475
0.187922954559
0.215929985046
0.558557033539
0.311842918396
0.699193000793
0.329955101013
0.176859140396
0.310163021088
0.323179960251
0.532527923584
0.368621826172
1.37528896332
0.905448198318
1.02813005447
1.0871629715
0.915434122086
1.02152109146
60.7915821075
0.00667595863342
0.012687921524
0.00549101829529
0.00460577011108
0.00454998016357
0.00469779968262
0.101636886597
0.0982069969177
0.0519509315491
0.103003978729
0.0723538398743
0.0687921047211
0.150064945221
0.0494840145111
0.235926866531
0.26119685173
0.0687749385834
0.130378007889
0.5296189785
0.11289191246
0.108718156815
0.14170217514
180.46251893
0.126338005066
0.665958166122
0.0551860332489
0.0140371322632
0.00556397438049
0.0085461139679
0.00602293014526
0.00437307357788
0.432955026627
0.422815084457
0.31594991684
0.377264976501
0.368911027908
0.411074876785
0.0433330535889
0.0128118991852
0.0165309906006
0.0117120742798
0.0146567821503
0.00840401649475
0.526376962662
0.249284982681
0.357532978058
0.266989946365
0.405028104782
0.353125095367
0.00718808174133
0.00428700447083
0.00571513175964
0.00428080558777
0.00812196731567
0.00356912612915
0.142857074738
0.0788989067078
0.106948137283
0.123643159866
0.861113786697
0.649781942368
0.767364025116
0.766841173172
0.850860834122
1.08576488495
0.964340925217
0.644695043564
0.37250995636
0.340872049332
0.407790899277
0.366393089294
0.296705961227
0.0145359039307
0.00517296791077
0.0053858757019
0.00495100021362
0.00558996200562
0.0698311328888
0.00586414337158
0.0449540615082
180.77800107
0.540754079819
0.312383174896
0.650616168976
0.478710174561
0.525326013565
0.0135610103607
0.00965595245361
0.0139718055725
0.00597405433655
0.0053608417511
0.00941395759583
0.00734090805054
0.00692701339722
0.00749683380127
0.00795197486877
0.00604701042175
0.00669097900391
0.673364877701
0.338041067123
0.366549015045
0.466279983521
0.371434211731
0.519226074219
0.612564086914
0.516920089722
0.577681064606
0.60771894455
0.54630112648
0.457491874695
0.14960694313
0.0397429466248
0.0364389419556
0.0118179321289
0.039617061615
0.0637600421906
0.592199087143
0.0382628440857
0.263468980789
0.20228600502
0.0361320972443
0.328886032104
0.653400182724
0.312669992447
0.238309860229
0.247978925705
0.0400919914246
0.0599329471588
0.0335378646851
0.0168359279633
0.0278811454773
0.0366280078888
0.0106179714203
0.00956892967224
0.00507998466492
0.00964617729187
0.00667214393616
0.00490117073059
0.0210239887238
0.0105020999908
0.00886201858521
0.00975799560547
0.0047721862793
0.0188529491425
0.864902019501
0.964508056641
180.798580885
0.805266857147
0.849440097809
1.01973509789
0.203310012817
0.0496029853821
0.0660438537598
0.0994379520416
0.066342830658
0.0956869125366
0.252081871033
0.0810251235962
0.065621137619
0.0751309394836
0.1078748703
0.0863430500031
0.612200021744
0.419000148773
0.485372066498
0.233612060547
0.249891996384
0.470973014832
0.124542951584
0.0758380889893
0.022421836853
0.016716003418
0.0585420131683
0.100579977036
0.59232211113
0.250733137131
0.415133953094
0.432827949524
0.256651878357
0.356698036194
0.00934386253357
0.0391800403595
0.0269429683685
0.0252599716187
0.0314149856567
0.0408849716187
0.623771905899
0.274700880051
0.168643951416
0.140082836151
0.147162914276
0.238958120346
0.253343820572
0.243763923645
0.201574087143
0.209629058838
0.646007061005
0.00742602348328
0.00494194030762
0.0046718120575
0.00449109077454
0.00809502601624
0.00499200820923
0.0114510059357
0.0235350131989
0.010486125946
0.00939512252808
0.00849795341492
0.00971794128418
0.00786280632019
0.00971579551697
0.007159948349
0.267426967621
0.113713979721
0.0503551959991
0.0965659618378
0.018721818924
0.468589067459
0.206032037735
0.21764588356
0.278086185455
0.138225078583
0.141531944275
1.01206707954
0.663253068924
0.698561191559
0.73908996582
0.599878072739
0.724758863449
0.962724924088
1.0812420845
181.276649952
1.16834878922
1.1690659523
1.02444291115
0.0625691413879
0.0325140953064
0.0581469535828
0.0222539901733
0.0584189891815
0.0238389968872
0.55192899704
0.42055106163
0.798748970032
0.906381845474
0.8718957901
0.564879179001
0.0132999420166
0.00587296485901
0.009202003479
0.00627899169922
0.00540208816528
0.00616407394409
0.00621294975281
0.00994992256165
0.00560808181763
0.00799894332886
0.0680708885193
0.00580906867981
0.0067310333252
0.00445199012756
0.00420093536377
0.00788307189941
0.00355005264282
0.00813293457031
0.00443506240845
0.00717091560364
0.909203052521
0.955590963364
0.723798036575
0.804813861847
0.952620983124
0.951227903366
0.00984787940979
0.00475215911865
0.00552082061768
0.00498008728027
0.00289607048035
0.00610709190369
0.00721287727356
0.00705814361572
0.006422996521
0.010311126709
0.0103061199188
0.00752997398376
0.00838303565979
0.0067138671875
0.0563380718231
0.0211679935455
0.0295951366425
0.0234999656677
0.0121960639954
0.0406188964844
0.0376107692719
0.0122699737549
0.0164420604706
0.0473408699036
0.0163989067078
0.0550761222839
0.684756994247
0.62332701683
0.547616958618
180.459372044
0.595942974091
0.447627782822
0.0312089920044
0.104765892029
0.0361039638519
0.163131952286
0.0451159477234
0.0468168258667
0.297143220901
0.0859501361847
0.133692979813
0.0867340564728
0.10758805275
0.100296020508
0.00423908233643
0.00733995437622
0.00545692443848
0.00642681121826
0.00518012046814
0.00593400001526
0.276426792145
0.0474321842194
0.0328941345215
0.0128538608551
0.0203511714935
0.0952880382538
0.728241920471
0.112583875656
0.18751502037
0.227375984192
0.299633979797
0.295252799988
0.765559911728
0.361869812012
0.612287998199
0.619215011597
0.395421981812
0.659397125244
0.95584487915
180.992001057
1.15295386314
1.01689696312
0.769643068314
0.9592192173
0.0107190608978
0.00508499145508
0.00963592529297
0.00382208824158
0.00336480140686
0.722636938095
0.70308303833
0.715441942215
0.711037158966
0.372367143631
0.589900016785
0.629946947098
180.475826979
0.234129190445
0.0123679637909
0.00607895851135
0.0112800598145
0.00707697868347
0.0111289024353
0.00823903083801
0.106453895569
0.0360970497131
0.0520858764648
0.0273649692535
0.0358819961548
0.0793468952179
0.273295164108
0.121780157089
0.205919981003
0.0873379707336
0.176821947098
0.171123027802
0.507659912109
0.0870888233185
0.297162055969
0.137047052383
0.34782910347
0.165238857269
0.00822687149048
0.00473499298096
0.00395488739014
0.0038001537323
0.0664689540863
0.132820129395
0.0359451770782
0.0446960926056
0.0799379348755
0.0395169258118
1.53070402145
0.30738902092
0.303504943848
0.327703952789
0.00525999069214
0.00541186332703
0.0104818344116
0.00366711616516
0.00817012786865
0.00380492210388
0.0584371089935
0.0144832134247
0.0156610012054
0.0201468467712
0.0369229316711
0.020357131958
0.909843921661
1.09920501709
1.01993203163
0.947118997574
1.01626396179
0.957123041153
0.396599054337
0.230588912964
0.202052116394
0.27566409111
0.298222064972
0.424488067627
0.0641560554504
0.0281589031219
0.0198049545288
0.029021024704
0.0106880664825
0.0129489898682
0.861580133438
0.558955907822
0.772114038467
0.690583944321
0.564741134644
0.710225820541
0.776940107346
0.744311094284
0.66428399086
1.0382900238
0.00739192962646
0.00504112243652
0.00884294509888
0.00430798530579
0.0044538974762
0.00417184829712
0.00580406188965
0.0040979385376
0.700213909149
0.693520069122
1.01336479187
0.972654104233
0.687212944031
0.719270944595
0.138731956482
0.11151599884
0.0585181713104
0.0325319766998
0.0623860359192
0.155409097672
0.00795197486877
0.00467205047607
0.00698208808899
0.00527811050415
0.00535297393799
0.016007900238
0.0501708984375
0.0753300189972
0.00823593139648
0.040815114975
0.016548871994
0.0204071998596
0.0135219097137
0.0201439857483
0.298923969269
1.21148395538
0.20951795578
0.404976129532
0.569607019424
0.294959068298
0.508325099945
0.0038149356842
0.00353193283081
0.00426006317139
0.00336217880249
0.00394511222839
0.00363612174988
0.0156800746918
0.0125589370728
0.0125391483307
0.0113868713379
0.0141129493713
0.0140788555145
0.860963106155
0.781967878342
0.957543134689
1.01200413704
1.02285695076
0.959354877472
0.166431903839
0.188064098358
0.0673270225525
0.0542402267456
0.121114015579
0.0693728923798
0.00736093521118
0.00803899765015
0.00886607170105
0.00666403770447
0.00416302680969
0.00460004806519
0.135766029358
0.080570936203
0.0192890167236
0.0219089984894
0.0302240848541
0.0241479873657
0.0760550498962
0.0797259807587
0.0600409507751
0.0522131919861
0.0435299873352
0.0516340732574
0.322821140289
0.180283069611
0.133616924286
0.0137779712677
0.0125639438629
0.0110249519348
0.00855398178101
0.00606608390808
0.00929284095764
0.0160839557648
0.0130128860474
0.00604701042175
0.00430083274841
0.00622606277466
0.00445890426636
1.02012085915
1.37490081787
1.02585601807
1.27055001259
1.05977916718
180.391642809
0.018975019455
0.255291938782
0.126232862473
0.194924116135
0.0699298381805
0.110451936722
0.137070178986
0.187286138535
0.0391068458557
0.089427947998
0.0680208206177
0.0366899967194
0.0370798110962
0.0157148838043
0.0131740570068
0.056097984314
0.221814870834
0.0611970424652
0.321047782898
0.0104410648346
0.130404949188
0.0493559837341
0.072695016861
0.118822097778
0.00938391685486
0.532513141632
0.0351178646088
0.0148758888245
0.00558805465698
0.0065929889679
0.039391040802
0.0484399795532
0.00764298439026
0.483628988266
0.150889873505
0.183340787888
0.241703033447
0.102823972702
0.044538974762
0.811550855637
0.908895969391
1.165102005
1.24778199196
1.18774414062
0.00957322120667
0.00682401657104
0.00545310974121
0.0112330913544
0.00426912307739
0.00443601608276
0.0128741264343
0.014711856842
0.00810194015503
0.0132071971893
0.00508403778076
0.00687217712402
0.0136361122131
0.0174379348755
0.0115098953247
0.00845980644226
0.00644493103027
0.0799429416656
0.0913400650024
0.0350160598755
0.897016048431
0.951078891754
180.815121889
0.560799837112
0.272875070572
0.403095960617
0.221400976181
0.703691005707
0.954912900925
0.946214199066
1.05999994278
0.717896938324
0.339745044708
0.822036981583
0.382978916168
0.583045959473
0.644932985306
0.424164056778
0.379156827927
0.913525819778
0.58869600296
0.812845945358
0.661302089691
0.646531105042
0.675058841705
1.0235350132
0.891164064407
1.08880209923
1.27428102493
0.4349360466
0.171108961105
0.362651109695
0.249778032303
0.399715900421
0.192641973495
0.0978419780731
0.270881175995
0.237015962601
0.199380874634
0.299657821655
1.35437703133
0.0559248924255
0.0321550369263
0.0562810897827
0.00966501235962
0.0397899150848
0.0146639347076
0.0121350288391
0.00845694541931
0.0212981700897
0.0203640460968
0.0166919231415
0.634080886841
0.223212957382
0.331372022629
0.260699987411
0.0259170532227
0.0152988433838
0.018728017807
0.00566411018372
0.276721000671
0.230189085007
0.106622934341
0.176507949829
1.01768898964
0.894903898239
0.949928045273
0.906111001968
0.00700211524963
0.00423789024353
0.00633406639099
0.00392889976501
0.00532102584839
0.00672197341919
0.00455594062805
0.00420379638672
0.00536704063416
0.00487613677979
0.622364997864
0.513870000839
0.484441041946
0.169637918472
0.861533880234
0.903168916702
0.947333097458
0.730152845383
180.419852972
0.0282640457153
0.0381369590759
0.126411914825
0.0664191246033
0.0542449951172
0.00984501838684
0.00615406036377
0.00418519973755
0.00533699989319
0.311149120331
0.249325990677
0.277950048447
0.261194944382
0.0952980518341
0.202563047409
0.948757886887
0.698354005814
0.212163925171
0.189016103745
0.650847911835
0.489957094193
0.27893614769
0.293657064438
0.408775091171
0.322459936142
1.02037715912
0.600311994553
0.107051849365
0.0303611755371
0.0955030918121
0.0572748184204
0.0525188446045
0.0342240333557
0.687726020813
0.184475183487
0.282888889313
0.162510871887
0.0609760284424
0.112185955048
0.808708906174
0.417540073395
0.211009025574
0.422262191772
0.368583917618
0.441066980362
0.157011032104
0.165364980698
0.157319068909
0.156164884567
0.595097064972
0.269820928574
0.207021951675
0.287682056427
0.170097112656
0.235949039459
0.0211300849915
0.0112669467926
0.0114769935608
0.0124151706696
0.00789999961853
0.00335097312927
0.00407004356384
0.0036289691925
0.00344014167786
0.00530910491943
0.0172600746155
0.00929284095764
0.00762796401978
0.00609397888184
0.250861167908
0.126842021942
0.152327060699
0.101863861084
0.0954079627991
0.232306003571
0.00811100006104
0.00644493103027
0.00420808792114
0.00544285774231
0.0424900054932
0.0164189338684
0.017541885376
0.0236511230469
0.0103659629822
0.0309019088745
0.578699827194
0.575980901718
0.900158882141
0.589997053146
0.568948030472
0.310002088547
0.963484048843
1.09441590309
1.33072090149
1.10352993011
0.0428621768951
0.0178129673004
0.896773099899
0.620050907135
0.533913135529
0.607174873352
0.543175935745
0.611792087555
182.279872894
1.37328791618
0.970263004303
1.26770687103
0.270406007767
0.294060945511
0.172572135925
0.102483034134
0.109589099884
0.595711946487
0.0214068889618
0.0125069618225
0.010589838028
0.00718092918396
0.0695750713348
0.43115401268
0.275312185287
0.0486350059509
0.124111175537
0.126616954803
0.231320142746
0.614436149597
0.351808071136
0.265228033066
0.44980597496
0.172739982605
180.863163948
0.250127077103
0.117593050003
0.029002904892
0.0550150871277
0.0186548233032
0.179138898849
0.0406649112701
0.0366311073303
0.323469877243
0.0689029693604
0.0961241722107
0.0329301357269
0.0157699584961
0.0186588764191
0.0205020904541
0.0173029899597
0.0231821537018
0.00823402404785
0.00720500946045
0.00571203231812
0.0328030586243
0.0195639133453
0.187731027603
0.0342710018158
0.0880310535431
0.0449891090393
0.0909299850464
0.041787147522
0.167747974396
0.176518917084
0.169381141663
0.163264036179
0.162114143372
0.162363052368
0.194359064102
0.0550611019135
0.060564994812
0.0825438499451
0.0701839923859
0.0721590518951
0.00559782981873
0.00610899925232
0.00620317459106
0.00605297088623
0.00708198547363
0.00589203834534
0.37965798378
0.263752937317
0.205957174301
0.950735092163
0.842779874802
1.08680319786
1.17304587364
0.84260892868
0.18460893631
0.190176963806
0.335836172104
0.025698184967
0.00480699539185
0.00515198707581
0.00368499755859
0.863681077957
0.800104141235
1.20398688316
1.01624202728
0.0128960609436
0.0153150558472
0.00369000434875
0.00346207618713
0.0110518932343
0.015860080719
0.0109391212463
0.00444197654724
0.00871515274048
0.00519704818726
0.039342880249
0.0854539871216
0.0285708904266
0.042375087738
0.0397799015045
0.00609302520752
0.0332388877869
0.00816202163696
0.00793290138245
0.00539708137512
0.00594210624695
0.00835394859314
0.00511407852173
0.00321698188782
0.00832390785217
0.00340914726257
0.00347805023193
0.00409197807312
0.0538628101349
0.0132629871368
0.0135967731476
0.00954914093018
0.0199420452118
0.0185651779175
0.00484085083008
0.00648999214172
0.00514507293701
0.0109310150146
0.00551295280457
0.0760910511017
0.0428609848022
0.039901971817
0.0259928703308
0.0486969947815
0.0325829982758
0.132193803787
0.0283288955688
0.135351896286
0.0877299308777
0.0734210014343
0.0434181690216
0.0547080039978
0.0123379230499
0.0265400409698
0.0159931182861
0.0171408653259
0.0170428752899
0.00260400772095
0.0027379989624
0.00261402130127
0.0029890537262
0.00166296958923
0.00452399253845
0.00394606590271
0.00415182113647
0.00353384017944
0.00362801551819
0.00528001785278
0.00452280044556
0.00389313697815
0.00502490997314
0.0035572052002
0.00396513938904
0.00337195396423
1.01714015007
0.572619915009
0.878654003143
0.0117399692535
0.00578999519348
0.00647616386414
0.00737285614014
0.00512719154358
0.00502300262451
0.0515329837799
0.0258309841156
0.0491590499878
0.0309340953827
0.0348920822144
0.0513799190521
0.0172760486603
0.00746297836304
0.00662422180176
0.0058958530426
0.811719894409
0.873619794846
0.838995933533
0.847698926926
0.663820981979
0.3729159832
0.149418830872
0.461006164551
0.0104320049286
0.00844597816467
0.267878055573
0.163193941116
0.19843006134
0.264183998108
0.268404960632
0.231434106827
0.453421831131
0.185894012451
0.258708000183
0.396739959717
0.0792288780212
0.0554039478302
0.0372359752655
0.0461509227753
0.0798962116241
0.0285398960114
1.0235979557
0.185134887695
0.492691993713
0.850200891495
0.0107309818268
0.00571990013123
0.00697493553162
0.0128698348999
0.00567293167114
0.0048360824585
0.359867811203
0.184839010239
0.0176091194153
0.0178158283234
0.0206971168518
0.00595116615295
0.813848018646
0.852813959122
1.10381793976
1.16878318787
0.166099786758
0.0741710662842
0.0545330047607
0.0544588565826
0.0653760433197
0.610692024231
0.0183610916138
0.0176250934601
0.0111479759216
0.00671792030334
0.00629496574402
0.00827693939209
0.0790460109711
0.007248878479
0.0533351898193
0.958603143692
1.01879096031
1.01462697983
1.01778006554
1.04740285873
1.17213582993
0.0111520290375
0.0477061271667
0.136553049088
0.144698143005
0.017587184906
0.0347409248352
0.489037036896
0.547737836838
0.608280897141
0.651929140091
0.667469024658
0.596487998962
0.638454198837
0.443575143814
0.0064480304718
0.0160210132599
0.00624203681946
0.232973098755
0.288620948792
0.0788910388947
0.213393211365
0.0102341175079
0.00678014755249
0.021476984024
0.00530290603638
0.00639510154724
0.00521898269653
0.00553584098816
0.00546598434448
0.853319168091
1.27524495125
1.25301194191
1.26571083069
1.1802740097
1.02256989479
1.38978791237
1.69097590446
1.69195413589
1.91086602211
1.78940415382
1.89502692223
0.379409074783
0.255733966827
0.154957771301
0.411815166473
0.159197092056
0.343982934952
0.0358481407166
0.0188341140747
0.0581030845642
0.00987887382507
0.812617063522
0.752232074738
0.799116849899
0.745521068573
0.771828174591
0.736407995224
0.0146071910858
0.0321629047394
0.0293068885803
0.0276529788971
0.823348999023
0.430759906769
0.30708694458
0.558686971664
0.418261051178
0.387523889542
0.0557630062103
0.0449371337891
0.0464389324188
0.018168926239
0.048308134079
0.0423269271851
0.281524896622
0.222236871719
0.219833135605
0.123558998108
0.762377023697
0.643266201019
1.03709816933
0.696887969971
0.724307060242
0.926373958588
1.38276791573
1.0551738739
1.18936991692
1.08638501167
1.37640500069
1.27420091629
0.472678184509
0.141227960587
0.246454954147
0.245167970657
0.133342027664
0.733858823776
0.489746809006
0.474415063858
0.605180025101
0.691216945648
0.735450029373
0.00731587409973
0.0102581977844
0.00521898269653
0.00564098358154
0.00456190109253
0.00475001335144
0.0188629627228
0.0117859840393
0.00835108757019
0.0103151798248
0.395695924759
0.0684380531311
0.271309137344
0.353772163391
0.467009067535
0.137845039368
0.269775152206
0.148321866989
0.103024959564
0.154999017715
1.26073503494
0.352410078049
0.211334943771
0.522911071777
0.293463945389
0.325008153915
0.157603025436
0.0741920471191
0.111264944077
0.0112540721893
0.00407099723816
0.004723072052
0.00362992286682
0.100365877151
0.0221219062805
0.0197129249573
0.00761389732361
0.00778603553772
0.161331892014
0.771791934967
1.16555500031
1.08994698524
1.14914798737
0.90843296051
0.00883293151855
0.00553202629089
0.00539803504944
0.0103330612183
0.00439214706421
0.0173010826111
0.00963282585144
0.00585603713989
0.00446581840515
0.00491690635681
0.00586199760437
0.0212290287018
0.0057520866394
0.0048508644104
0.00577807426453
0.00810599327087
0.0281760692596
0.150431871414
0.0541920661926
0.0564820766449
0.0387959480286
0.441011190414
0.186637878418
0.160578966141
0.15616607666
0.193396091461
0.142714977264
0.0214970111847
0.0140438079834
0.0190989971161
0.011036157608
0.013002872467
0.0134370326996
0.0119309425354
0.00603604316711
0.859356880188
0.643372058868
0.632458209991
0.261667013168
0.115038156509
0.254307031631
0.232931137085
0.0725769996643
0.126695871353
0.128535985947
0.135068893433
0.0947260856628
0.0668981075287
0.186933994293
0.0520129203796
0.0310227870941
0.00936889648438
0.0347948074341
0.617431879044
0.52058506012
0.6334400177
0.838432073593
0.765460968018
0.630218982697
0.207372188568
0.0302150249481
0.0430541038513
0.0806968212128
0.117872953415
0.0379350185394
0.0886449813843
0.0308809280396
0.020779132843
0.0272459983826
0.00514602661133
0.0035879611969
0.00561189651489
0.00443887710571
0.00348901748657
0.00332498550415
0.0031418800354
0.0030779838562
0.00310301780701
0.0140030384064
0.0226910114288
0.0129001140594
0.00555992126465
0.0079448223114
0.135478973389
0.0046751499176
0.00446200370789
0.00879001617432
0.00432896614075
0.00441598892212
0.00374794006348
0.323848009109
0.125138998032
0.152483940125
0.186540842056
0.205687999725
0.20675611496
0.0757188796997
0.306007862091
0.225282907486
0.175422906876
0.289225101471
0.0193150043488
0.10133099556
0.0771338939667
0.0465309619904
0.0747990608215
0.911330938339
0.73780298233
1.20155310631
1.08249402046
1.26627397537
1.17509007454
1.03428602219
0.0396559238434
0.0115840435028
0.0144040584564
0.0076470375061
0.0316350460052
0.0492649078369
0.0216419696808
0.0099401473999
0.0367500782013
0.0169830322266
0.0163588523865
0.0619578361511
0.117471933365
0.0652561187744
0.049024105072
0.0618300437927
0.352248907089
0.052216053009
0.00869703292847
0.00945496559143
0.00582098960876
0.00613188743591
0.134711027145
0.705114841461
0.372908115387
0.544628858566
0.492547035217
0.498512029648
0.53636598587
1.36568498611
0.725857019424
0.85266494751
0.800603866577
0.640985965729
0.806745052338
1.32970285416
0.621516942978
0.495992898941
0.721493959427
0.427612066269
0.867094993591
0.398688077927
0.18673992157
0.0926558971405
0.0713789463043
0.0421240329742
0.0863962173462
0.187929153442
0.114306926727
0.250771999359
1.07799601555
0.00757312774658
0.010274887085
0.00661301612854
0.00639891624451
0.00657200813293
0.00579810142517
0.768857002258
0.847243070602
0.901748895645
0.858490943909
1.02008414268
1.01522779465
0.00520014762878
0.00502109527588
0.00465607643127
0.00389003753662
0.00620889663696
0.00404095649719
1.03982996941
0.852141857147
0.439217090607
0.797482013702
0.455572843552
0.321746826172
0.444547891617
0.573651790619
0.671700954437
1.16270899773
