# unix_time, cycles_done, cur_path, paths_total, pending_total, pending_favs, map_size, unique_crashes, unique_hangs, max_depth, execs_per_sec, total_execs
1712685924, 1, 0, 5, 5, 5, 1.24%, 0, 0, 1, 2500.00, 40
1712685999, 1, 0, 87, 87, 5, 1.53%, 0, 0, 2, 2.75, 7294
1712686004, 1, 0, 116, 116, 5, 1.68%, 0, 0, 2, 2049.40, 17214
1712686009, 1, 0, 135, 135, 5, 1.72%, 0, 0, 2, 1767.73, 25882
1712686014, 1, 0, 176, 175, 4, 1.82%, 0, 0, 2, 1719.20, 34430
1712686019, 1, 1, 450, 449, 185, 2.30%, 0, 0, 2, 1478.35, 41638
1712686025, 1, 1, 472, 471, 185, 2.33%, 0, 0, 2, 1347.78, 47703
1712690147, 1, 1, 487, 486, 185, 2.40%, 0, 0, 2, 0.01, 53907
1712690208, 1, 1, 488, 487, 185, 2.40%, 0, 0, 2, 2.69, 54071
1712690213, 1, 1, 495, 494, 185, 2.44%, 0, 0, 2, 1333.91, 59855
1712690219, 1, 1, 503, 502, 185, 2.46%, 0, 0, 2, 613.38, 65713
1712690224, 1, 1, 509, 508, 185, 2.48%, 0, 0, 2, 1097.47, 71769
1712690229, 1, 13, 855, 849, 215, 5.99%, 0, 0, 3, 1418.80, 79221
1712690234, 1, 13, 1725, 1719, 215, 8.54%, 0, 0, 3, 1483.89, 87159
1712690419, 1, 13, 2474, 2468, 215, 9.73%, 0, 0, 3, 1.65, 94103
1712690424, 1, 13, 3182, 3176, 215, 10.78%, 0, 0, 3, 1240.51, 100712
1712690429, 1, 13, 3929, 3923, 215, 11.66%, 0, 0, 3, 1352.13, 107796
1712690434, 1, 13, 4719, 4713, 215, 12.43%, 0, 0, 3, 1475.00, 115376
1712690439, 1, 13, 5474, 5468, 215, 13.16%, 0, 0, 3, 1479.44, 122735
1712690444, 1, 13, 6231, 6225, 215, 13.80%, 0, 0, 3, 1476.34, 130238
1712690629, 1, 25, 6237, 6229, 3246, 13.81%, 0, 0, 3, 0.70, 136551
1712690647, 1, 27, 6237, 6228, 3245, 13.81%, 0, 0, 3, 1694.78, 143519
1712690839, 1, 37, 6237, 6227, 3245, 13.81%, 0, 0, 3, 1.80, 150040
1712690845, 1, 38, 6237, 6226, 3244, 13.81%, 0, 0, 3, 1727.15, 153651
1712690855, 1, 49, 6237, 6225, 3243, 13.81%, 0, 0, 3, 1421.33, 160316
1712690861, 1, 53, 6237, 6224, 3242, 13.81%, 0, 0, 3, 130.23, 164745
1712690866, 1, 56, 6237, 6223, 3241, 13.81%, 0, 0, 3, 1395.15, 168313
1712691065, 1, 66, 6237, 6222, 3240, 13.81%, 0, 0, 3, 1520.24, 177072
1712691071, 1, 70, 6237, 6220, 3238, 13.81%, 0, 0, 3, 1420.15, 183133
1712691076, 1, 73, 6237, 6219, 3237, 13.81%, 0, 0, 3, 1261.99, 188175
1712694355, 1, 79, 6237, 6217, 3235, 13.81%, 0, 0, 3, 0.06, 193537
1712694421, 1, 79, 6626, 6605, 3234, 14.81%, 0, 2, 3, 106.42, 198544
1712694427, 1, 79, 7152, 7131, 3234, 15.17%, 0, 3, 3, 184.87, 203463
1712694433, 1, 79, 7579, 7558, 3234, 15.44%, 0, 6, 3, 118.98, 207524
1712694439, 1, 79, 7954, 7933, 3234, 15.63%, 0, 8, 3, 51.67, 211086
1712694444, 1, 79, 8481, 8460, 3234, 15.88%, 0, 8, 3, 1396.31, 216168
1712694626, 1, 79, 8611, 8590, 3234, 15.92%, 0, 9, 3, 1.16, 217419
1712694631, 1, 80, 8627, 8606, 3906, 15.93%, 0, 9, 3, 994.96, 220440
1712694642, 1, 82, 8627, 8605, 3906, 15.93%, 0, 9, 3, 881.57, 226209
1712694647, 1, 94, 8627, 8604, 3905, 15.93%, 0, 9, 3, 1041.35, 231096
1712694837, 1, 97, 8627, 8603, 3904, 15.93%, 0, 9, 3, 0.37, 236959
1712694842, 1, 99, 8627, 8602, 3903, 15.93%, 0, 9, 3, 168.42, 241512
1712694847, 1, 103, 8627, 8601, 3902, 15.93%, 0, 9, 3, 664.53, 246074
1712694852, 1, 108, 8627, 8600, 3901, 15.93%, 0, 9, 3, 1009.78, 251340
1712694862, 1, 109, 8627, 8599, 3900, 15.93%, 0, 9, 3, 1137.17, 260120
1712695047, 1, 114, 8627, 8598, 3899, 15.93%, 0, 9, 3, 0.27, 262475
1712695057, 1, 115, 8627, 8597, 3898, 15.93%, 0, 9, 3, 1365.00, 266833
1712695063, 1, 124, 8627, 8596, 3897, 15.93%, 0, 9, 3, 40.64, 272434
1712695074, 1, 131, 8627, 8594, 3895, 15.93%, 0, 9, 3, 1194.81, 279329
1712695262, 1, 132, 8627, 8593, 3894, 15.93%, 0, 9, 3, 35.09, 284959
1712695279, 1, 138, 8627, 8592, 3893, 15.93%, 0, 9, 3, 1122.66, 292535
1712695284, 1, 141, 8627, 8591, 3892, 15.93%, 0, 9, 3, 61.20, 295966
1712695478, 1, 144, 8627, 8590, 3891, 15.93%, 0, 9, 3, 1566.52, 303610
1712695489, 1, 147, 8627, 8589, 3889, 15.93%, 0, 9, 3, 1256.50, 313178
1712695494, 1, 155, 8627, 8588, 3889, 15.93%, 0, 9, 3, 1665.81, 318196
1712695678, 1, 185, 8627, 8587, 3888, 15.93%, 0, 9, 3, 0.17, 321838
1712695683, 1, 188, 8627, 8586, 3887, 15.93%, 0, 9, 3, 1283.87, 328459
1712695688, 1, 205, 8627, 8585, 3886, 15.93%, 0, 9, 3, 1725.12, 333946
1712695699, 1, 231, 8627, 8584, 3886, 15.93%, 0, 9, 3, 1142.22, 345010
1712695704, 1, 246, 8627, 8583, 3885, 15.93%, 0, 9, 3, 1117.14, 350713
1712695888, 1, 287, 8627, 8582, 3884, 15.93%, 0, 9, 3, 0.16, 356720
1712695898, 1, 296, 8627, 8581, 3883, 15.93%, 0, 9, 3, 1269.10, 367265
1712695904, 1, 309, 8627, 8580, 3883, 15.93%, 0, 9, 3, 134.80, 371851
1712695909, 1, 309, 8629, 8582, 3883, 15.93%, 0, 9, 3, 1065.00, 375152
1712695914, 1, 309, 8630, 8583, 3883, 15.93%, 0, 9, 3, 1389.85, 378767
1712696114, 1, 315, 8630, 8582, 3882, 15.93%, 0, 9, 3, 1064.20, 392723
1712696120, 1, 333, 8630, 8581, 3881, 15.93%, 0, 9, 3, 1175.20, 398665
1712696314, 1, 349, 8630, 8580, 3880, 15.93%, 0, 9, 3, 1062.56, 410140
1712696320, 1, 349, 8631, 8581, 3880, 15.93%, 0, 9, 3, 596.59, 413119
1712696335, 1, 349, 8632, 8582, 3880, 15.93%, 0, 9, 3, 1130.99, 423335
1712698624, 1, 349, 8634, 8584, 3880, 15.93%, 0, 9, 3, 0.07, 425714
1712698630, 1, 389, 8871, 8820, 3918, 16.06%, 0, 9, 3, 1032.04, 430295
1712698640, 1, 389, 8872, 8821, 3918, 16.06%, 0, 9, 3, 1000.77, 440583
1712698650, 1, 390, 8872, 8820, 3918, 16.06%, 0, 9, 3, 1145.65, 452335
1712698835, 1, 390, 8873, 8821, 3918, 16.06%, 0, 9, 3, 1.26, 457425
1712698840, 1, 396, 8873, 8820, 3919, 16.06%, 0, 9, 3, 1475.00, 462936
1712698850, 1, 396, 8874, 8821, 3919, 16.06%, 0, 9, 3, 913.99, 468819
1712698855, 1, 396, 8875, 8822, 3919, 16.06%, 0, 9, 3, 827.59, 471677
1712698860, 1, 396, 8876, 8823, 3919, 16.06%, 0, 9, 3, 469.24, 474795
1712699051, 1, 397, 8877, 8823, 3919, 16.06%, 0, 9, 3, 2106.26, 481775
1712699061, 1, 397, 8878, 8824, 3919, 16.06%, 0, 9, 3, 1143.25, 492712
1712699066, 1, 397, 8879, 8825, 3919, 16.06%, 0, 9, 3, 1112.73, 498235
1712699255, 1, 399, 8880, 8825, 3921, 16.06%, 0, 9, 3, 0.26, 508328
1712699260, 1, 402, 8880, 8824, 3920, 16.06%, 0, 9, 3, 1237.10, 514086
1712699265, 1, 405, 8880, 8823, 3919, 16.06%, 0, 9, 3, 1074.98, 519215
1712699276, 1, 409, 8880, 8822, 3918, 16.06%, 0, 9, 3, 389.86, 529263
1712699471, 1, 411, 8880, 8821, 3917, 16.06%, 0, 9, 3, 1317.43, 540022
1712699476, 1, 419, 8880, 8820, 3916, 16.06%, 0, 9, 3, 1105.74, 545410
1712699481, 1, 427, 8880, 8819, 3915, 16.06%, 0, 9, 3, 1047.84, 550502
1712699486, 1, 427, 8881, 8820, 3915, 16.06%, 0, 9, 3, 1113.64, 556052
1712699676, 1, 431, 8881, 8819, 3915, 16.06%, 0, 9, 3, 0.58, 565436
1712699681, 1, 444, 8881, 8818, 3914, 16.06%, 0, 9, 3, 1108.15, 570393
1712699692, 1, 453, 8881, 8817, 3913, 16.06%, 0, 9, 3, 94.86, 577847
1712699702, 1, 455, 8881, 8816, 3912, 16.06%, 0, 9, 3, 1745.65, 582948
1712699893, 1, 460, 8881, 8815, 3911, 16.06%, 0, 9, 3, 161.08, 590183
1712699908, 1, 465, 8881, 8814, 3910, 16.06%, 0, 9, 3, 919.08, 597802
1712700097, 1, 467, 8881, 8813, 3909, 16.06%, 0, 9, 3, 1.22, 603029
1712700114, 1, 471, 8881, 8812, 3908, 16.06%, 0, 9, 3, 1325.00, 609719
1712700125, 1, 472, 8881, 8811, 3907, 16.06%, 0, 9, 3, 177.61, 616881
1712700318, 1, 477, 8881, 8810, 3906, 16.06%, 0, 9, 3, 110.49, 623575
1712700328, 1, 484, 8882, 8810, 3905, 16.07%, 0, 9, 3, 154.85, 629978
1712700528, 1, 485, 8882, 8809, 3905, 16.07%, 0, 9, 3, 1129.95, 640834
1712700538, 1, 493, 8882, 8808, 3905, 16.07%, 0, 9, 3, 509.85, 649872
1712700543, 1, 496, 8882, 8807, 3905, 16.07%, 0, 9, 3, 1993.98, 654085
1712702834, 1, 496, 8882, 8807, 3905, 16.07%, 0, 10, 3, 0.90, 659279
1712702839, 1, 496, 9177, 9101, 3904, 16.49%, 0, 10, 3, 866.74, 663627
1712702844, 1, 496, 9545, 9469, 3904, 16.68%, 0, 10, 3, 775.04, 667496
1712702849, 1, 496, 9892, 9816, 3904, 16.80%, 0, 10, 3, 770.56, 671481
1712702854, 1, 497, 9894, 9818, 4154, 16.80%, 0, 10, 3, 37.62, 674593
1712702861, 1, 498, 9894, 9817, 4153, 16.80%, 0, 10, 3, 94.47, 678459
1712703056, 1, 506, 9894, 9816, 4152, 16.80%, 0, 10, 3, 9.69, 685119
1712703067, 1, 514, 9894, 9814, 4150, 16.80%, 0, 10, 3, 1281.85, 692438
1712703260, 1, 518, 9894, 9813, 4149, 16.80%, 0, 10, 3, 1380.00, 699907
1712703265, 1, 519, 9894, 9812, 4148, 16.80%, 0, 10, 3, 1017.45, 704650
1712703281, 1, 521, 9895, 9812, 4147, 16.80%, 0, 10, 3, 1286.05, 713876
1712703475, 1, 527, 9895, 9811, 4146, 16.80%, 0, 10, 3, 161.43, 725504
1712703480, 1, 527, 9896, 9812, 4146, 16.80%, 0, 10, 3, 670.18, 729076
1712703491, 1, 528, 9896, 9811, 4145, 16.80%, 0, 10, 3, 41.34, 736990
1712703680, 1, 529, 9896, 9810, 4144, 16.80%, 0, 10, 3, 893.85, 743959
1712703692, 1, 530, 9896, 9809, 4143, 16.80%, 0, 10, 3, 85.93, 748471
1712703702, 1, 531, 9897, 9809, 4142, 16.80%, 0, 10, 3, 1028.00, 758722
1712703886, 1, 531, 9898, 9810, 4142, 16.80%, 0, 10, 3, 0.79, 762754
1712703891, 1, 531, 9899, 9811, 4142, 16.80%, 0, 10, 3, 1062.91, 767975
1712703906, 1, 535, 9899, 9810, 4141, 16.80%, 0, 10, 3, 972.75, 782132
1712703911, 1, 536, 9899, 9809, 4140, 16.80%, 0, 10, 3, 174.50, 785939
1712704101, 1, 536, 9901, 9811, 4140, 16.80%, 0, 10, 3, 1165.33, 796006
1712704106, 1, 536, 9902, 9812, 4140, 16.80%, 0, 10, 3, 1051.92, 801135
1712704116, 1, 541, 9902, 9811, 4140, 16.80%, 0, 10, 3, 998.88, 810970
1712704121, 1, 541, 9903, 9812, 4140, 16.80%, 0, 10, 3, 1013.86, 815215
1712704311, 1, 541, 9904, 9813, 4140, 16.80%, 0, 10, 3, 100.22, 823153
1712704322, 1, 541, 9908, 9817, 4140, 16.80%, 0, 10, 3, 1018.57, 832705
1712704327, 1, 542, 9910, 9818, 4142, 16.80%, 0, 10, 3, 1072.16, 837442
1712704517, 1, 543, 9910, 9817, 4140, 16.80%, 0, 10, 3, 0.40, 843283
1712704522, 1, 543, 9911, 9818, 4140, 16.80%, 0, 10, 3, 1045.00, 848563
1712704532, 1, 544, 9911, 9817, 4138, 16.80%, 0, 10, 3, 773.44, 856788
1712704538, 1, 544, 9912, 9818, 4138, 16.81%, 0, 10, 3, 142.12, 859571
1712704732, 1, 545, 9912, 9817, 4138, 16.81%, 0, 10, 3, 1255.61, 871277
1712704737, 1, 546, 9912, 9816, 4137, 16.81%, 0, 10, 3, 1035.99, 876130
1712704742, 1, 548, 9912, 9815, 4136, 16.81%, 0, 10, 3, 971.79, 880873
1712704753, 1, 555, 9912, 9814, 4135, 16.81%, 0, 10, 3, 888.73, 889951
1712706853, 1, 555, 9913, 9815, 4135, 16.81%, 0, 10, 3, 0.09, 893625
1712706858, 1, 555, 9914, 9816, 4135, 16.81%, 0, 10, 3, 1166.12, 897754
1712706868, 1, 555, 9915, 9817, 4135, 16.81%, 0, 10, 3, 1119.80, 908025
1712706873, 1, 559, 9916, 9817, 4134, 16.81%, 0, 10, 3, 1073.19, 913428
1712706878, 1, 560, 9916, 9816, 4132, 16.81%, 0, 10, 3, 1096.91, 918999
1712706883, 1, 560, 10080, 9979, 4131, 16.96%, 0, 10, 3, 1108.24, 924538
1712706888, 1, 561, 10360, 10259, 4259, 17.12%, 0, 10, 3, 1069.97, 929295
1712706899, 1, 565, 10360, 10258, 4258, 17.12%, 0, 10, 3, 1182.99, 938337
1712706904, 1, 566, 10360, 10257, 4257, 17.12%, 0, 10, 3, 1154.01, 944188
1712706910, 1, 567, 10360, 10256, 4256, 17.12%, 0, 10, 3, 261.75, 948442
1712706922, 1, 568, 10360, 10255, 4254, 17.12%, 0, 10, 3, 426.61, 954820
1712706933, 1, 570, 10360, 10254, 4253, 17.12%, 0, 10, 3, 1073.02, 961206
1712706938, 1, 571, 10360, 10253, 4252, 17.12%, 0, 10, 3, 228.34, 964485
1712707053, 1, 573, 10360, 10252, 4251, 17.12%, 0, 10, 3, 805.75, 972088
1712707058, 1, 574, 10360, 10251, 4250, 17.12%, 0, 10, 3, 804.20, 975967
1712707063, 1, 574, 10361, 10252, 4250, 17.12%, 0, 10, 3, 958.66, 980974
1712707068, 1, 574, 10362, 10253, 4250, 17.12%, 0, 10, 3, 1002.74, 985621
1712707263, 1, 575, 10362, 10252, 4249, 17.12%, 0, 10, 3, 985.20, 1000637
1712707273, 1, 576, 10362, 10251, 4248, 17.12%, 0, 10, 3, 1046.90, 1009879
1712707279, 1, 577, 10362, 10250, 4247, 17.12%, 0, 10, 3, 978.99, 1014479
1712707468, 1, 578, 10362, 10249, 4246, 17.12%, 0, 10, 3, 1340.35, 1020242
1712707473, 1, 581, 10362, 10248, 4245, 17.12%, 0, 10, 3, 1068.31, 1025184
1712707483, 1, 584, 10362, 10247, 4244, 17.12%, 0, 10, 3, 32.65, 1033348
1712707488, 1, 585, 10362, 10246, 4243, 17.12%, 0, 10, 3, 976.93, 1038347
1712707673, 1, 589, 10362, 10245, 4242, 17.12%, 0, 10, 3, 0.78, 1043171
1712707678, 1, 591, 10362, 10244, 4241, 17.12%, 0, 10, 3, 894.84, 1047561
1712707683, 1, 591, 10363, 10245, 4241, 17.12%, 0, 10, 3, 1039.11, 1052935
1712707688, 1, 593, 10363, 10244, 4241, 17.12%, 0, 10, 3, 1072.02, 1058284
1712707884, 1, 596, 10363, 10243, 4240, 17.12%, 0, 10, 3, 1.38, 1065567
1712707889, 1, 598, 10363, 10242, 4239, 17.12%, 0, 10, 3, 1047.95, 1070764
1712707905, 1, 599, 10363, 10241, 4238, 17.12%, 0, 10, 3, 1091.79, 1080392
1712707910, 1, 601, 10363, 10240, 4237, 17.12%, 0, 10, 3, 1015.79, 1084830
1712708099, 1, 601, 10364, 10241, 4237, 17.12%, 0, 10, 3, 1020.19, 1090304
1712708110, 1, 605, 10364, 10240, 4236, 17.12%, 0, 10, 3, 117.50, 1097766
1712708120, 1, 611, 10364, 10239, 4235, 17.12%, 0, 10, 3, 1805.00, 1102219
1712708309, 1, 613, 10364, 10238, 4234, 17.12%, 0, 10, 3, 1490.00, 1108513
1712708315, 1, 613, 10366, 10240, 4234, 17.12%, 0, 10, 3, 1060.10, 1113393
1712708515, 1, 619, 10366, 10239, 4235, 17.12%, 0, 10, 3, 0.47, 1132889
1712708527, 1, 625, 10366, 10238, 4234, 17.12%, 0, 10, 3, 62.83, 1139263
1712708538, 1, 630, 10366, 10236, 4231, 17.12%, 0, 10, 3, 1128.69, 1149913
1712708725, 1, 637, 10366, 10235, 4230, 17.12%, 0, 10, 3, 0.24, 1157952
1712708730, 1, 641, 10366, 10234, 4229, 17.12%, 0, 10, 3, 801.43, 1162081
1712708735, 1, 642, 10366, 10233, 4228, 17.12%, 0, 10, 3, 911.40, 1166597
1712708740, 1, 643, 10366, 10232, 4227, 17.12%, 0, 10, 3, 1013.32, 1171749
1712708745, 1, 643, 10367, 10233, 4227, 17.12%, 0, 10, 3, 1077.46, 1177383
1712708750, 1, 643, 10368, 10234, 4227, 17.12%, 0, 10, 3, 1088.98, 1182935
1712708941, 1, 644, 10368, 10233, 4227, 17.12%, 0, 10, 3, 49.59, 1193992
1712708946, 1, 645, 10368, 10232, 4226, 17.12%, 0, 10, 3, 1320.11, 1199323
1712708951, 1, 647, 10368, 10231, 4225, 17.12%, 0, 10, 3, 1092.92, 1204480
1712708956, 1, 654, 10368, 10229, 4223, 17.12%, 0, 10, 3, 1179.53, 1210304
1712708961, 1, 654, 10369, 10230, 4223, 17.12%, 0, 10, 3, 1210.48, 1216617
1712711135, 1, 654, 10370, 10231, 4223, 17.12%, 0, 10, 3, 0.12, 1222139
1712711150, 1, 655, 10370, 10230, 4222, 17.12%, 0, 10, 3, 1133.30, 1237624
1712711160, 1, 655, 10580, 10439, 4221, 17.25%, 0, 10, 3, 489.47, 1242880
1712711250, 1, 655, 10767, 10626, 4221, 17.33%, 0, 10, 3, 1.31, 1244701
1712711255, 1, 656, 10913, 10772, 4339, 17.37%, 0, 10, 3, 922.35, 1249169
1712711265, 1, 664, 10914, 10772, 4338, 17.37%, 0, 10, 3, 1081.09, 1260104
1712711276, 1, 666, 10914, 10771, 4336, 17.37%, 0, 10, 3, 665.83, 1270527
1712711461, 1, 667, 10914, 10770, 4335, 17.37%, 0, 10, 3, 0.91, 1275073
1712711471, 1, 668, 10914, 10769, 4334, 17.37%, 0, 10, 3, 213.24, 1282988
1712711481, 1, 670, 10915, 10769, 4333, 17.38%, 0, 10, 3, 1004.87, 1290360
1712711486, 1, 671, 10915, 10768, 4332, 17.38%, 0, 10, 3, 1440.87, 1294640
1712711681, 1, 672, 10915, 10767, 4331, 17.38%, 0, 10, 3, 1135.40, 1303058
1712711686, 1, 678, 10915, 10766, 4329, 17.38%, 0, 10, 3, 1106.28, 1308499
1712711691, 1, 681, 10915, 10765, 4328, 17.38%, 0, 10, 3, 1392.80, 1313318
1712711881, 1, 683, 10915, 10764, 4327, 17.38%, 0, 10, 3, 1.40, 1321493
1712711886, 1, 687, 10916, 10764, 4326, 17.38%, 0, 10, 3, 1075.94, 1326771
1712711897, 1, 690, 10916, 10763, 4325, 17.38%, 0, 10, 3, 1054.78, 1337316
1712711907, 1, 692, 10916, 10762, 4324, 17.38%, 0, 10, 3, 1032.96, 1344942
1712712097, 1, 694, 10918, 10763, 4323, 17.38%, 0, 10, 3, 1052.80, 1354712
1712712112, 1, 694, 10919, 10764, 4323, 17.38%, 0, 10, 3, 1025.74, 1369763
1712712117, 1, 696, 10920, 10764, 4322, 17.38%, 0, 10, 3, 1030.76, 1374945
1712712302, 1, 696, 10922, 10766, 4322, 17.38%, 0, 10, 3, 0.28, 1380866
1712712307, 1, 696, 10923, 10767, 4322, 17.38%, 0, 10, 3, 963.45, 1386059
1712712317, 1, 696, 10924, 10768, 4322, 17.38%, 0, 10, 3, 1095.40, 1397201
1712712322, 1, 699, 10925, 10768, 4324, 17.38%, 0, 10, 3, 1098.61, 1403032
1712712327, 1, 699, 10926, 10769, 4324, 17.38%, 0, 10, 3, 1092.68, 1408518
1712712523, 1, 704, 10926, 10768, 4323, 17.38%, 0, 10, 3, 1082.40, 1424872
1712712533, 1, 706, 10926, 10767, 4322, 17.38%, 0, 10, 3, 162.26, 1430709
1712712723, 1, 706, 10927, 10768, 4322, 17.38%, 0, 10, 3, 0.18, 1436733
1712712729, 1, 708, 10927, 10767, 4322, 17.38%, 0, 10, 3, 33.41, 1442204
1712712740, 1, 711, 10927, 10766, 4321, 17.38%, 0, 10, 3, 86.41, 1447314
1712712750, 1, 712, 10927, 10765, 4320, 17.38%, 0, 10, 3, 1111.50, 1458869
1712712938, 1, 713, 10927, 10764, 4319, 17.38%, 0, 10, 3, 996.93, 1467279
1712712944, 1, 714, 10927, 10763, 4318, 17.38%, 0, 10, 3, 1056.30, 1472530
1712712949, 1, 717, 10927, 10762, 4317, 17.38%, 0, 10, 3, 1058.40, 1477880
1712712954, 1, 719, 10927, 10761, 4316, 17.38%, 0, 10, 3, 1075.75, 1483366
1712712959, 1, 721, 10927, 10760, 4315, 17.38%, 0, 10, 3, 1165.43, 1489349
1712713144, 1, 723, 10927, 10759, 4313, 17.38%, 0, 10, 3, 0.37, 1494428
1712713149, 1, 724, 10927, 10758, 4312, 17.38%, 0, 10, 3, 1033.04, 1499775
1712713154, 1, 725, 10927, 10757, 4311, 17.38%, 0, 10, 3, 1124.15, 1505509
1712713159, 1, 732, 10927, 10756, 4308, 17.38%, 0, 10, 3, 1063.13, 1510764
1712713164, 1, 733, 10927, 10755, 4307, 17.38%, 0, 10, 3, 1178.40, 1516752
1712715302, 1, 734, 10927, 10754, 4306, 17.38%, 0, 10, 3, 0.05, 1524098
1712715312, 1, 735, 10927, 10753, 4305, 17.38%, 0, 10, 3, 1144.68, 1532948
1712715317, 1, 746, 10927, 10752, 4304, 17.38%, 0, 10, 3, 1163.72, 1537737
1712715323, 1, 746, 10956, 10780, 4303, 17.41%, 0, 10, 3, 609.22, 1541364
1712715328, 1, 747, 11264, 11088, 4343, 17.48%, 0, 10, 3, 721.40, 1544817
1712715338, 1, 748, 11264, 11087, 4342, 17.48%, 0, 10, 3, 1084.64, 1555645
1712715343, 1, 749, 11264, 11086, 4340, 17.48%, 0, 10, 3, 1135.16, 1561591
1712715348, 1, 753, 11264, 11085, 4339, 17.48%, 0, 10, 3, 1145.44, 1567368
1712715353, 1, 754, 11264, 11084, 4338, 17.48%, 0, 10, 3, 1121.07, 1572993
1712715358, 1, 754, 11265, 11085, 4338, 17.48%, 0, 10, 3, 1083.72, 1578351
1712715364, 1, 755, 11265, 11084, 4337, 17.48%, 0, 10, 3, 145.70, 1583201
1712715375, 1, 757, 11265, 11083, 4336, 17.48%, 0, 10, 3, 96.83, 1589583
1712715390, 1, 761, 11265, 11082, 4335, 17.48%, 0, 10, 3, 1299.09, 1596971
1712715396, 1, 762, 11265, 11081, 4335, 17.48%, 0, 10, 3, 1253.63, 1603000
1712715458, 1, 763, 11265, 11080, 4334, 17.48%, 0, 10, 3, 5.79, 1606132
1712715469, 1, 765, 11265, 11079, 4333, 17.48%, 0, 10, 3, 101.98, 1610108
1712715474, 1, 766, 11265, 11078, 4332, 17.48%, 0, 10, 3, 1079.37, 1615272
1712715479, 1, 776, 11265, 11077, 4331, 17.48%, 0, 10, 3, 1545.75, 1619496
1712715669, 1, 778, 11265, 11075, 4329, 17.48%, 0, 10, 3, 0.50, 1628357
1712715674, 1, 779, 11265, 11074, 4328, 17.48%, 0, 10, 3, 1045.53, 1633562
1712715680, 1, 781, 11265, 11073, 4327, 17.48%, 0, 10, 3, 159.29, 1637927
1712715695, 1, 782, 11265, 11072, 4326, 17.48%, 0, 10, 3, 1256.69, 1645439
1712715884, 1, 787, 11265, 11071, 4325, 17.48%, 0, 10, 3, 1049.32, 1655033
1712715889, 1, 789, 11266, 11071, 4324, 17.48%, 0, 10, 3, 984.44, 1659962
1712715899, 1, 790, 11266, 11070, 4324, 17.48%, 0, 10, 3, 129.55, 1669326
1712716089, 1, 792, 11266, 11069, 4323, 17.48%, 0, 10, 3, 0.33, 1675933
1712716099, 1, 793, 11266, 11068, 4323, 17.48%, 0, 10, 3, 897.07, 1684829
1712716105, 1, 801, 11267, 11068, 4322, 17.48%, 0, 10, 3, 1375.35, 1689128
1712716115, 1, 801, 11268, 11069, 4322, 17.48%, 0, 10, 3, 1052.60, 1699307
1712716305, 1, 804, 11268, 11068, 4321, 17.48%, 0, 10, 3, 1145.65, 1710832
1712716315, 1, 805, 11268, 11067, 4320, 17.48%, 0, 10, 3, 117.89, 1717756
1712716510, 1, 807, 11268, 11066, 4319, 17.48%, 0, 10, 3, 0.58, 1726382
1712716515, 1, 810, 11268, 11065, 4318, 17.48%, 0, 10, 3, 893.71, 1731325
1712716520, 1, 811, 11268, 11064, 4317, 17.48%, 0, 10, 3, 836.86, 1735476
1712716530, 1, 812, 11268, 11063, 4316, 17.48%, 0, 10, 3, 980.00, 1744934
1712716535, 1, 816, 11268, 11062, 4316, 17.48%, 0, 10, 3, 1043.32, 1750491
1712716720, 1, 818, 11268, 11061, 4315, 17.48%, 0, 10, 3, 0.74, 1754229
1712716731, 1, 819, 11268, 11060, 4314, 17.48%, 0, 10, 3, 1065.80, 1760249
1712716736, 1, 824, 11268, 11059, 4312, 17.48%, 0, 10, 3, 999.59, 1765053
1712716741, 1, 825, 11268, 11058, 4311, 17.48%, 0, 10, 3, 888.48, 1769331
1712716931, 1, 833, 11268, 11057, 4310, 17.48%, 0, 10, 3, 1.23, 1775825
1712716941, 1, 834, 11268, 11056, 4309, 17.48%, 0, 10, 3, 915.96, 1782879
1712716946, 1, 835, 11268, 11055, 4308, 17.48%, 0, 10, 3, 1106.48, 1788738
1712716951, 1, 836, 11268, 11054, 4307, 17.48%, 0, 10, 3, 1039.52, 1794042
1712717146, 1, 837, 11268, 11053, 4306, 17.48%, 0, 10, 3, 1251.80, 1803383
1712717151, 1, 839, 11268, 11052, 4304, 17.48%, 0, 10, 3, 694.04, 1807868
1712717162, 1, 841, 11268, 11051, 4303, 17.48%, 0, 10, 3, 220.00, 1813682
1712717351, 1, 841, 11269, 11052, 4303, 17.48%, 0, 10, 3, 0.52, 1818488
1712717356, 1, 841, 11270, 11053, 4303, 17.48%, 0, 10, 3, 998.38, 1822024
1712717372, 1, 847, 11270, 11052, 4304, 17.48%, 0, 10, 3, 1160.60, 1838991
1712717377, 1, 848, 11270, 11051, 4301, 17.48%, 0, 10, 3, 1104.01, 1844362
1712719500, 1, 850, 11271, 11051, 4300, 17.49%, 0, 10, 3, 979.32, 1853866
1712719511, 1, 850, 11403, 11182, 4299, 17.53%, 0, 11, 3, 37.81, 1863546
1712719516, 1, 855, 11557, 11336, 4331, 17.58%, 0, 12, 3, 904.55, 1867589
1712719522, 1, 856, 11557, 11335, 4330, 17.58%, 0, 12, 3, 1066.18, 1873539
1712719527, 1, 856, 11558, 11336, 4330, 17.58%, 0, 12, 3, 1099.34, 1879123
1712719532, 1, 857, 11558, 11335, 4329, 17.58%, 0, 12, 3, 1142.65, 1885013
1712719537, 1, 859, 11558, 11334, 4328, 17.58%, 0, 12, 3, 1177.07, 1890879
1712719547, 1, 860, 11559, 11334, 4327, 17.58%, 0, 12, 3, 1108.01, 1901608
1712719557, 1, 862, 11560, 11334, 4326, 17.58%, 0, 12, 3, 1174.96, 1913890
1712719567, 1, 864, 11560, 11332, 4323, 17.58%, 0, 12, 3, 224.22, 1926527
1712719572, 1, 866, 11560, 11331, 4322, 17.58%, 0, 12, 3, 1164.14, 1932551
1712719584, 1, 869, 11560, 11330, 4321, 17.58%, 0, 12, 3, 12.31, 1938005
1712719589, 1, 870, 11560, 11329, 4320, 17.58%, 0, 12, 3, 1319.61, 1944220
1712719600, 1, 872, 11560, 11328, 4319, 17.58%, 0, 12, 3, 194.55, 1951827
1712719671, 1, 873, 11560, 11327, 4318, 17.58%, 0, 12, 3, 957.13, 1960921
1712719676, 1, 875, 11560, 11326, 4317, 17.58%, 0, 12, 3, 967.86, 1965773
1712719681, 1, 879, 11560, 11325, 4316, 17.58%, 0, 12, 3, 980.43, 1970452
1712719687, 1, 879, 11561, 11326, 4316, 17.58%, 0, 12, 3, 928.13, 1974697
1712719876, 1, 880, 11561, 11325, 4315, 17.58%, 0, 12, 3, 0.47, 1984390
1712719881, 1, 884, 11561, 11324, 4314, 17.58%, 0, 12, 3, 1000.44, 1989256
1712719892, 1, 890, 11561, 11323, 4313, 17.58%, 0, 12, 3, 842.38, 1998019
1712719897, 1, 892, 11561, 11322, 4312, 17.58%, 0, 12, 3, 141.13, 2001079
1712720087, 1, 895, 11561, 11321, 4311, 17.58%, 0, 12, 3, 1.02, 2007612
1712720092, 1, 896, 11561, 11320, 4310, 17.58%, 0, 12, 3, 1040.16, 2012746
1712720102, 1, 902, 11561, 11319, 4309, 17.58%, 0, 12, 3, 886.89, 2021835
1712720107, 1, 905, 11561, 11318, 4308, 17.58%, 0, 12, 3, 876.24, 2025349
1712720112, 1, 908, 11561, 11317, 4307, 17.58%, 0, 12, 3, 1175.78, 2029493
1712720297, 1, 909, 11561, 11316, 4306, 17.58%, 0, 12, 3, 0.53, 2033573
1712720303, 1, 909, 11562, 11317, 4306, 17.58%, 0, 12, 3, 1102.31, 2037911
1712720308, 1, 909, 11563, 11318, 4306, 17.58%, 0, 12, 3, 1104.82, 2041854
1712720507, 1, 912, 11563, 11317, 4307, 17.58%, 0, 12, 3, 0.97, 2059749
1712720518, 1, 913, 11563, 11316, 4306, 17.58%, 0, 12, 3, 580.00, 2068078
1712720523, 1, 914, 11563, 11315, 4305, 17.58%, 0, 12, 3, 1100.00, 2071238
1712720533, 1, 916, 11563, 11314, 4304, 17.58%, 0, 12, 3, 126.37, 2077383
1712720723, 1, 918, 11563, 11313, 4303, 17.58%, 0, 12, 3, 31.51, 2085865
1712720734, 1, 919, 11563, 11312, 4302, 17.58%, 0, 12, 3, 920.07, 2091899
1712720744, 1, 921, 11563, 11311, 4301, 17.58%, 0, 12, 3, 189.90, 2097582
1712720933, 1, 924, 11563, 11310, 4300, 17.58%, 0, 12, 3, 820.00, 2104893
1712720938, 1, 927, 11563, 11309, 4298, 17.58%, 0, 12, 3, 902.49, 2109554
1712720943, 1, 930, 11563, 11308, 4297, 17.58%, 0, 12, 3, 938.76, 2114304
1712720954, 1, 937, 11563, 11307, 4296, 17.58%, 0, 12, 3, 1072.18, 2123835
1712721138, 1, 938, 11563, 11306, 4295, 17.58%, 0, 12, 3, 1.16, 2128323
1712721149, 1, 942, 11563, 11305, 4294, 17.58%, 0, 12, 3, 863.82, 2136108
1712721154, 1, 943, 11563, 11304, 4293, 17.58%, 0, 12, 3, 890.12, 2140675
1712721164, 1, 944, 11563, 11303, 4292, 17.58%, 0, 12, 3, 1056.49, 2150342
1712721349, 1, 947, 11563, 11302, 4290, 17.58%, 0, 12, 3, 0.91, 2153503
1712721359, 1, 949, 11563, 11301, 4289, 17.58%, 0, 12, 3, 992.40, 2160173
1712721364, 1, 951, 11563, 11300, 4288, 17.58%, 0, 12, 3, 1011.75, 2165287
1712721369, 1, 952, 11563, 11299, 4287, 17.58%, 0, 12, 3, 1049.58, 2170593
1712721565, 1, 953, 11563, 11298, 4286, 17.58%, 0, 12, 3, 12.09, 2176657
1712721575, 1, 957, 11563, 11297, 4285, 17.58%, 0, 12, 3, 949.11, 2185986
1712721580, 1, 964, 11563, 11296, 4284, 17.58%, 0, 12, 3, 799.98, 2189831
1712721585, 1, 966, 11563, 11295, 4283, 17.58%, 0, 12, 3, 952.32, 2194657
1712723879, 1, 967, 11563, 11294, 4282, 17.58%, 0, 12, 3, 109.95, 2201970
1712723890, 1, 968, 11563, 11293, 4281, 17.58%, 0, 12, 3, 810.00, 2207484
1712723900, 1, 970, 11699, 11428, 4300, 17.62%, 0, 12, 3, 872.66, 2216131
1712724089, 1, 971, 11699, 11427, 4300, 17.62%, 0, 12, 3, 780.60, 2223387
1712724094, 1, 973, 11699, 11426, 4299, 17.62%, 0, 12, 3, 746.82, 2227120
1712724105, 1, 978, 11699, 11425, 4298, 17.62%, 0, 12, 3, 1471.45, 2235323
1712724110, 1, 979, 11699, 11424, 4297, 17.62%, 0, 12, 3, 517.09, 2239187
1712724295, 1, 984, 11699, 11423, 4296, 17.62%, 0, 12, 3, 0.51, 2243826
1712724305, 1, 984, 11700, 11424, 4296, 17.62%, 0, 12, 3, 640.77, 2250758
1712724310, 1, 984, 11702, 11426, 4296, 17.62%, 0, 12, 3, 809.95, 2254958
1712724320, 1, 984, 11704, 11428, 4296, 17.63%, 0, 12, 3, 962.56, 2263612
1712724505, 1, 987, 11704, 11427, 4296, 17.63%, 0, 12, 3, 1.16, 2268736
1712724515, 1, 990, 11704, 11426, 4295, 17.63%, 0, 12, 3, 863.55, 2277971
1712724520, 1, 993, 11704, 11425, 4294, 17.63%, 0, 12, 3, 796.64, 2281994
1712724531, 1, 996, 11704, 11424, 4293, 17.63%, 0, 12, 3, 851.09, 2290221
1712724715, 1, 1000, 11704, 11423, 4292, 17.63%, 0, 12, 3, 0.49, 2292586
1712724721, 1, 1002, 11704, 11422, 4291, 17.63%, 0, 12, 3, 1214.98, 2296783
1712724731, 1, 1004, 11704, 11421, 4290, 17.63%, 0, 12, 3, 785.96, 2304226
1712724736, 1, 1008, 11704, 11420, 4289, 17.63%, 0, 12, 3, 907.19, 2309024
1712724926, 1, 1010, 11704, 11419, 4288, 17.63%, 0, 12, 3, 0.33, 2317768
1712724931, 1, 1011, 11704, 11418, 4287, 17.63%, 0, 12, 3, 17.02, 2322311
1712724943, 1, 1012, 11704, 11417, 4286, 17.63%, 0, 12, 3, 31.71, 2327418
1712725136, 1, 1013, 11704, 11416, 4285, 17.63%, 0, 12, 3, 0.14, 2333818
1712725146, 1, 1014, 11704, 11415, 4284, 17.63%, 0, 12, 3, 841.14, 2342994
1712725152, 1, 1015, 11704, 11414, 4283, 17.63%, 0, 12, 3, 857.13, 2347159
1712725157, 1, 1015, 11705, 11415, 4283, 17.63%, 0, 12, 3, 838.31, 2351359
1712725347, 1, 1015, 11711, 11421, 4283, 17.63%, 0, 12, 3, 0.17, 2360457
1712725352, 1, 1015, 11714, 11424, 4283, 17.63%, 0, 12, 3, 890.22, 2365257
1712725357, 1, 1015, 11715, 11425, 4283, 17.63%, 0, 12, 3, 812.88, 2369215
1712725362, 1, 1017, 11715, 11424, 4284, 17.63%, 0, 12, 3, 746.00, 2372939
1712725367, 1, 1021, 11715, 11423, 4283, 17.63%, 0, 12, 3, 915.45, 2377714
1712725557, 1, 1023, 11715, 11422, 4282, 17.63%, 0, 12, 3, 0.93, 2387219
1712725562, 1, 1024, 11715, 11421, 4281, 17.63%, 0, 12, 3, 821.55, 2391457
1712725572, 1, 1028, 11715, 11420, 4280, 17.63%, 0, 12, 3, 890.43, 2400083
1712725582, 1, 1029, 11715, 11419, 4279, 17.63%, 0, 12, 3, 940.06, 2407880
1712725772, 1, 1042, 11715, 11418, 4278, 17.63%, 0, 12, 3, 1026.82, 2416310
1712725777, 1, 1043, 11715, 11417, 4277, 17.63%, 0, 12, 3, 919.98, 2420941
1712725782, 1, 1045, 11715, 11416, 4276, 17.63%, 0, 12, 3, 839.68, 2425120
1712725793, 1, 1047, 11715, 11415, 4275, 17.63%, 0, 12, 3, 906.60, 2434486
1712728081, 1, 1050, 11715, 11414, 4274, 17.63%, 0, 12, 3, 0.02, 2438648
1712728091, 1, 1051, 11715, 11413, 4273, 17.63%, 0, 12, 3, 961.22, 2448436
1712728097, 1, 1053, 11715, 11412, 4272, 17.63%, 0, 12, 3, 1038.58, 2453733
1712728107, 1, 1054, 11715, 11411, 4271, 17.63%, 0, 12, 3, 883.87, 2461952
1712732227, 1, 1055, 11715, 11410, 4270, 17.63%, 0, 13, 3, 0.04, 2465803
1712732293, 1, 1055, 11716, 11411, 4270, 17.63%, 0, 13, 3, 1093.89, 2471358
1712732303, 1, 1055, 11992, 11686, 4269, 18.17%, 0, 13, 3, 774.69, 2480530
1712732309, 1, 1055, 12395, 12089, 4269, 18.31%, 0, 13, 3, 914.75, 2484255
1712732314, 1, 1057, 12555, 12249, 4445, 18.36%, 0, 13, 3, 918.17, 2488726
1712732499, 1, 1058, 12555, 12248, 4444, 18.36%, 0, 13, 3, 0.27, 2493377
1712732504, 1, 1058, 12556, 12249, 4444, 18.36%, 0, 13, 3, 748.19, 2496696
1712732509, 1, 1058, 12557, 12250, 4444, 18.36%, 0, 13, 3, 808.31, 2500364
1712732514, 1, 1058, 12558, 12251, 4444, 18.36%, 0, 13, 3, 838.95, 2503700
1712732525, 1, 1058, 12559, 12252, 4444, 18.37%, 0, 13, 3, 956.05, 2513014
1712732714, 1, 1059, 12559, 12251, 4444, 18.37%, 0, 13, 3, 990.73, 2519732
1712732724, 1, 1060, 12559, 12250, 4443, 18.37%, 0, 13, 3, 1184.70, 2524532
1712732734, 1, 1063, 12559, 12249, 4442, 18.37%, 0, 13, 3, 915.30, 2532367
1712732919, 1, 1064, 12559, 12248, 4441, 18.37%, 0, 13, 3, 0.85, 2537657
1712732924, 1, 1065, 12559, 12247, 4440, 18.37%, 0, 13, 3, 946.76, 2542335
1712732935, 1, 1066, 12559, 12246, 4439, 18.37%, 0, 13, 3, 90.91, 2550841
1712732946, 1, 1066, 12560, 12247, 4439, 18.37%, 0, 13, 3, 982.18, 2556936
1712733135, 1, 1068, 12560, 12246, 4439, 18.37%, 0, 13, 3, 789.84, 2564631
1712733140, 1, 1073, 12560, 12245, 4438, 18.37%, 0, 13, 3, 786.83, 2568570
1712733145, 1, 1079, 12560, 12244, 4437, 18.37%, 0, 13, 3, 958.79, 2573805
1712733155, 1, 1081, 12561, 12244, 4436, 18.37%, 0, 13, 3, 1409.31, 2581662
1712733350, 1, 1083, 12561, 12243, 4435, 18.37%, 0, 13, 3, 936.54, 2595500
1712733360, 1, 1085, 12561, 12242, 4434, 18.37%, 0, 13, 3, 860.79, 2603839
1712733365, 1, 1085, 12563, 12244, 4434, 18.37%, 0, 13, 3, 993.80, 2608987
1712733571, 1, 1087, 12563, 12243, 4434, 18.37%, 0, 13, 3, 767.61, 2630728
1712733576, 1, 1088, 12564, 12243, 4433, 18.37%, 0, 13, 3, 918.81, 2635183
1712733776, 1, 1090, 12564, 12242, 4432, 18.37%, 0, 13, 3, 347.10, 2647965
1712733787, 1, 1095, 12564, 12241, 4431, 18.37%, 0, 13, 3, 1095.98, 2654252
1712733976, 1, 1097, 12564, 12240, 4430, 18.37%, 0, 13, 3, 874.12, 2662227
1712733981, 1, 1099, 12564, 12239, 4429, 18.37%, 0, 13, 3, 818.06, 2666202
1712733992, 1, 1102, 12564, 12238, 4428, 18.37%, 0, 13, 3, 880.43, 2674806
1712733997, 1, 1106, 12564, 12237, 4427, 18.37%, 0, 13, 3, 1034.08, 2678597
1712734187, 1, 1107, 12564, 12236, 4426, 18.37%, 0, 13, 3, 691.93, 2686828
1712734192, 1, 1110, 12564, 12235, 4425, 18.37%, 0, 13, 3, 814.57, 2691033
1712734204, 1, 1112, 12564, 12234, 4424, 18.37%, 0, 13, 3, 176.36, 2696412
1712735089, 1, 1112, 12703, 12372, 4423, 18.41%, 0, 13, 3, 245.05, 2704149
1712735094, 1, 1112, 12867, 12536, 4423, 18.44%, 0, 13, 3, 345.23, 2705987
1712735100, 1, 1113, 12972, 12641, 4454, 18.45%, 0, 13, 3, 16.11, 2708486
1712735110, 1, 1114, 12973, 12641, 4453, 18.45%, 0, 13, 3, 1361.43, 2716409
1712735125, 1, 1116, 12973, 12640, 4452, 18.45%, 0, 13, 3, 1014.06, 2729550
1712735130, 1, 1117, 12973, 12639, 4451, 18.45%, 0, 13, 3, 912.19, 2734503
1712735136, 1, 1121, 12973, 12638, 4450, 18.45%, 0, 13, 3, 15.15, 2738747
1712735146, 1, 1122, 12973, 12637, 4449, 18.45%, 0, 13, 3, 1135.20, 2747009
1712735152, 1, 1123, 12973, 12636, 4448, 18.45%, 0, 13, 3, 285.10, 2751492
1712735162, 1, 1124, 12973, 12635, 4447, 18.45%, 0, 13, 3, 947.19, 2758712
1712735172, 1, 1125, 12973, 12634, 4446, 18.45%, 0, 13, 3, 1129.99, 2766105
1712735177, 1, 1126, 12973, 12633, 4445, 18.45%, 0, 13, 3, 888.33, 2769323
1712735188, 1, 1128, 12973, 12632, 4444, 18.45%, 0, 13, 3, 1004.58, 2779599
1712735193, 1, 1130, 12973, 12631, 4443, 18.45%, 0, 13, 3, 1026.52, 2784746
1712735198, 1, 1132, 12973, 12630, 4441, 18.45%, 0, 13, 3, 1018.36, 2789718
1712735203, 1, 1133, 12973, 12629, 4440, 18.45%, 0, 13, 3, 963.39, 2794342
1712735213, 1, 1134, 12973, 12628, 4439, 18.45%, 0, 13, 3, 1031.15, 2804561
1712735218, 1, 1136, 12973, 12627, 4438, 18.45%, 0, 13, 3, 1081.99, 2810069
1712735224, 1, 1137, 12973, 12626, 4437, 18.45%, 0, 13, 3, 51.92, 2814258
1712735235, 1, 1142, 12973, 12625, 4436, 18.45%, 0, 13, 3, 1376.92, 2820540
1712735246, 1, 1143, 12973, 12624, 4435, 18.45%, 0, 13, 3, 130.43, 2825732
1712735256, 1, 1144, 12973, 12623, 4434, 18.45%, 0, 13, 3, 928.38, 2835260
1712735261, 1, 1147, 12973, 12622, 4433, 18.45%, 0, 13, 3, 1095.00, 2839715
1712735272, 1, 1150, 12973, 12621, 4432, 18.45%, 0, 13, 3, 1098.36, 2849480
1712735277, 1, 1152, 12973, 12620, 4431, 18.45%, 0, 13, 3, 1002.88, 2854005
1712735283, 1, 1154, 12973, 12619, 4430, 18.45%, 0, 13, 3, 193.42, 2858447
1712735288, 1, 1154, 12975, 12621, 4430, 18.45%, 0, 13, 3, 1270.25, 2861823
1712735303, 1, 1155, 12975, 12620, 4430, 18.45%, 0, 13, 3, 1085.72, 2875546
1712735308, 1, 1158, 12975, 12619, 4429, 18.45%, 0, 13, 3, 1039.49, 2880713
1712735319, 1, 1162, 12975, 12618, 4428, 18.45%, 0, 13, 3, 1027.81, 2889476
1712735324, 1, 1169, 12976, 12618, 4427, 18.45%, 0, 13, 3, 925.91, 2893913
1712735330, 1, 1169, 12978, 12620, 4427, 18.45%, 0, 13, 3, 925.57, 2897691
1712735335, 1, 1169, 12981, 12623, 4427, 18.46%, 0, 13, 3, 1092.82, 2901963
1712735351, 1, 1171, 12981, 12622, 4429, 18.46%, 0, 13, 3, 1303.16, 2917725
1712735356, 1, 1172, 12981, 12621, 4428, 18.46%, 0, 13, 3, 1188.48, 2921817
1712735367, 1, 1172, 12982, 12622, 4428, 18.46%, 0, 13, 3, 1262.87, 2932696
1712735372, 1, 1176, 12982, 12621, 4427, 18.46%, 0, 13, 3, 1143.50, 2937759
1712735377, 1, 1178, 12982, 12620, 4426, 18.46%, 0, 13, 3, 1047.38, 2942265
1712735382, 1, 1182, 12982, 12619, 4425, 18.46%, 0, 13, 3, 1027.50, 2947524
1712735387, 1, 1183, 12982, 12618, 4424, 18.46%, 0, 13, 3, 148.51, 2952271
1712735393, 1, 1185, 12982, 12617, 4423, 18.46%, 0, 13, 3, 111.38, 2955338
1712735398, 1, 1185, 12983, 12618, 4423, 18.46%, 0, 13, 3, 1146.17, 2960213
1712735408, 1, 1186, 12983, 12617, 4423, 18.46%, 0, 13, 3, 1005.84, 2970571
1712735414, 1, 1188, 12983, 12616, 4422, 18.46%, 0, 13, 3, 100.15, 2975311
1712735424, 1, 1189, 12983, 12615, 4421, 18.46%, 0, 13, 3, 1135.29, 2982685
1712735429, 1, 1196, 12983, 12614, 4420, 18.46%, 0, 13, 3, 1060.93, 2987965
1712735434, 1, 1197, 12983, 12613, 4419, 18.46%, 0, 13, 3, 972.51, 2992664
1712735445, 1, 1198, 12983, 12612, 4418, 18.46%, 0, 13, 3, 1163.51, 3002181
1712735450, 1, 1204, 12983, 12611, 4417, 18.46%, 0, 13, 3, 1137.46, 3007096
1712735455, 1, 1205, 12983, 12610, 4416, 18.46%, 0, 13, 3, 1062.57, 3011903
1712735460, 1, 1208, 12983, 12609, 4415, 18.46%, 0, 13, 3, 1119.49, 3017493
1712735465, 1, 1210, 12983, 12608, 4414, 18.46%, 0, 13, 3, 1073.77, 3022825
1712735475, 1, 1215, 12983, 12607, 4413, 18.46%, 0, 13, 3, 978.95, 3029623
1712735481, 1, 1216, 12983, 12606, 4412, 18.46%, 0, 13, 3, 953.17, 3034445
1712735491, 1, 1220, 12983, 12605, 4411, 18.46%, 0, 13, 3, 1115.14, 3042081
1712735496, 1, 1226, 12983, 12604, 4410, 18.46%, 0, 13, 3, 1256.53, 3045342
1712735501, 1, 1227, 12983, 12603, 4409, 18.46%, 0, 13, 3, 180.41, 3049477
1712735506, 1, 1231, 12983, 12602, 4408, 18.46%, 0, 13, 3, 1246.17, 3053716
1712735511, 1, 1235, 12983, 12601, 4407, 18.46%, 0, 13, 3, 1108.97, 3059196
1712735516, 1, 1239, 12983, 12599, 4405, 18.46%, 0, 13, 3, 1142.94, 3065075
1712735522, 1, 1239, 12984, 12600, 4405, 18.46%, 0, 13, 3, 150.28, 3068532
1712735537, 1, 1240, 12985, 12600, 4405, 18.46%, 0, 13, 3, 926.32, 3079936
1712735548, 1, 1241, 12985, 12599, 4405, 18.46%, 0, 13, 3, 1009.60, 3089916
1712735558, 1, 1244, 12985, 12597, 4403, 18.46%, 0, 13, 3, 1075.53, 3100438
1712735563, 1, 1248, 12985, 12596, 4402, 18.46%, 0, 13, 3, 1067.01, 3105457
1712735573, 1, 1256, 12985, 12595, 4401, 18.46%, 0, 13, 3, 937.80, 3113239
1712735578, 1, 1258, 12985, 12594, 4400, 18.46%, 0, 13, 3, 1147.33, 3117009
1712735583, 1, 1259, 12985, 12593, 4399, 18.46%, 0, 13, 3, 1040.29, 3122380
1712735589, 1, 1260, 12985, 12592, 4398, 18.46%, 0, 13, 3, 1069.84, 3128058
1712735594, 1, 1268, 12985, 12591, 4397, 18.46%, 0, 13, 3, 995.10, 3132850
1712735599, 1, 1271, 12985, 12590, 4396, 18.46%, 0, 13, 3, 193.88, 3137629
1712735610, 1, 1274, 12985, 12589, 4395, 18.46%, 0, 13, 3, 38.05, 3145030
1712735620, 1, 1275, 12985, 12588, 4394, 18.46%, 0, 13, 3, 915.42, 3150572
1712735630, 1, 1276, 12985, 12587, 4393, 18.46%, 0, 13, 3, 1633.08, 3158107
1712735635, 1, 1277, 12985, 12586, 4392, 18.46%, 0, 13, 3, 1219.69, 3163409
1712735640, 1, 1277, 12988, 12589, 4392, 18.46%, 0, 13, 3, 1065.36, 3168785
1712735655, 1, 1278, 12988, 12588, 4392, 18.46%, 0, 13, 3, 1108.11, 3185491
1712735666, 1, 1279, 12988, 12587, 4391, 18.46%, 0, 13, 3, 28.10, 3195075
1712735676, 1, 1283, 12988, 12586, 4391, 18.46%, 0, 13, 3, 1104.96, 3201905
1712735681, 1, 1285, 12988, 12585, 4390, 18.46%, 0, 13, 3, 1515.00, 3205811
1712736502, 1, 1289, 12988, 12584, 4389, 18.46%, 0, 13, 3, 851.10, 3213064
1712736508, 1, 1289, 12989, 12585, 4389, 18.46%, 0, 13, 3, 26.37, 3215187
1712736523, 1, 1292, 12989, 12584, 4389, 18.46%, 0, 13, 3, 1005.34, 3226406
1712736712, 1, 1293, 13042, 12636, 4390, 18.47%, 0, 13, 3, 501.81, 3232219
1712736727, 1, 1296, 13042, 12635, 4389, 18.47%, 0, 13, 3, 788.13, 3244114
1712736923, 1, 1304, 13042, 12634, 4388, 18.47%, 0, 13, 3, 87.39, 3252146
1712736933, 1, 1307, 13042, 12633, 4387, 18.47%, 0, 13, 3, 980.97, 3258501
1712736938, 1, 1311, 13042, 12632, 4386, 18.47%, 0, 13, 3, 828.50, 3262612
1712737128, 1, 1318, 13042, 12631, 4385, 18.47%, 0, 13, 3, 0.35, 3271194
1712737138, 1, 1321, 13042, 12630, 4384, 18.47%, 0, 13, 3, 956.09, 3276842
1712737148, 1, 1323, 13042, 12629, 4383, 18.47%, 0, 13, 3, 835.75, 3285159
1712737153, 1, 1331, 13042, 12628, 4382, 18.47%, 0, 13, 3, 844.50, 3289453
1712737343, 1, 1332, 13042, 12627, 4381, 18.47%, 0, 13, 3, 788.46, 3296458
1712737354, 1, 1334, 13042, 12626, 4380, 18.47%, 0, 13, 3, 626.95, 3301708
1712737364, 1, 1337, 13042, 12625, 4379, 18.47%, 0, 13, 3, 442.34, 3307288
1712737554, 1, 1338, 13042, 12624, 4378, 18.47%, 0, 13, 3, 916.63, 3313926
1712737564, 1, 1340, 13042, 12623, 4377, 18.47%, 0, 13, 3, 835.13, 3322361
1712737569, 1, 1342, 13042, 12622, 4376, 18.47%, 0, 13, 3, 835.10, 3326598
1712737574, 1, 1346, 13042, 12621, 4375, 18.47%, 0, 13, 3, 950.07, 3331378
1712737759, 1, 1347, 13042, 12620, 4374, 18.47%, 0, 13, 3, 1.05, 3335924
1712737769, 1, 1349, 13042, 12619, 4373, 18.47%, 0, 13, 3, 740.54, 3343110
1712737785, 1, 1350, 13042, 12618, 4372, 18.47%, 0, 13, 3, 1036.33, 3350623
1712737969, 1, 1351, 13042, 12617, 4371, 18.47%, 0, 14, 3, 0.48, 3355012
1712737979, 1, 1354, 13042, 12616, 4370, 18.47%, 0, 14, 3, 782.11, 3363265
1712737985, 1, 1357, 13042, 12615, 4369, 18.47%, 0, 14, 3, 857.15, 3367728
1712737995, 1, 1359, 13042, 12614, 4368, 18.47%, 0, 14, 3, 887.60, 3376685
1712738180, 1, 1361, 13042, 12613, 4367, 18.47%, 0, 14, 3, 0.56, 3380264
1712738190, 1, 1364, 13042, 12612, 4365, 18.47%, 0, 14, 3, 762.62, 3388438
1712738195, 1, 1365, 13042, 12611, 4364, 18.47%, 0, 14, 3, 779.95, 3392314
1712738206, 1, 1366, 13042, 12610, 4363, 18.47%, 0, 14, 3, 147.91, 3398158
1712738395, 1, 1367, 13042, 12609, 4362, 18.47%, 0, 14, 3, 983.67, 3406703
1712738400, 1, 1369, 13042, 12608, 4361, 18.47%, 0, 14, 3, 934.23, 3411347
1712738410, 1, 1370, 13042, 12607, 4360, 18.47%, 0, 14, 3, 941.86, 3420755
1712738416, 1, 1371, 13042, 12606, 4359, 18.47%, 0, 14, 3, 1214.24, 3425457
1712740710, 1, 1372, 13042, 12605, 4358, 18.47%, 0, 14, 3, 1206.55, 3430798
1712740715, 1, 1372, 13043, 12606, 4358, 18.47%, 0, 14, 3, 970.11, 3435409
1712740725, 1, 1373, 13043, 12605, 4357, 18.47%, 0, 14, 3, 916.59, 3444471
1712740730, 1, 1374, 13043, 12604, 4356, 18.47%, 0, 14, 3, 932.84, 3448850
1712740925, 1, 1375, 13043, 12603, 4355, 18.47%, 0, 14, 3, 697.79, 3457976
1712740930, 1, 1375, 13092, 12651, 4354, 18.48%, 0, 14, 3, 751.09, 3461736
1712740935, 1, 1376, 13216, 12775, 4360, 18.50%, 0, 14, 3, 717.86, 3465402
1712740940, 1, 1377, 13216, 12774, 4359, 18.50%, 0, 14, 3, 946.52, 3470345
1712741130, 1, 1378, 13216, 12773, 4358, 18.50%, 0, 14, 3, 645.16, 3478609
1712741135, 1, 1382, 13216, 12772, 4357, 18.50%, 0, 14, 3, 720.95, 3482122
1712741140, 1, 1383, 13216, 12771, 4356, 18.50%, 0, 14, 3, 827.16, 3486372
1712741336, 1, 1389, 13216, 12770, 4355, 18.50%, 0, 14, 3, 0.18, 3493138
1712741352, 1, 1391, 13216, 12769, 4354, 18.50%, 0, 14, 3, 814.59, 3500904
1712741357, 1, 1391, 13218, 12771, 4354, 18.50%, 0, 14, 3, 767.69, 3504234
1712741362, 1, 1391, 13222, 12775, 4354, 18.50%, 0, 14, 3, 852.21, 3507822
1712741546, 1, 1391, 13223, 12776, 4354, 18.50%, 0, 14, 3, 1.16, 3511697
1712741566, 1, 1393, 13223, 12775, 4355, 18.50%, 0, 14, 3, 683.59, 3525871
1712741756, 1, 1396, 13223, 12774, 4354, 18.50%, 0, 14, 3, 0.74, 3531914
1712741766, 1, 1397, 13223, 12773, 4353, 18.50%, 0, 14, 3, 379.25, 3539672
1712741772, 1, 1397, 13227, 12777, 4353, 18.50%, 0, 14, 3, 100.72, 3543687
1712741782, 1, 1397, 13228, 12778, 4353, 18.50%, 0, 14, 3, 790.62, 3551483
1712741966, 1, 1397, 13229, 12779, 4353, 18.50%, 0, 15, 3, 0.11, 3555958
1712741972, 1, 1400, 13231, 12780, 4352, 18.50%, 0, 15, 3, 947.38, 3561132
1712741982, 1, 1408, 13231, 12779, 4351, 18.50%, 0, 15, 3, 802.36, 3569140
1712741987, 1, 1410, 13231, 12778, 4350, 18.50%, 0, 15, 3, 730.38, 3572651
1712742177, 1, 1411, 13231, 12777, 4349, 18.50%, 0, 15, 3, 0.85, 3580029
1712742187, 1, 1412, 13231, 12776, 4348, 18.50%, 0, 15, 3, 1167.75, 3584569
1712742197, 1, 1413, 13231, 12775, 4347, 18.50%, 0, 15, 3, 781.92, 3591904
1712742202, 1, 1414, 13231, 12774, 4346, 18.50%, 0, 15, 3, 200.75, 3596211
1712742388, 1, 1420, 13231, 12773, 4346, 18.50%, 0, 15, 3, 0.51, 3599134
1712742398, 1, 1423, 13231, 12772, 4344, 18.50%, 0, 15, 3, 865.77, 3606849
1712742404, 1, 1426, 13231, 12771, 4343, 18.50%, 0, 15, 3, 834.14, 3611058
1712742414, 1, 1427, 13231, 12770, 4342, 18.50%, 0, 15, 3, 971.59, 3618587
1712742603, 1, 1428, 13231, 12769, 4341, 18.50%, 0, 15, 3, 793.08, 3626026
1712742608, 1, 1432, 13231, 12768, 4340, 18.50%, 0, 15, 3, 908.77, 3630674
1712742613, 1, 1433, 13231, 12767, 4339, 18.50%, 0, 15, 3, 779.34, 3634712
1712742624, 1, 1435, 13231, 12766, 4338, 18.50%, 0, 15, 3, 104.48, 3642243
1712744731, 1, 1442, 13497, 13031, 4382, 18.63%, 0, 15, 3, 709.65, 3649892
1712744741, 1, 1444, 13497, 13030, 4381, 18.63%, 0, 15, 3, 847.44, 3657720
1712744751, 1, 1446, 13497, 13029, 4380, 18.63%, 0, 15, 3, 1229.77, 3664169
1712744756, 1, 1452, 13497, 13028, 4379, 18.63%, 0, 15, 3, 985.21, 3668945
1712744766, 1, 1454, 13497, 13027, 4378, 18.63%, 0, 15, 3, 1210.58, 3678039
1712744771, 1, 1457, 13497, 13026, 4377, 18.63%, 0, 15, 3, 693.91, 3682026
1712744782, 1, 1470, 13497, 13024, 4375, 18.63%, 0, 15, 3, 1014.31, 3692149
1712744792, 1, 1480, 13497, 13023, 4374, 18.63%, 0, 15, 3, 982.08, 3702291
1712744797, 1, 1482, 13497, 13022, 4373, 18.63%, 0, 15, 3, 927.55, 3706983
1712744802, 1, 1483, 13497, 13021, 4372, 18.63%, 0, 15, 3, 919.54, 3711054
1712744808, 1, 1484, 13497, 13020, 4371, 18.63%, 0, 15, 3, 1061.71, 3714984
1712744813, 1, 1484, 13498, 13021, 4371, 18.63%, 0, 15, 3, 890.83, 3719003
1712744823, 1, 1484, 13551, 13074, 4371, 18.65%, 0, 15, 3, 887.00, 3725744
1712744828, 1, 1484, 13568, 13091, 4371, 18.65%, 0, 15, 3, 1008.35, 3731025
1712744833, 1, 1484, 13575, 13098, 4371, 18.65%, 0, 15, 3, 872.07, 3735184
1712744839, 1, 1484, 13578, 13101, 4371, 18.65%, 0, 15, 3, 912.71, 3740163
1712744844, 1, 1488, 13580, 13102, 4380, 18.65%, 0, 15, 3, 416.67, 3742816
1712744912, 1, 1492, 13580, 13101, 4379, 18.65%, 0, 15, 3, 1.87, 3746811
1712744923, 1, 1493, 13580, 13100, 4378, 18.65%, 0, 15, 3, 764.67, 3755494
1712744928, 1, 1500, 13580, 13099, 4377, 18.65%, 0, 15, 3, 873.85, 3759718
1712744938, 1, 1503, 13580, 13098, 4376, 18.65%, 0, 15, 3, 1251.56, 3767356
1712745128, 1, 1507, 13580, 13096, 4373, 18.65%, 0, 15, 3, 997.63, 3774615
1712745138, 1, 1508, 13580, 13095, 4371, 18.65%, 0, 15, 3, 750.37, 3781665
1712745144, 1, 1509, 13580, 13094, 4370, 18.65%, 0, 15, 3, 65.45, 3784734
1712745333, 1, 1510, 13580, 13093, 4369, 18.65%, 0, 15, 3, 0.62, 3793452
1712745343, 1, 1511, 13580, 13092, 4368, 18.65%, 0, 15, 3, 849.47, 3800073
1712745348, 1, 1512, 13580, 13091, 4368, 18.65%, 0, 15, 3, 752.46, 3803754
1712745359, 1, 1513, 13580, 13090, 4367, 18.65%, 0, 15, 3, 890.94, 3810591
1712745549, 1, 1514, 13580, 13089, 4366, 18.65%, 0, 15, 3, 1062.94, 3815333
1712745559, 1, 1515, 13580, 13088, 4365, 18.65%, 0, 15, 3, 660.00, 3821189
1712745569, 1, 1515, 13581, 13089, 4365, 18.65%, 0, 15, 3, 845.81, 3829777
1712745754, 1, 1516, 13581, 13088, 4364, 18.65%, 0, 15, 3, 1.16, 3834684
1712745764, 1, 1517, 13581, 13087, 4363, 18.65%, 0, 15, 3, 781.42, 3841148
1712745774, 1, 1518, 13581, 13086, 4362, 18.65%, 0, 15, 3, 866.52, 3849958
1712745779, 1, 1519, 13581, 13085, 4361, 18.65%, 0, 15, 3, 917.14, 3854281
1712745970, 1, 1520, 13581, 13084, 4360, 18.65%, 0, 15, 3, 66.78, 3860917
1712745980, 1, 1521, 13581, 13083, 4359, 18.65%, 0, 15, 3, 793.10, 3867882
1712745986, 1, 1522, 13581, 13082, 4358, 18.65%, 0, 15, 3, 854.89, 3872532
1712746175, 1, 1523, 13581, 13081, 4357, 18.65%, 0, 15, 3, 0.12, 3879307
1712746180, 1, 1524, 13581, 13080, 4356, 18.65%, 0, 15, 3, 1168.45, 3883818
1712746190, 1, 1525, 13581, 13079, 4355, 18.65%, 0, 15, 3, 808.25, 3892082
1712746195, 1, 1529, 13581, 13078, 4354, 18.65%, 0, 15, 3, 855.20, 3896469
1712746200, 1, 1530, 13581, 13077, 4353, 18.65%, 0, 15, 3, 1001.27, 3901535
1712746391, 1, 1531, 13581, 13076, 4352, 18.65%, 0, 15, 3, 6.53, 3907147
1712746401, 1, 1532, 13581, 13075, 4351, 18.65%, 0, 15, 3, 1140.60, 3915863
1712746406, 1, 1535, 13581, 13074, 4350, 18.65%, 0, 15, 3, 980.03, 3920480
1712746595, 1, 1536, 13581, 13073, 4349, 18.65%, 0, 15, 3, 0.83, 3926711
1712746606, 1, 1537, 13581, 13072, 4348, 18.65%, 0, 15, 3, 169.32, 3935720
1712746611, 1, 1538, 13581, 13071, 4347, 18.65%, 0, 15, 3, 1527.06, 3939626
1712746621, 1, 1539, 13581, 13070, 4346, 18.65%, 0, 15, 3, 984.38, 3948230
1712746806, 1, 1539, 13582, 13071, 4346, 18.65%, 0, 15, 3, 0.50, 3952089
1712746816, 1, 1540, 13582, 13070, 4345, 18.65%, 0, 15, 3, 929.32, 3960560
1712746821, 1, 1541, 13582, 13069, 4344, 18.65%, 0, 15, 3, 925.42, 3965342
1712746831, 1, 1542, 13582, 13068, 4343, 18.65%, 0, 15, 3, 959.44, 3974901
1712749119, 1, 1543, 13582, 13067, 4342, 18.65%, 0, 15, 3, 0.02, 3979350
1712749130, 1, 1543, 13624, 13108, 4341, 18.66%, 0, 15, 3, 238.14, 3985214
1712749135, 1, 1544, 13645, 13129, 4345, 18.66%, 0, 15, 3, 130.00, 3987641
1712749146, 1, 1545, 13645, 13128, 4344, 18.66%, 0, 15, 3, 898.67, 3993581
1712749340, 1, 1546, 13645, 13127, 4343, 18.66%, 0, 15, 3, 958.57, 4000392
1712749351, 1, 1551, 13645, 13126, 4342, 18.66%, 0, 15, 3, 124.74, 4007699
1712749540, 1, 1552, 13646, 13126, 4341, 18.66%, 0, 15, 3, 0.33, 4013561
1712749550, 1, 1552, 13647, 13127, 4341, 18.66%, 0, 15, 3, 773.65, 4021944
1712749566, 1, 1556, 13647, 13126, 4340, 18.66%, 0, 15, 3, 982.26, 4035727
1712749756, 1, 1558, 13647, 13125, 4339, 18.66%, 0, 15, 3, 789.21, 4044694
1712749761, 1, 1560, 13647, 13124, 4338, 18.66%, 0, 15, 3, 602.42, 4047174
1712749771, 1, 1561, 13647, 13123, 4337, 18.66%, 0, 15, 3, 811.38, 4052260
1712749776, 1, 1562, 13647, 13122, 4336, 18.66%, 0, 15, 3, 753.93, 4055908
1712749971, 1, 1563, 13647, 13121, 4335, 18.66%, 0, 15, 3, 693.08, 4067748
1712749976, 1, 1565, 13647, 13120, 4334, 18.66%, 0, 15, 3, 775.71, 4071718
1712749987, 1, 1566, 13647, 13119, 4333, 18.66%, 0, 15, 3, 719.81, 4079207
1712750176, 1, 1567, 13647, 13118, 4332, 18.66%, 0, 15, 3, 1241.70, 4085722
1712750186, 1, 1568, 13647, 13117, 4331, 18.66%, 0, 15, 3, 748.56, 4093100
1712750197, 1, 1569, 13647, 13116, 4330, 18.66%, 0, 15, 3, 862.34, 4101366
1712750382, 1, 1570, 13647, 13115, 4329, 18.66%, 0, 15, 3, 0.66, 4105777
1712750392, 1, 1572, 13647, 13114, 4328, 18.66%, 0, 15, 3, 800.60, 4112710
1712750397, 1, 1573, 13647, 13113, 4327, 18.66%, 0, 15, 3, 902.56, 4116375
1712750407, 1, 1574, 13647, 13112, 4326, 18.66%, 0, 15, 3, 140.57, 4122339
1712750602, 1, 1575, 13647, 13111, 4325, 18.66%, 0, 15, 3, 585.61, 4129080
1712750612, 1, 1578, 13647, 13110, 4324, 18.66%, 0, 15, 3, 714.87, 4137123
1712750618, 1, 1580, 13647, 13109, 4323, 18.66%, 0, 15, 3, 247.07, 4139690
1712750807, 1, 1585, 13647, 13108, 4322, 18.66%, 0, 15, 3, 839.29, 4146843
1712750812, 1, 1586, 13647, 13107, 4321, 18.66%, 0, 15, 3, 762.81, 4150640
1712750823, 1, 1590, 13647, 13106, 4320, 18.66%, 0, 15, 3, 676.78, 4157922
1712751013, 1, 1592, 13647, 13105, 4319, 18.66%, 0, 15, 3, 0.53, 4165211
1712751023, 1, 1594, 13647, 13104, 4318, 18.66%, 0, 15, 3, 701.31, 4172649
1712751028, 1, 1595, 13647, 13103, 4317, 18.66%, 0, 15, 3, 814.59, 4176649
1712751033, 1, 1596, 13647, 13102, 4316, 18.66%, 0, 15, 3, 790.68, 4180682
1712753326, 1, 1597, 13647, 13101, 4315, 18.66%, 0, 15, 3, 0.05, 4187704
1712753331, 1, 1599, 13647, 13100, 4314, 18.66%, 0, 15, 3, 912.23, 4192299
1712753343, 1, 1602, 13647, 13099, 4313, 18.66%, 0, 15, 3, 124.90, 4199519
1712753354, 1, 1603, 13647, 13098, 4312, 18.66%, 0, 15, 3, 480.87, 4206290
1712753542, 1, 1604, 13647, 13097, 4311, 18.66%, 0, 15, 3, 961.03, 4212151
1712753552, 1, 1605, 13738, 13187, 4319, 18.67%, 0, 15, 3, 866.83, 4218827
1712753557, 1, 1605, 13739, 13188, 4319, 18.67%, 0, 15, 3, 111.11, 4221415
1712753752, 1, 1608, 13739, 13187, 4318, 18.67%, 0, 15, 3, 919.05, 4230481
1712753757, 1, 1610, 13739, 13186, 4317, 18.67%, 0, 15, 3, 832.08, 4234637
1712753762, 1, 1611, 13739, 13185, 4316, 18.67%, 0, 15, 3, 873.59, 4239014
1712753773, 1, 1614, 13739, 13184, 4315, 18.67%, 0, 15, 3, 59.26, 4244308
1712753963, 1, 1615, 13739, 13183, 4314, 18.67%, 0, 15, 3, 734.59, 4252318
1712753973, 1, 1617, 13740, 13183, 4313, 18.67%, 0, 15, 3, 735.75, 4260126
1712753978, 1, 1617, 13741, 13184, 4313, 18.67%, 0, 15, 3, 717.21, 4263914
1712754173, 1, 1617, 13742, 13185, 4313, 18.68%, 0, 15, 3, 824.31, 4276488
1712754178, 1, 1617, 13743, 13186, 4313, 18.68%, 0, 15, 3, 785.89, 4280591
1712754183, 1, 1618, 13743, 13185, 4313, 18.68%, 0, 15, 3, 639.71, 4283597
1712754193, 1, 1620, 13743, 13184, 4312, 18.68%, 0, 15, 3, 793.47, 4290430
1712754378, 1, 1628, 13743, 13183, 4311, 18.68%, 0, 15, 3, 0.20, 4294855
1712754389, 1, 1629, 13743, 13182, 4310, 18.68%, 0, 15, 3, 66.43, 4302867
1712754399, 1, 1630, 13743, 13181, 4309, 18.68%, 0, 15, 3, 1214.25, 4308196
1712757473, 1, 1631, 13743, 13180, 4309, 18.68%, 0, 15, 3, 0.09, 4316109
1712757539, 1, 1637, 13743, 13179, 4308, 18.68%, 0, 15, 3, 964.73, 4321072
1712757549, 1, 1639, 13743, 13178, 4307, 18.68%, 0, 15, 3, 773.35, 4328534
1712757555, 1, 1639, 13757, 13191, 4306, 18.68%, 0, 16, 3, 26.90, 4332396
1712757560, 1, 1640, 13957, 13391, 4321, 18.71%, 0, 16, 3, 589.23, 4335398
1712757744, 1, 1641, 13957, 13390, 4320, 18.71%, 0, 16, 3, 0.29, 4338111
1712757754, 1, 1648, 13957, 13389, 4319, 18.71%, 0, 16, 3, 674.55, 4345882
1712757765, 1, 1650, 13957, 13388, 4318, 18.71%, 0, 16, 3, 121.95, 4352205
1712757955, 1, 1654, 13957, 13387, 4317, 18.71%, 0, 16, 3, 0.38, 4357544
1712757965, 1, 1659, 13957, 13386, 4316, 18.71%, 0, 16, 3, 335.49, 4365839
1712757970, 1, 1661, 13957, 13385, 4315, 18.71%, 0, 16, 3, 628.75, 4369444
1712757980, 1, 1662, 13957, 13384, 4314, 18.71%, 0, 16, 3, 845.45, 4377319
1712758165, 1, 1662, 13958, 13385, 4314, 18.71%, 0, 16, 3, 0.38, 4380846
1712758170, 1, 1662, 13960, 13387, 4314, 18.71%, 0, 16, 3, 851.46, 4384772
1712758175, 1, 1662, 13974, 13401, 4314, 18.71%, 0, 16, 3, 798.47, 4388673
1712758180, 1, 1662, 13984, 13411, 4314, 18.71%, 0, 16, 3, 764.96, 4392353
1712758185, 1, 1662, 13989, 13416, 4314, 18.71%, 0, 16, 3, 864.35, 4396725
1712758191, 1, 1670, 13992, 13418, 4314, 18.71%, 0, 16, 3, 845.92, 4401163
1712758375, 1, 1670, 13993, 13419, 4314, 18.71%, 0, 16, 3, 0.50, 4404989
1712758380, 1, 1676, 13993, 13417, 4313, 18.71%, 0, 16, 3, 904.19, 4409433
1712758391, 1, 1688, 13993, 13415, 4311, 18.71%, 0, 16, 3, 817.07, 4415907
1712758586, 1, 1691, 13993, 13414, 4310, 18.71%, 0, 16, 3, 0.09, 4423487
1712758596, 1, 1697, 13993, 13413, 4309, 18.71%, 0, 16, 3, 761.59, 4431423
1712758601, 1, 1699, 13993, 13412, 4308, 18.71%, 0, 16, 3, 755.23, 4435215
1712758611, 1, 1705, 13993, 13410, 4306, 18.71%, 0, 16, 3, 877.78, 4443512
1712758796, 1, 1707, 13993, 13409, 4305, 18.71%, 0, 16, 3, 0.40, 4445768
1712758806, 1, 1708, 13993, 13408, 4304, 18.71%, 0, 16, 3, 770.00, 4451510
1712758816, 1, 1713, 13993, 13407, 4303, 18.71%, 0, 16, 3, 329.13, 4456184
1712758821, 1, 1719, 13994, 13407, 4303, 18.71%, 0, 16, 3, 893.75, 4459194
1712759011, 1, 1721, 13994, 13406, 4302, 18.71%, 0, 16, 3, 789.25, 4464639
1712759022, 1, 1723, 13994, 13405, 4301, 18.71%, 0, 16, 3, 1503.82, 4469948
1712759032, 1, 1725, 13994, 13404, 4300, 18.71%, 0, 16, 3, 1063.94, 4474993
1712759217, 1, 1728, 13994, 13403, 4299, 18.71%, 0, 16, 3, 1.16, 4478265
1712759227, 1, 1728, 13995, 13404, 4299, 18.71%, 0, 16, 3, 689.00, 4485146
1712759237, 1, 1731, 13995, 13403, 4298, 18.71%, 0, 16, 3, 787.69, 4491537
1712759242, 1, 1732, 13995, 13402, 4297, 18.71%, 0, 16, 3, 826.32, 4495822
1712759427, 1, 1733, 13995, 13401, 4296, 18.71%, 0, 16, 3, 0.40, 4500054
1712759432, 1, 1735, 13995, 13400, 4295, 18.71%, 0, 16, 3, 888.54, 4504305
1712759438, 1, 1741, 13995, 13399, 4294, 18.71%, 0, 16, 3, 712.47, 4507214
1712759443, 1, 1744, 13995, 13398, 4293, 18.71%, 0, 16, 3, 701.48, 4510731
1712759453, 1, 1745, 13995, 13397, 4292, 18.71%, 0, 16, 3, 91.59, 4517196
1712761742, 1, 1750, 13995, 13396, 4291, 18.71%, 0, 16, 3, 0.04, 4519561
1712761752, 1, 1751, 13995, 13395, 4290, 18.71%, 0, 16, 3, 823.03, 4527574
1712761757, 1, 1752, 14050, 13449, 4293, 18.72%, 0, 17, 3, 732.96, 4530612
1712761767, 1, 1753, 14050, 13448, 4292, 18.72%, 0, 17, 3, 1043.75, 4537223
1712761952, 1, 1755, 14050, 13447, 4291, 18.72%, 0, 17, 3, 1.07, 4540109
1712761957, 1, 1755, 14051, 13448, 4291, 18.72%, 0, 17, 3, 784.07, 4544227
1712761962, 1, 1757, 14051, 13447, 4291, 18.72%, 0, 17, 3, 818.41, 4548579
1712761968, 1, 1758, 14051, 13446, 4290, 18.72%, 0, 17, 3, 808.81, 4552685
1712761973, 1, 1759, 14051, 13445, 4289, 18.72%, 0, 17, 3, 872.02, 4556941
1712765888, 1, 1762, 14051, 13444, 4288, 18.72%, 0, 17, 3, 0.08, 4564227
1712765954, 1, 1768, 14051, 13443, 4287, 18.72%, 0, 17, 3, 105.44, 4567661
1712765960, 1, 1770, 14051, 13442, 4286, 18.72%, 0, 17, 3, 1079.49, 4572105
1712765965, 1, 1771, 14051, 13441, 4285, 18.72%, 0, 17, 3, 265.03, 4576196
1712765976, 1, 1772, 14359, 13748, 4350, 19.00%, 0, 17, 3, 113.56, 4584938
1712766164, 1, 1773, 14359, 13747, 4349, 19.00%, 0, 17, 3, 887.34, 4590984
1712766174, 1, 1774, 14359, 13746, 4349, 19.00%, 0, 17, 3, 984.38, 4598623
1712766179, 1, 1775, 14359, 13745, 4348, 19.00%, 0, 17, 3, 910.01, 4602764
1712766185, 1, 1776, 14359, 13744, 4347, 19.00%, 0, 17, 3, 1020.03, 4608071
1712766370, 1, 1777, 14359, 13743, 4347, 19.00%, 0, 17, 3, 0.07, 4612695
1712766380, 1, 1778, 14359, 13742, 4346, 19.00%, 0, 17, 3, 875.35, 4620331
1712766385, 1, 1779, 14359, 13741, 4345, 19.00%, 0, 17, 3, 1045.62, 4624476
1712766390, 1, 1784, 14359, 13740, 4344, 19.00%, 0, 17, 3, 1029.88, 4629692
1712766396, 1, 1785, 14359, 13739, 4343, 19.00%, 0, 17, 3, 1006.06, 4634956
1712766585, 1, 1787, 14359, 13738, 4342, 19.00%, 0, 17, 3, 653.43, 4640179
1712766590, 1, 1790, 14359, 13737, 4341, 19.00%, 0, 17, 3, 144.54, 4642607
1712766595, 1, 1791, 14359, 13736, 4340, 19.00%, 0, 17, 3, 1150.00, 4644863
1712766600, 1, 1793, 14359, 13735, 4339, 19.00%, 0, 17, 3, 659.33, 4648601
1712766791, 1, 1794, 14359, 13734, 4338, 19.00%, 0, 17, 3, 0.54, 4654565
1712766802, 1, 1797, 14359, 13733, 4337, 19.00%, 0, 17, 3, 1177.76, 4659891
1712766807, 1, 1797, 14363, 13737, 4337, 19.01%, 0, 17, 3, 21.14, 4663469
1712766817, 1, 1797, 14364, 13738, 4337, 19.01%, 0, 17, 3, 1009.83, 4673167
1712767011, 1, 1799, 14364, 13737, 4340, 19.01%, 0, 17, 3, 929.97, 4685080
1712767016, 1, 1803, 14364, 13736, 4339, 19.01%, 0, 17, 3, 956.55, 4689995
1712767026, 1, 1804, 14364, 13735, 4338, 19.01%, 0, 17, 3, 1003.44, 4698386
1712767211, 1, 1806, 14364, 13734, 4337, 19.01%, 0, 17, 3, 0.99, 4701850
1712767216, 1, 1806, 14365, 13735, 4337, 19.01%, 0, 17, 3, 1039.79, 4706638
1712767222, 1, 1807, 14365, 13734, 4337, 19.01%, 0, 17, 3, 979.72, 4711473
1712767227, 1, 1813, 14365, 13733, 4336, 19.01%, 0, 17, 3, 1150.02, 4717249
1712767232, 1, 1814, 14365, 13732, 4335, 19.01%, 0, 17, 3, 1087.60, 4722690
1712767237, 1, 1818, 14365, 13730, 4333, 19.01%, 0, 17, 3, 1013.36, 4727771
1712767421, 1, 1822, 14365, 13729, 4332, 19.01%, 0, 17, 3, 0.95, 4732207
1712767432, 1, 1823, 14365, 13728, 4331, 19.01%, 0, 17, 3, 719.03, 4740688
1712767442, 1, 1825, 14365, 13727, 4330, 19.01%, 0, 17, 3, 985.29, 4750663
1712767447, 1, 1826, 14365, 13726, 4329, 19.01%, 0, 17, 3, 1010.10, 4755179
1712767632, 1, 1827, 14365, 13725, 4328, 19.01%, 0, 17, 3, 0.61, 4757769
1712767637, 1, 1828, 14365, 13724, 4327, 19.01%, 0, 17, 3, 1369.34, 4760234
1712767642, 1, 1829, 14365, 13723, 4326, 19.01%, 0, 17, 3, 906.80, 4764106
1712767647, 1, 1831, 14365, 13722, 4325, 19.01%, 0, 17, 3, 999.65, 4769382
1712767658, 1, 1835, 14365, 13721, 4324, 19.01%, 0, 17, 3, 1140.81, 4776078
1712767842, 1, 1836, 14365, 13720, 4323, 19.01%, 0, 17, 3, 1.10, 4780305
1712767852, 1, 1837, 14365, 13719, 4322, 19.01%, 0, 17, 3, 903.86, 4788999
1712767857, 1, 1839, 14365, 13718, 4321, 19.01%, 0, 17, 3, 1008.43, 4794195
1712767862, 1, 1840, 14365, 13717, 4319, 19.01%, 0, 17, 3, 1158.65, 4799978
1712767867, 1, 1843, 14367, 13718, 4318, 19.01%, 0, 17, 3, 1146.26, 4805778
1712769516, 1, 1844, 14367, 13717, 4317, 19.01%, 0, 17, 3, 923.48, 4830557
1712769521, 1, 1844, 14625, 13974, 4316, 19.22%, 0, 17, 3, 976.64, 4835601
1712769526, 1, 1852, 14699, 14048, 4397, 19.25%, 0, 17, 3, 917.02, 4840118
1712769531, 1, 1856, 14699, 14047, 4396, 19.25%, 0, 17, 3, 1040.75, 4845524
1712769536, 1, 1858, 14699, 14046, 4396, 19.25%, 0, 17, 3, 1081.00, 4850944
1712769541, 1, 1859, 14699, 14045, 4395, 19.25%, 0, 17, 3, 1158.21, 4856844
1712769546, 1, 1860, 14699, 14044, 4394, 19.25%, 0, 17, 3, 1156.00, 4862651
1712769551, 1, 1869, 14699, 14043, 4393, 19.25%, 0, 17, 3, 1051.68, 4867858
1712769557, 1, 1872, 14699, 14042, 4392, 19.25%, 0, 17, 3, 189.30, 4873593
1712769562, 1, 1873, 14699, 14041, 4391, 19.25%, 0, 17, 3, 1338.65, 4877746
1712769567, 1, 1874, 14699, 14040, 4390, 19.25%, 0, 17, 3, 1072.00, 4882928
1712769577, 1, 1876, 14699, 14039, 4389, 19.25%, 0, 17, 3, 962.50, 4892337
1712769583, 1, 1878, 14699, 14038, 4388, 19.25%, 0, 17, 3, 106.47, 4895698
1712769588, 1, 1879, 14699, 14037, 4387, 19.25%, 0, 17, 3, 902.19, 4899242
1712769593, 1, 1881, 14699, 14035, 4385, 19.25%, 0, 17, 3, 968.14, 4903892
1712769604, 1, 1884, 14699, 14034, 4384, 19.25%, 0, 17, 3, 359.87, 4911289
1712769609, 1, 1886, 14699, 14033, 4383, 19.25%, 0, 17, 3, 485.83, 4915237
1712769619, 1, 1892, 14699, 14032, 4382, 19.25%, 0, 17, 3, 855.75, 4923366
1712769624, 1, 1897, 14699, 14031, 4381, 19.25%, 0, 17, 3, 1153.10, 4927768
1712769630, 1, 1900, 14699, 14029, 4379, 19.25%, 0, 17, 3, 1090.81, 4932909
1712769635, 1, 1905, 14699, 14028, 4378, 19.25%, 0, 17, 3, 1024.06, 4937923
1712769645, 1, 1906, 14700, 14028, 4377, 19.25%, 0, 17, 3, 1042.91, 4944210
1712769655, 1, 1907, 14700, 14027, 4376, 19.25%, 0, 17, 3, 923.03, 4952898
1712769660, 1, 1907, 14701, 14028, 4376, 19.25%, 0, 17, 3, 917.84, 4957514
1712769671, 1, 1909, 14701, 14027, 4375, 19.25%, 0, 17, 3, 109.91, 4965404
1712769681, 1, 1912, 14701, 14026, 4374, 19.25%, 0, 17, 3, 1171.36, 4971085
1712769692, 1, 1913, 14701, 14025, 4373, 19.25%, 0, 17, 3, 882.53, 4979137
1712769697, 1, 1917, 14701, 14024, 4372, 19.25%, 0, 17, 3, 47.76, 4982203
1712769702, 1, 1918, 14701, 14023, 4371, 19.25%, 0, 17, 3, 1096.30, 4986557
1712769707, 1, 1921, 14701, 14022, 4370, 19.25%, 0, 17, 3, 970.10, 4991017
1712769712, 1, 1927, 14701, 14021, 4369, 19.25%, 0, 17, 3, 948.80, 4995878
1712769717, 1, 1933, 14701, 14019, 4367, 19.25%, 0, 17, 3, 1002.10, 5000989
1712769734, 1, 1934, 14701, 14018, 4366, 19.25%, 0, 17, 3, 146.21, 5008084
1712769750, 1, 1936, 14701, 14017, 4365, 19.25%, 0, 17, 3, 1240.37, 5015092
1712769760, 1, 1938, 14701, 14016, 4364, 19.25%, 0, 17, 3, 969.79, 5023073
1712769766, 1, 1939, 14701, 14015, 4363, 19.25%, 0, 17, 3, 624.33, 5027355
1712769776, 1, 1944, 14701, 14014, 4362, 19.25%, 0, 17, 3, 1446.98, 5033014
1712769781, 1, 1945, 14701, 14013, 4361, 19.25%, 0, 17, 3, 1086.46, 5037655
1712769791, 1, 1946, 14701, 14012, 4360, 19.25%, 0, 17, 3, 1347.19, 5044365
1712769796, 1, 1947, 14701, 14011, 4359, 19.25%, 0, 17, 3, 1040.31, 5049309
1712769801, 1, 1952, 14701, 14010, 4358, 19.25%, 0, 17, 3, 74.07, 5053405
1712769812, 1, 1953, 14701, 14009, 4357, 19.25%, 0, 17, 3, 159.32, 5059779
1712769828, 1, 1955, 14701, 14008, 4356, 19.25%, 0, 17, 3, 495.75, 5068652
1712769833, 1, 1958, 14701, 14007, 4355, 19.25%, 0, 17, 3, 183.70, 5072395
1712769844, 1, 1959, 14702, 14007, 4354, 19.25%, 0, 17, 3, 1011.26, 5079657
1712769854, 1, 1960, 14702, 14006, 4353, 19.25%, 0, 17, 3, 1149.13, 5091191
1712769859, 1, 1961, 14702, 14005, 4352, 19.25%, 0, 17, 3, 1029.97, 5096098
1712769864, 1, 1962, 14702, 14004, 4351, 19.25%, 0, 17, 3, 984.38, 5100402
1712769870, 1, 1963, 14702, 14003, 4350, 19.25%, 0, 17, 3, 120.14, 5104719
1712769880, 1, 1965, 14702, 14001, 4348, 19.25%, 0, 17, 3, 1178.42, 5114108
1712769885, 1, 1969, 14702, 14000, 4347, 19.25%, 0, 17, 3, 1058.92, 5119651
1712769891, 1, 1972, 14702, 13999, 4346, 19.25%, 0, 17, 3, 185.30, 5124801
1712770162, 1, 1976, 14702, 13998, 4345, 19.25%, 0, 17, 3, 1184.60, 5130452
1712770167, 1, 1976, 14703, 13999, 4345, 19.25%, 0, 17, 3, 1125.82, 5136206
1712770172, 1, 1980, 14703, 13998, 4345, 19.25%, 0, 17, 3, 1230.23, 5142831
1712770177, 1, 1980, 14704, 13999, 4345, 19.25%, 0, 17, 3, 1169.91, 5148660
1712770182, 1, 1980, 14715, 14009, 4344, 19.25%, 0, 17, 3, 180.00, 5154713
1712770367, 1, 1984, 14733, 14026, 4344, 19.25%, 0, 17, 3, 1.09, 5159222
1712770377, 1, 1987, 14733, 14025, 4343, 19.25%, 0, 17, 3, 681.78, 5165486
1712770382, 1, 1989, 14733, 14024, 4342, 19.25%, 0, 17, 3, 857.01, 5169973
1712770387, 1, 1992, 14733, 14023, 4341, 19.25%, 0, 17, 3, 872.65, 5174333
1712770578, 1, 1995, 14733, 14022, 4340, 19.25%, 0, 17, 3, 0.66, 5181436
1712770588, 1, 1998, 14734, 14022, 4339, 19.26%, 0, 17, 3, 858.98, 5188416
1712770598, 1, 2000, 14734, 14021, 4339, 19.26%, 0, 17, 3, 52.02, 5196244
1712770604, 1, 2003, 14734, 14020, 4338, 19.26%, 0, 17, 3, 363.33, 5199310
1712770788, 1, 2003, 14734, 14020, 4338, 19.26%, 0, 18, 3, 0.09, 5203188
1712770793, 1, 2006, 14734, 14019, 4337, 19.26%, 0, 18, 3, 750.80, 5206766
1712770798, 1, 2007, 14734, 14018, 4336, 19.26%, 0, 18, 3, 677.21, 5210303
1712770808, 1, 2007, 14735, 14019, 4336, 19.26%, 0, 18, 3, 768.21, 5218008
1712770813, 1, 2010, 14735, 14018, 4336, 19.26%, 0, 18, 3, 864.11, 5222492
1712771003, 1, 2011, 14735, 14017, 4335, 19.26%, 0, 18, 3, 729.14, 5230367
1712771009, 1, 2014, 14735, 14016, 4334, 19.26%, 0, 18, 3, 918.88, 5235407
1712771014, 1, 2017, 14735, 14015, 4333, 19.26%, 0, 18, 3, 881.19, 5239299
1712771024, 1, 2020, 14735, 14014, 4332, 19.26%, 0, 18, 3, 763.13, 5246948
1712771214, 1, 2021, 14735, 14013, 4331, 19.26%, 0, 18, 3, 14.14, 5253967
1712771220, 1, 2021, 14736, 14014, 4331, 19.26%, 0, 18, 3, 801.18, 5256336
1712771235, 1, 2030, 14736, 14013, 4331, 19.26%, 0, 18, 3, 924.79, 5266765
1712771419, 1, 2031, 14737, 14013, 4330, 19.26%, 0, 18, 3, 0.44, 5270814
1712771429, 1, 2037, 14737, 14012, 4330, 19.26%, 0, 18, 3, 857.02, 5279091
1712771435, 1, 2038, 14737, 14011, 4329, 19.26%, 0, 18, 3, 780.98, 5283076
1712771445, 1, 2039, 14737, 14010, 4328, 19.26%, 0, 18, 3, 794.64, 5291026
1712771635, 1, 2041, 14737, 14009, 4327, 19.26%, 0, 18, 3, 603.45, 5295707
1712771646, 1, 2042, 14737, 14008, 4326, 19.26%, 0, 18, 3, 96.63, 5301674
1712771656, 1, 2044, 14737, 14007, 4325, 19.26%, 0, 18, 3, 1429.38, 5308050
1712771840, 1, 2044, 14738, 14008, 4325, 19.26%, 0, 18, 3, 0.51, 5311125
1712771855, 1, 2045, 14738, 14007, 4325, 19.26%, 0, 18, 3, 704.11, 5321801
1712771860, 1, 2048, 14738, 14006, 4324, 19.26%, 0, 18, 3, 798.58, 5325933
1712772055, 1, 2051, 14738, 14005, 4323, 19.26%, 0, 18, 3, 893.46, 5333880
1712772066, 1, 2053, 14738, 14004, 4322, 19.26%, 0, 18, 3, 730.00, 5340646
1712772071, 1, 2053, 14739, 14005, 4322, 19.26%, 0, 18, 3, 56.91, 5343574
