# unix_time, cycles_done, cur_path, paths_total, pending_total, pending_favs, map_size, unique_crashes, unique_hangs, max_depth, execs_per_sec
1712451509, 0, 0, 5, 5, 5, 1.24%, 0, 0, 1, 2105.26
1712451693, 0, 0, 115, 115, 5, 1.63%, 0, 0, 2, 0.87
1712451698, 0, 0, 178, 178, 5, 1.75%, 0, 0, 2, 664.84
1712451703, 0, 0, 194, 194, 5, 1.75%, 0, 0, 2, 660.85
1712451708, 0, 0, 204, 204, 5, 1.75%, 0, 0, 2, 697.30
1712451713, 0, 0, 206, 206, 5, 1.75%, 0, 0, 2, 696.03
1712451718, 0, 0, 216, 216, 5, 1.75%, 0, 0, 2, 710.41
1712451723, 0, 0, 220, 220, 5, 1.76%, 0, 0, 2, 715.56
1712455723, 0, 0, 220, 220, 5, 1.76%, 0, 1, 2, 0.02
1712455919, 0, 0, 224, 224, 5, 1.76%, 0, 1, 2, 668.57
1712456114, 0, 0, 227, 227, 5, 1.76%, 0, 1, 2, 0.16
1712456134, 0, 0, 230, 230, 5, 1.76%, 0, 1, 2, 647.75
1712456330, 0, 0, 232, 232, 5, 1.76%, 0, 1, 2, 632.73
1712456335, 0, 0, 245, 245, 5, 1.82%, 0, 1, 2, 661.32
1712456340, 0, 0, 248, 248, 5, 1.82%, 0, 1, 2, 751.30
1712456535, 0, 0, 249, 249, 5, 1.82%, 0, 1, 2, 0.39
1712456545, 0, 0, 250, 250, 5, 1.82%, 0, 1, 2, 710.78
1712456555, 0, 0, 252, 252, 5, 1.82%, 0, 1, 2, 719.24
1712456770, 0, 0, 253, 253, 5, 1.82%, 0, 1, 2, 725.84
1712456971, 0, 0, 254, 254, 5, 1.82%, 0, 1, 2, 711.09
1712457381, 0, 0, 255, 255, 5, 1.82%, 0, 1, 2, 674.39
1712457402, 0, 0, 256, 256, 5, 1.82%, 0, 1, 2, 645.39
1712457602, 0, 0, 257, 257, 5, 1.82%, 0, 1, 2, 665.92
1712457802, 0, 0, 261, 261, 5, 1.82%, 0, 1, 2, 699.12
1712457807, 0, 0, 264, 264, 5, 1.82%, 0, 1, 2, 685.52
1712457812, 0, 0, 301, 301, 5, 1.98%, 0, 1, 2, 721.97
1712457817, 0, 0, 333, 333, 5, 2.06%, 0, 1, 2, 736.52
1712457822, 0, 0, 335, 335, 5, 2.07%, 0, 1, 2, 703.80
1712459075, 0, 0, 338, 338, 5, 2.07%, 0, 1, 2, 1647.02
1712459106, 0, 0, 342, 342, 5, 2.08%, 0, 1, 2, 1645.99
1712459142, 0, 0, 343, 343, 5, 2.08%, 0, 1, 2, 1648.72
1712459198, 0, 0, 350, 350, 5, 2.11%, 0, 1, 2, 1630.75
1712459203, 0, 0, 379, 379, 5, 2.19%, 0, 1, 2, 1645.16
1712459208, 0, 0, 381, 381, 5, 2.19%, 0, 1, 2, 1648.37
1712459214, 0, 0, 385, 385, 5, 2.19%, 0, 1, 2, 1642.36
1712459234, 0, 0, 386, 386, 5, 2.19%, 0, 1, 2, 1634.38
1712459244, 0, 0, 390, 390, 5, 2.20%, 0, 1, 2, 1634.99
1712459332, 0, 0, 391, 391, 5, 2.20%, 0, 1, 2, 1629.41
1712459337, 0, 0, 401, 401, 5, 2.22%, 0, 1, 2, 1628.41
1712459358, 0, 0, 405, 405, 5, 2.22%, 0, 1, 2, 1632.64
1712459373, 0, 0, 408, 408, 5, 2.23%, 0, 1, 2, 1641.45
1712459389, 0, 0, 438, 438, 5, 2.38%, 0, 1, 2, 1708.44
1712459394, 0, 0, 453, 453, 5, 2.43%, 0, 1, 2, 1652.96
1712459399, 0, 0, 470, 470, 5, 2.47%, 0, 1, 2, 1641.29
1712459404, 0, 0, 480, 480, 5, 2.50%, 0, 1, 2, 1648.23
1712459409, 0, 0, 483, 483, 5, 2.52%, 0, 1, 2, 1634.55
1712459414, 0, 0, 486, 486, 5, 2.52%, 0, 1, 2, 1641.41
1712459430, 0, 0, 487, 487, 5, 2.52%, 0, 1, 2, 1643.19
1712459445, 0, 0, 488, 488, 5, 2.52%, 0, 1, 2, 1648.64
1712459465, 0, 0, 489, 489, 5, 2.52%, 0, 1, 2, 1636.59
1712459522, 0, 0, 490, 490, 5, 2.52%, 0, 1, 2, 1588.12
1712459573, 0, 0, 492, 492, 5, 2.52%, 0, 1, 2, 1591.90
1712459629, 0, 0, 493, 493, 5, 2.53%, 0, 1, 2, 1605.03
1712460127, 0, 0, 505, 505, 5, 2.54%, 0, 1, 2, 1609.12
1712460558, 0, 0, 506, 506, 5, 2.54%, 0, 1, 2, 1637.07
1712460758, 0, 0, 507, 507, 5, 2.54%, 0, 1, 2, 1624.53
1712460963, 0, 0, 508, 508, 5, 2.54%, 0, 1, 2, 1627.34
1712463900, 0, 0, 509, 509, 5, 2.54%, 0, 1, 2, 1623.79
1712464006, 0, 0, 510, 510, 5, 2.54%, 0, 1, 2, 1628.40
1712464062, 0, 0, 511, 511, 5, 2.54%, 0, 1, 2, 1626.08
1712464113, 0, 0, 512, 512, 5, 2.54%, 0, 1, 2, 1598.34
1712464528, 0, 0, 514, 514, 5, 2.55%, 0, 1, 2, 1.46
1712464949, 0, 0, 515, 515, 5, 2.55%, 0, 1, 2, 1.95
1712465164, 0, 0, 522, 522, 5, 2.59%, 0, 1, 2, 1632.46
1712465169, 0, 0, 543, 543, 5, 2.61%, 0, 1, 2, 1670.75
1712465175, 0, 0, 547, 547, 5, 2.62%, 0, 1, 2, 1671.39
1712465180, 0, 0, 549, 549, 5, 2.62%, 0, 1, 2, 1686.25
1712466226, 0, 0, 552, 552, 5, 2.62%, 0, 1, 2, 1653.79
1712466287, 0, 0, 553, 553, 5, 2.62%, 0, 1, 2, 1597.54
1712466318, 0, 0, 559, 559, 5, 2.62%, 0, 1, 2, 1622.20
1712466323, 0, 0, 564, 564, 5, 2.63%, 0, 1, 2, 1625.59
1712466353, 0, 0, 565, 565, 5, 2.63%, 0, 1, 2, 1620.29
1712466460, 0, 0, 567, 567, 5, 2.63%, 0, 1, 2, 1598.82
1712466500, 0, 0, 568, 568, 5, 2.63%, 0, 1, 2, 1604.84
1712466780, 0, 0, 570, 570, 5, 2.63%, 0, 1, 2, 1609.62
1712466785, 0, 0, 575, 575, 5, 2.64%, 0, 1, 2, 1651.19
1712466790, 0, 0, 579, 579, 5, 2.65%, 0, 1, 2, 1640.05
1712466795, 0, 0, 581, 581, 5, 2.65%, 0, 1, 2, 1656.77
1712467536, 0, 0, 593, 593, 5, 2.68%, 0, 1, 2, 1696.35
1712467541, 0, 0, 596, 596, 5, 2.68%, 0, 1, 2, 1767.04
1712467546, 0, 0, 602, 602, 5, 2.69%, 0, 1, 2, 1754.89
1712467561, 0, 0, 603, 603, 5, 2.69%, 0, 1, 2, 1636.84
1712467566, 0, 0, 604, 604, 5, 2.69%, 0, 1, 2, 1700.06
1712467571, 0, 0, 605, 605, 5, 2.69%, 0, 1, 2, 1713.17
1712467576, 0, 0, 606, 606, 5, 2.69%, 0, 1, 2, 1723.56
1712467586, 0, 0, 607, 607, 5, 2.69%, 0, 1, 2, 1672.84
1712467591, 0, 0, 608, 608, 5, 2.70%, 0, 1, 2, 1724.28
1712467596, 0, 0, 609, 609, 5, 2.70%, 0, 1, 2, 1679.36
1712467648, 0, 0, 610, 610, 5, 2.70%, 0, 1, 2, 1634.64
1712467693, 0, 0, 611, 611, 5, 2.70%, 0, 1, 2, 1612.44
1712467790, 0, 0, 612, 612, 5, 2.70%, 0, 1, 2, 1623.99
1712468059, 0, 0, 613, 613, 5, 2.70%, 0, 1, 2, 1634.15
1712468105, 0, 0, 614, 614, 5, 2.70%, 0, 1, 2, 1644.36
1712468539, 0, 0, 615, 615, 5, 2.70%, 0, 1, 2, 1658.17
1712468740, 0, 0, 616, 616, 5, 2.70%, 0, 1, 2, 1630.78
1712468745, 0, 0, 622, 622, 5, 2.72%, 0, 1, 2, 1653.15
1712468750, 0, 0, 684, 684, 5, 2.75%, 0, 1, 2, 1775.94
1712468755, 0, 0, 721, 721, 5, 2.79%, 0, 1, 2, 1981.10
1712468760, 0, 0, 750, 750, 5, 2.80%, 0, 1, 2, 2026.09
