# unix_time, cycles_done, cur_path, paths_total, pending_total, pending_favs, map_size, unique_crashes, unique_hangs, max_depth, execs_per_sec
1712685919, 0, 0, 5, 5, 5, 1.24%, 0, 0, 1, 2105.26
1712686103, 0, 0, 126, 126, 5, 1.61%, 0, 0, 2, 1.69
1712686108, 0, 0, 142, 142, 5, 1.69%, 0, 0, 2, 1276.14
1712686113, 0, 0, 164, 164, 5, 1.73%, 0, 0, 2, 1473.77
1712686118, 0, 0, 176, 176, 5, 1.74%, 0, 0, 2, 1558.01
1712686123, 0, 0, 181, 181, 5, 1.75%, 0, 0, 2, 1679.80
1712686128, 0, 0, 215, 215, 5, 1.95%, 0, 0, 2, 1621.73
1712690316, 0, 0, 231, 231, 5, 1.99%, 0, 0, 2, 1106.75
1712690331, 0, 0, 235, 235, 5, 1.99%, 0, 0, 2, 1599.98
1712690531, 0, 0, 239, 239, 5, 2.00%, 0, 0, 2, 1745.51
1712690536, 0, 0, 240, 240, 5, 2.00%, 0, 0, 2, 1747.26
1712691152, 0, 0, 242, 242, 5, 2.00%, 0, 0, 2, 0.23
1712691157, 0, 0, 259, 259, 5, 2.01%, 0, 0, 2, 1862.42
1712691162, 0, 0, 264, 264, 5, 2.02%, 0, 0, 2, 1990.69
1712691167, 0, 0, 273, 273, 5, 2.03%, 0, 0, 2, 1946.39
1712691172, 0, 0, 277, 277, 5, 2.03%, 0, 0, 2, 2008.49
1712691177, 0, 0, 283, 283, 5, 2.03%, 0, 0, 2, 1941.41
1712691362, 0, 0, 286, 286, 5, 2.04%, 0, 0, 2, 0.22
1712691367, 0, 0, 351, 351, 5, 2.05%, 0, 0, 2, 1819.56
1712691372, 0, 0, 397, 397, 5, 2.12%, 0, 0, 2, 1896.99
1712691378, 0, 0, 428, 428, 5, 2.16%, 0, 0, 2, 1946.06
1712691383, 0, 0, 448, 448, 5, 2.20%, 0, 0, 2, 1922.01
1712691388, 0, 0, 1196, 1195, 4, 6.65%, 0, 0, 2, 1503.49
1712691573, 0, 0, 1940, 1939, 4, 7.95%, 0, 0, 2, 1.40
1712691578, 0, 0, 2656, 2655, 4, 8.92%, 0, 0, 2, 1378.98
1712691583, 0, 0, 3366, 3365, 4, 9.66%, 0, 0, 2, 1381.82
1712691588, 0, 0, 4125, 4124, 4, 10.30%, 0, 0, 2, 1496.26
1712691593, 0, 0, 4819, 4818, 4, 10.90%, 0, 0, 2, 1374.55
1712691598, 0, 0, 5499, 5498, 4, 11.42%, 0, 0, 2, 1346.70
1712691783, 0, 11, 5598, 5593, 2604, 11.50%, 0, 1, 2, 1.65
1712691793, 0, 11, 5599, 5594, 2604, 11.50%, 0, 1, 3, 1524.62
1712691798, 0, 11, 5601, 5596, 2604, 11.50%, 0, 1, 3, 1560.48
1712691808, 0, 11, 5606, 5601, 2604, 11.50%, 0, 1, 3, 1598.81
1712691993, 0, 11, 5608, 5603, 2604, 11.50%, 0, 1, 3, 1.37
1712692018, 0, 74, 5608, 5598, 2601, 11.50%, 0, 1, 3, 1640.46
1712692204, 0, 74, 5609, 5599, 2601, 11.50%, 0, 1, 3, 0.89
1712694174, 0, 74, 5610, 5600, 2601, 11.50%, 0, 1, 3, 1683.38
1712694179, 0, 111, 5610, 5597, 2600, 11.50%, 0, 1, 3, 1621.71
1712694190, 0, 111, 5611, 5598, 2600, 11.50%, 0, 1, 3, 1620.08
1712694729, 0, 111, 5612, 5599, 2600, 11.50%, 0, 1, 3, 0.78
1712695360, 0, 111, 5612, 5599, 2600, 11.50%, 0, 2, 3, 1.12
1712695585, 0, 111, 5613, 5600, 2600, 11.50%, 0, 2, 3, 1464.58
1712695596, 0, 111, 5614, 5601, 2600, 11.50%, 0, 2, 3, 1431.13
1712695796, 0, 117, 5615, 5601, 2600, 11.50%, 0, 2, 3, 1389.03
1712695801, 0, 117, 5616, 5602, 2600, 11.50%, 0, 2, 3, 1463.83
1712695806, 0, 117, 5617, 5603, 2600, 11.50%, 0, 2, 3, 1407.20
1712696201, 0, 117, 5620, 5606, 2600, 11.51%, 0, 2, 3, 1.15
1712699378, 0, 117, 5621, 5607, 2600, 11.51%, 0, 2, 3, 1376.96
1712699383, 0, 144, 5624, 5606, 2597, 11.51%, 0, 2, 3, 1430.82
1712699573, 0, 144, 5625, 5607, 2597, 11.51%, 0, 2, 3, 970.42
1712699583, 0, 144, 5626, 5608, 2597, 11.51%, 0, 2, 3, 1273.41
1712702693, 0, 144, 5699, 5680, 2596, 11.85%, 0, 2, 3, 1594.35
1712702698, 0, 144, 6027, 6008, 2596, 12.45%, 0, 3, 3, 1031.72
1712702703, 0, 144, 6563, 6544, 2596, 12.91%, 0, 3, 3, 1044.66
1712702709, 0, 144, 6991, 6972, 2596, 13.19%, 0, 3, 3, 1058.29
1712702714, 0, 144, 7302, 7283, 2596, 13.43%, 0, 5, 3, 26.32
1712702719, 0, 144, 7622, 7603, 2596, 13.63%, 0, 5, 3, 1040.81
1712702724, 0, 144, 7736, 7717, 2596, 13.71%, 0, 8, 3, 26.39
1712702729, 0, 158, 7762, 7743, 3317, 13.72%, 0, 8, 3, 1307.02
1712703144, 0, 158, 7763, 7744, 3317, 13.72%, 0, 8, 3, 0.15
1712708204, 0, 211, 7763, 7731, 3306, 13.72%, 0, 8, 3, 1148.94
1712708209, 0, 254, 7763, 7722, 3297, 13.72%, 0, 8, 3, 1515.79
1712708219, 0, 254, 7764, 7723, 3297, 13.72%, 0, 8, 3, 1330.71
1712708430, 0, 254, 7765, 7724, 3297, 13.73%, 0, 8, 3, 1292.05
1712711776, 0, 254, 7766, 7725, 3297, 13.73%, 0, 8, 3, 1113.03
1712711787, 0, 254, 7767, 7726, 3297, 13.73%, 0, 8, 3, 1191.20
1712712002, 0, 276, 7767, 7722, 3295, 13.73%, 0, 8, 3, 1374.48
1712712412, 0, 276, 7768, 7723, 3295, 13.73%, 0, 8, 3, 1343.56
1712715578, 0, 316, 7768, 7720, 3291, 13.73%, 0, 8, 3, 1390.10
1712715779, 0, 326, 7768, 7719, 3289, 13.73%, 0, 8, 3, 936.58
1712716610, 0, 326, 8219, 8169, 3289, 15.35%, 0, 8, 3, 0.72
1712716615, 0, 326, 8513, 8463, 3289, 15.60%, 0, 8, 3, 547.63
1712716620, 0, 326, 8870, 8820, 3289, 15.85%, 0, 8, 3, 644.30
1712716625, 0, 326, 9408, 9358, 3289, 16.17%, 0, 8, 3, 948.34
1712716630, 0, 326, 9722, 9672, 3289, 16.33%, 0, 9, 3, 439.14
1712716635, 0, 343, 9739, 9689, 3985, 16.33%, 0, 9, 3, 868.86
1712716836, 0, 352, 9739, 9688, 3984, 16.33%, 0, 9, 3, 1151.34
1712716846, 0, 352, 9740, 9689, 3984, 16.34%, 0, 9, 3, 1209.60
1712717046, 0, 354, 9740, 9688, 3984, 16.34%, 0, 9, 3, 1225.44
1712717261, 0, 378, 9740, 9687, 3983, 16.34%, 0, 9, 3, 1272.01
1712717467, 0, 378, 9741, 9688, 3983, 16.34%, 0, 9, 3, 1151.50
1712717472, 0, 394, 9741, 9687, 3983, 16.34%, 0, 9, 3, 1284.58
1712719787, 0, 396, 9913, 9858, 4006, 16.41%, 0, 9, 3, 1150.23
1712719992, 0, 403, 9913, 9857, 4005, 16.41%, 0, 9, 3, 1098.84
1712720608, 0, 416, 9913, 9855, 4003, 16.41%, 0, 9, 3, 1.22
1712720633, 0, 423, 9913, 9854, 4001, 16.41%, 0, 9, 3, 1196.14
1712720843, 0, 430, 9913, 9853, 4000, 16.41%, 0, 9, 3, 1042.99
1712721049, 0, 431, 9913, 9852, 3999, 16.41%, 0, 9, 3, 1087.64
1712721259, 0, 431, 9916, 9855, 3999, 16.41%, 0, 9, 3, 1225.08
1712721454, 0, 434, 9916, 9854, 3998, 16.41%, 0, 9, 3, 1090.55
1712721470, 0, 434, 9917, 9855, 3998, 16.41%, 0, 9, 3, 1195.46
1712721475, 0, 439, 9917, 9854, 3997, 16.41%, 0, 9, 3, 1248.43
1712724204, 0, 439, 9918, 9855, 3997, 16.41%, 0, 9, 3, 1004.82
1712724394, 0, 446, 9918, 9854, 3996, 16.41%, 0, 9, 3, 0.24
1712724409, 0, 449, 9918, 9853, 3995, 16.41%, 0, 9, 3, 1139.45
1712724615, 0, 450, 10089, 10023, 4010, 16.47%, 0, 9, 3, 879.06
1712724830, 0, 451, 10090, 10023, 4009, 16.47%, 0, 9, 3, 1074.06
1712725051, 0, 453, 10091, 10023, 4009, 16.47%, 0, 9, 3, 1126.68
1712725241, 0, 453, 10092, 10024, 4009, 16.47%, 0, 9, 3, 225.03
1712725246, 0, 453, 10094, 10026, 4009, 16.47%, 0, 9, 3, 1147.02
1712725451, 0, 454, 10094, 10025, 4012, 16.47%, 0, 9, 3, 813.74
1712725456, 0, 454, 10095, 10026, 4012, 16.47%, 0, 9, 3, 903.25
1712725676, 0, 456, 10095, 10025, 4013, 16.47%, 0, 9, 3, 1082.65
1712725887, 0, 456, 10096, 10026, 4013, 16.47%, 0, 9, 3, 1111.24
1712725892, 0, 458, 10096, 10024, 4012, 16.47%, 0, 9, 3, 1205.89
1712727840, 0, 458, 10097, 10025, 4012, 16.47%, 0, 9, 3, 1323.52
1712727845, 0, 461, 10097, 10024, 4011, 16.47%, 0, 9, 3, 1313.04
1712727855, 0, 461, 10099, 10026, 4011, 16.48%, 0, 9, 3, 1270.64
1712727870, 0, 461, 10100, 10027, 4011, 16.48%, 0, 9, 3, 1314.82
1712727880, 0, 462, 10100, 10026, 4013, 16.48%, 0, 9, 3, 1276.84
1712727901, 0, 464, 10100, 10025, 4012, 16.48%, 0, 9, 3, 1445.21
1712727926, 0, 465, 10100, 10024, 4011, 16.48%, 0, 9, 3, 1475.02
1712727947, 0, 466, 10363, 10286, 4064, 16.59%, 0, 9, 3, 1240.79
1712727972, 0, 467, 10363, 10285, 4063, 16.59%, 0, 9, 3, 1332.31
1712728181, 0, 468, 10363, 10284, 4062, 16.59%, 0, 9, 3, 0.67
1712732393, 0, 469, 10363, 10283, 4061, 16.59%, 0, 9, 3, 911.69
1712732613, 0, 471, 10363, 10282, 4060, 16.59%, 0, 9, 3, 1061.58
1712732824, 0, 472, 10737, 10655, 4096, 16.68%, 0, 9, 3, 791.41
1712733019, 0, 472, 10737, 10655, 4096, 16.68%, 0, 10, 3, 1.16
1712733039, 0, 472, 10738, 10656, 4096, 16.68%, 0, 10, 3, 1257.53
1712733044, 0, 474, 10738, 10655, 4096, 16.68%, 0, 10, 3, 1247.90
1712733450, 0, 475, 10738, 10654, 4095, 16.68%, 0, 10, 3, 1008.02
1712733465, 0, 475, 10739, 10655, 4095, 16.68%, 0, 10, 3, 1180.06
1712733650, 0, 477, 10739, 10654, 4094, 16.68%, 0, 10, 3, 0.11
1712733881, 0, 481, 10739, 10653, 4093, 16.68%, 0, 10, 3, 1080.91
1712734091, 0, 481, 10740, 10654, 4093, 16.68%, 0, 10, 3, 1132.10
1712734296, 0, 481, 10741, 10655, 4093, 16.68%, 0, 10, 3, 1052.30
1712734301, 0, 482, 10741, 10654, 4091, 16.68%, 0, 10, 3, 1108.89
1712736600, 0, 482, 10743, 10656, 4091, 16.68%, 0, 10, 3, 997.15
1712736621, 0, 486, 10743, 10655, 4091, 16.68%, 0, 10, 3, 1151.25
1712737026, 0, 486, 10744, 10656, 4091, 16.68%, 0, 10, 3, 1070.07
1712737232, 0, 487, 10744, 10655, 4090, 16.68%, 0, 10, 3, 1155.47
1712737252, 0, 489, 10744, 10654, 4088, 16.68%, 0, 10, 3, 1282.14
1712737437, 0, 489, 10745, 10655, 4088, 16.69%, 0, 10, 3, 0.12
1712737447, 0, 489, 10746, 10656, 4088, 16.69%, 0, 10, 3, 1139.08
1712737452, 0, 489, 10748, 10658, 4088, 16.69%, 0, 10, 3, 1123.05
1712737457, 0, 494, 10748, 10657, 4090, 16.69%, 0, 10, 3, 1113.58
1712737664, 0, 494, 10884, 10792, 4089, 16.74%, 0, 12, 3, 57.31
1712737669, 0, 499, 10900, 10808, 4110, 16.75%, 0, 12, 3, 778.67
1712738073, 0, 505, 10900, 10806, 4108, 16.75%, 0, 12, 3, 961.35
1712738304, 0, 506, 10900, 10805, 4107, 16.75%, 0, 12, 3, 1223.18
1712738494, 0, 507, 10901, 10805, 4106, 16.75%, 0, 12, 3, 1121.43
1712741013, 0, 507, 10903, 10807, 4106, 16.75%, 0, 12, 3, 1.46
1712741029, 0, 508, 10903, 10806, 4106, 16.75%, 0, 12, 3, 1093.95
1712741434, 0, 508, 10972, 10874, 4105, 16.76%, 0, 12, 3, 0.23
1712741439, 0, 514, 11023, 10925, 4114, 16.78%, 0, 12, 3, 571.86
1712741650, 0, 516, 11023, 10923, 4112, 16.78%, 0, 12, 3, 959.62
1712745232, 0, 520, 11023, 10922, 4111, 16.78%, 0, 12, 3, 1049.30
1712745457, 0, 521, 11023, 10921, 4110, 16.78%, 0, 12, 3, 1211.42
1712745668, 0, 524, 11023, 10920, 4109, 16.78%, 0, 12, 3, 1157.04
1712745868, 0, 524, 11092, 10988, 4108, 17.15%, 0, 12, 3, 947.65
1712745873, 0, 524, 11589, 11485, 4108, 17.58%, 0, 12, 3, 896.96
1712745878, 0, 527, 11823, 11719, 4316, 17.65%, 0, 12, 3, 1071.18
1712746073, 0, 527, 11824, 11720, 4316, 17.65%, 0, 12, 3, 1243.10
1712746088, 0, 532, 11824, 11719, 4316, 17.65%, 0, 12, 3, 1036.31
1712746489, 0, 532, 11825, 11720, 4316, 17.66%, 0, 12, 3, 1111.96
1712746509, 0, 533, 11825, 11719, 4316, 17.66%, 0, 12, 3, 1093.50
1712746904, 0, 534, 11825, 11718, 4315, 17.66%, 0, 12, 3, 0.34
1712749239, 0, 535, 11825, 11717, 4314, 17.66%, 0, 12, 3, 1063.23
1712749449, 0, 535, 11826, 11718, 4314, 17.66%, 0, 12, 3, 979.81
1712749454, 0, 535, 11827, 11719, 4314, 17.66%, 0, 12, 3, 1097.24
1712750075, 0, 535, 11828, 11720, 4314, 17.66%, 0, 12, 3, 943.29
1712750296, 0, 541, 11972, 11863, 4326, 17.70%, 0, 12, 3, 965.93
1712750691, 0, 541, 11972, 11863, 4326, 17.70%, 0, 13, 3, 1.95
1712750902, 0, 543, 11972, 11862, 4325, 17.70%, 0, 13, 3, 0.35
1712751112, 0, 544, 11972, 11861, 4324, 17.70%, 0, 13, 3, 1.22
1712751137, 0, 544, 11973, 11862, 4324, 17.70%, 0, 13, 3, 1084.33
1712752951, 0, 545, 11973, 11861, 4323, 17.70%, 0, 13, 3, 1147.26
1712752986, 0, 546, 11973, 11860, 4322, 17.70%, 0, 13, 3, 1169.17
1712753032, 0, 550, 12130, 12016, 4326, 17.73%, 0, 13, 3, 1034.33
1712753062, 0, 553, 12131, 12016, 4325, 17.73%, 0, 13, 3, 1193.85
1712753067, 0, 553, 12132, 12017, 4325, 17.73%, 0, 13, 3, 1111.80
1712753118, 0, 553, 12133, 12018, 4325, 17.73%, 0, 13, 3, 1186.15
1712753128, 0, 553, 12134, 12019, 4325, 17.73%, 0, 13, 3, 1199.59
1712753133, 0, 557, 12136, 12020, 4326, 17.73%, 0, 13, 3, 1125.60
1712753164, 0, 557, 12139, 12023, 4326, 17.73%, 0, 13, 3, 1320.00
1712753204, 0, 557, 12140, 12024, 4326, 17.73%, 0, 13, 3, 1116.98
1712753230, 0, 564, 12140, 12023, 4327, 17.73%, 0, 13, 3, 1134.95
1712753432, 0, 568, 12140, 12022, 4326, 17.73%, 0, 13, 3, 1025.75
1712753657, 0, 569, 12140, 12021, 4325, 17.73%, 0, 13, 3, 1156.64
1712753862, 0, 570, 12140, 12020, 4324, 17.73%, 0, 13, 3, 1137.62
1712754273, 0, 579, 12140, 12019, 4323, 17.73%, 0, 13, 3, 1130.57
1712754494, 0, 579, 12141, 12020, 4323, 17.73%, 0, 13, 3, 1087.82
1712754499, 0, 581, 12141, 12019, 4323, 17.73%, 0, 13, 3, 988.05
1712755130, 0, 583, 12141, 12017, 4321, 17.73%, 0, 13, 3, 1229.11
1712757649, 0, 583, 12142, 12017, 4320, 17.73%, 0, 13, 3, 889.66
1712757654, 0, 590, 12181, 12056, 4324, 17.75%, 0, 13, 3, 936.87
1712757864, 0, 590, 12182, 12057, 4324, 17.75%, 0, 13, 3, 1002.02
1712757869, 0, 592, 12182, 12056, 4324, 17.75%, 0, 13, 3, 1131.30
1712758080, 0, 596, 12182, 12054, 4322, 17.75%, 0, 13, 3, 1131.88
1712758280, 0, 596, 12183, 12055, 4322, 17.75%, 0, 13, 3, 1017.65
1712758501, 0, 597, 12183, 12054, 4322, 17.75%, 0, 13, 3, 1100.39
1712758706, 0, 598, 12183, 12053, 4321, 17.75%, 0, 13, 3, 1057.91
1712758711, 0, 598, 12184, 12054, 4321, 17.75%, 0, 13, 3, 1075.30
1712758911, 0, 598, 12185, 12055, 4321, 17.75%, 0, 13, 3, 1137.81
1712759106, 0, 600, 12187, 12056, 4321, 17.75%, 0, 13, 3, 0.32
1712759122, 0, 600, 12190, 12059, 4321, 17.75%, 0, 13, 3, 1019.59
1712759322, 0, 601, 12190, 12058, 4322, 17.75%, 0, 13, 3, 1222.46
1712759553, 0, 603, 12190, 12057, 4321, 17.75%, 0, 13, 3, 1141.92
1712762267, 0, 604, 12190, 12056, 4320, 17.75%, 0, 13, 3, 943.19
1712762493, 0, 604, 12191, 12057, 4320, 17.75%, 0, 13, 3, 1033.90
1712762498, 0, 605, 12191, 12056, 4320, 17.75%, 0, 13, 3, 1064.04
1712762704, 0, 606, 12323, 12187, 4365, 17.83%, 0, 13, 3, 1041.19
1712762909, 0, 609, 12323, 12186, 4364, 17.83%, 0, 13, 3, 921.18
1712763119, 0, 611, 12324, 12186, 4363, 17.83%, 0, 13, 3, 973.12
1712763329, 0, 611, 12325, 12187, 4363, 17.84%, 0, 13, 3, 993.82
1712763334, 0, 615, 12325, 12186, 4364, 17.84%, 0, 13, 3, 1065.51
1712763339, 0, 615, 12327, 12188, 4364, 17.84%, 0, 13, 3, 1111.56
1712763740, 0, 621, 12327, 12187, 4363, 17.84%, 0, 13, 3, 1024.89
1712763765, 0, 624, 12327, 12186, 4362, 17.84%, 0, 13, 3, 1081.47
1712770262, 0, 624, 12328, 12187, 4362, 17.84%, 0, 13, 3, 536.81
1712770267, 0, 624, 12330, 12189, 4362, 17.84%, 0, 13, 3, 634.85
1712770849, 0, 624, 12336, 12195, 4362, 17.84%, 0, 13, 3, 1000.30
1712772503, 0, 624, 12337, 12196, 4362, 17.84%, 0, 13, 3, 892.67
