# unix_time, cycles_done, cur_path, paths_total, pending_total, pending_favs, map_size, unique_crashes, unique_hangs, max_depth, execs_per_sec
1712685943, 0, 0, 5, 5, 5, 1.24%, 0, 0, 1, 1904.76
1712686127, 0, 0, 55, 55, 5, 1.50%, 0, 0, 2, 0.81
1712686132, 0, 0, 70, 70, 5, 1.51%, 0, 0, 2, 1584.60
1712686137, 0, 0, 74, 74, 5, 1.53%, 0, 0, 2, 1773.64
1712686142, 0, 0, 84, 84, 5, 1.60%, 0, 0, 2, 1881.11
1712686147, 0, 0, 88, 88, 5, 1.61%, 0, 0, 2, 1891.34
1712686152, 0, 0, 91, 91, 5, 1.61%, 0, 0, 2, 1920.46
1712686157, 0, 0, 94, 94, 5, 1.62%, 0, 0, 2, 1946.90
1712690341, 0, 0, 96, 96, 5, 1.63%, 0, 0, 2, 1857.20
1712690346, 0, 0, 97, 97, 5, 1.63%, 0, 0, 2, 1923.41
1712690351, 0, 0, 102, 102, 5, 1.63%, 0, 0, 2, 2065.66
1712690356, 0, 0, 145, 145, 5, 1.86%, 0, 0, 2, 2011.41
1712690551, 0, 0, 147, 147, 5, 1.86%, 0, 0, 2, 1865.65
1712690966, 0, 0, 151, 151, 5, 1.98%, 0, 1, 2, 1.94
1712690972, 0, 0, 157, 157, 5, 1.98%, 0, 1, 2, 2059.78
1712690987, 0, 0, 158, 158, 5, 1.98%, 0, 1, 2, 2024.40
1712691192, 0, 0, 160, 160, 5, 1.99%, 0, 1, 2, 1974.76
1712691197, 0, 0, 167, 167, 5, 2.00%, 0, 1, 2, 1938.08
1712691407, 0, 0, 170, 170, 5, 2.00%, 0, 1, 2, 1889.04
1712691412, 0, 0, 176, 176, 5, 2.01%, 0, 1, 2, 1891.03
1712691823, 0, 0, 178, 178, 5, 2.02%, 0, 1, 2, 1928.24
1712691828, 0, 0, 179, 179, 5, 2.02%, 0, 1, 2, 1948.65
1712691833, 0, 0, 180, 180, 5, 2.02%, 0, 1, 2, 1938.12
1712692018, 0, 0, 245, 245, 5, 2.08%, 0, 1, 2, 1.82
1712692023, 0, 0, 277, 277, 5, 2.12%, 0, 1, 2, 2072.89
1712692028, 0, 0, 299, 299, 5, 2.14%, 0, 1, 2, 1902.84
1712692033, 0, 0, 689, 688, 4, 5.35%, 0, 1, 2, 1737.76
1712692038, 0, 0, 1556, 1555, 4, 7.72%, 0, 1, 2, 1625.89
1712692043, 0, 0, 2393, 2392, 4, 8.92%, 0, 1, 2, 1569.27
1712692228, 0, 0, 3181, 3180, 4, 9.87%, 0, 1, 2, 0.78
1712692234, 0, 0, 4032, 4031, 4, 10.77%, 0, 1, 2, 1618.96
1712692239, 0, 0, 4816, 4815, 4, 11.54%, 0, 1, 2, 1537.13
1712692244, 0, 0, 5575, 5574, 4, 12.16%, 0, 1, 2, 1490.80
1712692249, 0, 11, 5964, 5960, 3018, 12.47%, 0, 1, 2, 1441.00
1712694754, 0, 11, 5965, 5961, 3018, 12.47%, 0, 1, 3, 0.73
1712694779, 0, 11, 5972, 5968, 3018, 12.48%, 0, 1, 3, 1545.25
1712694969, 0, 11, 5974, 5970, 3018, 12.48%, 0, 1, 3, 1359.39
1712694974, 0, 31, 5974, 5967, 3018, 12.48%, 0, 1, 3, 1396.47
1712694979, 0, 34, 5975, 5967, 3017, 12.48%, 0, 1, 3, 1487.44
1712699397, 0, 39, 5975, 5966, 3017, 12.48%, 0, 1, 3, 1540.36
1712699402, 0, 39, 5976, 5967, 3017, 12.48%, 0, 1, 3, 1509.46
1712703800, 0, 80, 5976, 5964, 3016, 12.48%, 0, 1, 3, 1.03
1712703805, 0, 88, 5976, 5963, 3016, 12.48%, 0, 1, 3, 1417.91
1712703820, 0, 88, 5977, 5964, 3016, 12.48%, 0, 1, 3, 1440.85
1712703825, 0, 88, 5978, 5965, 3016, 12.48%, 0, 1, 3, 1475.78
1712704867, 0, 88, 5979, 5966, 3016, 12.48%, 0, 1, 3, 1453.93
1712707803, 0, 88, 5980, 5967, 3016, 12.48%, 0, 1, 3, 1339.73
1712708229, 0, 88, 5981, 5968, 3016, 12.48%, 0, 1, 3, 1421.68
1712708434, 0, 125, 5981, 5957, 3009, 12.48%, 0, 1, 3, 1397.60
1712708439, 0, 142, 5981, 5952, 3004, 12.48%, 0, 1, 3, 1795.02
1712708870, 0, 142, 5982, 5953, 3004, 12.48%, 0, 1, 3, 1368.35
1712715803, 0, 142, 5983, 5954, 3004, 12.48%, 0, 1, 3, 1402.44
1712716635, 0, 142, 6190, 6160, 3003, 13.25%, 1, 3, 3, 1.02
1712716640, 0, 142, 6665, 6635, 3003, 13.88%, 2, 4, 3, 1119.31
1712716645, 0, 142, 7117, 7087, 3003, 14.22%, 2, 5, 3, 1114.43
1712716651, 0, 142, 7656, 7626, 3003, 14.46%, 3, 6, 3, 126.87
1712716656, 0, 142, 8011, 7981, 3003, 14.67%, 3, 7, 3, 878.42
1712716661, 0, 142, 8464, 8434, 3003, 14.88%, 4, 8, 3, 1116.37
1712716845, 0, 142, 8644, 8614, 3003, 14.97%, 4, 9, 3, 0.53
1712716850, 0, 142, 9035, 9005, 3003, 15.14%, 5, 10, 3, 995.50
1712716855, 0, 148, 9049, 9019, 3724, 15.14%, 5, 10, 3, 1273.60
1712720021, 0, 148, 9050, 9020, 3724, 15.14%, 5, 10, 3, 1587.84
1712720211, 0, 148, 9050, 9020, 3724, 15.14%, 5, 11, 3, 0.64
1712724439, 0, 222, 9050, 9017, 3722, 15.14%, 5, 11, 3, 1474.39
1712724629, 0, 222, 9051, 9018, 3722, 15.14%, 5, 11, 3, 1.30
1712724635, 0, 222, 9052, 9019, 3722, 15.14%, 5, 11, 3, 1221.14
1712724640, 0, 226, 9052, 9018, 3723, 15.14%, 5, 11, 3, 1299.70
1712725070, 0, 226, 9053, 9019, 3723, 15.14%, 5, 11, 3, 1385.96
1712729068, 0, 228, 9053, 9018, 3723, 15.14%, 5, 11, 3, 1471.84
1712729073, 0, 228, 9054, 9019, 3723, 15.15%, 5, 11, 3, 1450.84
1712729268, 0, 228, 9055, 9020, 3723, 15.15%, 5, 11, 3, 1344.44
1712729273, 0, 229, 9055, 9019, 3724, 15.15%, 5, 11, 3, 1286.97
1712732418, 0, 229, 9103, 9066, 3723, 15.72%, 5, 11, 3, 1226.76
1712732424, 0, 229, 9705, 9668, 3723, 16.69%, 5, 12, 3, 19.63
1712732429, 0, 229, 10142, 10105, 3723, 16.98%, 5, 13, 3, 1077.63
1712732434, 0, 233, 10596, 10559, 4284, 17.20%, 5, 13, 3, 1172.38
1712732649, 0, 233, 10597, 10560, 4284, 17.20%, 5, 13, 3, 1247.61
1712732839, 0, 233, 10599, 10562, 4284, 17.20%, 5, 13, 3, 1179.61
1712732860, 0, 238, 10600, 10562, 4285, 17.20%, 5, 13, 3, 1261.90
1712733696, 0, 264, 10600, 10560, 4283, 17.20%, 5, 13, 3, 1418.52
1712733896, 0, 270, 10600, 10559, 4282, 17.20%, 5, 13, 3, 1394.57
1712734096, 0, 287, 10600, 10558, 4281, 17.20%, 5, 13, 3, 0.58
1712737467, 0, 291, 10681, 10638, 4300, 17.25%, 5, 13, 3, 1039.27
1712737488, 0, 312, 10681, 10637, 4299, 17.25%, 5, 13, 3, 1141.44
1712737883, 0, 315, 10681, 10636, 4298, 17.25%, 5, 13, 3, 1.60
1712738104, 0, 316, 10681, 10635, 4297, 17.25%, 5, 13, 3, 1275.04
1712738319, 0, 316, 10682, 10636, 4297, 17.25%, 5, 13, 3, 1109.88
1712738519, 0, 320, 10682, 10635, 4297, 17.25%, 5, 13, 3, 1104.74
1712740849, 0, 321, 10847, 10799, 4336, 17.42%, 5, 13, 3, 1074.84
1712741044, 0, 321, 10849, 10801, 4336, 17.42%, 5, 13, 3, 1087.80
1712741249, 0, 322, 10852, 10803, 4335, 17.43%, 5, 13, 3, 1.01
1712741260, 0, 322, 10854, 10805, 4335, 17.43%, 5, 13, 3, 1119.37
1712741670, 0, 331, 10855, 10805, 4339, 17.43%, 5, 13, 3, 0.27
1712741685, 0, 331, 10856, 10806, 4339, 17.44%, 5, 13, 3, 1124.35
1712741886, 0, 337, 10856, 10804, 4339, 17.44%, 5, 13, 3, 1217.72
1712742116, 0, 338, 10856, 10803, 4338, 17.44%, 5, 13, 3, 1172.93
1712742301, 0, 338, 10858, 10805, 4338, 17.44%, 5, 13, 3, 0.55
1712742306, 0, 338, 10860, 10807, 4338, 17.44%, 5, 13, 3, 1194.07
1712742311, 0, 338, 10861, 10808, 4338, 17.44%, 5, 13, 3, 1206.66
1712742317, 0, 338, 10862, 10809, 4338, 17.45%, 5, 13, 3, 1164.11
1712742322, 0, 338, 10864, 10811, 4338, 17.45%, 5, 13, 3, 1191.13
1712742327, 0, 339, 10864, 10810, 4345, 17.45%, 5, 13, 3, 1201.91
1712742517, 0, 339, 10865, 10811, 4345, 17.45%, 5, 13, 3, 1361.80
1712742532, 0, 341, 10865, 10810, 4345, 17.45%, 5, 13, 3, 1256.17
1712742727, 0, 343, 10865, 10809, 4344, 17.45%, 5, 13, 3, 1256.47
1712742742, 0, 343, 10866, 10810, 4344, 17.45%, 5, 13, 3, 1288.82
1712744828, 0, 345, 10866, 10809, 4344, 17.45%, 5, 13, 3, 1208.84
1712744854, 0, 348, 10866, 10808, 4344, 17.45%, 5, 13, 3, 1225.78
1712745052, 0, 348, 10867, 10809, 4344, 17.45%, 5, 13, 3, 1249.15
1712745247, 0, 348, 11158, 11099, 4343, 17.77%, 5, 13, 3, 0.52
1712745252, 0, 350, 11487, 11428, 4459, 17.91%, 5, 13, 3, 829.68
1712745257, 0, 350, 11488, 11429, 4459, 17.91%, 5, 13, 3, 998.72
1712745458, 0, 351, 11488, 11428, 4459, 17.91%, 5, 13, 3, 0.28
1712745668, 0, 353, 11488, 11427, 4458, 17.91%, 5, 13, 3, 1.01
1712745878, 0, 355, 11488, 11426, 4457, 17.91%, 5, 13, 3, 0.67
1712746094, 0, 356, 11488, 11425, 4456, 17.91%, 5, 13, 3, 1192.60
1712746304, 0, 357, 11488, 11424, 4455, 17.91%, 5, 13, 3, 1091.48
1712746520, 0, 357, 11490, 11426, 4455, 17.91%, 5, 13, 3, 1291.60
1712746535, 0, 359, 11490, 11425, 4455, 17.91%, 5, 13, 3, 1223.66
1712746735, 0, 360, 11490, 11424, 4454, 17.91%, 5, 13, 3, 1264.47
1712749265, 0, 367, 11490, 11423, 4453, 17.91%, 5, 13, 3, 1204.71
1712749465, 0, 367, 11491, 11424, 4453, 17.91%, 5, 13, 3, 1107.29
1712749681, 0, 368, 11491, 11423, 4453, 17.91%, 5, 13, 3, 1180.36
1712750091, 0, 368, 11519, 11450, 4452, 17.94%, 5, 13, 3, 1068.76
1712750096, 0, 370, 11815, 11746, 4479, 18.02%, 5, 13, 3, 1006.85
1712750522, 0, 374, 11815, 11745, 4478, 18.02%, 5, 13, 3, 1161.57
1712750722, 0, 374, 11816, 11746, 4478, 18.02%, 5, 13, 3, 1096.00
1712750727, 0, 376, 11816, 11745, 4477, 18.02%, 5, 13, 3, 1108.79
1712750938, 0, 379, 11816, 11744, 4476, 18.02%, 5, 13, 3, 1092.07
1712750953, 0, 379, 11817, 11745, 4476, 18.02%, 5, 13, 3, 1164.95
1712751153, 0, 387, 11817, 11744, 4476, 18.02%, 5, 13, 3, 1200.76
1712753462, 0, 388, 11929, 11855, 4474, 18.05%, 5, 13, 3, 1237.33
1712753667, 0, 388, 11930, 11856, 4474, 18.05%, 5, 13, 3, 1051.46
1712753682, 0, 389, 11930, 11855, 4473, 18.05%, 5, 13, 3, 1302.42
1712753893, 0, 390, 11930, 11854, 4472, 18.05%, 5, 13, 3, 1142.46
1712754298, 0, 392, 11930, 11853, 4471, 18.05%, 5, 13, 3, 1080.80
1712754529, 0, 393, 11930, 11852, 4470, 18.05%, 5, 13, 3, 1135.32
1712754934, 0, 394, 11930, 11851, 4469, 18.05%, 5, 13, 3, 1200.15
1712754949, 0, 394, 11932, 11853, 4469, 18.05%, 5, 13, 3, 1290.51
1712755139, 0, 398, 11932, 11852, 4470, 18.05%, 5, 13, 3, 1393.60
1712755150, 0, 398, 11933, 11853, 4470, 18.05%, 5, 13, 3, 1185.65
1712755345, 0, 399, 11933, 11852, 4470, 18.05%, 5, 13, 3, 0.40
1712756554, 0, 400, 11933, 11851, 4469, 18.05%, 5, 13, 3, 1359.01
1712756660, 0, 405, 11933, 11850, 4468, 18.05%, 5, 13, 3, 1372.88
1712756680, 0, 405, 11934, 11851, 4468, 18.05%, 5, 13, 3, 1280.79
1712756690, 0, 408, 12085, 12001, 4494, 18.10%, 6, 13, 3, 1218.85
1712756726, 0, 411, 12085, 12000, 4493, 18.10%, 6, 13, 3, 1333.01
1712756761, 0, 417, 12085, 11999, 4492, 18.10%, 6, 13, 3, 1239.99
1712756786, 0, 418, 12085, 11998, 4491, 18.10%, 6, 13, 3, 1151.77
1712756812, 0, 420, 12085, 11997, 4490, 18.10%, 6, 13, 3, 1458.87
1712756847, 0, 427, 12085, 11996, 4489, 18.10%, 6, 13, 3, 1292.71
1712756893, 0, 430, 12085, 11995, 4488, 18.10%, 6, 13, 3, 1358.24
1712756908, 0, 430, 12086, 11996, 4488, 18.11%, 6, 13, 3, 1226.75
1712756919, 0, 431, 12086, 11995, 4488, 18.11%, 6, 13, 3, 1361.14
1712756939, 0, 433, 12086, 11994, 4487, 18.11%, 6, 13, 3, 1317.01
1712756944, 0, 433, 12087, 11995, 4487, 18.11%, 6, 13, 3, 1221.18
1712756964, 0, 435, 12087, 11994, 4487, 18.11%, 6, 13, 3, 1397.13
1712756979, 0, 435, 12088, 11995, 4487, 18.11%, 6, 13, 3, 1166.65
1712756989, 0, 437, 12088, 11994, 4487, 18.11%, 6, 13, 3, 1459.72
1712757685, 0, 439, 12088, 11993, 4486, 18.11%, 6, 13, 3, 1170.40
1712758295, 0, 442, 12088, 11992, 4485, 18.11%, 6, 13, 3, 1076.55
1712758316, 0, 444, 12088, 11991, 4484, 18.11%, 6, 13, 3, 1213.82
1712759137, 0, 448, 12088, 11990, 4482, 18.11%, 6, 13, 3, 978.05
1712759342, 0, 448, 12089, 11991, 4482, 18.11%, 6, 13, 3, 0.13
1712759357, 0, 453, 12105, 12006, 4479, 18.11%, 6, 13, 3, 1188.05
1712759573, 0, 457, 12105, 12005, 4478, 18.11%, 6, 13, 3, 1073.11
1712759578, 0, 457, 12106, 12006, 4478, 18.11%, 6, 13, 3, 1073.03
1712761423, 0, 457, 12106, 12006, 4478, 18.11%, 6, 14, 3, 0.12
1712761439, 0, 461, 12106, 12005, 4478, 18.11%, 6, 14, 3, 1282.13
1712761474, 0, 462, 12106, 12004, 4477, 18.11%, 6, 14, 3, 956.66
1712761504, 0, 464, 12106, 12003, 4476, 18.11%, 6, 14, 3, 959.24
1712761560, 0, 467, 12354, 12250, 4491, 18.18%, 6, 14, 3, 713.57
1712761565, 0, 467, 12357, 12253, 4491, 18.18%, 6, 14, 3, 853.29
1712761570, 0, 467, 12358, 12254, 4491, 18.18%, 6, 14, 3, 932.90
1712761580, 0, 467, 12361, 12257, 4491, 18.18%, 6, 14, 3, 894.75
1712761606, 0, 472, 12361, 12256, 4493, 18.18%, 6, 14, 3, 1092.04
1712761636, 0, 475, 12361, 12255, 4492, 18.18%, 6, 14, 3, 1128.00
1712761666, 0, 477, 12362, 12255, 4491, 18.18%, 6, 14, 3, 1154.88
1712761872, 0, 477, 12363, 12256, 4491, 18.18%, 6, 14, 3, 1006.56
1712761877, 0, 483, 12363, 12254, 4489, 18.18%, 6, 14, 3, 1079.88
1712762082, 0, 485, 12363, 12253, 4488, 18.18%, 6, 14, 3, 988.63
1712762294, 0, 486, 12363, 12252, 4487, 18.18%, 6, 14, 3, 902.33
1712762519, 0, 490, 12363, 12251, 4486, 18.18%, 6, 14, 3, 1354.27
1712762714, 0, 490, 12364, 12252, 4486, 18.19%, 6, 14, 3, 1102.80
1712762920, 0, 492, 12364, 12251, 4486, 18.19%, 6, 14, 3, 0.69
1712762930, 0, 494, 12364, 12250, 4485, 18.19%, 6, 14, 3, 1084.57
1712762945, 0, 497, 12364, 12249, 4484, 18.19%, 6, 14, 3, 1231.29
1712763145, 0, 502, 12365, 12249, 4484, 18.19%, 6, 14, 3, 1099.45
1712763341, 0, 502, 12366, 12250, 4484, 18.19%, 6, 14, 3, 0.80
1712763776, 0, 504, 12366, 12249, 4484, 18.19%, 6, 14, 3, 1100.64
1712763792, 0, 505, 12368, 12250, 4483, 18.19%, 6, 14, 3, 1154.86
1712766285, 0, 505, 12369, 12251, 4483, 18.19%, 6, 14, 3, 0.38
1712766290, 0, 512, 12369, 12250, 4483, 18.19%, 6, 14, 3, 976.28
1712766500, 0, 516, 12427, 12307, 4490, 18.20%, 6, 14, 3, 723.88
1712766721, 0, 519, 12427, 12306, 4489, 18.20%, 6, 14, 3, 1084.04
1712766931, 0, 519, 12428, 12307, 4489, 18.20%, 6, 14, 3, 1041.37
1712767127, 0, 524, 12429, 12307, 4489, 18.20%, 6, 14, 3, 0.40
1712767147, 0, 524, 12430, 12308, 4489, 18.20%, 6, 14, 3, 1111.72
1712767347, 0, 526, 12430, 12307, 4489, 18.20%, 6, 14, 3, 1063.93
1712767352, 0, 530, 12430, 12306, 4488, 18.20%, 6, 14, 3, 1171.24
1712767552, 0, 537, 12430, 12305, 4487, 18.20%, 6, 14, 3, 958.72
1712767568, 0, 537, 12432, 12307, 4487, 18.21%, 6, 14, 3, 1168.53
1712767758, 0, 538, 12432, 12306, 4488, 18.21%, 6, 14, 3, 1.27
1712767968, 0, 538, 12432, 12306, 4488, 18.21%, 6, 15, 3, 0.24
1712767978, 0, 550, 12432, 12304, 4486, 18.21%, 6, 15, 3, 1161.04
1712770297, 0, 550, 12434, 12306, 4486, 18.21%, 6, 15, 3, 874.62
1712770713, 0, 551, 12434, 12305, 4485, 18.21%, 6, 15, 3, 887.27
1712771129, 0, 561, 12434, 12303, 4483, 18.21%, 6, 15, 3, 908.28
1712771755, 0, 567, 12434, 12302, 4482, 18.21%, 6, 15, 3, 1.28
1712771760, 0, 567, 12438, 12306, 4482, 18.21%, 6, 15, 3, 904.75
1712771765, 0, 567, 12439, 12307, 4482, 18.21%, 6, 15, 3, 947.02
1712771965, 0, 567, 12445, 12313, 4482, 18.22%, 6, 15, 3, 0.24
1712771986, 0, 567, 12446, 12314, 4482, 18.22%, 6, 15, 3, 1029.53
1712771991, 0, 569, 12510, 12377, 4489, 18.23%, 6, 15, 3, 1001.81
1712772211, 0, 575, 12510, 12376, 4488, 18.23%, 6, 15, 3, 1070.36
1712772252, 0, 576, 12510, 12375, 4487, 18.23%, 6, 15, 3, 1078.80
1712772302, 0, 577, 12510, 12374, 4486, 18.23%, 6, 15, 3, 1245.85
1712772327, 0, 577, 12511, 12375, 4486, 18.23%, 6, 15, 3, 1153.23
1712772332, 0, 581, 12511, 12374, 4486, 18.23%, 6, 15, 3, 1102.08
1712772353, 0, 583, 12582, 12444, 4485, 18.24%, 6, 15, 3, 1111.96
1712772388, 0, 585, 12582, 12443, 4484, 18.24%, 6, 15, 3, 1106.98
1712772423, 0, 586, 12582, 12442, 4483, 18.24%, 6, 15, 3, 1131.72
1712772428, 0, 586, 12583, 12443, 4483, 18.24%, 6, 15, 3, 1170.39
1712772454, 0, 586, 12584, 12444, 4483, 18.24%, 6, 15, 3, 1109.70
1712772500, 0, 587, 12584, 12443, 4483, 18.24%, 6, 15, 3, 931.93
1712772515, 0, 587, 12585, 12444, 4483, 18.24%, 6, 15, 3, 1030.62
1712772561, 0, 597, 12585, 12443, 4484, 18.24%, 6, 15, 3, 1082.70
1712772601, 0, 603, 12585, 12442, 4483, 18.24%, 6, 15, 3, 1058.30
