# unix_time, cycles_done, cur_path, paths_total, pending_total, pending_favs, map_size, unique_crashes, unique_hangs, max_depth, execs_per_sec
1712686023, 0, 0, 5, 5, 5, 1.24%, 0, 0, 1, 2352.94
1712686207, 0, 0, 58, 58, 5, 1.56%, 0, 0, 2, 0.46
1712686212, 0, 0, 85, 85, 5, 1.70%, 0, 0, 2, 2112.98
1712686217, 0, 0, 95, 95, 5, 1.75%, 0, 0, 2, 2080.57
1712686232, 0, 0, 106, 106, 5, 1.77%, 0, 0, 2, 2125.59
1712686237, 0, 0, 110, 110, 5, 1.78%, 0, 0, 2, 2078.92
1712690416, 0, 0, 111, 111, 5, 1.78%, 0, 0, 2, 1.27
1712690431, 0, 0, 132, 132, 5, 1.81%, 0, 0, 2, 1827.27
1712690436, 0, 0, 138, 138, 5, 1.82%, 0, 0, 2, 1953.07
1712690441, 0, 0, 148, 148, 5, 1.83%, 0, 0, 2, 2015.52
1712690626, 0, 0, 575, 574, 4, 5.56%, 0, 0, 2, 0.15
1712690631, 0, 0, 1442, 1441, 4, 7.87%, 0, 0, 2, 1569.84
1712690636, 0, 0, 2248, 2247, 4, 9.23%, 0, 0, 2, 1526.94
1712690641, 0, 0, 3040, 3039, 4, 10.14%, 0, 0, 2, 1524.89
1712690646, 0, 0, 3747, 3746, 4, 10.84%, 0, 0, 2, 1369.33
1712690651, 0, 0, 4486, 4485, 4, 11.58%, 0, 0, 2, 1428.34
1712690836, 0, 0, 5181, 5180, 4, 12.24%, 0, 0, 2, 0.90
1712690841, 0, 53, 5571, 5563, 2762, 12.58%, 0, 0, 2, 1424.58
1712690846, 0, 53, 5572, 5564, 2762, 12.58%, 0, 0, 3, 1503.90
1712690857, 0, 91, 5572, 5548, 2747, 12.58%, 0, 0, 3, 1700.40
1712694623, 0, 91, 5572, 5548, 2747, 12.58%, 0, 1, 3, 0.53
1712694633, 0, 140, 5572, 5543, 2742, 12.58%, 0, 1, 3, 1455.33
1712694648, 0, 142, 5572, 5542, 2741, 12.58%, 0, 1, 3, 1490.98
1712694833, 0, 142, 5572, 5542, 2741, 12.58%, 0, 2, 3, 0.47
1712694843, 0, 147, 5572, 5540, 2739, 12.58%, 0, 2, 3, 1525.24
1712694858, 0, 147, 5600, 5567, 2739, 12.75%, 0, 2, 3, 1468.09
1712695043, 0, 147, 6316, 6283, 2739, 14.05%, 0, 2, 3, 1.07
1712695049, 0, 147, 6981, 6948, 2739, 14.61%, 0, 2, 3, 1213.28
1712695054, 0, 147, 7641, 7608, 2739, 15.12%, 0, 2, 3, 1228.58
1712695059, 0, 147, 8158, 8125, 2739, 15.48%, 0, 2, 3, 1011.47
1712695064, 0, 153, 8201, 8168, 3835, 15.51%, 0, 2, 3, 1115.88
1712695259, 0, 153, 8202, 8169, 3835, 15.51%, 0, 2, 3, 1309.77
1712695264, 0, 153, 8203, 8170, 3835, 15.51%, 0, 2, 3, 1472.40
1712695274, 0, 155, 8203, 8169, 3834, 15.51%, 0, 2, 3, 1385.29
1712695469, 0, 158, 8203, 8168, 3833, 15.51%, 0, 2, 3, 1345.41
1712695485, 0, 158, 8205, 8170, 3833, 15.52%, 0, 2, 3, 1216.35
1712695490, 0, 161, 8205, 8169, 3833, 15.52%, 0, 2, 3, 1377.45
1712695674, 0, 161, 8206, 8170, 3833, 15.52%, 0, 2, 3, 0.15
1712695690, 0, 161, 8208, 8172, 3833, 15.52%, 0, 2, 3, 1378.03
1712695700, 0, 163, 8208, 8171, 3835, 15.52%, 0, 2, 3, 1350.24
1712695900, 0, 168, 8208, 8169, 3834, 15.52%, 0, 2, 3, 1230.15
1712696121, 0, 171, 8208, 8168, 3833, 15.52%, 0, 2, 3, 1343.65
1712696321, 0, 172, 8208, 8167, 3832, 15.52%, 0, 2, 3, 1414.00
1712696331, 0, 176, 8209, 8167, 3832, 15.52%, 0, 2, 3, 1460.39
1712696516, 0, 176, 8210, 8168, 3832, 15.52%, 0, 2, 3, 0.60
1712700729, 0, 176, 8211, 8169, 3832, 15.52%, 0, 2, 3, 1482.40
1712700734, 0, 176, 8212, 8170, 3832, 15.52%, 0, 2, 3, 1428.44
1712700739, 0, 176, 8213, 8171, 3832, 15.52%, 0, 2, 3, 1477.72
1712703900, 0, 176, 8214, 8172, 3832, 15.52%, 0, 2, 3, 1114.73
1712704316, 0, 176, 8219, 8177, 3832, 15.52%, 0, 2, 3, 1183.83
1712711691, 0, 176, 8220, 8178, 3832, 15.52%, 0, 2, 3, 1282.77
1712712523, 0, 176, 8221, 8179, 3832, 15.52%, 0, 2, 3, 1218.38
1712712728, 0, 177, 8221, 8178, 3831, 15.52%, 0, 2, 3, 1212.96
1712712928, 0, 177, 8222, 8179, 3831, 15.52%, 0, 2, 3, 0.09
1712712933, 0, 177, 8399, 8355, 3830, 16.26%, 0, 2, 3, 1192.03
1712712938, 0, 177, 8895, 8851, 3830, 16.88%, 0, 2, 3, 1007.93
1712712943, 0, 177, 9413, 9369, 3830, 17.27%, 0, 2, 3, 1026.82
1712712948, 0, 177, 9961, 9917, 3830, 17.53%, 0, 2, 3, 1089.70
1712712954, 0, 177, 10508, 10464, 3830, 17.76%, 0, 2, 3, 1114.34
1712713139, 0, 178, 10539, 10495, 4491, 17.77%, 0, 2, 3, 1.27
1712713349, 0, 179, 10539, 10494, 4490, 17.77%, 0, 2, 3, 0.15
1712713364, 0, 181, 10539, 10493, 4489, 17.77%, 0, 2, 3, 1449.02
1712716090, 0, 186, 10539, 10492, 4488, 17.77%, 0, 2, 3, 1170.12
1712716300, 0, 187, 10539, 10491, 4487, 17.77%, 0, 2, 3, 1276.86
1712716321, 0, 187, 10540, 10492, 4487, 17.77%, 0, 2, 3, 1237.93
1712716510, 0, 188, 10722, 10673, 4506, 17.84%, 0, 2, 3, 1141.80
1712716716, 0, 191, 10722, 10672, 4505, 17.84%, 0, 2, 3, 1.40
1712716741, 0, 195, 10722, 10671, 4504, 17.84%, 0, 2, 3, 1175.51
1712716951, 0, 196, 10722, 10670, 4503, 17.84%, 0, 2, 3, 1249.97
1712717156, 0, 198, 10722, 10669, 4502, 17.84%, 0, 2, 3, 1207.70
1712717372, 0, 198, 10723, 10670, 4502, 17.84%, 0, 2, 3, 1332.50
1712717572, 0, 206, 10723, 10669, 4502, 17.84%, 0, 2, 3, 1391.56
1712717587, 0, 206, 10725, 10671, 4502, 17.84%, 0, 2, 3, 1241.25
1712719621, 0, 213, 10725, 10669, 4502, 17.84%, 0, 2, 3, 1656.25
1712719646, 0, 219, 10725, 10668, 4501, 17.84%, 0, 2, 3, 1464.05
1712719651, 0, 219, 10726, 10669, 4501, 17.84%, 0, 2, 3, 1326.38
1712719677, 0, 220, 10726, 10668, 4501, 17.84%, 0, 2, 3, 1163.17
1712719892, 0, 221, 10726, 10667, 4500, 17.84%, 0, 2, 3, 980.06
1712720098, 0, 221, 10785, 10725, 4499, 17.89%, 0, 4, 3, 57.59
1712720103, 0, 226, 11111, 11050, 4581, 18.04%, 0, 4, 3, 1117.65
1712720303, 0, 226, 11114, 11053, 4581, 18.05%, 0, 4, 3, 1227.15
1712720313, 0, 227, 11114, 11052, 4583, 18.05%, 0, 4, 3, 1037.09
1712720523, 0, 231, 11114, 11051, 4582, 18.05%, 0, 4, 3, 1151.55
1712724301, 0, 232, 11114, 11050, 4581, 18.05%, 0, 4, 3, 1010.97
1712724516, 0, 233, 11114, 11049, 4581, 18.05%, 0, 4, 3, 1024.59
1712724721, 0, 233, 11560, 11494, 4580, 18.29%, 0, 4, 3, 936.56
1712724726, 0, 234, 11639, 11573, 4668, 18.31%, 0, 4, 3, 970.21
1712724927, 0, 235, 11639, 11572, 4667, 18.31%, 0, 4, 3, 1219.68
1712725132, 0, 237, 11639, 11571, 4666, 18.31%, 0, 4, 3, 0.24
1712725157, 0, 238, 11639, 11570, 4665, 18.31%, 0, 4, 3, 1068.90
1712725362, 0, 240, 11640, 11570, 4664, 18.31%, 0, 4, 3, 990.76
1712725768, 0, 245, 11640, 11569, 4663, 18.31%, 0, 4, 3, 1231.00
1712725973, 0, 246, 11640, 11568, 4662, 18.31%, 0, 4, 3, 0.64
1712725999, 0, 249, 11640, 11567, 4661, 18.31%, 0, 4, 3, 1334.34
1712728508, 0, 250, 11640, 11566, 4660, 18.31%, 0, 4, 3, 1254.06
1712728713, 0, 253, 11640, 11565, 4660, 18.31%, 0, 4, 3, 1220.03
1712729129, 0, 254, 11718, 11642, 4669, 18.33%, 0, 4, 3, 0.77
1712729139, 0, 254, 11720, 11644, 4669, 18.34%, 0, 4, 3, 1296.15
1712729144, 0, 254, 11721, 11645, 4669, 18.34%, 0, 4, 3, 1170.27
1712729154, 0, 258, 11721, 11644, 4671, 18.34%, 0, 4, 3, 1219.87
1712729364, 0, 266, 11721, 11643, 4670, 18.34%, 0, 4, 3, 1227.87
1712729575, 0, 272, 11721, 11641, 4668, 18.34%, 0, 4, 3, 1226.93
1712729975, 0, 277, 11721, 11640, 4667, 18.34%, 0, 4, 3, 1194.06
1712729995, 0, 278, 11721, 11639, 4666, 18.34%, 0, 4, 3, 1176.65
1712730211, 0, 284, 11721, 11638, 4665, 18.34%, 0, 4, 3, 1403.22
1712731303, 0, 290, 11721, 11637, 4664, 18.34%, 0, 4, 3, 1085.56
1712731339, 0, 298, 11721, 11636, 4663, 18.34%, 0, 4, 3, 1027.80
1712731364, 0, 298, 11722, 11637, 4663, 18.34%, 0, 4, 3, 1062.16
1712731379, 0, 299, 11722, 11636, 4663, 18.34%, 0, 4, 3, 1092.55
1712731420, 0, 299, 11723, 11637, 4663, 18.34%, 0, 4, 3, 1071.42
1712731430, 0, 300, 11893, 11806, 4679, 18.38%, 1, 4, 3, 898.31
1712731445, 0, 300, 11895, 11808, 4679, 18.38%, 1, 4, 3, 1004.35
1712731471, 0, 306, 11895, 11807, 4680, 18.38%, 1, 4, 3, 1126.98
1712731501, 0, 309, 11895, 11806, 4679, 18.38%, 1, 4, 3, 1069.07
1712731536, 0, 313, 11895, 11805, 4678, 18.38%, 1, 4, 3, 1091.37
1712731577, 0, 315, 11895, 11804, 4677, 18.38%, 1, 4, 3, 1110.68
1712731602, 0, 315, 11896, 11805, 4677, 18.38%, 1, 4, 3, 1047.06
1712731612, 0, 323, 11896, 11804, 4677, 18.38%, 1, 4, 3, 1090.68
1712731638, 0, 325, 11896, 11803, 4676, 18.38%, 1, 4, 3, 1105.26
1712731653, 0, 334, 11896, 11800, 4672, 18.38%, 1, 4, 3, 1124.35
1712731678, 0, 335, 11896, 11799, 4672, 18.38%, 1, 4, 3, 1057.54
1712731719, 0, 339, 11896, 11797, 4670, 18.38%, 1, 4, 3, 1094.99
1712731724, 0, 339, 11897, 11798, 4670, 18.38%, 1, 4, 3, 1075.83
1712731754, 0, 344, 11897, 11797, 4669, 18.38%, 1, 4, 3, 1124.28
1712731790, 0, 346, 11897, 11796, 4668, 18.38%, 1, 4, 3, 1181.00
1712731846, 0, 350, 11897, 11795, 4667, 18.38%, 1, 4, 3, 1160.82
1712731871, 0, 352, 11897, 11794, 4666, 18.38%, 1, 4, 3, 923.05
1712731876, 0, 352, 11898, 11795, 4666, 18.38%, 1, 4, 3, 984.29
1712732510, 0, 352, 11899, 11796, 4666, 18.38%, 1, 4, 3, 1124.91
1712732515, 0, 353, 11899, 11795, 4664, 18.38%, 1, 4, 3, 1155.31
1712732915, 0, 356, 11957, 11852, 4669, 18.40%, 1, 4, 3, 1.28
1712733126, 0, 358, 11957, 11850, 4667, 18.40%, 1, 4, 3, 0.28
1712733336, 0, 360, 11957, 11848, 4665, 18.40%, 1, 4, 3, 0.13
1712733551, 0, 360, 11958, 11849, 4665, 18.40%, 1, 4, 3, 1110.95
1712733562, 0, 361, 11958, 11848, 4665, 18.40%, 1, 4, 3, 1040.29
1712733767, 0, 368, 11958, 11847, 4664, 18.40%, 1, 4, 3, 1191.82
1712733972, 0, 372, 11958, 11846, 4663, 18.40%, 1, 4, 3, 1219.84
1712733987, 0, 376, 11958, 11845, 4662, 18.40%, 1, 4, 3, 1221.37
1712734198, 0, 379, 11958, 11844, 4661, 18.40%, 1, 4, 3, 1206.96
1712734414, 0, 381, 11958, 11843, 4660, 18.40%, 1, 4, 3, 1299.35
1712736727, 0, 386, 11958, 11842, 4659, 18.40%, 1, 4, 3, 1054.47
1712736933, 0, 388, 12045, 11928, 4667, 18.44%, 1, 4, 3, 938.19
1712737333, 0, 389, 12045, 11927, 4667, 18.44%, 1, 4, 3, 1.06
1712737554, 0, 390, 12045, 11926, 4666, 18.44%, 1, 4, 3, 963.75
1712737769, 0, 395, 12045, 11925, 4665, 18.44%, 1, 4, 3, 919.38
1712738175, 0, 396, 12045, 11924, 4664, 18.44%, 1, 4, 3, 0.63
1712738185, 0, 406, 12045, 11923, 4663, 18.44%, 1, 4, 3, 1124.48
1712738595, 0, 406, 12046, 11924, 4663, 18.44%, 1, 4, 3, 0.13
1712738600, 0, 410, 12046, 11923, 4663, 18.44%, 1, 4, 3, 1271.27
1712740920, 0, 413, 12046, 11922, 4662, 18.44%, 1, 4, 3, 1082.13
1712741126, 0, 415, 12046, 11921, 4661, 18.44%, 1, 4, 3, 1135.34
1712741331, 0, 419, 12046, 11920, 4660, 18.44%, 1, 4, 3, 0.38
1712741772, 0, 420, 12159, 12032, 4674, 18.48%, 1, 4, 3, 944.35
1712742808, 0, 422, 12159, 12031, 4673, 18.48%, 1, 4, 3, 1179.31
1712745123, 0, 423, 12159, 12030, 4673, 18.48%, 1, 4, 3, 1275.43
1712745328, 0, 427, 12159, 12029, 4672, 18.48%, 1, 4, 3, 0.37
1712745543, 0, 428, 12159, 12028, 4671, 18.48%, 1, 4, 3, 1147.97
1712749144, 0, 430, 12262, 12130, 4678, 18.50%, 1, 4, 3, 0.03
1712749535, 0, 431, 12262, 12129, 4677, 18.50%, 1, 4, 3, 1.05
1712749745, 0, 432, 12262, 12128, 4676, 18.50%, 1, 4, 3, 1.10
1712749956, 0, 437, 12262, 12127, 4675, 18.50%, 1, 4, 3, 0.58
1712750171, 0, 439, 12262, 12126, 4674, 18.50%, 1, 4, 3, 1202.21
1712750181, 0, 439, 12263, 12127, 4674, 18.51%, 1, 4, 3, 924.99
1712750377, 0, 439, 12293, 12156, 4673, 18.52%, 1, 4, 3, 0.44
1712750382, 0, 442, 12498, 12361, 4687, 18.55%, 2, 4, 3, 932.57
1712750587, 0, 442, 12499, 12362, 4687, 18.55%, 2, 4, 3, 0.93
1712750597, 0, 443, 12499, 12361, 4687, 18.55%, 2, 4, 3, 1028.09
1712750812, 0, 444, 12499, 12360, 4686, 18.55%, 2, 4, 3, 850.71
1712751028, 0, 456, 12499, 12359, 4685, 18.55%, 2, 4, 3, 881.69
1712751233, 0, 462, 12499, 12358, 4684, 18.55%, 2, 4, 3, 1231.44
1712753542, 0, 462, 12517, 12375, 4683, 18.56%, 2, 4, 3, 1087.68
1712753547, 0, 463, 12583, 12441, 4697, 18.60%, 2, 4, 3, 976.48
1712753747, 0, 463, 12584, 12442, 4697, 18.60%, 2, 4, 3, 1159.95
1712753752, 0, 467, 12584, 12441, 4697, 18.60%, 2, 4, 3, 1092.02
1712753973, 0, 468, 12584, 12440, 4696, 18.60%, 2, 4, 3, 960.03
1712757750, 0, 469, 12584, 12439, 4695, 18.60%, 2, 4, 3, 1066.81
1712757966, 0, 471, 12584, 12437, 4693, 18.60%, 2, 4, 3, 986.49
1712758186, 0, 471, 12893, 12745, 4692, 19.10%, 2, 4, 3, 959.96
1712758371, 0, 471, 13313, 13165, 4692, 19.22%, 2, 4, 3, 0.19
1712758376, 0, 472, 13414, 13266, 4870, 19.25%, 2, 4, 3, 930.82
1712758381, 0, 472, 13415, 13267, 4870, 19.26%, 2, 4, 3, 940.37
1712758581, 0, 472, 13416, 13268, 4870, 19.26%, 2, 4, 3, 0.26
1712758597, 0, 474, 13416, 13267, 4871, 19.26%, 2, 4, 3, 965.32
1712758817, 0, 475, 13416, 13266, 4870, 19.26%, 2, 4, 3, 930.63
1712759213, 0, 475, 13417, 13267, 4870, 19.26%, 2, 4, 3, 1.26
1712759218, 0, 478, 13417, 13266, 4870, 19.26%, 2, 4, 3, 1069.62
1712759423, 0, 484, 13417, 13265, 4869, 19.26%, 2, 4, 3, 1.00
1712759443, 0, 499, 13417, 13264, 4868, 19.26%, 2, 4, 3, 974.16
1712759658, 0, 501, 13417, 13263, 4867, 19.26%, 2, 4, 3, 1155.18
1712761963, 0, 502, 13417, 13262, 4866, 19.26%, 2, 4, 3, 1133.08
1712762184, 0, 503, 13417, 13261, 4865, 19.26%, 2, 4, 3, 1421.03
1712762390, 0, 505, 13417, 13260, 4864, 19.26%, 2, 4, 3, 1267.87
1712762596, 0, 507, 13494, 13336, 4866, 19.28%, 2, 4, 3, 1205.50
1712762801, 0, 511, 13494, 13335, 4865, 19.28%, 2, 4, 3, 1234.02
1712763026, 0, 513, 13494, 13334, 4864, 19.28%, 2, 4, 3, 1235.86
1712763211, 0, 513, 13495, 13335, 4864, 19.28%, 2, 4, 3, 1.33
1712763427, 0, 520, 13495, 13334, 4864, 19.28%, 2, 4, 3, 958.09
1712763637, 0, 521, 13495, 13333, 4863, 19.28%, 2, 4, 3, 916.54
1712766171, 0, 522, 13552, 13389, 4875, 19.30%, 2, 4, 3, 834.78
1712766387, 0, 532, 13552, 13388, 4874, 19.30%, 2, 4, 3, 1177.43
1712766592, 0, 537, 13552, 13386, 4872, 19.30%, 2, 4, 3, 1213.87
1712766787, 0, 542, 13552, 13385, 4871, 19.30%, 2, 4, 3, 1.19
1712766998, 0, 549, 13552, 13384, 4870, 19.30%, 2, 4, 3, 0.75
1712767018, 0, 549, 13553, 13385, 4870, 19.31%, 2, 4, 3, 1185.53
1712767208, 0, 551, 13553, 13384, 4870, 19.31%, 2, 4, 3, 0.88
1712767213, 0, 551, 13554, 13385, 4870, 19.31%, 2, 4, 3, 1262.76
1712767218, 0, 551, 13555, 13386, 4870, 19.31%, 2, 4, 3, 1211.19
1712767418, 0, 551, 13556, 13387, 4870, 19.31%, 2, 4, 3, 1.69
1712767423, 0, 559, 13556, 13385, 4871, 19.31%, 2, 4, 3, 1180.85
1712767644, 0, 561, 13556, 13384, 4870, 19.31%, 2, 4, 3, 1294.11
1712767654, 0, 561, 13557, 13385, 4870, 19.31%, 2, 4, 3, 1451.05
1712767844, 0, 564, 13557, 13384, 4869, 19.31%, 2, 4, 3, 1165.57
1712767854, 0, 567, 13557, 13383, 4868, 19.31%, 2, 4, 3, 1337.73
1712768075, 0, 569, 13558, 13383, 4866, 19.31%, 2, 4, 3, 1216.63
1712770574, 0, 577, 13558, 13382, 4867, 19.31%, 2, 4, 3, 1.06
1712770579, 0, 577, 13559, 13383, 4867, 19.31%, 2, 4, 3, 921.81
1712770600, 0, 585, 13559, 13382, 4866, 19.31%, 2, 4, 3, 1206.53
1712771010, 0, 592, 13559, 13381, 4865, 19.31%, 2, 4, 3, 1179.82
1712771225, 0, 597, 13559, 13379, 4864, 19.31%, 2, 4, 3, 1151.60
1712771426, 0, 608, 13637, 13456, 4883, 19.35%, 2, 4, 3, 946.37
1712771631, 0, 614, 13637, 13455, 4882, 19.35%, 2, 4, 3, 905.09
1712771651, 0, 625, 13637, 13454, 4880, 19.35%, 2, 4, 3, 1146.99
1712772057, 0, 626, 13637, 13453, 4879, 19.35%, 2, 4, 3, 987.33
1712772072, 0, 626, 13638, 13454, 4879, 19.35%, 2, 4, 3, 1155.79
1712772257, 0, 629, 13638, 13453, 4880, 19.35%, 2, 4, 3, 1.33
