# unix_time, cycles_done, cur_path, paths_total, pending_total, pending_favs, map_size, unique_crashes, unique_hangs, max_depth, execs_per_sec
1712686017, 0, 0, 5, 5, 5, 1.24%, 0, 0, 1, 930.23
1712686147, 0, 0, 103, 103, 5, 1.56%, 0, 0, 2, 1.20
1712686152, 0, 0, 136, 136, 5, 1.60%, 0, 0, 2, 1697.29
1712686157, 0, 0, 145, 145, 5, 1.61%, 0, 0, 2, 1831.42
1712686173, 0, 0, 154, 154, 5, 1.61%, 0, 0, 2, 1901.56
1712690366, 0, 0, 158, 158, 5, 1.61%, 0, 0, 2, 1994.22
1712690371, 0, 0, 159, 159, 5, 1.61%, 0, 0, 2, 1914.92
1712690566, 0, 0, 161, 161, 5, 1.61%, 0, 0, 2, 2.13
1712690581, 0, 0, 162, 162, 5, 1.61%, 0, 0, 2, 1984.94
1712690781, 0, 0, 165, 165, 5, 1.61%, 0, 0, 2, 1821.65
1712690801, 0, 0, 167, 167, 5, 1.62%, 0, 0, 2, 1857.88
1712694563, 0, 0, 167, 167, 5, 1.62%, 0, 1, 2, 1.29
1712694568, 0, 0, 171, 171, 5, 1.62%, 0, 1, 2, 1535.23
1712694573, 0, 0, 175, 175, 5, 1.62%, 0, 1, 2, 1545.53
1712694588, 0, 0, 188, 188, 5, 1.66%, 0, 1, 2, 1667.40
1712694773, 0, 0, 189, 189, 5, 1.66%, 0, 1, 2, 1.17
1712695625, 0, 0, 199, 199, 5, 1.70%, 0, 1, 2, 1646.57
1712695630, 0, 0, 202, 202, 5, 1.70%, 0, 1, 2, 1594.42
1712695635, 0, 0, 203, 203, 5, 1.70%, 0, 1, 2, 1659.48
1712695835, 0, 0, 205, 205, 5, 1.70%, 0, 1, 2, 1649.22
1712695850, 0, 0, 206, 206, 5, 1.70%, 0, 1, 2, 1859.36
1712696050, 0, 0, 207, 207, 5, 1.70%, 0, 1, 2, 1647.60
1712696471, 0, 0, 208, 208, 5, 1.70%, 0, 1, 2, 1616.66
1712698771, 0, 0, 209, 209, 5, 1.70%, 0, 2, 2, 0.18
1712698776, 0, 0, 250, 250, 5, 1.91%, 0, 2, 2, 1585.48
1712698781, 0, 0, 257, 257, 5, 1.94%, 0, 2, 2, 1741.14
1712698791, 0, 0, 261, 261, 5, 1.94%, 0, 2, 2, 1799.24
1712698996, 0, 0, 263, 263, 5, 1.95%, 0, 2, 2, 1716.66
1712699001, 0, 0, 264, 264, 5, 1.95%, 0, 2, 2, 1824.43
1712699006, 0, 0, 265, 265, 5, 1.95%, 0, 2, 2, 1878.12
1712699191, 0, 0, 266, 266, 5, 1.95%, 0, 2, 2, 0.80
1712699427, 0, 0, 268, 268, 5, 1.95%, 0, 2, 2, 1792.80
1712700043, 0, 0, 275, 275, 5, 2.02%, 0, 2, 2, 1676.52
1712700053, 0, 0, 277, 277, 5, 2.02%, 0, 2, 2, 1821.35
1712700453, 0, 0, 284, 284, 5, 2.04%, 0, 2, 2, 1.11
1712700459, 0, 0, 286, 286, 5, 2.04%, 0, 2, 2, 1722.53
1712700664, 0, 0, 287, 287, 5, 2.04%, 0, 2, 2, 2.04
1712702999, 0, 0, 295, 295, 5, 2.07%, 0, 2, 2, 1827.29
1712703004, 0, 0, 302, 302, 5, 2.07%, 0, 2, 2, 1738.26
1712703189, 0, 0, 343, 343, 5, 2.08%, 0, 2, 2, 0.11
1712703194, 0, 0, 367, 367, 5, 2.08%, 0, 2, 2, 664.59
1712703199, 0, 0, 377, 377, 5, 2.08%, 0, 2, 2, 633.02
1712703204, 0, 0, 384, 384, 5, 2.10%, 0, 2, 2, 621.01
1712703209, 0, 0, 392, 392, 5, 2.10%, 0, 2, 2, 647.82
1712703214, 0, 0, 401, 401, 5, 2.11%, 0, 2, 2, 641.72
1712703399, 0, 0, 406, 406, 5, 2.12%, 0, 2, 2, 0.27
1712703404, 0, 0, 507, 506, 4, 4.26%, 0, 2, 2, 693.82
1712703409, 0, 0, 1244, 1243, 4, 7.98%, 0, 2, 2, 1205.53
1712703414, 0, 0, 1980, 1979, 4, 9.71%, 0, 2, 2, 1336.47
1712703419, 0, 0, 2674, 2673, 4, 10.87%, 0, 2, 2, 1287.41
1712703424, 0, 0, 3386, 3385, 4, 11.85%, 0, 2, 2, 1318.51
1712703609, 0, 0, 4018, 4017, 4, 12.50%, 0, 2, 2, 0.56
1712703614, 0, 0, 4689, 4688, 4, 13.14%, 0, 2, 2, 1281.49
1712703620, 0, 0, 5348, 5347, 4, 13.78%, 0, 2, 2, 1294.69
1712703625, 0, 0, 6000, 5999, 4, 14.32%, 0, 2, 2, 1273.80
1712703630, 0, 0, 6620, 6619, 4, 14.79%, 0, 2, 2, 1197.72
1712703635, 0, 0, 7252, 7251, 4, 15.27%, 0, 2, 2, 1244.12
1712703820, 0, 0, 7817, 7816, 4, 15.68%, 0, 2, 2, 0.83
1712703825, 0, 485, 8331, 8330, 3990, 16.05%, 0, 2, 2, 1147.60
1712704030, 0, 498, 8331, 8329, 3989, 16.05%, 0, 2, 2, 0.77
1712704040, 0, 508, 8331, 8328, 3988, 16.05%, 0, 2, 2, 2045.27
1712704051, 0, 517, 8331, 8327, 3987, 16.05%, 0, 2, 2, 1935.36
1712704241, 0, 535, 8331, 8326, 3986, 16.05%, 0, 2, 2, 0.86
1712704256, 0, 543, 8331, 8325, 3985, 16.05%, 0, 2, 2, 2017.67
1712704261, 0, 543, 8332, 8326, 3985, 16.06%, 0, 2, 2, 1958.26
1712704266, 0, 547, 8333, 8326, 3986, 16.06%, 0, 2, 2, 1835.64
1712704456, 0, 570, 8334, 8326, 3985, 16.06%, 0, 2, 2, 1816.66
1712704476, 0, 780, 8334, 8325, 3985, 16.06%, 0, 2, 2, 1817.55
1712704667, 0, 864, 8335, 8325, 3985, 16.06%, 0, 2, 2, 1987.59
1712704682, 0, 899, 8337, 8326, 3984, 16.06%, 0, 2, 2, 1862.37
1712704872, 0, 956, 8338, 8326, 3986, 16.07%, 0, 2, 2, 0.62
1712704882, 0, 956, 8339, 8327, 3986, 16.07%, 0, 2, 2, 1821.90
1712704887, 0, 1032, 8341, 8328, 3986, 16.07%, 0, 2, 2, 1760.26
1712704897, 0, 1084, 8341, 8327, 3987, 16.07%, 0, 2, 2, 1901.73
1712706910, 0, 1186, 8341, 8326, 3986, 16.07%, 0, 2, 2, 1944.43
1712706920, 0, 1186, 8474, 8458, 3985, 16.64%, 0, 2, 2, 1610.34
1712706926, 0, 1186, 8682, 8666, 3985, 16.88%, 0, 4, 2, 17.72
1712706931, 0, 1186, 9211, 9195, 3985, 17.17%, 0, 4, 2, 1212.89
1712706936, 0, 1231, 9335, 9319, 4267, 17.22%, 0, 5, 2, 1397.72
1712706951, 0, 1350, 9335, 9318, 4266, 17.22%, 0, 5, 2, 1936.52
1712706961, 0, 1365, 9335, 9317, 4265, 17.22%, 0, 5, 2, 1771.62
1712706971, 0, 1365, 9336, 9318, 4265, 17.22%, 0, 5, 2, 1842.90
1712706976, 0, 1551, 9337, 9318, 4265, 17.22%, 0, 5, 2, 1808.64
1712706987, 0, 1579, 9337, 9317, 4265, 17.22%, 0, 5, 2, 1869.21
1712706992, 0, 1579, 9338, 9318, 4265, 17.22%, 0, 5, 2, 1868.86
1712707002, 0, 1585, 9338, 9317, 4264, 17.22%, 0, 5, 2, 1839.60
1712707208, 0, 1599, 9340, 9318, 4263, 17.22%, 0, 5, 2, 1735.10
1712707618, 0, 1717, 9340, 9317, 4262, 17.22%, 0, 5, 2, 1960.21
1712707623, 0, 1717, 9341, 9318, 4262, 17.22%, 0, 5, 2, 1957.11
1712707628, 0, 1717, 9342, 9319, 4262, 17.22%, 0, 5, 2, 1919.78
1712707634, 0, 1737, 9344, 9320, 4262, 17.22%, 0, 5, 2, 1944.69
1712707834, 0, 1814, 9344, 9319, 4263, 17.22%, 0, 5, 2, 2060.02
1712707839, 0, 1814, 9345, 9320, 4263, 17.23%, 0, 5, 2, 1962.22
1712707844, 0, 1843, 9346, 9320, 4263, 17.23%, 0, 5, 2, 1955.67
1712708044, 0, 1848, 9346, 9319, 4262, 17.23%, 0, 5, 2, 1987.70
1712708054, 0, 1883, 9353, 9325, 4261, 17.23%, 0, 5, 2, 1823.10
1712708239, 0, 1883, 9356, 9328, 4261, 17.24%, 0, 5, 2, 1.23
1712708244, 0, 1898, 9361, 9332, 4269, 17.24%, 0, 5, 2, 1887.14
1712708254, 0, 1946, 9361, 9331, 4268, 17.24%, 0, 5, 2, 1938.92
1712711411, 0, 1946, 9443, 9412, 4267, 17.42%, 0, 5, 2, 1805.71
1712711416, 0, 1946, 10127, 10096, 4267, 17.73%, 0, 5, 2, 1375.11
1712711421, 0, 1955, 10182, 10151, 4448, 17.76%, 0, 5, 2, 1647.06
1712711611, 0, 2008, 10182, 10150, 4447, 17.76%, 0, 5, 2, 1877.01
1712711827, 0, 2015, 10182, 10149, 4446, 17.76%, 0, 5, 2, 1914.32
1712711837, 0, 2027, 10182, 10148, 4445, 17.76%, 0, 5, 2, 1922.72
1712712027, 0, 2038, 10182, 10147, 4444, 17.76%, 0, 5, 2, 1.03
1712712042, 0, 2085, 10182, 10146, 4443, 17.76%, 0, 5, 2, 1864.37
1712712052, 0, 2085, 10183, 10147, 4443, 17.76%, 0, 5, 2, 1972.93
1712712237, 0, 2123, 10183, 10146, 4442, 17.76%, 0, 5, 2, 1.23
1712712247, 0, 2123, 10184, 10147, 4442, 17.76%, 0, 5, 2, 1999.95
1712712262, 0, 2123, 10185, 10148, 4442, 17.76%, 0, 5, 2, 1901.77
1712712658, 0, 2194, 10187, 10149, 4441, 17.76%, 0, 5, 2, 1.04
1712712878, 0, 2278, 10187, 10148, 4441, 17.76%, 0, 5, 2, 1804.95
1712712894, 0, 2285, 10187, 10147, 4440, 17.76%, 0, 5, 2, 1871.56
1712713084, 0, 2285, 10188, 10148, 4440, 17.76%, 0, 5, 2, 1956.97
1712713089, 0, 2344, 10188, 10147, 4440, 17.76%, 0, 5, 2, 1914.85
1712713099, 0, 2387, 10188, 10146, 4439, 17.76%, 0, 5, 2, 1933.12
1712713289, 0, 2388, 10188, 10145, 4438, 17.76%, 0, 5, 2, 0.21
1712713299, 0, 2418, 10188, 10144, 4437, 17.76%, 0, 5, 2, 1872.56
1712713309, 0, 2418, 10189, 10145, 4437, 17.76%, 0, 5, 2, 1764.95
1712713314, 0, 2530, 10189, 10144, 4437, 17.76%, 0, 5, 2, 1813.21
1712715609, 0, 2530, 10346, 10300, 4436, 17.81%, 0, 5, 2, 1654.25
1712715614, 0, 2611, 10353, 10307, 4457, 17.81%, 0, 5, 2, 1832.39
1712715619, 0, 2611, 10354, 10308, 4457, 17.82%, 0, 5, 2, 1947.27
1712715624, 0, 2612, 10354, 10307, 4459, 17.82%, 0, 5, 2, 1908.20
1712715814, 0, 2639, 10355, 10307, 4458, 17.82%, 0, 5, 2, 1.44
1712715834, 0, 2717, 10355, 10306, 4458, 17.82%, 0, 5, 2, 1862.05
1712716024, 0, 2720, 10356, 10306, 4457, 17.82%, 0, 5, 2, 1.44
1712716030, 0, 2819, 10358, 10307, 4457, 17.82%, 0, 5, 2, 2000.28
1712716045, 0, 2882, 10358, 10306, 4456, 17.82%, 0, 5, 2, 1906.00
1712716235, 0, 2909, 10359, 10306, 4455, 17.82%, 0, 5, 2, 0.19
1712716250, 0, 3001, 10359, 10305, 4455, 17.82%, 0, 5, 2, 1857.27
1712716445, 0, 3012, 10359, 10304, 4454, 17.82%, 0, 5, 2, 0.55
1712716460, 0, 3136, 10359, 10303, 4453, 17.82%, 0, 5, 2, 1796.23
1712716655, 0, 3204, 10360, 10303, 4452, 17.83%, 0, 5, 2, 0.21
1712716676, 0, 3279, 10360, 10302, 4452, 17.83%, 0, 5, 2, 1807.94
1712716871, 0, 3290, 10360, 10301, 4451, 17.83%, 0, 5, 2, 1947.89
1712716881, 0, 3382, 10360, 10300, 4450, 17.83%, 0, 5, 2, 1764.16
1712717076, 0, 3594, 10360, 10299, 4449, 17.83%, 0, 5, 2, 2.13
1712717086, 0, 3714, 10360, 10298, 4448, 17.83%, 0, 5, 2, 1871.47
1712717101, 0, 3723, 10361, 10298, 4447, 17.83%, 0, 5, 2, 1767.69
1712717522, 0, 3764, 10361, 10297, 4446, 17.83%, 0, 5, 2, 1707.80
1712719165, 0, 3764, 10362, 10298, 4446, 17.83%, 0, 5, 2, 0.01
1712719186, 0, 3918, 10362, 10297, 4446, 17.83%, 0, 5, 2, 1861.99
1712719196, 0, 3918, 10363, 10298, 4446, 17.83%, 0, 5, 2, 1793.99
1712719201, 0, 3918, 10489, 10423, 4445, 17.87%, 0, 5, 2, 1372.55
1712719206, 0, 3968, 10734, 10668, 4506, 17.98%, 0, 6, 2, 1310.88
1712719221, 0, 4002, 10735, 10668, 4505, 17.99%, 0, 6, 2, 1744.33
1712719231, 0, 4014, 10735, 10667, 4505, 17.99%, 0, 6, 2, 1721.24
1712719241, 0, 4028, 10736, 10667, 4504, 17.99%, 0, 6, 2, 1848.49
1712719257, 0, 4031, 10736, 10666, 4504, 17.99%, 0, 6, 2, 1670.09
1712719267, 0, 4072, 10736, 10665, 4503, 17.99%, 0, 6, 2, 1734.30
1712719277, 0, 4139, 10737, 10665, 4503, 17.99%, 0, 6, 2, 1793.74
1712719287, 0, 4204, 10737, 10664, 4502, 17.99%, 0, 6, 2, 1995.57
1712719302, 0, 4250, 10738, 10664, 4501, 17.99%, 0, 6, 2, 1798.52
1712719313, 0, 4278, 10739, 10664, 4501, 17.99%, 0, 6, 2, 1851.11
1712719323, 0, 4278, 10740, 10665, 4501, 17.99%, 0, 6, 2, 1811.91
1712719338, 0, 4295, 10740, 10664, 4501, 17.99%, 0, 6, 2, 2002.88
1712719353, 0, 4310, 10740, 10663, 4500, 17.99%, 0, 6, 2, 1937.00
1712719369, 0, 4332, 10740, 10662, 4499, 17.99%, 0, 6, 2, 1960.51
1712719379, 0, 4393, 10740, 10661, 4498, 17.99%, 0, 6, 2, 1927.70
1712719384, 0, 4393, 10741, 10662, 4498, 17.99%, 0, 6, 2, 2039.38
1712719394, 0, 4402, 10741, 10661, 4498, 17.99%, 0, 6, 2, 1763.46
1712719404, 0, 4412, 10741, 10660, 4497, 17.99%, 0, 6, 2, 1797.75
1712719419, 0, 4463, 10741, 10659, 4496, 17.99%, 0, 6, 2, 1914.38
1712719435, 0, 4516, 10741, 10658, 4495, 17.99%, 0, 6, 2, 1991.93
1712719440, 0, 4527, 10742, 10658, 4495, 17.99%, 0, 6, 2, 2004.60
1712719450, 0, 4527, 10743, 10659, 4495, 18.00%, 0, 6, 2, 1960.72
1712719455, 0, 4804, 10743, 10658, 4494, 18.00%, 0, 6, 2, 1910.23
1712719465, 0, 4817, 10743, 10657, 4493, 18.00%, 0, 6, 2, 1932.03
1712719822, 0, 4824, 10743, 10656, 4492, 18.00%, 0, 6, 2, 2005.39
1712719832, 0, 4884, 10743, 10655, 4491, 18.00%, 0, 6, 2, 1849.54
1712720022, 0, 4963, 10743, 10654, 4490, 18.00%, 0, 6, 2, 1.41
1712720037, 0, 4974, 10743, 10653, 4489, 18.00%, 0, 6, 2, 1917.45
1712720232, 0, 4987, 10766, 10675, 4487, 18.00%, 0, 6, 2, 1.56
1712720253, 0, 5000, 10766, 10674, 4486, 18.00%, 0, 6, 2, 1963.42
1712720443, 0, 5045, 10766, 10673, 4485, 18.00%, 0, 6, 2, 1.68
1712720453, 0, 5057, 10766, 10672, 4484, 18.00%, 0, 6, 2, 1907.72
1712720458, 0, 5064, 10766, 10671, 4483, 18.00%, 0, 6, 2, 1990.66
1712720469, 0, 5074, 10766, 10670, 4482, 18.00%, 0, 6, 2, 1788.21
1712720663, 0, 5247, 10766, 10669, 4481, 18.00%, 0, 6, 2, 1850.15
1712720669, 0, 5247, 10769, 10672, 4481, 18.01%, 0, 6, 2, 1867.01
1712724251, 0, 5318, 10770, 10672, 4483, 18.01%, 0, 6, 2, 1858.79
1712724446, 0, 5358, 10771, 10672, 4482, 18.01%, 0, 6, 2, 1919.19
1712724466, 0, 5408, 10771, 10671, 4481, 18.01%, 0, 6, 2, 1878.75
1712724656, 0, 5408, 11087, 10986, 4480, 18.21%, 0, 6, 2, 1577.71
1712724661, 0, 5433, 11300, 11199, 4567, 18.25%, 0, 6, 2, 1497.83
1712724676, 0, 5447, 11300, 11198, 4566, 18.25%, 0, 6, 2, 1822.71
1712724872, 0, 5457, 11300, 11197, 4565, 18.25%, 0, 6, 2, 1875.99
1712724882, 0, 5477, 11300, 11196, 4564, 18.25%, 0, 6, 2, 1830.59
1712725087, 0, 5504, 11300, 11195, 4563, 18.25%, 0, 6, 2, 1887.89
1712725097, 0, 5504, 11301, 11196, 4563, 18.25%, 0, 6, 2, 1844.35
1712725282, 0, 5545, 11301, 11195, 4562, 18.25%, 0, 6, 2, 1.75
1712725292, 0, 5558, 11301, 11194, 4561, 18.25%, 0, 6, 2, 1828.58
1712725498, 0, 5564, 11301, 11193, 4560, 18.25%, 0, 6, 2, 1882.48
1712725513, 0, 5671, 11301, 11192, 4559, 18.25%, 0, 6, 2, 1860.48
1712725708, 0, 5771, 11301, 11191, 4558, 18.25%, 0, 6, 2, 1981.95
1712725718, 0, 5773, 11301, 11190, 4557, 18.25%, 0, 6, 2, 1870.27
1712725918, 0, 5825, 11301, 11189, 4556, 18.25%, 0, 6, 2, 1733.66
1712725933, 0, 5843, 11301, 11188, 4555, 18.25%, 0, 6, 2, 1963.23
1712727762, 0, 5847, 11301, 11187, 4554, 18.25%, 0, 6, 2, 1722.11
1712727772, 0, 5931, 11301, 11186, 4553, 18.25%, 0, 6, 2, 1839.52
1712727787, 0, 5931, 11309, 11193, 4552, 18.25%, 0, 6, 2, 1838.31
1712727792, 0, 5954, 11556, 11440, 4578, 18.30%, 0, 6, 2, 1398.81
1712727802, 0, 5958, 11556, 11439, 4577, 18.30%, 0, 6, 2, 1839.43
1712727822, 0, 6173, 11556, 11438, 4576, 18.30%, 0, 6, 2, 2001.73
1712727827, 0, 6257, 11556, 11437, 4575, 18.30%, 0, 6, 2, 1979.36
1712727848, 0, 6331, 11556, 11436, 4573, 18.30%, 0, 6, 2, 2012.56
1712727858, 0, 6440, 11556, 11435, 4572, 18.30%, 0, 6, 2, 1915.44
1712727868, 0, 6442, 11556, 11434, 4571, 18.30%, 0, 6, 2, 2048.94
1712727878, 0, 6497, 11556, 11433, 4570, 18.30%, 0, 6, 2, 1868.87
1712727883, 0, 6497, 11557, 11434, 4570, 18.31%, 0, 6, 2, 2004.31
1712727893, 0, 6497, 11559, 11436, 4570, 18.31%, 0, 6, 2, 1897.98
1712727898, 0, 6497, 11560, 11437, 4570, 18.31%, 0, 6, 2, 1966.58
1712727903, 0, 6502, 11560, 11436, 4573, 18.31%, 0, 6, 2, 1989.82
1712727918, 0, 6554, 11560, 11435, 4572, 18.31%, 0, 6, 2, 2085.29
1712727929, 0, 6563, 11560, 11434, 4571, 18.31%, 0, 6, 2, 1896.99
1712727944, 0, 6679, 11560, 11433, 4570, 18.31%, 0, 6, 2, 1988.28
1712727949, 0, 6679, 11561, 11434, 4570, 18.31%, 0, 6, 2, 1904.72
1712727954, 0, 6690, 11561, 11433, 4569, 18.31%, 0, 6, 2, 1955.07
1712727964, 0, 6706, 11562, 11433, 4568, 18.31%, 0, 6, 2, 1913.64
1712727974, 0, 6706, 11563, 11434, 4568, 18.32%, 0, 6, 2, 1845.17
1712727979, 0, 6728, 11563, 11433, 4569, 18.32%, 0, 6, 2, 1785.75
1712727989, 0, 6791, 11563, 11432, 4568, 18.32%, 0, 6, 2, 1860.45
1712727999, 0, 6815, 11563, 11431, 4567, 18.32%, 0, 6, 2, 1858.79
1712728004, 0, 6820, 11563, 11430, 4566, 18.32%, 0, 6, 2, 1774.21
1712728085, 0, 6830, 11563, 11429, 4565, 18.32%, 0, 6, 2, 1610.65
1712728105, 0, 6832, 11563, 11428, 4564, 18.32%, 0, 6, 2, 1708.10
1712728237, 0, 6832, 11564, 11429, 4564, 18.32%, 0, 6, 2, 1790.06
1712728242, 0, 6838, 11564, 11428, 4564, 18.32%, 0, 6, 2, 1810.75
1712728253, 0, 6850, 11564, 11427, 4563, 18.32%, 0, 6, 2, 1979.57
1712728448, 0, 6868, 11564, 11426, 4562, 18.32%, 0, 6, 2, 1914.16
1712728653, 0, 6896, 11564, 11425, 4560, 18.32%, 0, 6, 2, 1850.29
1712728668, 0, 6905, 11564, 11424, 4559, 18.32%, 0, 6, 2, 2095.61
1712728864, 0, 6916, 11566, 11425, 4558, 18.32%, 0, 6, 2, 1986.22
1712728874, 0, 6917, 11566, 11424, 4557, 18.32%, 0, 6, 2, 1834.60
1712729069, 0, 6917, 11567, 11425, 4557, 18.32%, 0, 6, 2, 0.65
1712729074, 0, 6934, 11567, 11424, 4557, 18.32%, 0, 6, 2, 1791.81
1712729084, 0, 6970, 11567, 11423, 4556, 18.32%, 0, 6, 2, 1902.56
1712729094, 0, 6988, 11567, 11422, 4555, 18.32%, 0, 6, 2, 1986.39
1712729289, 0, 6998, 11567, 11421, 4554, 18.32%, 0, 6, 2, 1903.81
1712729299, 0, 7010, 11567, 11420, 4553, 18.32%, 0, 6, 2, 1949.79
1712729489, 0, 7015, 11567, 11419, 4552, 18.32%, 0, 6, 2, 1.21
1712729505, 0, 7021, 11567, 11418, 4550, 18.32%, 0, 6, 2, 1934.56
1712729515, 0, 7035, 11567, 11417, 4549, 18.32%, 0, 6, 2, 1623.83
1712729710, 0, 7039, 11567, 11416, 4548, 18.32%, 0, 6, 2, 1973.29
1712729720, 0, 7121, 11567, 11415, 4547, 18.32%, 0, 6, 2, 2086.66
1712729915, 0, 7122, 11570, 11417, 4546, 18.32%, 0, 6, 2, 1880.83
1712729920, 0, 7206, 11571, 11417, 4546, 18.32%, 0, 6, 2, 1909.83
1712729930, 0, 7208, 11571, 11416, 4545, 18.32%, 0, 6, 2, 2038.48
1712730120, 0, 7243, 11571, 11415, 4544, 18.32%, 0, 6, 2, 2.16
1712730136, 0, 7303, 11571, 11414, 4543, 18.32%, 0, 6, 2, 1838.36
1712732435, 0, 7310, 11571, 11413, 4542, 18.32%, 0, 6, 2, 0.05
1712732445, 0, 7320, 11571, 11412, 4541, 18.32%, 0, 6, 2, 1807.78
1712732650, 0, 7332, 11571, 11411, 4540, 18.32%, 0, 6, 2, 1774.82
1712732655, 0, 7332, 11630, 11469, 4539, 18.35%, 0, 6, 2, 1870.79
1712732660, 0, 7395, 11656, 11495, 4549, 18.35%, 0, 6, 2, 1884.80
1712732665, 0, 7407, 11657, 11495, 4548, 18.35%, 0, 6, 2, 1945.41
1712732855, 0, 7418, 11658, 11495, 4547, 18.37%, 0, 6, 2, 0.62
1712732866, 0, 7445, 11659, 11495, 4547, 18.37%, 0, 6, 2, 1824.85
1712732876, 0, 7445, 11661, 11497, 4547, 18.38%, 0, 6, 2, 1933.61
1712732881, 0, 7541, 11661, 11496, 4549, 18.38%, 0, 6, 2, 1929.31
1712733066, 0, 7541, 11662, 11497, 4549, 18.38%, 0, 6, 2, 1.08
1712733071, 0, 7546, 11662, 11496, 4548, 18.38%, 0, 6, 2, 1878.38
1712733081, 0, 7552, 11662, 11495, 4547, 18.38%, 0, 6, 2, 1950.71
1712733091, 0, 7559, 11662, 11494, 4546, 18.38%, 0, 6, 2, 1960.56
1712733286, 0, 7602, 11663, 11494, 4545, 18.39%, 0, 6, 2, 1939.24
1712733296, 0, 7612, 11663, 11493, 4545, 18.39%, 0, 6, 2, 1964.15
1712733486, 0, 7616, 11663, 11492, 4544, 18.39%, 0, 6, 2, 1.68
1712733501, 0, 7650, 11663, 11491, 4543, 18.39%, 0, 6, 2, 1884.28
1712733511, 0, 7654, 11663, 11490, 4542, 18.39%, 0, 6, 2, 1955.89
1712733702, 0, 7671, 11663, 11489, 4541, 18.39%, 0, 6, 2, 1576.21
1712733712, 0, 7680, 11663, 11488, 4540, 18.39%, 0, 6, 2, 1825.57
1712733907, 0, 7728, 11663, 11487, 4539, 18.39%, 0, 6, 2, 1.43
1712733922, 0, 7731, 11663, 11486, 4538, 18.39%, 0, 6, 2, 1742.89
1712734118, 0, 7748, 11663, 11485, 4537, 18.39%, 0, 6, 2, 1.32
1712734133, 0, 7782, 11663, 11484, 4536, 18.39%, 0, 6, 2, 1898.03
1712734328, 0, 7789, 11663, 11483, 4535, 18.39%, 0, 6, 2, 0.40
1712734348, 0, 7926, 11663, 11482, 4534, 18.39%, 0, 6, 2, 1861.46
1712736171, 0, 7948, 11663, 11481, 4533, 18.39%, 0, 7, 2, 0.04
1712736186, 0, 7949, 11664, 11481, 4532, 18.39%, 0, 7, 2, 1790.18
1712736196, 0, 7951, 11664, 11480, 4532, 18.39%, 0, 7, 2, 1895.20
1712736211, 0, 7970, 11664, 11479, 4531, 18.39%, 0, 7, 2, 1790.85
1712736298, 0, 7970, 11855, 11669, 4530, 18.42%, 0, 7, 2, 1479.24
1712736303, 0, 8014, 11879, 11693, 4545, 18.43%, 0, 7, 2, 1646.53
1712736313, 0, 8014, 11880, 11694, 4545, 18.43%, 0, 7, 2, 1862.81
1712736318, 0, 8029, 11880, 11693, 4544, 18.43%, 0, 7, 2, 1857.04
1712736328, 0, 8050, 11880, 11692, 4543, 18.43%, 0, 7, 2, 1959.10
1712736338, 0, 8061, 11880, 11691, 4542, 18.43%, 0, 7, 2, 1830.65
1712736354, 0, 8078, 11880, 11690, 4541, 18.43%, 0, 7, 2, 1837.85
1712736364, 0, 8109, 11880, 11689, 4540, 18.43%, 0, 7, 2, 1884.87
1712736379, 0, 8117, 11880, 11688, 4539, 18.43%, 0, 7, 2, 1900.65
1712736389, 0, 8136, 11880, 11687, 4538, 18.43%, 0, 7, 2, 1956.77
1712736399, 0, 8155, 11880, 11686, 4537, 18.43%, 0, 7, 2, 2001.24
1712736419, 0, 8157, 11880, 11685, 4536, 18.43%, 0, 7, 2, 1858.19
1712736440, 0, 8157, 11881, 11686, 4536, 18.43%, 0, 7, 2, 1924.17
1712736445, 0, 8212, 11882, 11686, 4535, 18.43%, 0, 7, 2, 1798.62
1712736465, 0, 8224, 11883, 11686, 4535, 18.43%, 0, 7, 2, 1853.21
1712736491, 0, 8228, 11883, 11685, 4535, 18.43%, 0, 7, 2, 1592.50
1712736506, 0, 8247, 11883, 11684, 4534, 18.43%, 0, 7, 2, 1547.15
1712736647, 0, 8254, 11883, 11683, 4533, 18.43%, 0, 7, 2, 1890.50
1712736657, 0, 8263, 11883, 11682, 4531, 18.43%, 0, 7, 2, 1825.02
1712736667, 0, 8338, 11883, 11681, 4530, 18.43%, 0, 7, 2, 1822.74
1712736862, 0, 8339, 11883, 11680, 4529, 18.43%, 0, 7, 2, 1791.74
1712736872, 0, 8340, 11883, 11679, 4528, 18.43%, 0, 7, 2, 1882.29
1712737063, 0, 8418, 11885, 11680, 4527, 18.43%, 0, 7, 2, 1.47
1712737068, 0, 8418, 11887, 11682, 4527, 18.43%, 0, 7, 2, 1772.36
1712737073, 0, 8418, 11888, 11683, 4527, 18.43%, 0, 7, 2, 1811.92
1712737078, 0, 8418, 11890, 11685, 4527, 18.44%, 0, 7, 2, 1736.04
1712737083, 0, 8457, 11904, 11698, 4530, 18.45%, 0, 7, 2, 1744.13
1712737088, 0, 8457, 11905, 11699, 4530, 18.45%, 0, 7, 2, 1861.36
1712737278, 0, 8457, 11906, 11700, 4530, 18.45%, 0, 7, 2, 1807.92
1712737293, 0, 8457, 11910, 11704, 4530, 18.45%, 0, 7, 2, 1848.83
1712737298, 0, 8457, 11911, 11705, 4530, 18.45%, 0, 7, 2, 1807.60
1712737483, 0, 8493, 11913, 11706, 4534, 18.45%, 0, 7, 2, 0.57
1712737489, 0, 8493, 11914, 11707, 4534, 18.45%, 0, 7, 2, 1784.43
1712737504, 0, 8529, 11914, 11706, 4534, 18.45%, 0, 7, 2, 1878.21
1712737699, 0, 8543, 11916, 11707, 4534, 18.45%, 0, 7, 2, 1711.84
1712737709, 0, 8543, 11917, 11708, 4534, 18.45%, 0, 7, 2, 1878.50
1712737719, 0, 8691, 11918, 11708, 4533, 18.45%, 0, 7, 2, 1854.83
1712737909, 0, 8694, 11918, 11707, 4533, 18.45%, 0, 7, 2, 1725.37
1712737914, 0, 8694, 11922, 11711, 4533, 18.45%, 0, 7, 2, 1826.69
1712737924, 0, 8694, 11925, 11714, 4533, 18.45%, 0, 7, 2, 1902.71
1712737929, 0, 8694, 11927, 11716, 4533, 18.46%, 0, 7, 2, 1816.67
1712738125, 0, 8708, 11927, 11715, 4535, 18.46%, 0, 7, 2, 1684.92
1712738130, 0, 8708, 11928, 11716, 4535, 18.46%, 0, 7, 2, 1795.34
1712738140, 0, 8708, 11929, 11717, 4535, 18.46%, 0, 7, 2, 1909.16
1712738325, 0, 8722, 11931, 11718, 4536, 18.46%, 0, 7, 2, 0.44
1712738330, 0, 8722, 11933, 11720, 4536, 18.46%, 0, 7, 2, 1775.64
1712738545, 0, 8724, 11933, 11719, 4537, 18.46%, 0, 7, 2, 1706.46
1712738555, 0, 8752, 11933, 11718, 4536, 18.46%, 0, 7, 2, 1894.48
1712739779, 0, 8761, 12077, 11861, 4548, 18.49%, 0, 7, 2, 1555.84
1712739799, 0, 8794, 12087, 11870, 4547, 18.49%, 0, 7, 2, 1903.10
1712739804, 0, 8794, 12089, 11872, 4547, 18.49%, 0, 7, 2, 1994.30
1712739809, 0, 8794, 12090, 11873, 4547, 18.49%, 0, 7, 2, 1992.10
1712739834, 0, 8853, 12090, 11872, 4548, 18.49%, 0, 7, 2, 1912.48
1712739839, 0, 8862, 12090, 11871, 4547, 18.49%, 0, 7, 2, 1908.06
1712739849, 0, 8862, 12091, 11872, 4547, 18.49%, 0, 7, 2, 1929.27
1712739864, 0, 8889, 12091, 11871, 4546, 18.49%, 0, 7, 2, 1919.28
1712739869, 0, 8889, 12097, 11877, 4546, 18.49%, 0, 7, 2, 1984.11
1712739895, 0, 8896, 12097, 11876, 4547, 18.49%, 0, 7, 2, 1922.53
1712739930, 0, 8898, 12099, 11877, 4546, 18.49%, 0, 7, 2, 1950.15
1712739955, 0, 8937, 12103, 11880, 4545, 18.50%, 0, 7, 2, 1963.95
1712739975, 0, 9018, 12106, 11882, 4545, 18.50%, 0, 7, 2, 1881.67
1712739991, 0, 9018, 12107, 11883, 4545, 18.50%, 0, 7, 2, 1963.63
1712739996, 0, 9037, 12108, 11883, 4545, 18.50%, 0, 7, 2, 1904.63
1712740016, 0, 9062, 12111, 11885, 4544, 18.50%, 0, 7, 2, 1950.09
1712740021, 0, 9070, 12111, 11884, 4544, 18.50%, 0, 7, 2, 1960.96
1712740036, 0, 9074, 12112, 11884, 4543, 18.50%, 0, 7, 2, 1973.12
1712740047, 0, 9090, 12112, 11883, 4543, 18.50%, 0, 7, 2, 1874.58
1712740062, 0, 9113, 12113, 11883, 4542, 18.50%, 0, 7, 2, 1879.51
1712740067, 0, 9113, 12114, 11884, 4542, 18.50%, 0, 7, 2, 1904.23
1712740087, 0, 9123, 12119, 11888, 4541, 18.50%, 0, 7, 2, 1874.22
1712740102, 0, 9181, 12121, 11889, 4544, 18.51%, 0, 7, 2, 1944.26
1712740122, 0, 9242, 12121, 11888, 4544, 18.51%, 0, 7, 2, 1927.86
1712740127, 0, 9242, 12127, 11894, 4544, 18.52%, 0, 7, 2, 1953.48
1712740132, 0, 9246, 12135, 11901, 4556, 18.53%, 0, 7, 2, 1968.10
1712740158, 0, 9248, 12135, 11900, 4555, 18.53%, 0, 7, 2, 1934.02
1712740173, 0, 9268, 12135, 11899, 4554, 18.53%, 0, 7, 2, 1956.55
1712740183, 0, 9323, 12136, 11899, 4553, 18.53%, 0, 7, 2, 1956.83
1712740188, 0, 9323, 12137, 11900, 4553, 18.53%, 0, 7, 2, 1927.13
1712740198, 0, 9335, 12139, 11901, 4552, 18.53%, 0, 7, 3, 1854.34
1712740213, 0, 9411, 12141, 11902, 4552, 18.53%, 0, 7, 3, 1975.52
1712740239, 0, 9480, 12147, 11907, 4552, 18.54%, 0, 7, 3, 1909.65
1712740249, 0, 9480, 12148, 11908, 4552, 18.54%, 0, 7, 3, 1835.29
1712740254, 0, 9480, 12149, 11909, 4552, 18.54%, 0, 7, 3, 1921.24
1712740274, 0, 9480, 12150, 11910, 4552, 18.54%, 0, 7, 3, 1850.23
1712740279, 0, 9485, 12152, 11911, 4553, 18.54%, 0, 7, 3, 1831.46
1712740284, 0, 9485, 12153, 11912, 4553, 18.54%, 0, 7, 3, 1860.66
1712740289, 0, 9485, 12154, 11913, 4553, 18.54%, 0, 7, 3, 1896.04
1712740305, 0, 9485, 12155, 11914, 4553, 18.54%, 0, 7, 3, 1926.75
1712740320, 0, 9508, 12155, 11913, 4554, 18.54%, 0, 7, 3, 1943.19
1712740330, 0, 9513, 12155, 11912, 4553, 18.54%, 0, 7, 3, 1916.11
1712740335, 0, 9513, 12156, 11913, 4553, 18.54%, 0, 7, 3, 1940.24
1712740850, 0, 9513, 12157, 11914, 4553, 18.54%, 0, 7, 3, 0.46
1712740855, 0, 9518, 12157, 11913, 4552, 18.54%, 0, 7, 3, 1740.27
1712740865, 0, 9578, 12157, 11912, 4551, 18.54%, 0, 7, 3, 1753.74
1712741086, 0, 9599, 12205, 11959, 4559, 18.56%, 0, 7, 3, 1764.56
1712741286, 0, 9626, 12205, 11958, 4558, 18.56%, 0, 7, 3, 1802.66
1712741296, 0, 9737, 12205, 11957, 4557, 18.56%, 0, 7, 3, 1832.83
1712741496, 0, 9759, 12205, 11956, 4556, 18.56%, 0, 7, 3, 1732.70
1712741501, 0, 9759, 12206, 11957, 4556, 18.56%, 0, 7, 3, 1839.07
1712741691, 0, 9765, 12206, 11956, 4556, 18.56%, 0, 7, 3, 1.14
1712741696, 0, 9765, 12207, 11957, 4556, 18.56%, 0, 7, 3, 1907.61
1712741707, 0, 9852, 12208, 11957, 4555, 18.56%, 0, 7, 3, 1821.02
1712741907, 0, 9860, 12208, 11956, 4555, 18.56%, 0, 7, 3, 1787.13
1712742112, 0, 9861, 12208, 11955, 4554, 18.56%, 0, 7, 3, 1.94
1712742122, 0, 9870, 12208, 11954, 4553, 18.56%, 0, 7, 3, 1804.61
1712742137, 0, 9886, 12208, 11953, 4552, 18.56%, 0, 7, 3, 1893.94
1712742327, 0, 9886, 12209, 11954, 4552, 18.56%, 0, 7, 3, 1782.39
1712742338, 0, 9886, 12212, 11957, 4552, 18.56%, 0, 7, 3, 1843.78
1712742348, 0, 9894, 12212, 11956, 4550, 18.56%, 0, 7, 3, 1817.89
1712742543, 0, 9912, 12212, 11955, 4549, 18.56%, 0, 7, 3, 2038.57
1712742553, 0, 9936, 12213, 11955, 4548, 18.56%, 0, 7, 3, 1844.01
1712742558, 0, 9936, 12214, 11956, 4548, 18.56%, 0, 7, 3, 1771.22
1712742753, 0, 9936, 12215, 11957, 4548, 18.56%, 0, 7, 3, 1697.42
1712742758, 0, 9936, 12216, 11958, 4548, 18.56%, 0, 7, 3, 1730.52
1712744411, 0, 9936, 12220, 11962, 4548, 18.56%, 0, 7, 3, 0.15
1712744421, 0, 9936, 12221, 11963, 4548, 18.56%, 0, 7, 3, 1736.37
1712744427, 0, 10005, 12222, 11963, 4549, 18.56%, 0, 7, 3, 1797.37
1712744437, 0, 10005, 12223, 11964, 4549, 18.57%, 0, 7, 3, 1987.98
1712744442, 0, 10015, 12223, 11963, 4549, 18.57%, 0, 7, 3, 1877.40
1712744467, 0, 10015, 12224, 11964, 4549, 18.57%, 0, 7, 3, 1950.26
1712744482, 0, 10078, 12380, 12119, 4552, 18.59%, 0, 7, 3, 1651.66
1712744502, 0, 10106, 12380, 12118, 4551, 18.59%, 0, 7, 3, 1882.24
1712744512, 0, 10115, 12382, 12119, 4550, 18.59%, 0, 7, 3, 1939.96
1712744533, 0, 10115, 12383, 12120, 4550, 18.59%, 0, 7, 3, 1964.96
1712744538, 0, 10115, 12384, 12121, 4550, 18.59%, 0, 7, 3, 1967.02
1712744543, 0, 10211, 12384, 12120, 4551, 18.59%, 0, 7, 3, 1849.47
1712744553, 0, 10211, 12385, 12121, 4551, 18.59%, 0, 7, 3, 1895.36
1712744609, 0, 10248, 12385, 12120, 4550, 18.59%, 0, 7, 3, 1647.48
1712744619, 0, 10251, 12385, 12119, 4549, 18.59%, 0, 7, 3, 1805.69
1712744639, 0, 10334, 12385, 12118, 4548, 18.59%, 0, 7, 3, 1723.44
1712744649, 0, 10352, 12388, 12120, 4547, 18.59%, 0, 7, 3, 1796.49
1712744659, 0, 10356, 12388, 12119, 4549, 18.59%, 0, 7, 3, 1772.41
1712744669, 0, 10357, 12388, 12118, 4548, 18.59%, 0, 7, 3, 1820.74
1712744680, 0, 10359, 12388, 12117, 4547, 18.59%, 0, 7, 3, 1835.16
1712744700, 0, 10361, 12388, 12116, 4546, 18.59%, 0, 7, 3, 1880.19
1712744725, 0, 10384, 12388, 12115, 4545, 18.59%, 0, 7, 3, 1566.26
1712744755, 0, 10427, 12388, 12114, 4544, 18.59%, 0, 7, 3, 1512.83
1712744781, 0, 10468, 12388, 12113, 4543, 18.59%, 0, 7, 3, 1653.57
1712744791, 0, 10475, 12388, 12112, 4542, 18.59%, 0, 7, 3, 1561.93
1712744811, 0, 10534, 12388, 12111, 4541, 18.59%, 0, 7, 3, 1597.38
1712744836, 0, 10539, 12388, 12110, 4540, 18.59%, 0, 7, 3, 1541.09
1712744862, 0, 10582, 12388, 12109, 4539, 18.59%, 0, 7, 3, 1535.41
1712744877, 0, 10596, 12388, 12108, 4537, 18.59%, 0, 7, 3, 1758.70
1712744887, 0, 10596, 12389, 12109, 4537, 18.59%, 0, 7, 3, 1834.11
1712744892, 0, 10609, 12389, 12108, 4537, 18.59%, 0, 7, 3, 1742.43
1712744908, 0, 10662, 12391, 12109, 4536, 18.59%, 0, 7, 3, 1733.17
1712744923, 0, 10675, 12391, 12108, 4535, 18.59%, 0, 7, 3, 1438.71
1712745063, 0, 10741, 12391, 12107, 4534, 18.59%, 0, 7, 3, 1618.68
1712745073, 0, 10767, 12392, 12107, 4533, 18.60%, 0, 7, 3, 1803.86
1712745293, 0, 10872, 12393, 12107, 4533, 18.60%, 0, 7, 3, 1793.24
1712745493, 0, 10907, 12393, 12106, 4532, 18.60%, 0, 7, 3, 1787.76
1712749285, 0, 10922, 12394, 12106, 4531, 18.60%, 0, 7, 3, 1807.20
1712749485, 0, 10950, 12394, 12105, 4530, 18.60%, 0, 7, 3, 1706.70
1712749500, 0, 10972, 12394, 12104, 4529, 18.60%, 0, 7, 3, 1841.40
1712749685, 0, 10972, 12395, 12105, 4529, 18.60%, 0, 7, 3, 0.30
1712749711, 0, 10972, 12396, 12106, 4529, 18.60%, 0, 7, 3, 1882.80
1712750116, 0, 10972, 12437, 12146, 4528, 18.61%, 0, 7, 3, 1634.15
1712750121, 0, 11084, 12628, 12337, 4543, 18.64%, 1, 7, 3, 1449.36
1712750327, 0, 11193, 12629, 12337, 4542, 18.64%, 1, 7, 3, 1903.90
1712750527, 0, 11249, 12629, 12336, 4542, 18.64%, 1, 7, 3, 1.37
1712750542, 0, 11255, 12629, 12335, 4541, 18.64%, 1, 7, 3, 1861.97
1712750552, 0, 11408, 12629, 12334, 4540, 18.64%, 1, 7, 3, 1886.35
1712750762, 0, 11425, 12629, 12333, 4539, 18.64%, 1, 7, 3, 1765.44
1712750968, 0, 11426, 12631, 12334, 4538, 18.64%, 1, 7, 3, 1838.80
1712751168, 0, 11562, 12632, 12334, 4538, 18.64%, 1, 7, 3, 1790.37
1712751178, 0, 11571, 12632, 12333, 4538, 18.64%, 1, 7, 3, 1983.56
1712751183, 0, 11585, 12632, 12332, 4537, 18.64%, 1, 7, 3, 2015.27
1712752515, 0, 11605, 12777, 12476, 4549, 18.68%, 1, 7, 3, 1556.73
1712752531, 0, 11609, 12777, 12475, 4548, 18.68%, 1, 7, 3, 1812.90
1712752541, 0, 11617, 12778, 12475, 4545, 18.68%, 1, 7, 3, 1857.24
1712752546, 0, 11617, 12779, 12476, 4545, 18.68%, 1, 7, 3, 1867.56
1712752566, 0, 11628, 12780, 12476, 4544, 18.68%, 1, 7, 3, 1817.06
1712752576, 0, 11657, 12789, 12484, 4544, 18.69%, 1, 7, 3, 1812.51
1712752581, 0, 11657, 12790, 12485, 4544, 18.70%, 1, 7, 3, 1761.80
1712752591, 0, 11662, 12793, 12487, 4553, 18.70%, 1, 7, 3, 1798.98
1712752606, 0, 11663, 12793, 12486, 4552, 18.70%, 1, 7, 3, 1887.69
1712752617, 0, 11737, 12793, 12485, 4551, 18.70%, 1, 7, 3, 1697.72
1712752632, 0, 11749, 12793, 12484, 4550, 18.70%, 1, 7, 3, 1779.58
1712752647, 0, 11767, 12793, 12483, 4549, 18.70%, 1, 7, 3, 1750.14
1712752662, 0, 11770, 12793, 12482, 4548, 18.70%, 1, 7, 3, 1587.76
1712752677, 0, 11770, 12794, 12483, 4548, 18.70%, 1, 7, 3, 1693.06
1712752687, 0, 11784, 12795, 12483, 4547, 18.70%, 1, 7, 3, 1671.34
1712752713, 0, 11872, 12795, 12482, 4547, 18.70%, 1, 7, 3, 1758.53
1712752738, 0, 11917, 12795, 12481, 4546, 18.70%, 1, 7, 3, 1747.45
1712752749, 0, 11921, 12795, 12480, 4545, 18.70%, 1, 7, 3, 1686.84
1712752754, 0, 11921, 12796, 12481, 4545, 18.70%, 1, 7, 3, 1664.75
1712752769, 0, 11935, 12796, 12480, 4545, 18.70%, 1, 7, 3, 1664.06
1712752779, 0, 11935, 12797, 12481, 4545, 18.71%, 1, 7, 3, 1621.46
1712752784, 0, 12012, 12797, 12480, 4545, 18.71%, 1, 7, 3, 1639.49
1712752794, 0, 12041, 12797, 12479, 4544, 18.71%, 1, 7, 3, 1719.59
1712752799, 0, 12041, 12798, 12480, 4544, 18.72%, 1, 7, 3, 1743.59
1712752809, 0, 12041, 12799, 12481, 4544, 18.72%, 1, 7, 3, 1703.21
1712752814, 0, 12064, 12799, 12480, 4545, 18.72%, 1, 7, 3, 1689.04
1712752829, 0, 12104, 12799, 12479, 4544, 18.72%, 1, 7, 3, 1674.87
1712752850, 0, 12110, 12799, 12478, 4543, 18.72%, 1, 7, 3, 1661.63
1712752860, 0, 12116, 12800, 12478, 4542, 18.72%, 1, 7, 3, 1637.32
1712752875, 0, 12117, 12802, 12479, 4542, 18.72%, 1, 7, 3, 1645.92
1712752885, 0, 12118, 12802, 12478, 4541, 18.72%, 1, 7, 3, 1679.64
1712752890, 0, 12118, 12803, 12479, 4541, 18.72%, 1, 7, 3, 1771.65
1712752900, 0, 12119, 12803, 12478, 4541, 18.72%, 1, 7, 3, 1690.08
1712752926, 0, 12139, 12803, 12477, 4540, 18.72%, 1, 7, 3, 1622.03
1712752931, 0, 12139, 12805, 12479, 4540, 18.72%, 1, 7, 3, 1638.08
1712752956, 0, 12139, 12806, 12480, 4540, 18.72%, 1, 7, 3, 1609.66
1712752961, 0, 12140, 12806, 12479, 4538, 18.72%, 1, 7, 3, 1611.85
1712752987, 0, 12185, 12806, 12478, 4537, 18.72%, 1, 7, 3, 1798.61
1712752992, 0, 12185, 12807, 12479, 4537, 18.72%, 1, 7, 3, 1852.34
1712753002, 0, 12242, 12809, 12480, 4537, 18.72%, 1, 7, 3, 1803.90
1712753033, 0, 12366, 12809, 12479, 4536, 18.72%, 1, 7, 3, 1741.43
1712753073, 0, 12386, 12810, 12479, 4535, 18.73%, 1, 7, 4, 1765.10
1712753083, 0, 12391, 12810, 12478, 4535, 18.73%, 1, 7, 4, 1725.46
1712753129, 0, 12394, 12810, 12477, 4534, 18.73%, 1, 7, 4, 1678.77
1712753134, 0, 12394, 12811, 12478, 4534, 18.73%, 1, 7, 4, 1673.22
1712753898, 0, 12480, 12813, 12479, 4534, 18.73%, 1, 7, 4, 1721.43
1712753903, 0, 12480, 12814, 12480, 4534, 18.73%, 1, 7, 4, 1763.02
1712753908, 0, 12480, 12826, 12492, 4534, 18.73%, 1, 7, 4, 1870.41
1712753918, 0, 12480, 12830, 12496, 4534, 18.73%, 1, 7, 4, 1867.15
1712754103, 0, 12500, 12830, 12495, 4535, 18.73%, 1, 7, 4, 1.68
1712754118, 0, 12565, 12832, 12496, 4534, 18.73%, 1, 7, 4, 1891.18
1712757695, 0, 12628, 12832, 12495, 4533, 18.73%, 1, 7, 4, 1789.00
1712757895, 0, 12734, 12832, 12494, 4532, 18.73%, 1, 7, 4, 1746.76
1712757911, 0, 12760, 12832, 12493, 4531, 18.73%, 1, 7, 4, 1827.26
1712758111, 0, 12763, 12832, 12492, 4530, 18.73%, 1, 7, 4, 1701.70
1712763362, 0, 12763, 12832, 12492, 4530, 18.73%, 1, 8, 4, 1.83
1712763782, 0, 12763, 12832, 12492, 4530, 18.73%, 1, 9, 4, 0.55
1712770514, 0, 12763, 12832, 12492, 4530, 18.73%, 1, 10, 4, 1.50
