# relative_time, cycles_done, cur_item, corpus_count, pending_total, pending_favs, map_size, saved_crashes, saved_hangs, max_depth, execs_per_sec, total_execs, edges_found
229, 0, 46, 484, 469, 222, 5.80%, 0, 0, 3, 0.99, 41235, 1731
234, 0, 53, 504, 485, 229, 5.89%, 0, 0, 3, 1129.74, 46997, 1756
239, 0, 60, 523, 501, 230, 6.01%, 0, 0, 3, 1228.46, 53518, 1792
244, 0, 60, 527, 505, 230, 6.05%, 0, 0, 3, 1298.48, 60226, 1804
249, 0, 63, 540, 517, 235, 6.19%, 0, 0, 3, 1269.41, 66666, 1845
254, 0, 63, 553, 530, 235, 6.23%, 0, 0, 3, 1366.16, 73618, 1858
259, 0, 69, 585, 557, 254, 6.42%, 0, 0, 3, 1327.47, 80395, 1916
264, 0, 75, 602, 570, 250, 6.51%, 0, 0, 3, 1465.90, 87954, 1941
269, 0, 75, 618, 586, 250, 6.62%, 0, 0, 3, 1438.94, 95259, 1976
274, 0, 81, 648, 612, 277, 6.75%, 0, 0, 3, 1504.70, 103043, 2012
279, 0, 81, 656, 620, 277, 6.83%, 0, 0, 3, 1466.76, 110677, 2036
285, 0, 81, 658, 622, 277, 6.83%, 0, 0, 3, 1480.06, 118402, 2038
290, 0, 81, 658, 622, 277, 6.83%, 0, 0, 3, 1406.70, 125620, 2038
295, 0, 81, 658, 622, 277, 6.83%, 0, 0, 3, 1468.99, 133145, 2038
300, 0, 81, 659, 623, 277, 6.85%, 0, 0, 3, 1523.58, 141071, 2044
305, 0, 90, 709, 669, 315, 7.29%, 0, 0, 3, 1507.87, 148963, 2174
310, 0, 94, 721, 680, 315, 7.37%, 0, 0, 3, 1475.47, 156498, 2197
315, 0, 96, 726, 684, 326, 7.38%, 0, 0, 3, 1492.82, 164304, 2200
321, 0, 101, 776, 730, 359, 7.55%, 0, 0, 3, 1372.55, 171204, 2251
326, 0, 101, 810, 764, 359, 7.69%, 0, 0, 3, 1448.56, 178434, 2293
331, 0, 102, 814, 767, 379, 7.81%, 0, 0, 3, 1356.36, 185561, 2331
336, 0, 110, 814, 761, 373, 7.81%, 0, 0, 3, 1372.59, 192653, 2331
341, 0, 114, 844, 787, 383, 7.93%, 0, 0, 3, 1333.59, 199451, 2366
346, 0, 118, 895, 836, 382, 8.02%, 0, 0, 3, 1208.22, 205753, 2391
351, 0, 118, 933, 874, 382, 8.08%, 0, 0, 3, 1102.76, 211117, 2409
356, 0, 131, 963, 902, 404, 8.10%, 0, 0, 3, 1205.19, 217157, 2415
361, 0, 138, 994, 932, 414, 8.17%, 0, 0, 3, 1332.40, 223876, 2436
366, 0, 207, 1021, 952, 409, 8.21%, 0, 0, 3, 1242.03, 230033, 2448
371, 0, 207, 1031, 962, 409, 8.25%, 0, 0, 3, 1143.73, 235827, 2460
376, 0, 218, 1054, 983, 423, 8.30%, 0, 0, 3, 1194.01, 241627, 2477
381, 0, 218, 1063, 992, 423, 8.33%, 0, 0, 3, 1312.59, 248394, 2484
386, 0, 219, 1078, 1006, 428, 8.34%, 0, 0, 3, 1382.32, 255444, 2489
392, 0, 219, 1088, 1016, 428, 8.36%, 0, 0, 3, 1339.23, 262276, 2495
397, 0, 229, 1122, 1048, 434, 8.41%, 0, 0, 3, 1295.54, 268616, 2508
402, 0, 229, 1145, 1071, 434, 8.46%, 0, 0, 3, 1373.61, 275821, 2524
407, 0, 233, 1157, 1082, 445, 8.46%, 0, 0, 3, 1403.72, 282992, 2525
412, 0, 274, 1164, 1080, 437, 8.50%, 0, 0, 3, 1319.10, 289630, 2534
417, 0, 331, 1190, 1090, 430, 8.60%, 0, 0, 3, 1389.66, 296865, 2564
422, 0, 347, 1209, 1103, 427, 8.64%, 0, 0, 3, 1272.46, 303545, 2578
427, 0, 347, 1215, 1109, 427, 8.68%, 0, 0, 3, 1181.26, 309319, 2589
432, 0, 382, 1222, 1107, 424, 8.69%, 0, 0, 4, 1224.54, 315555, 2593
438, 0, 385, 1234, 1117, 429, 8.74%, 0, 0, 4, 1312.72, 322452, 2606
443, 0, 386, 1255, 1137, 428, 8.79%, 0, 0, 4, 1258.62, 328580, 2621
448, 0, 386, 1263, 1145, 428, 8.83%, 0, 0, 4, 1288.80, 335272, 2634
453, 0, 386, 1281, 1163, 428, 8.84%, 0, 0, 4, 1256.79, 341761, 2638
458, 0, 386, 1283, 1165, 428, 8.85%, 0, 0, 4, 1385.75, 349055, 2640
463, 0, 388, 1293, 1173, 456, 8.90%, 0, 0, 4, 1335.29, 355812, 2655
468, 0, 392, 1302, 1180, 462, 8.95%, 0, 0, 4, 1289.02, 362272, 2670
473, 0, 395, 1304, 1180, 463, 8.97%, 0, 0, 4, 1239.33, 368581, 2676
478, 0, 403, 1312, 1186, 463, 8.98%, 0, 0, 4, 1354.16, 375682, 2679
483, 0, 406, 1315, 1186, 464, 8.99%, 0, 0, 4, 1345.43, 382786, 2681
488, 0, 408, 1324, 1193, 471, 9.19%, 0, 0, 4, 1394.39, 389855, 2741
494, 0, 409, 1348, 1216, 470, 9.29%, 0, 0, 4, 1438.22, 397174, 2771
499, 0, 409, 1358, 1226, 470, 9.32%, 0, 0, 4, 1465.55, 404694, 2780
504, 0, 411, 1359, 1225, 491, 9.34%, 0, 0, 4, 1211.93, 410489, 2786
509, 0, 411, 1382, 1248, 491, 9.35%, 0, 0, 4, 1285.33, 417009, 2789
514, 0, 412, 1407, 1272, 492, 9.45%, 0, 0, 4, 1362.04, 424165, 2818
519, 0, 412, 1423, 1288, 492, 9.50%, 0, 0, 4, 1421.50, 431605, 2833
524, 0, 413, 1433, 1297, 531, 9.53%, 0, 0, 4, 1421.90, 439006, 2843
529, 0, 419, 1439, 1301, 529, 9.54%, 0, 0, 4, 1433.46, 446402, 2846
534, 0, 423, 1443, 1302, 530, 9.56%, 0, 0, 4, 1455.56, 453952, 2851
540, 0, 426, 1448, 1304, 532, 9.59%, 0, 0, 4, 1476.28, 461616, 2860
545, 0, 428, 1456, 1310, 534, 9.70%, 0, 0, 4, 1394.93, 469071, 2892
550, 0, 432, 1457, 1308, 533, 9.70%, 0, 0, 4, 1467.66, 476911, 2893
555, 0, 434, 1463, 1312, 533, 9.71%, 0, 0, 4, 1467.39, 484468, 2896
560, 0, 434, 1470, 1319, 533, 9.74%, 0, 0, 4, 1518.95, 492214, 2904
565, 0, 435, 1473, 1321, 537, 9.75%, 0, 0, 4, 1477.20, 499788, 2908
570, 0, 439, 1474, 1319, 538, 9.76%, 0, 0, 4, 1448.10, 506952, 2911
575, 0, 460, 1493, 1328, 543, 9.94%, 0, 0, 4, 1460.88, 514358, 2965
580, 0, 463, 1508, 1340, 540, 9.99%, 0, 0, 4, 1492.14, 521984, 2980
585, 0, 463, 1512, 1344, 540, 10.00%, 0, 0, 4, 1531.52, 529738, 2982
591, 0, 468, 1536, 1364, 560, 10.10%, 0, 0, 4, 1515.11, 537530, 3013
596, 0, 474, 1547, 1369, 563, 10.14%, 0, 0, 4, 1455.70, 544971, 3024
601, 0, 487, 1553, 1368, 561, 10.15%, 0, 0, 4, 1440.18, 552414, 3028
606, 0, 491, 1570, 1383, 563, 10.23%, 0, 0, 4, 1423.04, 559619, 3052
611, 0, 493, 1584, 1395, 584, 10.36%, 0, 0, 4, 1490.90, 567220, 3090
616, 0, 496, 1591, 1399, 585, 10.37%, 0, 0, 4, 1487.71, 575096, 3094
622, 0, 509, 1593, 1397, 584, 10.39%, 0, 0, 4, 1532.47, 582789, 3100
627, 0, 514, 1595, 1395, 582, 10.42%, 0, 0, 4, 1531.60, 590667, 3107
632, 0, 533, 1666, 1457, 579, 10.79%, 0, 0, 4, 1464.08, 598211, 3218
637, 0, 533, 1714, 1505, 579, 11.01%, 0, 0, 4, 1381.02, 605423, 3284
642, 0, 534, 1733, 1523, 643, 11.04%, 0, 0, 4, 1359.50, 612279, 3292
647, 0, 537, 1741, 1528, 640, 11.06%, 0, 0, 4, 1381.46, 619503, 3300
652, 0, 538, 1745, 1531, 648, 11.08%, 0, 0, 4, 1458.11, 626971, 3304
657, 0, 555, 1773, 1547, 655, 11.21%, 0, 0, 4, 1344.36, 633778, 3343
663, 0, 560, 1798, 1569, 654, 11.33%, 0, 0, 4, 1437.97, 641159, 3380
668, 0, 560, 1804, 1575, 654, 11.34%, 0, 0, 4, 1428.29, 648487, 3382
673, 0, 586, 1813, 1579, 662, 11.41%, 0, 0, 4, 1453.57, 655904, 3402
678, 0, 595, 1822, 1583, 662, 11.48%, 0, 0, 4, 1492.21, 663686, 3425
683, 0, 605, 1838, 1593, 661, 11.53%, 0, 0, 4, 1482.37, 671315, 3439
688, 0, 620, 1853, 1599, 663, 11.59%, 0, 0, 4, 1399.43, 678500, 3458
693, 0, 630, 1861, 1604, 661, 11.60%, 0, 0, 4, 1510.86, 686361, 3459
698, 0, 632, 1865, 1607, 663, 11.62%, 0, 0, 4, 1506.78, 694063, 3466
703, 0, 632, 1877, 1619, 663, 11.64%, 0, 0, 4, 1516.83, 701779, 3471
709, 0, 639, 1882, 1621, 666, 11.65%, 0, 0, 4, 1466.03, 709246, 3475
714, 0, 644, 1884, 1620, 664, 11.65%, 0, 0, 4, 1513.38, 717096, 3476
719, 0, 644, 1885, 1621, 664, 11.65%, 0, 0, 4, 1556.23, 725248, 3476
724, 0, 644, 1885, 1621, 664, 11.65%, 0, 0, 4, 1566.93, 733168, 3476
729, 0, 644, 1885, 1621, 664, 11.65%, 0, 0, 4, 1564.30, 741091, 3476
734, 0, 644, 1885, 1621, 664, 11.65%, 0, 0, 4, 1538.12, 749013, 3476
739, 0, 644, 1887, 1623, 664, 11.65%, 0, 0, 4, 1575.93, 757171, 3476
744, 0, 648, 1888, 1623, 663, 11.67%, 0, 0, 4, 1576.78, 765342, 3482
750, 0, 648, 1889, 1624, 663, 11.69%, 0, 0, 4, 1554.84, 773376, 3486
755, 0, 648, 1889, 1624, 663, 11.69%, 0, 0, 4, 1512.39, 781117, 3486
760, 0, 648, 1889, 1624, 663, 11.69%, 0, 0, 4, 1468.33, 788419, 3486
765, 0, 648, 1889, 1624, 663, 11.69%, 0, 0, 4, 1445.28, 795711, 3486
770, 0, 648, 1889, 1624, 663, 11.69%, 0, 0, 4, 1526.44, 803889, 3486
775, 0, 649, 1895, 1629, 667, 11.70%, 0, 0, 4, 1518.06, 811593, 3490
780, 0, 649, 1895, 1629, 667, 11.70%, 0, 0, 4, 1524.88, 819498, 3490
785, 0, 649, 1895, 1629, 667, 11.70%, 0, 0, 4, 1595.24, 827617, 3490
790, 0, 649, 1895, 1629, 667, 11.70%, 0, 0, 4, 1566.41, 835526, 3490
796, 0, 649, 1895, 1629, 667, 11.70%, 0, 0, 4, 1495.47, 842793, 3490
801, 0, 650, 1895, 1628, 667, 11.70%, 0, 0, 4, 1559.63, 850888, 3490
806, 0, 650, 1895, 1628, 667, 11.70%, 0, 0, 4, 1549.94, 858724, 3490
811, 0, 650, 1895, 1628, 667, 11.70%, 0, 0, 4, 1586.62, 866712, 3490
816, 0, 650, 1895, 1628, 667, 11.70%, 0, 0, 4, 1576.19, 874548, 3490
821, 0, 650, 1895, 1628, 667, 11.70%, 0, 0, 4, 1595.37, 882536, 3490
826, 0, 651, 1895, 1627, 666, 11.70%, 0, 0, 4, 1573.72, 890648, 3490
831, 0, 651, 1895, 1627, 666, 11.70%, 0, 0, 4, 1551.25, 898808, 3490
836, 0, 651, 1895, 1627, 666, 11.70%, 0, 0, 4, 1540.15, 906647, 3490
842, 0, 651, 1895, 1627, 666, 11.70%, 0, 0, 4, 1518.39, 914324, 3490
847, 0, 651, 1895, 1627, 666, 11.70%, 0, 0, 4, 1548.67, 922165, 3490
852, 0, 652, 1895, 1626, 665, 11.70%, 0, 0, 4, 1546.73, 929960, 3490
857, 0, 652, 1895, 1626, 665, 11.70%, 0, 0, 4, 1556.74, 937804, 3490
862, 0, 652, 1895, 1626, 665, 11.70%, 0, 0, 4, 1525.83, 945430, 3490
867, 0, 652, 1896, 1627, 665, 11.70%, 0, 0, 4, 1624.28, 953925, 3491
872, 0, 652, 1896, 1627, 665, 11.70%, 0, 0, 4, 1571.94, 962202, 3491
877, 0, 652, 1896, 1627, 665, 11.70%, 0, 0, 4, 1496.86, 969613, 3491
883, 0, 653, 1897, 1627, 665, 11.70%, 0, 0, 4, 1516.38, 977295, 3491
888, 0, 656, 1900, 1628, 664, 11.75%, 0, 0, 4, 1440.55, 984845, 3504
893, 0, 658, 1903, 1630, 666, 11.76%, 0, 0, 4, 1525.91, 992781, 3509
898, 0, 665, 1909, 1633, 667, 11.80%, 0, 0, 4, 1542.47, 1000652, 3520
903, 0, 684, 1919, 1631, 666, 11.89%, 0, 0, 4, 1417.05, 1007432, 3546
908, 0, 684, 1938, 1650, 666, 11.97%, 0, 0, 4, 1532.06, 1015287, 3570
913, 0, 686, 1955, 1665, 687, 12.14%, 0, 0, 4, 1505.82, 1022939, 3621
918, 0, 686, 1963, 1673, 687, 12.17%, 0, 0, 4, 1521.06, 1030743, 3630
923, 0, 693, 1975, 1678, 704, 12.26%, 0, 0, 4, 1465.58, 1037938, 3656
928, 0, 703, 1992, 1686, 709, 12.35%, 0, 0, 4, 1498.72, 1045524, 3685
934, 0, 711, 2078, 1766, 733, 12.58%, 0, 0, 4, 1408.28, 1052048, 3753
939, 0, 734, 2087, 1757, 722, 12.62%, 0, 0, 4, 1482.45, 1059805, 3763
944, 0, 746, 2088, 1746, 711, 12.62%, 0, 0, 4, 1279.31, 1065928, 3764
949, 0, 759, 2105, 1752, 703, 12.62%, 0, 0, 4, 1410.45, 1073252, 3765
954, 0, 777, 2119, 1757, 697, 12.63%, 0, 0, 4, 1073.91, 1078389, 3768
959, 0, 805, 2133, 1758, 689, 12.66%, 0, 0, 4, 1306.00, 1085496, 3775
964, 0, 814, 2163, 1780, 698, 12.80%, 0, 0, 4, 1362.33, 1092110, 3819
969, 0, 826, 2172, 1782, 695, 12.84%, 0, 0, 4, 1463.42, 1099606, 3829
974, 0, 898, 2195, 1794, 692, 12.90%, 0, 0, 4, 1393.82, 1106683, 3849
980, 0, 922, 2207, 1796, 692, 12.94%, 0, 0, 4, 1400.12, 1113868, 3860
985, 0, 976, 2215, 1794, 682, 12.94%, 0, 0, 4, 1389.02, 1121028, 3861
990, 0, 994, 2222, 1794, 677, 12.95%, 0, 0, 4, 1479.74, 1128667, 3864
995, 0, 994, 2223, 1795, 677, 12.96%, 0, 0, 4, 1505.64, 1136326, 3865
1000, 0, 1026, 2233, 1792, 670, 12.96%, 0, 0, 4, 1508.34, 1143905, 3865
1005, 0, 1033, 2248, 1803, 668, 12.97%, 0, 0, 4, 1462.01, 1151230, 3870
1010, 0, 1033, 2257, 1812, 668, 13.00%, 0, 0, 4, 1521.48, 1158923, 3877
1015, 0, 1053, 2266, 1817, 678, 13.00%, 0, 0, 4, 1654.46, 1167007, 3878
1020, 0, 1056, 2280, 1830, 680, 13.03%, 0, 0, 4, 1612.03, 1175218, 3888
1025, 0, 1056, 2283, 1833, 680, 13.04%, 0, 0, 4, 1630.55, 1183370, 3890
1030, 0, 1087, 2297, 1838, 674, 13.10%, 0, 0, 4, 1494.37, 1190720, 3909
1035, 0, 1087, 2300, 1841, 674, 13.10%, 0, 0, 4, 1641.97, 1199060, 3909
1040, 0, 1143, 2312, 1837, 664, 13.13%, 0, 0, 4, 1603.78, 1207398, 3916
1045, 0, 1143, 2318, 1843, 664, 13.13%, 0, 0, 4, 1576.56, 1215320, 3917
1050, 0, 1175, 2324, 1840, 662, 13.18%, 0, 0, 4, 1542.94, 1223076, 3931
1055, 0, 1180, 2338, 1851, 661, 13.29%, 0, 0, 4, 1483.09, 1230418, 3963
1060, 0, 1180, 2363, 1876, 661, 13.43%, 0, 0, 4, 1569.32, 1238282, 4006
1065, 0, 1187, 2374, 1883, 685, 13.54%, 0, 0, 4, 1568.23, 1246207, 4038
1071, 0, 1212, 2395, 1893, 678, 13.54%, 0, 0, 4, 1534.81, 1254233, 4040
1076, 0, 1227, 2401, 1890, 673, 13.56%, 0, 0, 5, 1471.54, 1261610, 4046
1081, 0, 1245, 2406, 1889, 668, 13.56%, 0, 0, 5, 1482.34, 1269321, 4046
1086, 0, 1250, 2417, 1896, 666, 13.60%, 0, 0, 5, 1519.68, 1276994, 4056
1091, 0, 1250, 2419, 1898, 666, 13.60%, 0, 0, 5, 1557.54, 1284930, 4058
1096, 0, 1255, 2423, 1897, 671, 13.62%, 0, 0, 5, 1456.39, 1292407, 4062
1101, 0, 1261, 2428, 1896, 669, 13.64%, 0, 0, 5, 1429.53, 1299749, 4068
1106, 0, 1280, 2428, 1889, 662, 13.64%, 0, 0, 5, 1487.34, 1307344, 4068
1111, 0, 1283, 2436, 1895, 660, 13.67%, 0, 0, 5, 1524.75, 1315312, 4077
1117, 0, 1283, 2437, 1896, 660, 13.67%, 0, 0, 5, 1547.18, 1323509, 4078
1122, 0, 1301, 2467, 1919, 661, 13.76%, 0, 0, 5, 1411.12, 1330546, 4105
1127, 0, 1301, 2476, 1928, 661, 13.83%, 0, 0, 5, 1509.07, 1338190, 4125
1132, 0, 1312, 2480, 1926, 674, 13.86%, 0, 0, 5, 1473.68, 1345664, 4134
1137, 0, 1321, 2488, 1927, 669, 13.88%, 0, 0, 5, 1450.48, 1353144, 4139
1142, 0, 1323, 2528, 1965, 667, 13.90%, 0, 0, 5, 1510.78, 1360823, 4145
1147, 0, 1323, 2536, 1973, 667, 13.90%, 0, 0, 5, 1457.23, 1368022, 4145
1152, 0, 1337, 2549, 1980, 674, 13.95%, 0, 0, 5, 1452.27, 1375568, 4160
1157, 0, 1344, 2561, 1986, 678, 14.02%, 0, 0, 5, 1505.44, 1383215, 4181
1163, 0, 1354, 2572, 1989, 679, 14.07%, 0, 0, 5, 1501.62, 1391002, 4198
1168, 0, 1388, 2582, 1993, 681, 14.10%, 0, 0, 5, 1495.46, 1398648, 4206
1173, 0, 1388, 2584, 1995, 681, 14.10%, 0, 0, 5, 1493.77, 1406628, 4206
1178, 0, 1389, 2587, 1997, 681, 14.10%, 0, 0, 5, 1487.08, 1414269, 4206
1183, 0, 1391, 2588, 1997, 680, 14.10%, 0, 0, 5, 1546.97, 1422479, 4206
1188, 0, 1391, 2589, 1998, 680, 14.10%, 0, 0, 5, 1542.68, 1430167, 4206
1194, 0, 1392, 2591, 1999, 681, 14.11%, 0, 0, 5, 1644.17, 1438677, 4208
1199, 0, 1392, 2592, 2000, 681, 14.11%, 0, 0, 5, 1556.80, 1446476, 4208
1204, 0, 1393, 2593, 2000, 681, 14.11%, 0, 0, 5, 1582.84, 1454390, 4208
1209, 0, 1394, 2593, 1999, 681, 14.11%, 0, 0, 5, 1597.09, 1462332, 4208
1214, 0, 1394, 2594, 2000, 681, 14.11%, 0, 0, 5, 1556.96, 1470160, 4208
1219, 0, 1395, 2597, 2002, 683, 14.11%, 0, 0, 5, 1523.88, 1477822, 4210
1224, 0, 1396, 2598, 2002, 684, 14.12%, 0, 0, 5, 1531.53, 1485588, 4211
1229, 0, 1396, 2599, 2003, 684, 14.12%, 0, 0, 5, 1604.08, 1493938, 4211
1234, 0, 1397, 2599, 2002, 683, 14.12%, 0, 0, 5, 1548.65, 1501638, 4211
1239, 0, 1399, 2601, 2003, 683, 14.13%, 0, 0, 5, 1593.56, 1509743, 4214
1244, 0, 1399, 2604, 2006, 683, 14.13%, 0, 0, 5, 1558.19, 1517693, 4216
1249, 0, 1400, 2605, 2006, 685, 14.13%, 0, 0, 5, 1531.93, 1525486, 4216
1255, 0, 1400, 2606, 2007, 685, 14.13%, 0, 0, 5, 1538.99, 1533547, 4216
1260, 0, 1401, 2606, 2006, 685, 14.13%, 0, 0, 5, 1566.57, 1541631, 4216
1265, 0, 1402, 2608, 2007, 684, 14.13%, 0, 0, 5, 1460.85, 1549127, 4216
1270, 0, 1402, 2609, 2008, 684, 14.13%, 0, 0, 5, 1497.38, 1557203, 4216
1275, 0, 1403, 2610, 2008, 683, 14.13%, 0, 0, 5, 1514.61, 1565110, 4216
1281, 0, 1404, 2610, 2007, 682, 14.13%, 0, 0, 5, 1538.93, 1573172, 4216
1286, 0, 1404, 2610, 2007, 682, 14.13%, 0, 0, 5, 1516.80, 1580966, 4216
1291, 0, 1405, 2613, 2009, 681, 14.13%, 0, 0, 5, 1563.12, 1589007, 4216
1296, 0, 1406, 2615, 2010, 681, 14.13%, 0, 0, 5, 1566.21, 1596924, 4216
1301, 0, 1406, 2615, 2010, 681, 14.13%, 0, 0, 5, 1504.17, 1604663, 4216
1306, 0, 1407, 2616, 2010, 681, 14.13%, 0, 0, 5, 1557.19, 1612954, 4216
1312, 0, 1408, 2617, 2010, 680, 14.13%, 0, 0, 5, 1506.67, 1620598, 4216
1317, 0, 1408, 2617, 2010, 680, 14.13%, 0, 0, 5, 1545.39, 1628485, 4216
1322, 0, 1409, 2618, 2010, 679, 14.13%, 0, 0, 5, 1555.48, 1636610, 4216
1327, 0, 1409, 2619, 2011, 679, 14.13%, 0, 0, 5, 1536.58, 1644427, 4216
1332, 0, 1410, 2620, 2011, 678, 14.13%, 0, 0, 5, 1545.83, 1652237, 4216
1337, 0, 1411, 2621, 2011, 678, 14.13%, 0, 0, 5, 1465.72, 1659814, 4216
1342, 0, 1411, 2621, 2011, 678, 14.13%, 0, 0, 5, 1536.75, 1667640, 4216
1347, 0, 1412, 2622, 2011, 677, 14.13%, 0, 0, 5, 1532.34, 1675360, 4216
1352, 0, 1414, 2623, 2011, 677, 14.14%, 0, 0, 5, 1564.92, 1683575, 4218
1358, 0, 1414, 2623, 2011, 677, 14.14%, 0, 0, 5, 1535.09, 1691267, 4218
1363, 0, 1415, 2624, 2011, 676, 14.14%, 0, 0, 5, 1546.92, 1699161, 4218
1368, 0, 1415, 2624, 2011, 676, 14.14%, 0, 0, 5, 1632.65, 1707649, 4218
1373, 0, 1416, 2624, 2010, 676, 14.14%, 0, 0, 5, 1598.66, 1715785, 4218
1378, 0, 1418, 2626, 2011, 675, 14.14%, 0, 0, 5, 1577.21, 1723729, 4218
1383, 0, 1418, 2626, 2011, 675, 14.14%, 0, 0, 5, 1577.17, 1731654, 4218
1388, 0, 1419, 2627, 2011, 674, 14.14%, 0, 0, 5, 1526.59, 1739191, 4218
1393, 0, 1420, 2627, 2010, 673, 14.14%, 0, 0, 5, 1519.87, 1746991, 4218
1398, 0, 1420, 2628, 2011, 673, 14.14%, 0, 0, 5, 1591.02, 1755249, 4218
1404, 0, 1421, 2631, 2013, 673, 14.16%, 0, 0, 5, 1548.50, 1763148, 4223
1409, 0, 1422, 2631, 2012, 674, 14.16%, 0, 0, 5, 1586.54, 1771257, 4223
1414, 0, 1422, 2632, 2013, 674, 14.16%, 0, 0, 5, 1573.81, 1779382, 4223
1419, 0, 1423, 2632, 2012, 673, 14.16%, 0, 0, 5, 1592.86, 1787338, 4223
1424, 0, 1423, 2633, 2013, 673, 14.16%, 0, 0, 5, 1588.45, 1795486, 4223
1429, 0, 1424, 2635, 2014, 672, 14.16%, 0, 0, 5, 1600.81, 1803459, 4223
1434, 0, 1425, 2635, 2013, 671, 14.16%, 0, 0, 5, 1553.11, 1811219, 4223
1439, 0, 1425, 2636, 2014, 671, 14.16%, 0, 0, 5, 1463.93, 1818630, 4223
1444, 0, 1426, 2636, 2013, 671, 14.16%, 0, 0, 5, 1542.53, 1826389, 4223
1449, 0, 1427, 2637, 2013, 670, 14.16%, 0, 0, 5, 1504.69, 1833984, 4223
1454, 0, 1427, 2639, 2015, 670, 14.16%, 0, 0, 5, 1524.02, 1841884, 4223
1459, 0, 1429, 2642, 2017, 671, 14.16%, 0, 0, 5, 1530.05, 1849622, 4225
1464, 0, 1429, 2644, 2019, 671, 14.17%, 0, 0, 5, 1549.61, 1857720, 4226
1469, 0, 1430, 2644, 2018, 671, 14.17%, 0, 0, 5, 1518.43, 1865252, 4226
1475, 0, 1431, 2644, 2017, 670, 14.17%, 0, 0, 5, 1538.64, 1873224, 4226
1480, 0, 1431, 2644, 2017, 670, 14.17%, 0, 0, 5, 1501.02, 1880752, 4226
1485, 0, 1439, 2645, 2015, 668, 14.17%, 0, 0, 5, 1499.31, 1888500, 4226
1490, 0, 1443, 2649, 2015, 664, 14.17%, 0, 0, 5, 1526.45, 1896125, 4227
1495, 0, 1443, 2655, 2021, 664, 14.18%, 0, 0, 5, 1558.09, 1904273, 4229
1500, 0, 1447, 2665, 2028, 672, 14.24%, 0, 0, 5, 1476.16, 1911731, 4249
1505, 0, 1448, 2686, 2048, 673, 14.35%, 0, 0, 5, 1525.68, 1919510, 4279
1510, 0, 1449, 2690, 2051, 687, 14.37%, 0, 0, 5, 1552.41, 1927698, 4286
1515, 0, 1460, 2706, 2060, 689, 14.43%, 0, 0, 5, 1482.81, 1935401, 4305
1521, 0, 1470, 2711, 2058, 682, 14.43%, 0, 0, 5, 1519.15, 1943265, 4305
1526, 0, 1471, 2716, 2062, 682, 14.45%, 0, 0, 5, 1471.01, 1950831, 4311
1531, 0, 1471, 2722, 2068, 682, 14.48%, 0, 0, 5, 1403.54, 1957595, 4320
1536, 0, 1474, 2723, 2066, 687, 14.50%, 0, 0, 5, 1509.06, 1965418, 4325
1541, 0, 1475, 2754, 2096, 686, 14.57%, 0, 0, 5, 1542.92, 1973411, 4347
1546, 0, 1476, 2774, 2115, 695, 14.66%, 0, 0, 5, 1487.12, 1980831, 4373
1551, 0, 1476, 2790, 2131, 695, 14.71%, 0, 0, 5, 1477.40, 1988383, 4387
1556, 0, 1479, 2799, 2137, 712, 14.76%, 0, 0, 5, 1496.43, 1995912, 4403
1561, 0, 1487, 2811, 2142, 712, 14.86%, 0, 0, 5, 1487.04, 2003388, 4432
1566, 0, 1503, 2822, 2149, 712, 14.87%, 0, 0, 5, 1484.34, 2010799, 4436
1571, 0, 1508, 2825, 2150, 712, 14.87%, 0, 0, 5, 1471.32, 2018231, 4437
1576, 0, 1518, 2836, 2155, 710, 14.89%, 0, 0, 5, 1513.91, 2026017, 4443
1581, 0, 1522, 2836, 2151, 708, 14.89%, 0, 0, 5, 1548.97, 2033965, 4443
1586, 0, 1532, 2842, 2149, 701, 14.90%, 0, 0, 5, 1460.44, 2041546, 4446
1592, 0, 1541, 2846, 2145, 696, 14.92%, 0, 0, 5, 1531.90, 2049577, 4449
1597, 0, 1553, 2850, 2141, 691, 14.93%, 0, 0, 5, 1530.13, 2057465, 4454
1602, 0, 1561, 2864, 2147, 689, 14.97%, 0, 0, 5, 1543.56, 2065765, 4464
1607, 0, 1566, 2868, 2146, 689, 14.99%, 0, 0, 5, 1580.39, 2073910, 4472
1612, 0, 1570, 2870, 2144, 687, 15.00%, 0, 0, 5, 1472.49, 2081356, 4474
1617, 0, 1574, 2901, 2172, 690, 15.07%, 0, 0, 5, 1472.16, 2088762, 4494
1623, 0, 1576, 2918, 2188, 684, 15.14%, 0, 0, 5, 1516.56, 2096503, 4516
1628, 0, 1578, 2923, 2191, 695, 15.16%, 0, 0, 5, 1486.22, 2104084, 4522
1633, 0, 1587, 2924, 2186, 689, 15.16%, 0, 0, 5, 1445.57, 2111293, 4523
1638, 0, 1600, 2929, 2183, 683, 15.17%, 0, 0, 5, 1477.38, 2118782, 4525
1643, 0, 1626, 2938, 2185, 678, 15.18%, 0, 0, 5, 1473.63, 2126245, 4528
1648, 0, 1639, 2945, 2186, 673, 15.19%, 0, 0, 5, 1490.90, 2133933, 4530
1653, 0, 1648, 2949, 2184, 668, 15.20%, 0, 0, 5, 1439.05, 2141382, 4534
1658, 0, 1654, 2953, 2183, 664, 15.21%, 0, 0, 5, 1496.08, 2148974, 4536
1663, 0, 1663, 2962, 2187, 661, 15.21%, 0, 0, 5, 1461.46, 2156616, 4537
1668, 0, 1682, 2976, 2195, 655, 15.22%, 0, 0, 5, 1520.61, 2164571, 4539
1674, 0, 1693, 2984, 2197, 652, 15.23%, 0, 0, 5, 1460.79, 2172182, 4544
1679, 0, 1701, 2990, 2197, 650, 15.25%, 0, 0, 5, 1475.19, 2179757, 4548
1684, 0, 1701, 2997, 2204, 650, 15.27%, 0, 0, 5, 1536.58, 2187759, 4555
1689, 0, 1705, 3006, 2210, 654, 15.34%, 0, 0, 5, 1571.60, 2195651, 4575
1694, 0, 1713, 3010, 2209, 651, 15.35%, 0, 0, 5, 1589.35, 2203934, 4579
1699, 0, 1736, 3011, 2204, 646, 15.35%, 0, 0, 5, 1539.94, 2211660, 4580
1704, 0, 1747, 3019, 2205, 641, 15.37%, 0, 0, 5, 1512.85, 2219473, 4585
1709, 0, 1762, 3023, 2202, 637, 15.38%, 0, 0, 5, 1498.68, 2227152, 4587
1715, 0, 1771, 3029, 2200, 634, 15.40%, 0, 0, 5, 1418.53, 2234277, 4593
1720, 0, 1774, 3076, 2244, 632, 15.51%, 0, 0, 5, 1625.02, 2242471, 4626
1725, 0, 1774, 3076, 2244, 632, 15.51%, 0, 0, 5, 1528.19, 2250093, 4626
1730, 0, 1782, 3083, 2249, 652, 15.51%, 0, 0, 5, 1498.19, 2257761, 4627
1735, 0, 1788, 3086, 2251, 652, 15.55%, 0, 0, 5, 1511.41, 2265531, 4639
1740, 0, 1790, 3088, 2252, 652, 15.56%, 0, 0, 5, 1507.76, 2273519, 4640
1745, 0, 1795, 3088, 2251, 652, 15.56%, 0, 0, 5, 1532.98, 2281301, 4640
1750, 0, 1798, 3088, 2249, 650, 15.56%, 0, 0, 5, 1517.14, 2289023, 4640
1755, 0, 1800, 3090, 2250, 649, 15.56%, 0, 0, 5, 1509.24, 2296654, 4640
1760, 0, 1808, 3185, 2343, 647, 16.00%, 0, 0, 5, 1482.60, 2304018, 4773
1765, 0, 1808, 3197, 2355, 647, 16.04%, 0, 0, 5, 1475.12, 2311335, 4786
1771, 0, 1817, 3201, 2354, 682, 16.06%, 0, 0, 5, 1532.48, 2319077, 4790
1776, 0, 1835, 3209, 2355, 678, 16.08%, 0, 0, 5, 1471.50, 2326448, 4796
1781, 0, 1846, 3217, 2357, 677, 16.11%, 0, 0, 5, 1542.09, 2334326, 4805
1786, 0, 1849, 3240, 2377, 676, 16.23%, 0, 0, 5, 1513.62, 2341931, 4842
1791, 0, 1849, 3257, 2394, 676, 16.32%, 0, 0, 5, 1567.15, 2349908, 4869
1796, 0, 1863, 3269, 2400, 709, 16.34%, 0, 0, 5, 1563.72, 2357876, 4873
1801, 0, 1863, 3270, 2401, 709, 16.34%, 0, 0, 5, 1575.28, 2366099, 4873
1806, 0, 1864, 3283, 2413, 710, 16.34%, 0, 0, 5, 1509.89, 2373619, 4874
1811, 0, 1864, 3286, 2416, 710, 16.35%, 0, 0, 5, 1585.32, 2381851, 4877
1816, 0, 1871, 3300, 2429, 711, 16.36%, 0, 0, 5, 1508.66, 2389480, 4879
1821, 0, 1879, 3303, 2429, 712, 16.36%, 0, 0, 5, 1608.25, 2397581, 4880
1827, 0, 1887, 3309, 2431, 709, 16.37%, 0, 0, 5, 1518.81, 2405389, 4884
1832, 0, 1888, 3310, 2431, 709, 16.38%, 0, 0, 5, 1543.59, 2413585, 4885
1837, 0, 1892, 3311, 2430, 709, 16.38%, 0, 0, 5, 1541.70, 2421162, 4886
1842, 0, 1893, 3311, 2429, 708, 16.38%, 0, 0, 5, 1622.56, 2429735, 4886
1847, 0, 1895, 3314, 2431, 710, 16.39%, 0, 0, 5, 1579.59, 2437717, 4888
1852, 0, 1897, 3317, 2433, 709, 16.40%, 0, 0, 5, 1523.83, 2445544, 4891
1857, 0, 1904, 3346, 2456, 709, 16.51%, 0, 0, 5, 1497.42, 2453109, 4926
1862, 0, 1904, 3358, 2468, 709, 16.54%, 0, 0, 5, 1595.63, 2461067, 4935
1868, 0, 1912, 3365, 2470, 722, 16.57%, 0, 0, 5, 1430.99, 2468284, 4944
1873, 0, 1913, 3382, 2486, 721, 16.62%, 0, 0, 5, 1536.53, 2476316, 4957
1878, 0, 1915, 3392, 2495, 734, 16.64%, 0, 0, 5, 1451.65, 2483786, 4965
1883, 0, 1920, 3397, 2496, 737, 16.66%, 0, 0, 5, 1551.14, 2491766, 4969
1888, 0, 1928, 3397, 2489, 730, 16.66%, 0, 0, 5, 1484.63, 2499408, 4969
1893, 0, 1936, 3404, 2489, 726, 16.68%, 0, 0, 5, 1500.06, 2507159, 4974
1898, 0, 1938, 3426, 2509, 727, 16.74%, 0, 0, 5, 1456.09, 2514505, 4993
1903, 0, 1938, 3431, 2514, 727, 16.76%, 0, 0, 5, 1609.54, 2522674, 4998
1909, 0, 1941, 3440, 2520, 735, 16.77%, 0, 0, 5, 1534.51, 2530423, 5003
1914, 0, 1941, 3441, 2521, 735, 16.77%, 0, 0, 5, 1538.83, 2538201, 5003
1919, 0, 1950, 3445, 2519, 733, 16.78%, 0, 0, 5, 1421.16, 2545487, 5004
1924, 0, 1952, 3453, 2525, 731, 16.80%, 0, 0, 5, 1449.82, 2553128, 5010
1929, 0, 1953, 3455, 2526, 734, 16.80%, 0, 0, 5, 1498.34, 2560990, 5010
1934, 0, 1962, 3460, 2522, 730, 16.84%, 0, 0, 5, 1475.98, 2568662, 5022
1939, 0, 1965, 3476, 2535, 732, 16.89%, 0, 0, 5, 1525.19, 2576361, 5037
1945, 0, 1976, 3482, 2533, 733, 16.90%, 0, 0, 5, 1478.97, 2584001, 5042
1950, 0, 1977, 3507, 2557, 732, 16.92%, 0, 0, 5, 1545.48, 2591950, 5047
1955, 0, 1979, 3515, 2563, 735, 16.92%, 0, 0, 5, 1589.57, 2600066, 5048
1960, 0, 1994, 3521, 2561, 733, 16.97%, 0, 0, 5, 1531.25, 2607704, 5062
1965, 0, 2022, 3525, 2552, 723, 16.98%, 0, 0, 5, 1562.18, 2615729, 5064
1970, 0, 2078, 3526, 2530, 701, 16.98%, 0, 0, 5, 1449.18, 2623032, 5065
1975, 0, 2086, 3531, 2529, 699, 17.01%, 0, 0, 5, 1499.33, 2631092, 5075
1980, 0, 2104, 3534, 2526, 694, 17.01%, 0, 0, 5, 1528.61, 2639036, 5075
1986, 0, 2119, 3542, 2531, 692, 17.04%, 0, 0, 5, 1508.94, 2646918, 5082
1991, 0, 2125, 3548, 2532, 692, 17.04%, 0, 0, 5, 1526.81, 2654521, 5082
1996, 0, 2145, 3560, 2541, 691, 17.05%, 0, 0, 5, 1446.27, 2661761, 5087
2001, 0, 2145, 3561, 2542, 691, 17.06%, 0, 0, 5, 1578.64, 2669741, 5090
2006, 0, 2163, 3563, 2537, 691, 17.06%, 0, 0, 5, 1507.78, 2677256, 5090
2011, 0, 2167, 3571, 2542, 689, 17.07%, 0, 0, 5, 1484.16, 2684504, 5092
2016, 0, 2167, 3571, 2542, 689, 17.07%, 0, 0, 5, 1526.14, 2692318, 5092
2021, 0, 2176, 3576, 2544, 689, 17.07%, 0, 0, 5, 1507.41, 2699760, 5093
2026, 0, 2188, 3589, 2554, 687, 17.08%, 0, 0, 5, 1509.97, 2707535, 5094
2031, 0, 2188, 3593, 2558, 687, 17.08%, 0, 0, 5, 1517.63, 2715157, 5095
2036, 0, 2189, 3598, 2562, 689, 17.09%, 0, 0, 5, 1539.98, 2722926, 5097
2041, 0, 2205, 3598, 2554, 684, 17.09%, 0, 0, 5, 1471.32, 2730373, 5097
2046, 0, 2228, 3603, 2552, 679, 17.09%, 0, 0, 5, 1497.21, 2738399, 5099
2052, 0, 2239, 3608, 2548, 670, 17.09%, 0, 0, 5, 1525.02, 2746269, 5099
2057, 0, 2247, 3612, 2545, 668, 17.10%, 0, 0, 5, 1436.79, 2753564, 5101
2062, 0, 2256, 3618, 2544, 664, 17.10%, 0, 0, 5, 1419.05, 2760817, 5101
2067, 0, 2296, 3632, 2549, 655, 17.11%, 0, 0, 5, 1477.55, 2768384, 5103
2072, 0, 2296, 3635, 2552, 655, 17.11%, 0, 0, 5, 1583.13, 2776322, 5105
2077, 0, 2322, 3639, 2545, 649, 17.12%, 0, 0, 5, 1567.46, 2784236, 5107
2082, 0, 2327, 3641, 2543, 647, 17.12%, 0, 0, 5, 1596.10, 2792506, 5107
2087, 0, 2331, 3642, 2542, 645, 17.12%, 0, 0, 5, 1536.30, 2800465, 5107
2092, 0, 2341, 3645, 2541, 642, 17.14%, 0, 0, 5, 1515.59, 2808203, 5112
2097, 0, 2346, 3646, 2540, 640, 17.14%, 0, 0, 5, 1495.56, 2815946, 5113
2103, 0, 2353, 3648, 2540, 639, 17.15%, 0, 0, 5, 1575.19, 2823919, 5115
2108, 0, 2356, 3649, 2539, 637, 17.15%, 0, 0, 5, 1597.01, 2832150, 5116
2113, 0, 2360, 3651, 2539, 637, 17.15%, 0, 0, 5, 1573.87, 2840178, 5116
2118, 0, 2362, 3652, 2538, 636, 17.15%, 0, 0, 5, 1543.61, 2847930, 5117
2123, 0, 2364, 3665, 2549, 635, 17.21%, 0, 0, 5, 1522.42, 2855731, 5133
2128, 0, 2364, 3680, 2564, 635, 17.26%, 0, 0, 5, 1468.40, 2863351, 5147
2133, 0, 2366, 3683, 2565, 644, 17.27%, 0, 0, 5, 1531.38, 2871140, 5150
2138, 0, 2370, 3696, 2575, 643, 17.32%, 0, 0, 5, 1518.32, 2879058, 5165
2143, 0, 2372, 3699, 2577, 645, 17.32%, 0, 0, 5, 1534.14, 2886987, 5165
2148, 0, 2405, 3704, 2572, 640, 17.34%, 0, 0, 6, 1438.08, 2894461, 5171
2154, 0, 2412, 3705, 2568, 636, 17.34%, 0, 0, 6, 1397.60, 2901610, 5172
2159, 0, 2417, 3706, 2564, 632, 17.34%, 0, 0, 6, 1369.34, 2908621, 5173
2164, 0, 2424, 3712, 2565, 627, 17.37%, 0, 0, 6, 1459.86, 2915956, 5181
2169, 0, 2424, 3719, 2572, 627, 17.39%, 0, 0, 6, 1515.77, 2923692, 5188
2174, 0, 2431, 3730, 2579, 638, 17.41%, 0, 0, 6, 1505.06, 2931214, 5194
2179, 0, 2431, 3733, 2582, 638, 17.42%, 0, 0, 6, 1571.95, 2939286, 5195
2184, 0, 2439, 3735, 2580, 638, 17.42%, 0, 0, 6, 1553.86, 2947119, 5195
2189, 0, 2441, 3735, 2579, 637, 17.42%, 0, 0, 6, 1516.15, 2955124, 5195
2194, 0, 2448, 3757, 2598, 636, 17.46%, 0, 0, 6, 1499.96, 2962712, 5209
2199, 0, 2448, 3765, 2606, 636, 17.47%, 0, 0, 6, 1488.90, 2970349, 5212
2204, 0, 2457, 3773, 2607, 639, 17.48%, 0, 0, 6, 1542.98, 2978272, 5213
2209, 0, 2459, 3780, 2612, 637, 17.48%, 0, 0, 6, 1493.45, 2985692, 5215
2215, 0, 2461, 3782, 2613, 638, 17.48%, 0, 0, 6, 1486.29, 2993243, 5215
2220, 0, 2461, 3782, 2613, 638, 17.48%, 0, 0, 6, 1564.81, 3001315, 5215
2225, 0, 2472, 3798, 2623, 637, 17.51%, 0, 0, 6, 1512.02, 3008870, 5224
2230, 0, 2472, 3806, 2631, 637, 17.52%, 0, 0, 6, 1442.67, 3016425, 5227
2235, 0, 2476, 3811, 2634, 646, 17.57%, 0, 0, 6, 1404.99, 3023382, 5241
2240, 0, 2494, 3822, 2638, 648, 17.62%, 0, 0, 6, 1459.14, 3030768, 5257
2245, 0, 2527, 3825, 2638, 647, 17.62%, 0, 0, 6, 1503.65, 3038263, 5257
2250, 0, 2528, 3845, 2657, 647, 17.62%, 0, 0, 6, 1479.42, 3045736, 5257
2255, 0, 2528, 3860, 2672, 647, 17.62%, 0, 0, 6, 1548.80, 3053403, 5257
2260, 0, 2537, 3864, 2673, 645, 17.62%, 0, 0, 6, 1529.54, 3061104, 5257
2265, 0, 2547, 3866, 2667, 640, 17.63%, 0, 0, 6, 1568.59, 3069000, 5260
2270, 0, 2554, 3876, 2671, 641, 17.67%, 0, 0, 6, 1464.09, 3076238, 5270
2275, 0, 2561, 3879, 2669, 640, 17.69%, 0, 0, 6, 1479.40, 3083531, 5276
2281, 0, 2566, 3896, 2682, 641, 17.72%, 0, 0, 6, 1458.07, 3090874, 5285
2286, 0, 2576, 3903, 2681, 640, 17.75%, 0, 0, 6, 1479.32, 3098318, 5295
2291, 0, 2583, 3906, 2681, 638, 17.75%, 0, 0, 6, 1506.03, 3106287, 5296
2296, 0, 2588, 3910, 2684, 638, 17.76%, 0, 0, 6, 1536.87, 3114102, 5297
2301, 0, 2588, 3910, 2684, 638, 17.76%, 0, 0, 6, 1526.97, 3121867, 5297
2306, 0, 2590, 3910, 2683, 638, 17.76%, 0, 0, 6, 1492.51, 3129297, 5297
2311, 0, 2591, 3913, 2685, 637, 17.76%, 0, 0, 6, 1563.93, 3137452, 5298
2316, 0, 2591, 3914, 2686, 637, 17.76%, 0, 0, 6, 1489.72, 3144664, 5298
2321, 0, 2592, 3915, 2686, 636, 17.76%, 0, 0, 6, 1494.94, 3152346, 5298
2326, 0, 2593, 3917, 2687, 636, 17.76%, 0, 0, 6, 1518.14, 3160155, 5299
2331, 0, 2593, 3918, 2688, 636, 17.76%, 0, 0, 6, 1531.39, 3167877, 5299
2336, 0, 2594, 3920, 2689, 634, 17.77%, 0, 0, 6, 1562.26, 3175741, 5300
2342, 0, 2596, 3922, 2690, 634, 17.77%, 0, 0, 6, 1566.88, 3183982, 5300
2347, 0, 2597, 3923, 2690, 634, 17.77%, 0, 0, 6, 1529.72, 3191467, 5300
2352, 0, 2597, 3923, 2690, 634, 17.77%, 0, 0, 6, 1557.86, 3199411, 5300
2357, 0, 2597, 3923, 2690, 634, 17.77%, 0, 0, 6, 1566.96, 3207249, 5300
2362, 0, 2597, 3923, 2690, 634, 17.77%, 0, 0, 6, 1593.61, 3215295, 5300
2367, 0, 2597, 3923, 2690, 634, 17.77%, 0, 0, 6, 1581.02, 3223337, 5300
2372, 0, 2600, 3929, 2695, 633, 17.77%, 0, 0, 6, 1530.10, 3231070, 5302
2377, 0, 2600, 3931, 2697, 633, 17.78%, 0, 0, 6, 1558.83, 3238815, 5303
2382, 0, 2601, 3931, 2696, 635, 17.78%, 0, 0, 6, 1553.53, 3246909, 5303
2387, 0, 2601, 3931, 2696, 635, 17.78%, 0, 0, 6, 1635.57, 3255048, 5303
2392, 0, 2602, 3932, 2696, 634, 17.78%, 0, 0, 6, 1598.77, 3263000, 5303
2398, 0, 2604, 3932, 2695, 633, 17.78%, 0, 0, 6, 1628.10, 3271567, 5303
2403, 0, 2604, 3932, 2695, 633, 17.78%, 0, 0, 6, 1546.14, 3279231, 5303
2408, 0, 2612, 3938, 2698, 633, 17.78%, 0, 0, 6, 1473.56, 3286672, 5304
2413, 0, 2612, 3938, 2698, 633, 17.78%, 0, 0, 6, 1495.83, 3294366, 5304
2418, 0, 2614, 3939, 2698, 632, 17.78%, 0, 0, 6, 1535.14, 3302296, 5304
2423, 0, 2615, 3939, 2697, 631, 17.78%, 0, 0, 6, 1509.88, 3310268, 5304
2428, 0, 2619, 3941, 2698, 631, 17.78%, 0, 0, 6, 1491.01, 3317827, 5304
2434, 0, 2622, 3941, 2697, 630, 17.78%, 0, 0, 6, 1460.36, 3325461, 5304
2439, 0, 2623, 3942, 2697, 629, 17.78%, 0, 0, 6, 1557.15, 3333586, 5304
2444, 0, 2628, 3946, 2700, 629, 17.79%, 0, 0, 6, 1502.17, 3341264, 5308
2449, 0, 2628, 3948, 2702, 629, 17.80%, 0, 0, 6, 1576.85, 3349454, 5310
2454, 0, 2629, 3948, 2701, 632, 17.80%, 0, 0, 6, 1439.92, 3356915, 5310
2460, 0, 2630, 3948, 2700, 631, 17.80%, 0, 0, 6, 1517.86, 3364862, 5310
2465, 0, 2630, 3949, 2701, 631, 17.80%, 0, 0, 6, 1507.52, 3372653, 5310
2470, 0, 2632, 3949, 2700, 631, 17.80%, 0, 0, 6, 1551.03, 3380530, 5310
2475, 0, 2632, 3949, 2700, 631, 17.80%, 0, 0, 6, 1519.24, 3388178, 5310
2480, 0, 2635, 3950, 2700, 630, 17.80%, 0, 0, 6, 1610.23, 3396615, 5310
2485, 0, 2637, 3951, 2700, 630, 17.80%, 0, 0, 6, 1560.54, 3404688, 5311
2491, 0, 2637, 3952, 2701, 630, 17.80%, 0, 0, 6, 1534.21, 3412626, 5311
2496, 0, 2644, 3954, 2701, 629, 17.81%, 0, 0, 6, 1524.76, 3420385, 5312
2501, 0, 2652, 3956, 2702, 629, 17.81%, 0, 0, 6, 1552.21, 3428517, 5313
2506, 0, 2656, 3977, 2721, 645, 17.96%, 0, 0, 6, 1443.98, 3435715, 5358
2511, 0, 2660, 3998, 2739, 647, 18.06%, 0, 0, 6, 1446.14, 3443311, 5386
2516, 0, 2663, 4019, 2757, 655, 18.19%, 0, 0, 6, 1480.54, 3450687, 5425
2521, 0, 2663, 4025, 2763, 655, 18.21%, 0, 0, 6, 1556.50, 3458721, 5432
2527, 0, 2675, 4025, 2757, 667, 18.21%, 0, 0, 6, 1510.86, 3466530, 5432
2532, 0, 2678, 4037, 2766, 674, 18.25%, 0, 0, 6, 1625.58, 3474700, 5444
2537, 0, 2689, 4039, 2760, 666, 18.26%, 0, 0, 6, 1459.47, 3482262, 5446
2542, 0, 2694, 4040, 2756, 663, 18.26%, 0, 0, 6, 1495.21, 3490063, 5447
2547, 0, 2704, 4051, 2762, 660, 18.30%, 0, 0, 6, 1501.51, 3497540, 5460
2552, 0, 2704, 4058, 2769, 660, 18.35%, 0, 0, 6, 1579.17, 3505623, 5474
2557, 0, 2714, 4066, 2774, 670, 18.38%, 0, 0, 6, 1493.46, 3513182, 5484
2562, 0, 2719, 4067, 2771, 667, 18.39%, 0, 0, 6, 1543.00, 3521029, 5485
2567, 0, 2748, 4072, 2768, 663, 18.40%, 0, 0, 6, 1500.05, 3528555, 5489
2572, 0, 2760, 4076, 2768, 659, 18.40%, 0, 0, 6, 1574.87, 3536748, 5489
2577, 0, 2776, 4081, 2765, 655, 18.41%, 0, 0, 6, 1475.14, 3544210, 5493
2582, 0, 2794, 4091, 2768, 654, 18.45%, 0, 0, 6, 1528.83, 3551836, 5504
2587, 0, 2801, 4120, 2791, 653, 18.51%, 0, 0, 6, 1517.73, 3559603, 5521
2593, 0, 2801, 4123, 2794, 653, 18.51%, 0, 0, 6, 1556.39, 3567624, 5521
2598, 0, 2805, 4134, 2802, 655, 18.52%, 0, 0, 6, 1462.03, 3575110, 5523
2603, 0, 2808, 4139, 2805, 656, 18.52%, 0, 0, 6, 1506.10, 3582885, 5523
2608, 0, 2812, 4145, 2809, 656, 18.52%, 0, 0, 6, 1470.32, 3590384, 5524
2613, 0, 2831, 4147, 2805, 653, 18.52%, 0, 0, 6, 1492.51, 3598102, 5524
2618, 0, 2836, 4161, 2814, 650, 18.59%, 0, 0, 6, 1519.91, 3605786, 5545
2623, 0, 2836, 4166, 2819, 650, 18.62%, 0, 0, 6, 1582.47, 3613858, 5554
2628, 0, 2847, 4174, 2820, 661, 18.65%, 0, 0, 6, 1531.65, 3621609, 5564
2634, 0, 2856, 4183, 2825, 659, 18.66%, 0, 0, 6, 1503.45, 3629191, 5565
2639, 0, 2860, 4198, 2838, 657, 18.70%, 0, 0, 6, 1451.80, 3636566, 5577
2644, 0, 2863, 4209, 2846, 667, 18.74%, 0, 0, 6, 1542.99, 3644587, 5589
2649, 0, 2868, 4220, 2852, 667, 18.80%, 0, 0, 6, 1566.30, 3652661, 5608
2654, 0, 2868, 4224, 2856, 667, 18.82%, 0, 0, 6, 1685.13, 3660986, 5613
2659, 0, 2877, 4229, 2856, 674, 18.83%, 0, 0, 6, 1574.28, 3669024, 5618
2664, 0, 2908, 4239, 2861, 670, 18.87%, 0, 0, 6, 1498.06, 3676876, 5629
2669, 0, 2908, 4250, 2872, 670, 18.90%, 0, 0, 6, 1486.78, 3684406, 5639
2674, 0, 2916, 4253, 2871, 680, 18.91%, 0, 0, 6, 1514.94, 3692202, 5640
2679, 0, 2925, 4265, 2874, 677, 18.93%, 0, 0, 6, 1550.14, 3699902, 5648
2684, 0, 2930, 4272, 2878, 675, 18.94%, 0, 0, 6, 1561.20, 3707936, 5651
2690, 0, 2945, 4274, 2876, 674, 18.94%, 0, 0, 6, 1533.56, 3715747, 5651
2695, 0, 2948, 4277, 2876, 674, 18.96%, 0, 0, 6, 1593.67, 3724059, 5656
2700, 0, 2975, 4280, 2875, 670, 18.96%, 0, 0, 6, 1531.87, 3731989, 5656
2705, 0, 2985, 4283, 2872, 664, 18.96%, 0, 0, 6, 1543.50, 3739979, 5656
2710, 0, 2991, 4288, 2876, 663, 18.96%, 0, 0, 6, 1567.66, 3748152, 5656
2715, 0, 2995, 4288, 2873, 660, 18.96%, 0, 0, 6, 1592.20, 3756266, 5656
2720, 0, 3013, 4290, 2870, 656, 18.96%, 0, 0, 6, 1599.09, 3764364, 5657
2725, 0, 3025, 4295, 2868, 653, 18.98%, 0, 0, 6, 1555.39, 3772249, 5662
2731, 0, 3040, 4303, 2869, 652, 18.99%, 0, 0, 6, 1522.61, 3779958, 5666
2736, 0, 3058, 4309, 2865, 645, 19.02%, 0, 0, 6, 1473.65, 3787558, 5673
2741, 0, 3073, 4312, 2859, 638, 19.02%, 0, 0, 6, 1464.96, 3794828, 5674
2746, 0, 3083, 4318, 2861, 634, 19.03%, 0, 0, 6, 1543.67, 3802983, 5675
2751, 0, 3085, 4319, 2861, 635, 19.03%, 0, 0, 6, 1495.70, 3810420, 5675
2756, 0, 3086, 4319, 2860, 634, 19.03%, 0, 0, 6, 1559.03, 3818361, 5675
2761, 0, 3089, 4323, 2862, 632, 19.03%, 0, 0, 6, 1581.35, 3826840, 5675
2766, 0, 3103, 4328, 2863, 629, 19.04%, 0, 0, 6, 1511.69, 3834437, 5678
2772, 0, 3130, 4345, 2873, 639, 19.13%, 0, 0, 6, 1471.89, 3841890, 5707
2777, 0, 3132, 4354, 2881, 640, 19.17%, 0, 0, 6, 1539.17, 3849935, 5717
2782, 0, 3149, 4354, 2876, 644, 19.17%, 0, 0, 6, 1508.73, 3857686, 5717
2787, 0, 3180, 4354, 2869, 637, 19.17%, 0, 0, 6, 1535.36, 3865406, 5717
2792, 0, 3191, 4355, 2862, 630, 19.17%, 0, 0, 6, 1556.95, 3873329, 5718
2797, 0, 3198, 4355, 2856, 624, 19.17%, 0, 0, 6, 1505.65, 3881090, 5718
2802, 0, 3204, 4370, 2868, 625, 19.25%, 0, 0, 6, 1566.13, 3888900, 5741
2807, 0, 3204, 4374, 2872, 625, 19.26%, 0, 0, 6, 1596.49, 3896984, 5746
2812, 0, 3215, 4376, 2868, 634, 19.27%, 0, 0, 6, 1550.18, 3904603, 5749
2817, 0, 3218, 4382, 2871, 632, 19.29%, 0, 0, 6, 1517.59, 3912192, 5755
2823, 0, 3218, 4389, 2878, 632, 19.32%, 0, 0, 6, 1592.90, 3920488, 5762
2828, 0, 3223, 4390, 2876, 636, 19.32%, 0, 0, 6, 1570.67, 3928445, 5762
2833, 0, 3226, 4390, 2873, 633, 19.32%, 0, 0, 6, 1600.97, 3936685, 5762
2838, 0, 3231, 4390, 2869, 629, 19.32%, 0, 0, 6, 1591.72, 3944879, 5762
2843, 0, 3234, 4390, 2866, 626, 19.32%, 0, 0, 6, 1544.62, 3952669, 5762
2848, 0, 3237, 4391, 2864, 623, 19.32%, 0, 0, 6, 1543.73, 3960743, 5763
2853, 0, 3241, 4393, 2863, 621, 19.33%, 0, 0, 6, 1499.83, 3968150, 5765
2859, 0, 3243, 4399, 2867, 622, 19.33%, 0, 0, 6, 1489.39, 3975776, 5766
2864, 0, 3246, 4403, 2868, 622, 19.34%, 0, 0, 6, 1519.46, 3983515, 5768
2869, 0, 3250, 4405, 2867, 620, 19.34%, 0, 0, 6, 1538.19, 3991446, 5770
2874, 0, 3253, 4405, 2864, 617, 19.34%, 0, 0, 6, 1529.46, 3999094, 5770
2879, 0, 3257, 4405, 2861, 614, 19.34%, 0, 0, 6, 1549.97, 4006904, 5770
2884, 0, 3301, 4411, 2859, 606, 19.34%, 0, 0, 6, 1582.50, 4014991, 5770
2889, 0, 3306, 4414, 2859, 607, 19.35%, 0, 0, 6, 1569.97, 4022778, 5771
2894, 0, 3307, 4416, 2860, 606, 19.35%, 0, 0, 6, 1542.52, 4030476, 5771
2899, 0, 3317, 4422, 2859, 603, 19.36%, 0, 0, 6, 1490.85, 4038335, 5775
2904, 0, 3334, 4428, 2860, 601, 19.37%, 0, 0, 6, 1539.89, 4045989, 5777
2910, 0, 3340, 4440, 2868, 598, 19.39%, 0, 0, 6, 1502.26, 4053633, 5783
2915, 0, 3359, 4447, 2870, 597, 19.40%, 0, 0, 6, 1480.66, 4060982, 5787
2920, 0, 3374, 4454, 2869, 593, 19.41%, 0, 0, 6, 1459.04, 4068423, 5790
2925, 0, 3385, 4455, 2861, 585, 19.41%, 0, 0, 6, 1581.61, 4076397, 5791
2930, 0, 3393, 4457, 2856, 578, 19.42%, 0, 0, 6, 1512.52, 4083891, 5793
2935, 0, 3403, 4464, 2857, 577, 19.45%, 0, 0, 6, 1465.08, 4091222, 5801
2940, 0, 3403, 4468, 2861, 577, 19.47%, 0, 0, 6, 1505.34, 4098782, 5807
2945, 0, 3412, 4473, 2864, 580, 19.48%, 0, 0, 6, 1475.23, 4106191, 5811
2950, 0, 3423, 4475, 2861, 579, 19.49%, 0, 0, 6, 1477.19, 4113699, 5815
2955, 0, 3429, 4476, 2860, 577, 19.49%, 0, 0, 6, 1533.43, 4121692, 5815
2960, 0, 3429, 4476, 2860, 577, 19.49%, 0, 0, 6, 1516.87, 4129377, 5815
2965, 0, 3438, 4486, 2866, 578, 19.52%, 0, 0, 6, 1533.16, 4137201, 5822
2971, 0, 3448, 4495, 2871, 583, 19.56%, 0, 0, 6, 1494.63, 4144985, 5836
2976, 0, 3455, 4502, 2874, 581, 19.57%, 0, 0, 6, 1471.64, 4152454, 5838
2981, 0, 3468, 4505, 2868, 574, 19.60%, 0, 0, 6, 1397.74, 4160011, 5845
2986, 0, 3478, 4509, 2866, 573, 19.61%, 0, 0, 6, 1478.77, 4167674, 5849
2991, 0, 3479, 4523, 2879, 573, 19.68%, 0, 0, 6, 1437.45, 4174961, 5869
2996, 0, 3480, 4529, 2884, 583, 19.69%, 0, 0, 6, 1529.43, 4182694, 5874
3001, 0, 3515, 4531, 2879, 577, 19.70%, 0, 0, 6, 1480.02, 4190308, 5876
3006, 0, 3519, 4561, 2907, 592, 19.83%, 0, 0, 6, 1513.70, 4197883, 5916
3012, 0, 3519, 4562, 2908, 592, 19.83%, 0, 0, 6, 1522.07, 4205631, 5916
3017, 0, 3536, 4571, 2909, 592, 19.86%, 0, 0, 6, 1488.20, 4213097, 5924
3022, 0, 3555, 4580, 2910, 589, 19.87%, 0, 0, 6, 1455.84, 4220569, 5928
3027, 0, 3567, 4587, 2909, 587, 19.89%, 0, 0, 6, 1502.43, 4228323, 5932
3032, 0, 3575, 4589, 2907, 584, 19.89%, 0, 0, 6, 1476.64, 4235703, 5933
3037, 0, 3596, 4598, 2911, 579, 19.89%, 0, 0, 6, 1570.22, 4243895, 5933
3042, 0, 3610, 4598, 2906, 574, 19.89%, 0, 0, 6, 1473.65, 4251424, 5933
3047, 0, 3630, 4605, 2907, 571, 19.90%, 0, 0, 6, 1512.91, 4259087, 5935
3052, 0, 3641, 4612, 2909, 569, 19.90%, 0, 0, 6, 1486.73, 4266724, 5937
3058, 0, 3648, 4617, 2910, 571, 19.92%, 0, 0, 6, 1507.01, 4274568, 5941
3063, 0, 3653, 4623, 2913, 572, 19.92%, 0, 0, 6, 1502.97, 4282196, 5943
3068, 0, 3668, 4633, 2917, 573, 19.95%, 0, 0, 6, 1482.82, 4289510, 5950
3073, 0, 3674, 4645, 2924, 569, 19.95%, 0, 0, 6, 1503.03, 4297180, 5950
3078, 0, 3682, 4647, 2920, 566, 19.95%, 0, 0, 6, 1548.44, 4305088, 5952
3083, 0, 3697, 4652, 2919, 561, 19.97%, 0, 0, 6, 1470.53, 4312614, 5956
3088, 0, 3704, 4659, 2921, 557, 19.97%, 0, 0, 7, 1452.45, 4320131, 5957
3093, 0, 3710, 4660, 2916, 552, 19.97%, 0, 0, 7, 1452.85, 4327551, 5957
3098, 0, 3715, 4660, 2911, 547, 19.97%, 0, 0, 7, 1490.57, 4335069, 5957
3104, 0, 3730, 4665, 2908, 541, 19.98%, 0, 0, 7, 1480.46, 4342691, 5960
3109, 0, 3749, 4677, 2915, 537, 19.98%, 0, 0, 7, 1514.92, 4350398, 5961
3114, 0, 3749, 4679, 2917, 537, 19.99%, 0, 0, 7, 1474.78, 4357775, 5962
3119, 0, 3767, 4686, 2919, 535, 19.99%, 0, 0, 7, 1489.12, 4365570, 5964
3124, 0, 3792, 4702, 2927, 534, 20.07%, 0, 0, 7, 1467.23, 4373210, 5986
3129, 0, 3803, 4705, 2924, 532, 20.07%, 0, 0, 7, 1492.70, 4380662, 5986
3134, 0, 3811, 4723, 2936, 530, 20.13%, 0, 0, 7, 1387.89, 4387571, 6004
3139, 0, 3821, 4735, 2941, 530, 20.15%, 0, 0, 7, 1485.96, 4395272, 6010
3144, 0, 3821, 4742, 2948, 530, 20.20%, 0, 0, 7, 1498.39, 4402812, 6025
3149, 0, 3823, 4747, 2952, 531, 20.20%, 0, 0, 7, 1523.16, 4410527, 6026
3154, 0, 3847, 4749, 2951, 531, 20.20%, 0, 0, 7, 1426.68, 4417573, 6026
3160, 0, 3866, 4752, 2950, 530, 20.21%, 0, 0, 7, 1496.66, 4425421, 6028
3165, 0, 3874, 4763, 2955, 529, 20.24%, 0, 0, 7, 1469.90, 4432857, 6037
3170, 0, 3881, 4767, 2953, 528, 20.24%, 0, 0, 7, 1470.78, 4440294, 6038
3175, 0, 3889, 4772, 2954, 525, 20.26%, 0, 0, 7, 1403.06, 4447106, 6042
3180, 0, 3900, 4781, 2958, 523, 20.28%, 0, 0, 7, 1482.34, 4454674, 6050
3185, 0, 3900, 4786, 2963, 523, 20.30%, 0, 0, 7, 1412.13, 4461875, 6055
3190, 0, 3909, 4789, 2963, 532, 20.30%, 0, 0, 7, 1427.49, 4469124, 6055
3195, 0, 3909, 4789, 2963, 532, 20.30%, 0, 0, 7, 1420.39, 4476740, 6055
3201, 0, 3915, 4790, 2962, 531, 20.30%, 0, 0, 7, 1533.44, 4484838, 6055
3206, 0, 3915, 4790, 2962, 531, 20.30%, 0, 0, 7, 1562.47, 4492737, 6055
3211, 0, 3915, 4790, 2962, 531, 20.30%, 0, 0, 7, 1526.99, 4500491, 6055
3216, 0, 3915, 4790, 2962, 531, 20.30%, 0, 0, 7, 1581.30, 4508813, 6055
3221, 0, 3918, 4790, 2961, 530, 20.30%, 0, 0, 7, 1625.43, 4517068, 6055
3226, 0, 3918, 4790, 2961, 530, 20.30%, 0, 0, 7, 1565.77, 4525123, 6055
3231, 0, 3918, 4790, 2961, 530, 20.30%, 0, 0, 7, 1552.95, 4533184, 6055
3236, 0, 3922, 4793, 2962, 529, 20.30%, 0, 0, 7, 1407.69, 4540174, 6056
3242, 0, 3927, 4794, 2961, 528, 20.30%, 0, 0, 7, 1547.96, 4548479, 6056
3247, 0, 3932, 4794, 2959, 526, 20.30%, 0, 0, 7, 1542.41, 4556193, 6056
3252, 0, 3936, 4796, 2959, 524, 20.30%, 0, 0, 7, 1537.31, 4564009, 6056
3257, 0, 3936, 4796, 2959, 524, 20.30%, 0, 0, 7, 1453.42, 4571343, 6056
3262, 0, 3939, 4796, 2958, 523, 20.30%, 0, 0, 7, 1538.16, 4579402, 6056
3267, 0, 3939, 4797, 2959, 523, 20.30%, 0, 0, 7, 1494.45, 4587125, 6056
3272, 0, 3941, 4798, 2959, 522, 20.30%, 0, 0, 7, 1490.82, 4594588, 6056
3277, 0, 3942, 4800, 2960, 521, 20.31%, 0, 0, 7, 1448.45, 4601856, 6057
3283, 0, 3942, 4800, 2960, 521, 20.31%, 0, 0, 7, 1484.48, 4609695, 6057
3288, 0, 3943, 4801, 2960, 521, 20.31%, 0, 0, 7, 1492.36, 4617193, 6057
3293, 0, 3944, 4802, 2960, 521, 20.31%, 0, 0, 7, 1470.98, 4624774, 6058
3298, 0, 3944, 4802, 2960, 521, 20.31%, 0, 0, 7, 1483.75, 4632449, 6058
3303, 0, 3945, 4802, 2959, 520, 20.31%, 0, 0, 7, 1543.47, 4640266, 6058
3308, 0, 3945, 4802, 2959, 520, 20.31%, 0, 0, 7, 1553.18, 4648256, 6058
3313, 0, 3947, 4802, 2958, 519, 20.31%, 0, 0, 7, 1536.39, 4656145, 6058
3318, 0, 3948, 4802, 2957, 518, 20.31%, 0, 0, 7, 1523.30, 4663906, 6058
3324, 0, 3948, 4803, 2958, 518, 20.31%, 0, 0, 7, 1558.65, 4672076, 6058
3329, 0, 3950, 4805, 2959, 518, 20.32%, 0, 0, 7, 1443.89, 4679309, 6060
3334, 0, 3952, 4805, 2958, 519, 20.32%, 0, 0, 7, 1506.41, 4687107, 6060
3339, 0, 3952, 4805, 2958, 519, 20.32%, 0, 0, 7, 1448.68, 4694275, 6060
3344, 0, 3954, 4807, 2958, 518, 20.32%, 0, 0, 7, 1537.17, 4702393, 6060
3349, 0, 3955, 4810, 2960, 517, 20.32%, 0, 0, 7, 1547.88, 4710204, 6060
3354, 0, 3956, 4829, 2978, 519, 20.32%, 0, 0, 7, 1558.96, 4718108, 6062
3359, 0, 3962, 4847, 2991, 525, 20.36%, 0, 0, 7, 1505.28, 4725676, 6072
3365, 0, 3967, 4856, 2995, 527, 20.38%, 0, 0, 7, 1549.22, 4733587, 6078
3370, 0, 3971, 4865, 3000, 526, 20.40%, 0, 0, 7, 1504.91, 4740858, 6085
3375, 0, 3986, 4887, 3016, 529, 20.44%, 0, 0, 7, 1478.06, 4748558, 6097
3380, 0, 3986, 4898, 3027, 529, 20.44%, 0, 0, 7, 1553.72, 4756560, 6097
3385, 0, 3989, 4919, 3047, 529, 20.48%, 0, 0, 7, 1596.16, 4764743, 6108
3390, 0, 3989, 4928, 3056, 529, 20.49%, 0, 0, 7, 1565.40, 4772507, 6111
3395, 0, 4004, 4939, 3062, 535, 20.51%, 0, 0, 7, 1451.42, 4779979, 6117
3400, 0, 4004, 4945, 3068, 535, 20.51%, 0, 0, 7, 1497.85, 4787451, 6117
3405, 0, 4007, 4953, 3074, 536, 20.54%, 0, 0, 7, 1537.63, 4795279, 6126
3410, 0, 4007, 4960, 3081, 536, 20.56%, 0, 0, 7, 1553.85, 4802925, 6133
3415, 0, 4017, 4960, 3075, 540, 20.56%, 0, 0, 7, 1445.60, 4810604, 6133
3421, 0, 4026, 4961, 3069, 533, 20.56%, 0, 0, 7, 1467.66, 4818151, 6133
3426, 0, 4030, 4963, 3068, 532, 20.56%, 0, 0, 7, 1504.91, 4825852, 6134
3431, 0, 4036, 4964, 3064, 528, 20.59%, 0, 0, 7, 1428.33, 4832861, 6142
3436, 0, 4037, 4978, 3077, 527, 20.74%, 0, 0, 7, 1531.71, 4840810, 6188
3441, 0, 4037, 4991, 3090, 527, 20.92%, 0, 0, 7, 1510.81, 4848204, 6239
3446, 0, 4047, 5000, 3095, 544, 20.96%, 0, 0, 7, 1496.81, 4855954, 6253
3451, 0, 4053, 5022, 3113, 551, 21.01%, 0, 0, 7, 1477.18, 4863250, 6266
3456, 0, 4053, 5028, 3119, 551, 21.02%, 0, 0, 7, 1455.04, 4870722, 6271
3461, 0, 4058, 5029, 3117, 556, 21.03%, 0, 0, 7, 1574.31, 4878807, 6272
3466, 0, 4066, 5040, 3123, 554, 21.05%, 0, 0, 7, 1498.69, 4886433, 6279
3472, 0, 4076, 5042, 3119, 549, 21.05%, 0, 0, 7, 1526.62, 4894084, 6280
3477, 0, 4087, 5047, 3116, 546, 21.08%, 0, 0, 7, 1488.26, 4901498, 6287
3482, 0, 4092, 5064, 3129, 545, 21.11%, 0, 0, 7, 1417.33, 4908397, 6298
3487, 0, 4092, 5071, 3136, 545, 21.14%, 0, 0, 7, 1509.82, 4916084, 6306
3492, 0, 4094, 5081, 3145, 559, 21.15%, 0, 0, 7, 1503.01, 4923609, 6308
3497, 0, 4094, 5085, 3149, 559, 21.15%, 0, 0, 7, 1555.30, 4931468, 6309
3502, 0, 4106, 5092, 3152, 557, 21.15%, 0, 0, 7, 1456.30, 4938775, 6310
3507, 0, 4129, 5097, 3154, 554, 21.15%, 0, 0, 7, 1517.07, 4946752, 6310
3512, 0, 4132, 5100, 3156, 555, 21.17%, 0, 0, 7, 1470.70, 4954158, 6314
3517, 0, 4133, 5101, 3156, 556, 21.17%, 0, 0, 7, 1498.87, 4961871, 6314
3522, 0, 4138, 5101, 3155, 555, 21.17%, 0, 0, 7, 1495.40, 4969386, 6314
3528, 0, 4142, 5109, 3162, 561, 21.23%, 0, 0, 7, 1542.74, 4977625, 6333
3533, 0, 4149, 5114, 3162, 558, 21.25%, 0, 0, 7, 1471.65, 4984981, 6340
3538, 0, 4153, 5114, 3158, 554, 21.25%, 0, 0, 7, 1467.38, 4992704, 6340
3543, 0, 4159, 5119, 3158, 550, 21.30%, 0, 0, 7, 1490.80, 5000137, 6353
3548, 0, 4164, 5122, 3157, 548, 21.30%, 0, 0, 7, 1570.21, 5008064, 6355
3553, 0, 4168, 5122, 3153, 546, 21.30%, 0, 0, 7, 1492.23, 5015360, 6355
3558, 0, 4184, 5127, 3151, 542, 21.32%, 0, 0, 7, 1508.05, 5023226, 6359
3563, 0, 4196, 5133, 3150, 541, 21.40%, 0, 0, 7, 1523.70, 5030826, 6383
3569, 0, 4205, 5138, 3148, 537, 21.41%, 0, 0, 7, 1485.55, 5038476, 6386
3574, 0, 4214, 5143, 3145, 534, 21.43%, 0, 0, 7, 1437.15, 5045579, 6391
3579, 0, 4222, 5145, 3140, 528, 21.43%, 0, 0, 7, 1487.29, 5053122, 6393
3584, 0, 4238, 5149, 3135, 524, 21.45%, 0, 0, 7, 1497.28, 5060675, 6397
3589, 0, 4248, 5156, 3135, 521, 21.46%, 0, 0, 7, 1457.28, 5068206, 6401
3594, 0, 4262, 5163, 3134, 515, 21.46%, 0, 0, 7, 1477.03, 5075578, 6402
3599, 0, 4274, 5178, 3142, 514, 21.48%, 0, 0, 7, 1486.74, 5083239, 6407
3604, 0, 4291, 5185, 3143, 510, 21.48%, 0, 0, 7, 1498.02, 5090528, 6408
3609, 0, 4303, 5196, 3145, 504, 21.48%, 0, 0, 7, 1496.61, 5098178, 6408
3614, 0, 4303, 5202, 3151, 504, 21.49%, 0, 0, 7, 1482.87, 5105563, 6410
3619, 0, 4307, 5212, 3158, 507, 21.50%, 0, 0, 7, 1460.38, 5112995, 6413
3624, 0, 4317, 5212, 3156, 508, 21.50%, 0, 0, 7, 1507.25, 5120819, 6413
3630, 0, 4326, 5214, 3155, 505, 21.50%, 0, 0, 7, 1601.88, 5129175, 6413
3635, 0, 4334, 5214, 3147, 497, 21.50%, 0, 0, 7, 1514.67, 5136808, 6413
3640, 0, 4340, 5214, 3141, 491, 21.50%, 0, 0, 7, 1472.33, 5144132, 6413
3645, 0, 4344, 5214, 3137, 487, 21.50%, 0, 0, 7, 1516.10, 5151964, 6413
3650, 0, 4353, 5215, 3129, 479, 21.50%, 0, 0, 7, 1538.06, 5160011, 6414
3655, 0, 4358, 5225, 3135, 475, 21.51%, 0, 0, 7, 1530.39, 5167888, 6416
3660, 0, 4358, 5229, 3139, 475, 21.51%, 0, 0, 7, 1479.27, 5175410, 6416
3665, 0, 4358, 5242, 3152, 475, 21.53%, 0, 0, 7, 1500.26, 5182590, 6422
3670, 0, 4360, 5251, 3159, 484, 21.59%, 0, 0, 7, 1549.10, 5190458, 6439
3675, 0, 4365, 5267, 3172, 485, 21.61%, 0, 0, 7, 1531.60, 5198014, 6447
3681, 0, 4366, 5267, 3171, 490, 21.61%, 0, 0, 7, 1508.93, 5205610, 6447
3686, 0, 4376, 5269, 3165, 484, 21.62%, 0, 0, 7, 1468.58, 5212928, 6448
3691, 0, 4382, 5270, 3162, 481, 21.62%, 0, 0, 7, 1501.04, 5220686, 6449
3696, 0, 4386, 5271, 3160, 479, 21.62%, 0, 0, 7, 1521.66, 5228437, 6450
3701, 0, 4390, 5271, 3157, 476, 21.62%, 0, 0, 7, 1534.37, 5236357, 6450
3706, 0, 4397, 5271, 3154, 473, 21.62%, 0, 0, 7, 1555.52, 5244176, 6450
3711, 0, 4401, 5275, 3155, 471, 21.62%, 0, 0, 7, 1514.88, 5251907, 6450
3716, 0, 4410, 5283, 3159, 468, 21.63%, 0, 0, 7, 1500.42, 5259439, 6451
3721, 0, 4422, 5291, 3159, 464, 21.63%, 0, 0, 7, 1440.83, 5266760, 6453
3726, 0, 4431, 5302, 3165, 463, 21.64%, 0, 0, 7, 1537.95, 5274495, 6454
3732, 0, 4437, 5318, 3180, 462, 21.67%, 0, 0, 7, 1483.01, 5282152, 6464
3737, 0, 4437, 5337, 3199, 462, 21.71%, 0, 0, 7, 1533.95, 5289888, 6477
3742, 0, 4444, 5340, 3200, 485, 21.72%, 0, 0, 7, 1480.61, 5297549, 6478
3747, 0, 4444, 5340, 3200, 485, 21.72%, 0, 0, 7, 1517.83, 5305408, 6478
3752, 0, 4450, 5347, 3202, 483, 21.73%, 0, 0, 7, 1510.76, 5313124, 6483
3757, 0, 4458, 5352, 3201, 479, 21.74%, 0, 0, 7, 1511.25, 5320559, 6484
3762, 0, 4458, 5355, 3204, 479, 21.75%, 0, 0, 7, 1615.41, 5328565, 6487
3767, 0, 4464, 5366, 3212, 481, 21.78%, 0, 0, 7, 1541.57, 5336184, 6496
3772, 0, 4464, 5369, 3215, 481, 21.78%, 0, 0, 7, 1558.13, 5343971, 6497
3778, 0, 4471, 5372, 3213, 482, 21.78%, 0, 0, 7, 1500.52, 5351541, 6498
3783, 0, 4477, 5373, 3210, 479, 21.78%, 0, 0, 7, 1526.50, 5359575, 6498
3788, 0, 4477, 5373, 3210, 479, 21.78%, 0, 0, 7, 1579.08, 5367700, 6498
3793, 0, 4485, 5386, 3217, 479, 21.81%, 0, 0, 7, 1504.44, 5375499, 6506
3798, 0, 4494, 5391, 3216, 478, 21.83%, 0, 0, 7, 1527.48, 5383242, 6513
3803, 0, 4497, 5403, 3227, 481, 21.88%, 0, 0, 7, 1557.43, 5391164, 6527
3808, 0, 4497, 5404, 3228, 481, 21.88%, 0, 0, 7, 1582.77, 5399170, 6528
3813, 0, 4507, 5411, 3228, 486, 21.92%, 0, 0, 7, 1473.62, 5406334, 6538
3818, 0, 4516, 5416, 3227, 481, 21.92%, 0, 0, 7, 1459.87, 5413649, 6540
3824, 0, 4527, 5417, 3222, 475, 21.92%, 0, 0, 7, 1480.54, 5421200, 6540
3829, 0, 4531, 5419, 3220, 473, 21.93%, 0, 0, 7, 1444.48, 5428336, 6542
3834, 0, 4535, 5420, 3217, 470, 21.94%, 0, 0, 7, 1484.35, 5436032, 6543
3839, 0, 4539, 5424, 3218, 469, 21.96%, 0, 0, 7, 1448.41, 5443299, 6551
3844, 0, 4539, 5437, 3231, 469, 22.00%, 0, 0, 7, 1473.39, 5450700, 6563
3849, 0, 4541, 5445, 3237, 478, 22.03%, 0, 0, 7, 1524.57, 5458413, 6572
3854, 0, 4542, 5453, 3244, 482, 22.07%, 0, 0, 7, 1526.52, 5466513, 6583
3859, 0, 4547, 5459, 3246, 481, 22.10%, 0, 0, 7, 1544.91, 5474374, 6591
3864, 0, 4562, 5463, 3246, 479, 22.11%, 0, 0, 7, 1449.21, 5481742, 6596
3869, 0, 4565, 5474, 3254, 477, 22.14%, 0, 0, 7, 1482.22, 5489281, 6605
3875, 0, 4565, 5476, 3256, 477, 22.15%, 0, 0, 7, 1468.84, 5496880, 6606
3880, 0, 4582, 5483, 3255, 476, 22.15%, 0, 0, 7, 1480.53, 5504424, 6608
3885, 0, 4587, 5488, 3256, 474, 22.16%, 0, 0, 7, 1454.47, 5511749, 6610
3890, 0, 4613, 5493, 3253, 469, 22.17%, 0, 0, 7, 1467.52, 5519446, 6612
3895, 0, 4620, 5494, 3249, 464, 22.17%, 0, 0, 7, 1519.08, 5527674, 6612
3900, 0, 4625, 5497, 3250, 462, 22.17%, 0, 0, 7, 1527.84, 5535504, 6612
3906, 0, 4627, 5497, 3248, 460, 22.17%, 0, 0, 7, 1535.54, 5543435, 6612
3911, 0, 4643, 5497, 3242, 454, 22.17%, 0, 0, 7, 1524.87, 5551133, 6612
3916, 0, 4658, 5502, 3242, 452, 22.17%, 0, 0, 7, 1499.05, 5558667, 6614
3921, 0, 4682, 5506, 3238, 447, 22.18%, 0, 0, 8, 1429.17, 5565753, 6615
3926, 0, 4689, 5516, 3244, 444, 22.22%, 0, 0, 8, 1448.68, 5573179, 6628
3931, 0, 4690, 5519, 3246, 446, 22.22%, 0, 0, 8, 1520.82, 5581051, 6628
3936, 0, 4690, 5531, 3258, 446, 22.27%, 0, 0, 8, 1438.64, 5588260, 6643
3941, 0, 4693, 5532, 3257, 451, 22.27%, 0, 0, 8, 1512.71, 5595870, 6644
3946, 0, 4700, 5539, 3259, 449, 22.28%, 0, 0, 8, 1417.45, 5603003, 6646
3952, 0, 4728, 5554, 3267, 446, 22.32%, 0, 0, 8, 1454.32, 5610648, 6657
3957, 0, 4738, 5570, 3281, 444, 22.34%, 0, 0, 8, 1473.39, 5617427, 6663
3962, 0, 4738, 5572, 3283, 444, 22.34%, 0, 0, 8, 1560.87, 5625238, 6663
3967, 0, 4740, 5579, 3288, 448, 22.35%, 0, 0, 8, 1441.93, 5632623, 6666
3972, 0, 4749, 5581, 3287, 447, 22.35%, 0, 0, 8, 1461.93, 5640104, 6666
3977, 0, 4753, 5585, 3287, 443, 22.35%, 0, 0, 8, 1422.49, 5647504, 6666
3982, 0, 4760, 5591, 3288, 440, 22.35%, 0, 0, 8, 1396.97, 5654535, 6667
3987, 0, 4770, 5593, 3284, 435, 22.36%, 0, 0, 8, 1380.77, 5661611, 6670
3992, 0, 4776, 5597, 3284, 434, 22.37%, 0, 0, 8, 1454.83, 5669128, 6672
3997, 0, 4781, 5597, 3279, 429, 22.37%, 0, 0, 8, 1478.58, 5676827, 6672
4002, 0, 4785, 5599, 3277, 427, 22.37%, 0, 0, 8, 1474.14, 5684345, 6674
4008, 0, 4801, 5601, 3273, 422, 22.38%, 0, 0, 8, 1437.25, 5691810, 6675
4013, 0, 4828, 5606, 3270, 416, 22.38%, 0, 0, 8, 1534.50, 5699549, 6676
4018, 0, 4840, 5611, 3269, 412, 22.39%, 0, 0, 8, 1437.14, 5706793, 6680
4023, 0, 4847, 5619, 3271, 410, 22.41%, 0, 0, 8, 1382.37, 5713696, 6686
4028, 0, 4858, 5630, 3275, 411, 22.44%, 0, 0, 8, 1403.57, 5720991, 6695
4033, 0, 4858, 5648, 3293, 411, 22.49%, 0, 0, 8, 1429.91, 5728507, 6708
4038, 0, 4860, 5651, 3294, 418, 22.49%, 0, 0, 8, 1386.15, 5735662, 6709
4044, 0, 4860, 5664, 3307, 418, 22.51%, 0, 0, 8, 1484.04, 5743408, 6715
4049, 0, 4870, 5664, 3302, 417, 22.51%, 0, 0, 8, 1424.10, 5750827, 6715
4054, 0, 4891, 5676, 3310, 416, 22.52%, 0, 0, 8, 1490.95, 5758445, 6718
4059, 0, 4891, 5678, 3312, 416, 22.53%, 0, 0, 8, 1565.63, 5766340, 6719
4064, 0, 4907, 5684, 3314, 411, 22.53%, 0, 0, 8, 1594.40, 5774517, 6719
4069, 0, 4926, 5691, 3315, 406, 22.53%, 0, 0, 8, 1396.91, 5781518, 6720
4074, 0, 4943, 5693, 3312, 402, 22.53%, 0, 0, 8, 1481.22, 5789047, 6721
4079, 0, 4952, 5694, 3307, 396, 22.53%, 0, 0, 8, 1401.01, 5796028, 6721
4084, 0, 4961, 5696, 3301, 390, 22.54%, 0, 0, 8, 1374.81, 5802994, 6723
4089, 0, 4964, 5698, 3301, 389, 22.55%, 0, 0, 8, 1451.96, 5810395, 6726
4094, 0, 4967, 5710, 3311, 391, 22.66%, 0, 0, 8, 1525.12, 5818181, 6758
4099, 0, 4967, 5724, 3325, 391, 22.71%, 0, 0, 8, 1441.93, 5825357, 6773
4104, 0, 4980, 5739, 3335, 400, 22.73%, 0, 0, 8, 1522.45, 5832890, 6779
4110, 0, 4980, 5745, 3341, 400, 22.74%, 0, 0, 8, 1493.77, 5840427, 6783
4115, 0, 4989, 5751, 3341, 403, 22.77%, 0, 0, 8, 1396.00, 5847773, 6792
4120, 0, 5000, 5754, 3338, 397, 22.77%, 0, 0, 8, 1387.46, 5854717, 6792
4125, 0, 5013, 5754, 3331, 390, 22.77%, 0, 0, 8, 1443.05, 5862058, 6792
4130, 0, 5019, 5756, 3330, 387, 22.78%, 0, 0, 8, 1450.58, 5869619, 6795
4135, 0, 5023, 5763, 3334, 387, 22.80%, 0, 0, 8, 1484.44, 5877380, 6801
4140, 0, 5027, 5769, 3337, 390, 22.82%, 0, 0, 8, 1484.23, 5884687, 6807
4145, 0, 5043, 5785, 3347, 396, 22.86%, 0, 0, 8, 1470.68, 5892012, 6818
4150, 0, 5044, 5801, 3362, 396, 22.86%, 0, 0, 8, 1474.44, 5899493, 6819
4155, 0, 5052, 5803, 3360, 393, 22.86%, 0, 0, 8, 1510.54, 5907259, 6819
4161, 0, 5060, 5807, 3359, 390, 22.87%, 0, 0, 8, 1476.70, 5914605, 6823
4166, 0, 5070, 5814, 3360, 388, 22.88%, 0, 0, 8, 1509.67, 5922259, 6825
4171, 0, 5072, 5835, 3379, 387, 22.88%, 0, 0, 8, 1412.82, 5929205, 6826
4176, 0, 5072, 5837, 3381, 387, 22.88%, 0, 0, 8, 1473.65, 5936981, 6826
4181, 0, 5096, 5838, 3377, 384, 22.88%, 0, 0, 8, 1464.36, 5944395, 6826
4186, 0, 5096, 5838, 3377, 384, 22.88%, 0, 0, 8, 1511.21, 5952398, 6826
4191, 0, 5097, 5838, 3376, 383, 22.88%, 0, 0, 8, 1508.82, 5960213, 6826
4197, 0, 5097, 5838, 3376, 383, 22.88%, 0, 0, 8, 1412.70, 5967807, 6826
4202, 0, 5098, 5838, 3375, 382, 22.88%, 0, 0, 8, 1143.22, 5973053, 6826
4207, 0, 5099, 5838, 3374, 381, 22.88%, 0, 0, 8, 1006.64, 5977993, 6826
4212, 0, 5102, 5841, 3375, 380, 22.89%, 0, 0, 8, 1123.92, 5983923, 6827
4217, 0, 5103, 5843, 3376, 379, 22.89%, 0, 0, 8, 1104.21, 5989726, 6828
4222, 0, 5103, 5853, 3386, 379, 22.91%, 0, 0, 8, 1113.83, 5995317, 6833
4228, 0, 5103, 5853, 3386, 379, 22.91%, 0, 0, 8, 84.70, 5998852, 6833
4233, 0, 5103, 5860, 3393, 379, 22.93%, 0, 0, 8, 1217.47, 6004554, 6841
4238, 0, 5107, 5861, 3392, 384, 22.94%, 0, 0, 8, 1283.56, 6011445, 6843
4243, 0, 5107, 5861, 3392, 384, 22.94%, 0, 0, 8, 1187.73, 6017266, 6843
4248, 0, 5114, 5874, 3402, 382, 22.94%, 0, 0, 8, 1255.31, 6023959, 6843
4253, 0, 5116, 5887, 3414, 381, 23.01%, 0, 0, 8, 1370.29, 6030774, 6864
4438, 0, 5116, 5893, 3420, 381, 23.03%, 0, 0, 8, 1.44, 6036538, 6871
4443, 0, 5118, 5896, 3421, 398, 23.07%, 0, 0, 8, 1369.24, 6043292, 6882
4449, 0, 5128, 5900, 3419, 395, 23.09%, 0, 0, 8, 1451.66, 6050817, 6887
4454, 0, 5134, 5905, 3419, 392, 23.10%, 0, 0, 8, 1384.92, 6057873, 6890
4459, 0, 5140, 5908, 3417, 388, 23.11%, 0, 0, 8, 1312.89, 6064247, 6893
4464, 0, 5148, 5910, 3411, 384, 23.12%, 0, 0, 8, 1290.37, 6070654, 6895
4649, 0, 5160, 5914, 3409, 382, 23.14%, 0, 0, 8, 0.34, 6076003, 6901
4654, 0, 5180, 5916, 3403, 377, 23.14%, 0, 0, 8, 1577.47, 6083436, 6903
4659, 0, 5181, 5916, 3402, 376, 23.14%, 0, 0, 8, 1474.13, 6090815, 6903
4664, 0, 5181, 5916, 3402, 376, 23.14%, 0, 0, 8, 1520.37, 6098748, 6903
4669, 0, 5199, 5925, 3405, 373, 23.16%, 0, 0, 8, 1418.81, 6105789, 6907
4674, 0, 5199, 5931, 3411, 373, 23.16%, 0, 0, 8, 1512.42, 6113455, 6907
4859, 0, 5210, 5934, 3410, 371, 23.16%, 0, 0, 8, 1.01, 6119611, 6907
4864, 0, 5224, 5934, 3408, 369, 23.16%, 0, 0, 8, 1537.81, 6126993, 6907
4870, 0, 5230, 5941, 3413, 368, 23.16%, 0, 0, 8, 1447.44, 6134498, 6909
4875, 0, 5230, 5941, 3413, 368, 23.16%, 0, 0, 8, 1347.89, 6141307, 6909
4880, 0, 5235, 5946, 3415, 368, 23.26%, 0, 0, 8, 1326.13, 6148113, 6939
4885, 0, 5248, 5949, 3411, 363, 23.27%, 0, 0, 8, 1436.22, 6155185, 6940
5070, 0, 5261, 5953, 3409, 359, 23.27%, 0, 0, 8, 1.72, 6160953, 6941
5075, 0, 5267, 5954, 3407, 357, 23.27%, 0, 0, 8, 1230.18, 6168327, 6941
5080, 0, 5275, 5956, 3404, 354, 23.27%, 0, 0, 8, 1385.10, 6175754, 6942
5085, 0, 5289, 5963, 3407, 352, 23.27%, 0, 0, 8, 1364.67, 6182715, 6942
5090, 0, 5299, 5975, 3415, 351, 23.28%, 0, 0, 8, 1371.14, 6189665, 6943
5095, 0, 5310, 5977, 3413, 348, 23.28%, 0, 0, 8, 1364.70, 6196672, 6944
5280, 0, 5316, 5982, 3413, 347, 23.28%, 0, 0, 8, 0.57, 6202784, 6945
5285, 0, 5323, 5995, 3421, 345, 23.32%, 0, 0, 8, 1366.74, 6209394, 6957
5290, 0, 5323, 6016, 3442, 345, 23.39%, 0, 0, 8, 1277.56, 6215602, 6978
5296, 0, 5323, 6032, 3458, 345, 23.44%, 0, 0, 8, 1349.63, 6222470, 6993
5301, 0, 5329, 6034, 3456, 386, 23.45%, 0, 0, 8, 1219.95, 6228276, 6994
5306, 0, 5339, 6039, 3455, 381, 23.45%, 0, 0, 8, 1381.49, 6235391, 6995
5491, 0, 5339, 6039, 3455, 381, 23.45%, 0, 0, 8, 2.08, 6241600, 6995
5496, 0, 5340, 6041, 3456, 382, 23.46%, 0, 0, 8, 1335.92, 6249833, 6998
5501, 0, 5343, 6041, 3455, 382, 23.46%, 0, 0, 8, 1532.76, 6257899, 6998
5506, 0, 5353, 6046, 3455, 381, 23.48%, 0, 0, 8, 1593.57, 6266181, 7003
5511, 0, 5364, 6052, 3456, 378, 23.48%, 0, 0, 8, 1530.75, 6273836, 7004
5516, 0, 5380, 6057, 3453, 373, 23.48%, 0, 0, 8, 1650.40, 6282283, 7005
5701, 0, 5389, 6061, 3450, 369, 23.49%, 0, 0, 8, 2.11, 6289843, 7008
5706, 0, 5392, 6063, 3449, 367, 23.50%, 0, 0, 8, 1764.25, 6298118, 7009
5711, 0, 5394, 6074, 3458, 373, 23.56%, 0, 0, 8, 1610.10, 6305890, 7027
5716, 0, 5405, 6082, 3459, 377, 23.63%, 0, 0, 8, 1601.78, 6313719, 7050
5722, 0, 5419, 6086, 3454, 371, 23.65%, 0, 0, 8, 1648.15, 6322229, 7056
5727, 0, 5426, 6093, 3457, 369, 23.66%, 0, 0, 8, 1552.63, 6329765, 7057
5913, 0, 5436, 6099, 3458, 370, 23.68%, 0, 0, 8, 1.55, 6337075, 7064
5918, 0, 5445, 6104, 3459, 369, 23.70%, 0, 0, 8, 1421.79, 6345662, 7068
5923, 0, 5453, 6114, 3464, 366, 23.74%, 0, 0, 8, 1646.51, 6354657, 7082
5928, 0, 5454, 6123, 3472, 369, 23.77%, 0, 0, 8, 1754.29, 6363562, 7091
5933, 0, 5463, 6126, 3470, 375, 23.78%, 0, 0, 8, 1783.09, 6372694, 7094
5938, 0, 5471, 6150, 3491, 390, 23.84%, 0, 0, 8, 1755.31, 6381486, 7110
5944, 0, 5488, 6162, 3495, 390, 23.88%, 0, 0, 8, 1606.99, 6389934, 7122
5949, 0, 5490, 6173, 3505, 389, 23.91%, 0, 0, 8, 1576.47, 6397778, 7131
5954, 0, 5497, 6174, 3503, 397, 23.91%, 0, 0, 8, 1545.26, 6405795, 7131
5959, 0, 5505, 6177, 3501, 392, 23.91%, 0, 0, 9, 1571.13, 6413448, 7131
5964, 0, 5519, 6180, 3499, 388, 23.91%, 0, 0, 9, 1491.43, 6420815, 7131
5969, 0, 5529, 6182, 3494, 383, 23.91%, 0, 0, 9, 1604.24, 6429209, 7131
5974, 0, 5536, 6188, 3495, 382, 23.95%, 0, 0, 9, 1423.28, 6436287, 7144
5979, 0, 5540, 6206, 3512, 381, 23.96%, 0, 0, 9, 1477.92, 6443405, 7146
5984, 0, 5546, 6209, 3513, 383, 23.96%, 0, 0, 9, 1548.25, 6451319, 7146
5989, 0, 5565, 6209, 3509, 379, 23.96%, 0, 0, 9, 1488.88, 6458907, 7146
5994, 0, 5579, 6216, 3510, 377, 23.97%, 0, 0, 9, 1419.82, 6466017, 7150
6000, 0, 5593, 6221, 3511, 377, 23.97%, 0, 0, 9, 1387.62, 6473013, 7151
6005, 0, 5598, 6224, 3510, 374, 23.98%, 0, 0, 9, 1465.22, 6480545, 7152
6010, 0, 5609, 6227, 3509, 373, 23.98%, 0, 0, 9, 1530.83, 6488058, 7153
6015, 0, 5618, 6231, 3507, 369, 23.98%, 0, 0, 9, 1352.91, 6494731, 7154
6020, 0, 5625, 6234, 3505, 367, 23.99%, 0, 0, 9, 1342.80, 6501278, 7157
6025, 0, 5640, 6239, 3505, 365, 24.00%, 0, 0, 9, 1350.58, 6508052, 7160
6030, 0, 5640, 6248, 3514, 365, 24.01%, 0, 0, 9, 1393.97, 6515058, 7163
6035, 0, 5641, 6261, 3526, 368, 24.04%, 0, 0, 9, 1500.60, 6522180, 7171
6040, 0, 5642, 6265, 3529, 377, 24.05%, 0, 0, 9, 1542.84, 6529766, 7175
6045, 0, 5653, 6269, 3528, 374, 24.06%, 0, 0, 9, 1375.21, 6536658, 7177
6051, 0, 5666, 6271, 3526, 370, 24.06%, 0, 0, 9, 1375.82, 6543873, 7177
6056, 0, 5682, 6273, 3525, 367, 24.06%, 0, 0, 9, 1380.43, 6550703, 7177
6061, 0, 5694, 6274, 3522, 364, 24.06%, 0, 0, 9, 1366.56, 6557572, 7178
6066, 0, 5698, 6275, 3519, 361, 24.07%, 0, 0, 9, 1295.42, 6563980, 7179
6071, 0, 5699, 6276, 3519, 361, 24.07%, 0, 0, 9, 1287.37, 6570575, 7180
6076, 0, 5700, 6307, 3549, 360, 24.11%, 0, 0, 9, 1354.53, 6577300, 7191
6081, 0, 5703, 6315, 3556, 366, 24.12%, 0, 0, 9, 1332.69, 6584199, 7195
6086, 0, 5703, 6322, 3563, 366, 24.13%, 0, 0, 9, 1324.54, 6590902, 7199
6092, 0, 5709, 6324, 3562, 369, 24.14%, 0, 0, 9, 1339.74, 6598046, 7200
6097, 0, 5718, 6327, 3561, 366, 24.14%, 0, 0, 9, 1370.97, 6605060, 7201
6102, 0, 5724, 6336, 3566, 365, 24.15%, 0, 0, 9, 1401.65, 6612360, 7203
6107, 0, 5729, 6340, 3566, 362, 24.18%, 0, 0, 9, 1401.34, 6619701, 7212
6112, 0, 5745, 6343, 3565, 359, 24.18%, 0, 0, 9, 1438.11, 6627048, 7213
6117, 0, 5750, 6349, 3567, 361, 24.19%, 0, 0, 9, 1440.88, 6634352, 7217
6122, 0, 5759, 6354, 3569, 360, 24.21%, 0, 0, 9, 1561.66, 6642095, 7221
6128, 0, 5764, 6355, 3566, 357, 24.21%, 0, 0, 9, 1670.28, 6650826, 7221
6133, 0, 5768, 6357, 3565, 356, 24.21%, 0, 0, 9, 1696.61, 6659295, 7223
6138, 0, 5775, 6364, 3566, 355, 24.23%, 0, 0, 9, 1719.73, 6668043, 7229
6143, 0, 5785, 6371, 3566, 353, 24.25%, 0, 0, 9, 1683.71, 6676466, 7234
6148, 0, 5808, 6372, 3560, 347, 24.25%, 0, 0, 9, 1822.97, 6685761, 7235
6153, 0, 5839, 6378, 3560, 346, 24.26%, 0, 0, 9, 1566.41, 6693932, 7236
6158, 0, 5841, 6378, 3559, 345, 24.26%, 0, 0, 9, 1546.14, 6701762, 7236
6164, 0, 5853, 6381, 3560, 345, 24.26%, 0, 0, 9, 1533.06, 6709614, 7237
6169, 0, 5854, 6383, 3561, 345, 24.26%, 0, 0, 9, 1523.72, 6717551, 7238
6174, 0, 5855, 6385, 3562, 346, 24.27%, 0, 0, 9, 1469.38, 6724857, 7240
6179, 0, 5857, 6397, 3573, 345, 24.28%, 0, 0, 9, 1485.91, 6732645, 7242
6184, 0, 5860, 6397, 3572, 348, 24.28%, 0, 0, 9, 1410.52, 6739764, 7242
6189, 0, 5873, 6401, 3574, 347, 24.28%, 0, 0, 9, 1299.64, 6746470, 7242
6194, 0, 5878, 6402, 3570, 343, 24.28%, 0, 0, 9, 1344.41, 6753235, 7243
6199, 0, 5881, 6410, 3575, 342, 24.34%, 0, 0, 9, 1335.44, 6760073, 7259
6204, 0, 5882, 6415, 3579, 347, 24.39%, 0, 0, 9, 1349.71, 6766791, 7275
6209, 0, 5883, 6417, 3580, 351, 24.42%, 0, 0, 9, 1367.83, 6773826, 7283
6215, 0, 5886, 6430, 3591, 349, 24.46%, 0, 0, 9, 1174.50, 6780432, 7297
6220, 0, 5887, 6434, 3594, 359, 24.49%, 0, 0, 9, 1304.61, 6787220, 7305
6225, 0, 5891, 6436, 3592, 357, 24.53%, 0, 0, 9, 1316.14, 6794219, 7317
6230, 0, 5893, 6450, 3604, 356, 24.57%, 0, 0, 9, 1282.85, 6800788, 7330
6235, 0, 5893, 6455, 3609, 356, 24.60%, 0, 0, 9, 1296.89, 6807412, 7338
6240, 0, 5897, 6458, 3608, 364, 24.61%, 0, 0, 9, 1268.65, 6814094, 7341
6245, 0, 5904, 6459, 3605, 362, 24.62%, 0, 0, 9, 1328.23, 6820870, 7343
6250, 0, 5912, 6461, 3600, 356, 24.62%, 0, 0, 9, 1354.01, 6827948, 7345
6256, 0, 5920, 6470, 3603, 358, 24.65%, 0, 0, 9, 1345.57, 6834895, 7354
6261, 0, 5923, 6476, 3607, 357, 24.66%, 0, 0, 9, 1327.69, 6841709, 7355
6266, 0, 5939, 6479, 3607, 356, 24.66%, 0, 0, 9, 1301.12, 6848379, 7355
6271, 0, 5944, 6537, 3662, 353, 24.72%, 0, 0, 9, 1222.38, 6854678, 7373
6276, 0, 5944, 6545, 3670, 353, 24.72%, 0, 0, 9, 1198.50, 6861061, 7373
6281, 0, 5945, 6572, 3696, 364, 24.77%, 0, 0, 9, 1202.59, 6867217, 7390
6286, 0, 5945, 6580, 3704, 364, 24.84%, 0, 0, 9, 1222.06, 6873355, 7410
6291, 0, 5951, 6585, 3705, 378, 24.87%, 0, 0, 9, 1244.36, 6879927, 7419
6296, 0, 5960, 6594, 3710, 379, 24.89%, 0, 0, 9, 1293.42, 6886645, 7424
6301, 0, 5963, 6594, 3708, 377, 24.89%, 0, 0, 9, 1254.73, 6892936, 7424
6307, 0, 5977, 6594, 3705, 374, 24.89%, 0, 0, 9, 1286.85, 6899558, 7424
6312, 0, 5981, 6596, 3703, 371, 24.89%, 0, 0, 9, 1416.29, 6906862, 7425
6317, 0, 5982, 6606, 3712, 371, 24.92%, 0, 0, 9, 1334.47, 6913535, 7434
6322, 0, 5985, 6611, 3715, 382, 24.94%, 0, 0, 9, 1386.86, 6920845, 7439
6327, 0, 5988, 6613, 3714, 380, 24.94%, 0, 0, 9, 1435.77, 6928234, 7440
6332, 0, 5990, 6622, 3721, 382, 24.97%, 0, 0, 9, 1289.20, 6934864, 7448
6337, 0, 5990, 6625, 3724, 382, 24.98%, 0, 0, 9, 1503.44, 6942440, 7451
6342, 0, 5994, 6627, 3722, 386, 24.99%, 0, 0, 9, 1250.59, 6948784, 7453
6347, 0, 5998, 6629, 3720, 384, 24.99%, 0, 0, 9, 1441.82, 6956176, 7455
6353, 0, 6003, 6631, 3718, 381, 25.00%, 0, 0, 9, 1578.27, 6964706, 7456
6358, 0, 6004, 6636, 3722, 380, 25.01%, 0, 0, 9, 1600.42, 6972757, 7461
6363, 0, 6007, 6640, 3723, 385, 25.02%, 0, 0, 9, 1657.53, 6981448, 7463
6368, 0, 6011, 6647, 3726, 385, 25.04%, 0, 0, 9, 1663.05, 6990128, 7470
6373, 0, 6011, 6653, 3732, 385, 25.06%, 0, 0, 9, 1720.04, 6998929, 7476
6378, 0, 6012, 6665, 3743, 393, 25.10%, 0, 0, 9, 1653.12, 7007336, 7486
6383, 0, 6017, 6667, 3740, 399, 25.10%, 0, 0, 9, 1692.91, 7016302, 7487
6388, 0, 6021, 6671, 3740, 400, 25.11%, 0, 0, 9, 1585.43, 7024248, 7490
6393, 0, 6023, 6676, 3743, 399, 25.12%, 0, 0, 9, 1543.70, 7032346, 7494
6398, 0, 6029, 6676, 3738, 398, 25.12%, 0, 0, 9, 1372.44, 7039738, 7494
6404, 0, 6035, 6680, 3738, 396, 25.13%, 0, 0, 9, 1427.71, 7047545, 7496
6409, 0, 6038, 6682, 3739, 396, 25.14%, 0, 0, 9, 1445.13, 7055162, 7500
6414, 0, 6039, 6684, 3740, 396, 25.14%, 0, 0, 9, 1491.75, 7063258, 7500
6419, 0, 6039, 6684, 3740, 396, 25.14%, 0, 0, 9, 1577.94, 7071213, 7500
6424, 0, 6040, 6684, 3739, 395, 25.14%, 0, 0, 9, 1586.49, 7079696, 7500
6429, 0, 6043, 6686, 3738, 393, 25.15%, 0, 0, 9, 1547.72, 7087504, 7502
6434, 0, 6052, 6693, 3740, 392, 25.16%, 0, 0, 9, 1601.08, 7095747, 7504
6440, 0, 6062, 6695, 3736, 389, 25.16%, 0, 0, 9, 1547.06, 7103606, 7506
6445, 0, 6064, 6695, 3734, 387, 25.16%, 0, 0, 9, 1525.01, 7111704, 7506
6450, 0, 6065, 6695, 3733, 386, 25.16%, 0, 0, 9, 1454.59, 7118821, 7506
6455, 0, 6066, 6695, 3732, 385, 25.16%, 0, 0, 9, 1487.33, 7126565, 7506
6460, 0, 6067, 6695, 3731, 384, 25.16%, 0, 0, 9, 1441.40, 7133903, 7506
6465, 0, 6068, 6695, 3730, 383, 25.16%, 0, 0, 9, 1425.89, 7141134, 7506
6470, 0, 6071, 6697, 3730, 382, 25.17%, 0, 0, 9, 1473.09, 7148523, 7509
6475, 0, 6071, 6707, 3740, 382, 25.18%, 0, 0, 9, 1490.43, 7156536, 7512
6480, 0, 6072, 6707, 3739, 385, 25.18%, 0, 0, 9, 1492.01, 7164072, 7512
6485, 0, 6074, 6711, 3741, 384, 25.21%, 0, 0, 9, 1528.98, 7171985, 7520
6491, 0, 6076, 6720, 3749, 385, 25.27%, 0, 0, 9, 1476.25, 7179486, 7538
6496, 0, 6077, 6734, 3762, 406, 25.37%, 0, 0, 9, 1489.58, 7187406, 7567
6501, 0, 6085, 6735, 3756, 399, 25.37%, 0, 0, 9, 1521.92, 7195149, 7568
6506, 0, 6097, 6739, 3754, 397, 25.38%, 0, 0, 9, 1642.70, 7203736, 7571
6511, 0, 6105, 6748, 3758, 394, 25.38%, 0, 0, 9, 1549.38, 7211299, 7572
6516, 0, 6111, 6756, 3762, 393, 25.42%, 0, 0, 9, 1455.44, 7218621, 7583
6521, 0, 6115, 6759, 3761, 395, 25.43%, 0, 0, 9, 1383.45, 7225319, 7585
6526, 0, 6122, 6759, 3754, 388, 25.43%, 0, 0, 9, 1441.90, 7232747, 7585
6531, 0, 6135, 6762, 3751, 382, 25.43%, 0, 0, 9, 1441.27, 7240054, 7585
6536, 0, 6138, 6763, 3749, 380, 25.44%, 0, 0, 9, 1452.59, 7247781, 7588
6542, 0, 6141, 6764, 3747, 378, 25.45%, 0, 0, 9, 1446.58, 7254915, 7591
6547, 0, 6145, 6764, 3743, 374, 25.45%, 0, 0, 9, 1448.98, 7262645, 7591
6552, 0, 6148, 6764, 3740, 371, 25.45%, 0, 0, 9, 1413.78, 7269612, 7591
6557, 0, 6152, 6772, 3745, 369, 25.46%, 0, 0, 9, 1479.19, 7277170, 7595
6562, 0, 6163, 6775, 3742, 366, 25.46%, 0, 0, 9, 1496.58, 7284542, 7595
6567, 0, 6168, 6776, 3738, 362, 25.47%, 0, 0, 9, 1415.20, 7291751, 7596
6572, 0, 6180, 6781, 3737, 358, 25.48%, 0, 0, 10, 1385.23, 7298836, 7599
6578, 0, 6180, 6781, 3737, 358, 25.48%, 0, 0, 10, 1417.75, 7306339, 7599
6583, 0, 6181, 6781, 3736, 357, 25.48%, 0, 0, 10, 1360.53, 7313079, 7599
6588, 0, 6186, 6790, 3741, 353, 25.49%, 0, 0, 10, 1198.09, 7319441, 7603
6593, 0, 6186, 6791, 3742, 353, 25.49%, 0, 0, 10, 1208.96, 7324616, 7604
6598, 0, 6196, 6792, 3741, 353, 25.49%, 0, 0, 10, 1089.57, 7330321, 7604
6603, 0, 6211, 6792, 3737, 349, 25.49%, 0, 0, 10, 1107.57, 7335617, 7604
6608, 0, 6213, 6904, 3847, 392, 25.60%, 0, 0, 10, 847.14, 7339847, 7637
6614, 0, 6219, 6905, 3845, 389, 25.60%, 0, 0, 10, 796.10, 7343627, 7637
6619, 0, 6221, 6907, 3845, 387, 25.60%, 0, 0, 10, 268.49, 7347031, 7637
6624, 0, 6226, 6909, 3844, 386, 25.61%, 0, 0, 10, 660.94, 7350811, 7638
6629, 0, 6227, 6910, 3844, 385, 25.61%, 0, 0, 10, 469.10, 7353316, 7639
6634, 0, 6228, 6911, 3844, 385, 25.61%, 0, 0, 10, 1530.00, 7357144, 7639
6639, 0, 6232, 6911, 3842, 384, 25.61%, 0, 0, 10, 451.01, 7359428, 7639
6645, 0, 6233, 6913, 3843, 383, 25.62%, 0, 0, 10, 544.16, 7361147, 7641
6650, 0, 6235, 6915, 3843, 383, 25.62%, 0, 0, 10, 533.10, 7363351, 7643
6655, 0, 6239, 6915, 3841, 383, 25.62%, 0, 0, 10, 26.25, 7365884, 7643
6661, 0, 6242, 6915, 3839, 381, 25.62%, 0, 0, 10, 18.18, 7368354, 7643
6666, 0, 6242, 6915, 3839, 381, 25.62%, 0, 0, 10, 387.77, 7369996, 7643
6671, 0, 6252, 6918, 3839, 378, 25.63%, 0, 0, 10, 94.10, 7372689, 7644
6676, 0, 6256, 6918, 3837, 376, 25.63%, 0, 0, 10, 399.82, 7374999, 7644
6681, 0, 6259, 6921, 3839, 376, 25.63%, 0, 0, 10, 538.56, 7377427, 7645
6687, 0, 6262, 6921, 3838, 375, 25.63%, 0, 0, 10, 510.33, 7379471, 7645
6692, 0, 6263, 6924, 3840, 376, 25.64%, 0, 0, 10, 366.02, 7380659, 7648
6697, 0, 6266, 6932, 3847, 382, 25.66%, 0, 0, 10, 845.00, 7382246, 7654
6702, 0, 6267, 6933, 3847, 381, 25.66%, 0, 0, 10, 247.13, 7383714, 7654
6708, 0, 6271, 6933, 3846, 380, 25.66%, 0, 0, 10, 763.81, 7385401, 7654
6713, 0, 6271, 6933, 3846, 380, 25.66%, 0, 0, 10, 785.00, 7387402, 7654
6719, 0, 6271, 6933, 3846, 380, 25.66%, 0, 0, 10, 634.88, 7390028, 7654
6724, 0, 6274, 6934, 3845, 379, 25.66%, 0, 0, 10, 414.92, 7392774, 7655
6729, 0, 6275, 6934, 3844, 378, 25.66%, 0, 0, 10, 1407.05, 7394459, 7655
6734, 0, 6275, 6934, 3844, 378, 25.66%, 0, 0, 10, 886.39, 7396798, 7655
6739, 0, 6300, 6934, 3842, 376, 25.66%, 0, 0, 10, 643.86, 7400007, 7655
6744, 0, 6300, 6934, 3842, 376, 25.66%, 0, 0, 10, 975.92, 7401676, 7655
6750, 0, 6301, 6937, 3844, 376, 25.69%, 0, 0, 10, 413.46, 7403350, 7662
6755, 0, 6301, 6939, 3846, 376, 25.69%, 0, 0, 10, 329.51, 7405529, 7663
6760, 0, 6302, 6942, 3848, 376, 25.70%, 0, 0, 10, 372.20, 7407467, 7667
6765, 0, 6302, 6947, 3853, 376, 25.73%, 0, 0, 10, 335.35, 7408808, 7676
6771, 0, 6304, 6953, 3858, 386, 25.74%, 0, 0, 10, 190.59, 7410503, 7679
6776, 0, 6305, 6956, 3860, 387, 25.76%, 0, 0, 10, 287.71, 7412240, 7683
6782, 0, 6309, 6957, 3860, 386, 25.76%, 0, 0, 10, 505.22, 7415071, 7683
6787, 0, 6313, 6958, 3860, 386, 25.76%, 0, 0, 10, 460.53, 7416511, 7684
6792, 0, 6314, 6965, 3866, 387, 25.77%, 0, 0, 10, 521.46, 7418661, 7687
6797, 0, 6315, 6965, 3865, 387, 25.77%, 0, 0, 10, 532.71, 7421313, 7687
6802, 0, 6317, 6965, 3863, 385, 25.77%, 0, 0, 10, 1102.99, 7425296, 7687
6807, 0, 6327, 6966, 3860, 382, 25.78%, 0, 0, 10, 1170.32, 7431642, 7690
6812, 0, 6327, 6973, 3867, 382, 25.79%, 0, 0, 10, 1248.65, 7437570, 7693
6817, 0, 6327, 6974, 3868, 382, 25.79%, 0, 0, 10, 1001.79, 7441428, 7694
6822, 0, 6337, 6976, 3868, 384, 25.80%, 0, 0, 10, 947.25, 7445106, 7696
6828, 0, 6337, 6981, 3873, 384, 25.81%, 0, 0, 10, 649.27, 7447779, 7700
6833, 0, 6337, 6985, 3877, 384, 25.83%, 0, 0, 10, 149.96, 7451639, 7704
6839, 0, 6337, 6986, 3878, 384, 25.83%, 0, 0, 10, 124.68, 7454044, 7705
6844, 0, 6338, 6987, 3878, 390, 25.83%, 0, 0, 10, 976.07, 7455948, 7706
6849, 0, 6339, 6987, 3877, 390, 25.83%, 0, 0, 10, 215.71, 7457142, 7706
6854, 0, 6340, 6990, 3879, 389, 25.84%, 0, 0, 10, 354.92, 7459041, 7708
6859, 0, 6340, 6991, 3880, 389, 25.85%, 0, 0, 10, 285.17, 7460595, 7710
6864, 0, 6340, 6992, 3881, 389, 25.85%, 0, 0, 10, 184.21, 7461553, 7711
6869, 0, 6340, 6993, 3882, 389, 25.85%, 0, 0, 10, 138.12, 7462084, 7711
6875, 0, 6340, 6994, 3883, 389, 25.85%, 0, 0, 10, 268.70, 7464574, 7711
6880, 0, 6340, 6994, 3883, 389, 25.85%, 0, 0, 10, 535.69, 7465410, 7711
6885, 0, 6340, 6994, 3883, 389, 25.85%, 0, 0, 10, 168.23, 7466634, 7711
6890, 0, 6343, 6995, 3883, 393, 25.85%, 0, 0, 10, 2222.25, 7469391, 7711
6897, 0, 6344, 6995, 3882, 392, 25.85%, 0, 0, 10, 265.46, 7470640, 7711
6902, 0, 6345, 6996, 3882, 391, 25.85%, 0, 0, 10, 1021.05, 7473182, 7711
6907, 0, 6346, 6996, 3881, 390, 25.85%, 0, 0, 10, 418.72, 7474585, 7711
6912, 0, 6347, 7003, 3887, 389, 25.87%, 0, 0, 10, 316.50, 7477075, 7718
6917, 0, 6348, 7022, 3905, 413, 25.95%, 0, 0, 10, 516.02, 7480448, 7740
6922, 0, 6351, 7022, 3904, 412, 25.95%, 0, 0, 10, 1472.73, 7481735, 7740
6929, 0, 6352, 7022, 3903, 411, 25.95%, 0, 0, 10, 446.45, 7484598, 7740
6934, 0, 6354, 7022, 3902, 410, 25.95%, 0, 0, 10, 334.16, 7486533, 7740
6939, 0, 6354, 7022, 3902, 410, 25.95%, 0, 0, 10, 292.00, 7487743, 7740
6945, 0, 6355, 7024, 3903, 409, 25.96%, 0, 0, 10, 293.06, 7489710, 7743
6950, 0, 6356, 7025, 3903, 411, 25.96%, 0, 0, 10, 279.90, 7491343, 7744
6955, 0, 6356, 7025, 3903, 411, 25.96%, 0, 0, 10, 252.62, 7492357, 7744
6960, 0, 6358, 7025, 3902, 410, 25.96%, 0, 0, 10, 176.03, 7494027, 7744
6966, 0, 6358, 7025, 3902, 410, 25.96%, 0, 0, 10, 122.30, 7495855, 7744
6971, 0, 6358, 7025, 3902, 410, 25.96%, 0, 0, 10, 1427.86, 7497697, 7744
6977, 0, 6360, 7027, 3902, 408, 25.96%, 0, 0, 10, 81.77, 7499754, 7744
6982, 0, 6361, 7027, 3901, 407, 25.96%, 0, 0, 10, 415.83, 7501264, 7744
6987, 0, 6361, 7028, 3902, 407, 25.96%, 0, 0, 10, 364.32, 7502156, 7744
6992, 0, 6363, 7029, 3901, 405, 25.96%, 0, 0, 10, 308.76, 7503845, 7744
6997, 0, 6367, 7029, 3899, 403, 25.96%, 0, 0, 10, 55.94, 7506769, 7744
7002, 0, 6370, 7030, 3898, 401, 25.96%, 0, 0, 10, 503.67, 7508202, 7745
7007, 0, 6371, 7030, 3897, 401, 25.96%, 0, 0, 10, 551.97, 7509512, 7745
7012, 0, 6377, 7031, 3896, 400, 25.97%, 0, 0, 10, 530.00, 7512114, 7746
7017, 0, 6378, 7031, 3895, 399, 25.97%, 0, 0, 10, 589.35, 7514864, 7746
7023, 0, 6378, 7032, 3896, 399, 25.97%, 0, 0, 10, 447.47, 7516598, 7746
7028, 0, 6379, 7033, 3896, 398, 25.97%, 0, 0, 10, 842.04, 7519752, 7746
7033, 0, 6382, 7034, 3896, 399, 25.97%, 0, 0, 10, 1017.66, 7524305, 7746
7038, 0, 6383, 7035, 3896, 398, 25.97%, 0, 0, 10, 1219.48, 7531122, 7746
7043, 0, 6384, 7035, 3895, 397, 25.97%, 0, 0, 10, 1193.18, 7537224, 7746
7048, 0, 6386, 7035, 3894, 396, 25.97%, 0, 0, 10, 1169.01, 7543225, 7746
7053, 0, 6388, 7036, 3894, 395, 25.97%, 0, 0, 10, 1230.93, 7549916, 7747
7059, 0, 6388, 7036, 3894, 395, 25.97%, 0, 0, 10, 994.88, 7554343, 7747
7064, 0, 6392, 7036, 3893, 395, 25.97%, 0, 0, 10, 1025.51, 7559774, 7747
7069, 0, 6397, 7038, 3893, 393, 25.97%, 0, 0, 10, 1120.65, 7565482, 7747
7074, 0, 6404, 7039, 3890, 390, 25.97%, 0, 0, 10, 1188.41, 7571783, 7747
7080, 0, 6408, 7042, 3889, 389, 25.99%, 0, 0, 10, 1273.09, 7578418, 7754
7085, 0, 6411, 7043, 3888, 388, 26.00%, 0, 0, 10, 1181.24, 7584360, 7757
7090, 0, 6415, 7063, 3906, 388, 26.05%, 0, 0, 10, 1184.25, 7590031, 7771
7095, 0, 6415, 7063, 3906, 388, 26.05%, 0, 0, 10, 1208.75, 7596105, 7771
7100, 0, 6421, 7063, 3903, 392, 26.05%, 0, 0, 10, 1212.72, 7602118, 7771
7105, 0, 6422, 7068, 3907, 391, 26.08%, 0, 0, 10, 1315.79, 7609317, 7779
7110, 0, 6427, 7069, 3905, 391, 26.08%, 0, 0, 10, 1360.87, 7615938, 7780
7115, 0, 6432, 7072, 3904, 391, 26.10%, 0, 0, 10, 1247.21, 7622389, 7785
7120, 0, 6435, 7077, 3907, 390, 26.14%, 0, 0, 10, 847.44, 7627554, 7796
7125, 0, 6435, 7078, 3908, 390, 26.14%, 0, 0, 10, 962.37, 7632671, 7797
7131, 0, 6437, 7082, 3910, 393, 26.15%, 0, 0, 10, 1037.75, 7637766, 7800
7136, 0, 6440, 7084, 3909, 394, 26.15%, 0, 0, 10, 900.29, 7642853, 7801
7141, 0, 6450, 7084, 3903, 388, 26.15%, 0, 0, 10, 1047.07, 7648247, 7801
7146, 0, 6456, 7090, 3905, 388, 26.17%, 0, 0, 10, 922.26, 7652677, 7805
7151, 0, 6459, 7096, 3908, 390, 26.18%, 0, 0, 10, 1260.24, 7655854, 7810
7156, 0, 6462, 7098, 3907, 389, 26.19%, 0, 0, 10, 928.59, 7659623, 7812
7161, 0, 6463, 7107, 3915, 388, 26.24%, 0, 0, 10, 860.03, 7663990, 7828
7166, 0, 6463, 7110, 3918, 388, 26.26%, 0, 0, 10, 887.16, 7668077, 7832
7171, 0, 6468, 7111, 3916, 396, 26.26%, 0, 0, 10, 995.98, 7673201, 7832
7176, 0, 6472, 7112, 3915, 395, 26.26%, 0, 0, 10, 759.64, 7676307, 7832
7181, 0, 6484, 7112, 3912, 392, 26.26%, 0, 0, 10, 1030.73, 7680591, 7832
7187, 0, 6513, 7114, 3912, 390, 26.26%, 0, 0, 10, 1023.52, 7684396, 7832
7192, 0, 6520, 7114, 3910, 388, 26.26%, 0, 0, 10, 788.08, 7688039, 7832
7197, 0, 6536, 7117, 3911, 386, 26.26%, 0, 0, 10, 818.35, 7691964, 7832
7202, 0, 6544, 7120, 3912, 385, 26.26%, 0, 0, 10, 1655.19, 7695369, 7832
7207, 0, 6545, 7123, 3914, 384, 26.27%, 0, 0, 10, 693.93, 7699054, 7837
7212, 0, 6547, 7124, 3913, 386, 26.28%, 0, 0, 10, 11.70, 7702252, 7839
7217, 0, 6551, 7128, 3915, 385, 26.30%, 0, 0, 10, 621.07, 7705014, 7844
7222, 0, 6556, 7129, 3914, 384, 26.30%, 0, 0, 10, 1029.63, 7708500, 7845
7228, 0, 6560, 7130, 3913, 383, 26.30%, 0, 0, 10, 958.42, 7713179, 7845
7233, 0, 6571, 7131, 3911, 381, 26.30%, 0, 0, 10, 84.63, 7717527, 7846
7238, 0, 6572, 7132, 3911, 380, 26.30%, 0, 0, 10, 648.55, 7720456, 7846
7243, 0, 6574, 7147, 3924, 379, 26.31%, 0, 0, 10, 1460.87, 7725026, 7849
7248, 0, 6574, 7167, 3944, 379, 26.31%, 0, 0, 10, 498.71, 7728203, 7849
7254, 0, 6574, 7171, 3948, 379, 26.32%, 0, 0, 10, 779.17, 7731604, 7850
7259, 0, 6578, 7175, 3951, 384, 26.32%, 0, 0, 10, 224.95, 7734627, 7852
7264, 0, 6582, 7180, 3954, 382, 26.33%, 0, 0, 10, 569.99, 7738179, 7854
7269, 0, 6582, 7186, 3960, 382, 26.34%, 0, 0, 10, 1110.88, 7741010, 7857
7274, 0, 6582, 7190, 3964, 382, 26.35%, 0, 0, 10, 916.77, 7743890, 7860
7279, 0, 6583, 7190, 3963, 388, 26.35%, 0, 0, 10, 610.27, 7746608, 7860
7284, 0, 6590, 7192, 3961, 386, 26.35%, 0, 0, 10, 979.64, 7750869, 7861
7289, 0, 6595, 7193, 3959, 383, 26.35%, 0, 0, 10, 990.00, 7754265, 7861
7295, 0, 6597, 7193, 3957, 381, 26.35%, 0, 0, 10, 904.49, 7757385, 7861
7300, 0, 6599, 7194, 3956, 379, 26.35%, 0, 0, 10, 325.91, 7759404, 7861
7305, 0, 6600, 7199, 3960, 381, 26.37%, 0, 0, 10, 522.52, 7762017, 7866
7310, 0, 6601, 7199, 3959, 382, 26.37%, 0, 0, 10, 534.24, 7764647, 7866
7315, 0, 6605, 7199, 3956, 379, 26.37%, 0, 0, 10, 159.19, 7768639, 7866
7321, 0, 6608, 7199, 3953, 376, 26.37%, 0, 0, 10, 852.48, 7771842, 7866
7326, 0, 6609, 7199, 3952, 375, 26.37%, 0, 0, 10, 196.17, 7774240, 7866
7331, 0, 6612, 7200, 3951, 373, 26.37%, 0, 0, 10, 1025.89, 7776764, 7866
7336, 0, 6614, 7200, 3949, 371, 26.37%, 0, 0, 10, 117.72, 7779258, 7866
7341, 0, 6616, 7200, 3947, 369, 26.37%, 0, 0, 10, 369.12, 7781438, 7866
7347, 0, 6619, 7200, 3945, 367, 26.37%, 0, 0, 10, 717.58, 7783853, 7866
7352, 0, 6621, 7200, 3943, 365, 26.37%, 0, 0, 10, 1518.58, 7786208, 7866
7357, 0, 6623, 7200, 3941, 363, 26.37%, 0, 0, 10, 457.71, 7788414, 7866
7362, 0, 6625, 7200, 3939, 361, 26.37%, 0, 0, 10, 1756.22, 7792526, 7866
7367, 0, 6628, 7200, 3936, 358, 26.37%, 0, 0, 10, 120.37, 7795490, 7866
7373, 0, 6631, 7200, 3934, 356, 26.37%, 0, 0, 10, 89.72, 7798938, 7866
7378, 0, 6634, 7200, 3931, 353, 26.37%, 0, 0, 10, 207.18, 7802623, 7866
7383, 0, 6636, 7200, 3929, 351, 26.37%, 0, 0, 10, 357.61, 7804664, 7866
7388, 0, 6639, 7207, 3934, 349, 26.37%, 0, 0, 10, 880.49, 7807833, 7866
7393, 0, 6639, 7208, 3935, 349, 26.37%, 0, 0, 10, 188.00, 7809905, 7866
7398, 0, 6639, 7208, 3935, 349, 26.37%, 0, 0, 10, 656.27, 7812084, 7866
7404, 0, 6639, 7209, 3936, 349, 26.37%, 0, 0, 10, 1366.44, 7815849, 7866
7409, 0, 6645, 7209, 3930, 344, 26.37%, 0, 0, 10, 193.83, 7823244, 7866
7414, 0, 6649, 7209, 3926, 340, 26.37%, 0, 0, 10, 1354.00, 7828606, 7866
7419, 0, 6652, 7209, 3923, 337, 26.37%, 0, 0, 10, 236.89, 7833218, 7866
7424, 0, 6655, 7211, 3922, 334, 26.37%, 0, 0, 10, 131.67, 7837097, 7866
7429, 0, 6658, 7212, 3920, 331, 26.37%, 0, 0, 10, 976.42, 7840373, 7866
7435, 0, 6661, 7214, 3920, 330, 26.37%, 0, 0, 10, 843.82, 7843904, 7866
7440, 0, 6663, 7215, 3919, 328, 26.37%, 0, 0, 10, 1323.53, 7846535, 7866
7445, 0, 6666, 7215, 3917, 326, 26.37%, 0, 0, 10, 1066.05, 7849589, 7866
7450, 0, 6669, 7216, 3915, 324, 26.37%, 0, 0, 10, 832.74, 7853336, 7867
7455, 0, 6670, 7220, 3918, 323, 26.37%, 0, 0, 10, 999.54, 7856630, 7867
7460, 0, 6670, 7221, 3919, 323, 26.37%, 0, 0, 10, 440.51, 7859102, 7867
7466, 0, 6670, 7221, 3919, 323, 26.37%, 0, 0, 10, 25.86, 7862370, 7867
7471, 0, 6671, 7224, 3921, 323, 26.37%, 0, 0, 10, 88.61, 7865483, 7867
7476, 0, 6672, 7224, 3920, 325, 26.37%, 0, 0, 10, 1067.88, 7867721, 7867
7482, 0, 6674, 7224, 3918, 323, 26.37%, 0, 0, 10, 74.63, 7870092, 7867
7487, 0, 6676, 7224, 3916, 321, 26.37%, 0, 0, 10, 115.49, 7872291, 7867
7492, 0, 6679, 7224, 3914, 319, 26.37%, 0, 0, 10, 66.67, 7875479, 7867
7497, 0, 6684, 7225, 3914, 318, 26.37%, 0, 0, 10, 625.86, 7878611, 7867
7502, 0, 6684, 7225, 3914, 318, 26.37%, 0, 0, 10, 623.40, 7881376, 7867
7507, 0, 6684, 7225, 3914, 318, 26.37%, 0, 0, 10, 488.78, 7883033, 7867
7512, 0, 6686, 7226, 3913, 317, 26.38%, 0, 0, 10, 1069.68, 7887148, 7868
7518, 0, 6688, 7228, 3913, 316, 26.38%, 0, 0, 10, 190.97, 7889455, 7869
7523, 0, 6690, 7229, 3913, 315, 26.38%, 0, 0, 10, 499.58, 7892747, 7869
7528, 0, 6692, 7232, 3915, 315, 26.39%, 0, 0, 10, 125.00, 7896261, 7871
7534, 0, 6694, 7232, 3913, 313, 26.39%, 0, 0, 10, 387.89, 7899390, 7871
7539, 0, 6695, 7233, 3913, 312, 26.39%, 0, 0, 10, 675.29, 7902672, 7872
7545, 0, 6696, 7233, 3912, 312, 26.39%, 0, 0, 10, 1214.54, 7906478, 7872
7551, 0, 6698, 7233, 3911, 311, 26.39%, 0, 0, 10, 467.36, 7909098, 7872
7557, 0, 6698, 7233, 3911, 311, 26.39%, 0, 0, 10, 428.83, 7910773, 7872
7562, 0, 6701, 7233, 3910, 310, 26.39%, 0, 0, 10, 819.25, 7913725, 7872
7568, 0, 6701, 7233, 3910, 310, 26.39%, 0, 0, 10, 120.93, 7917551, 7872
7573, 0, 6702, 7233, 3909, 309, 26.39%, 0, 0, 10, 488.38, 7919144, 7872
7579, 0, 6702, 7233, 3909, 309, 26.39%, 0, 0, 10, 446.71, 7920599, 7872
7584, 0, 6702, 7233, 3909, 309, 26.39%, 0, 0, 10, 484.01, 7922469, 7872
7589, 0, 6702, 7235, 3911, 309, 26.41%, 0, 0, 10, 565.50, 7924769, 7879
7594, 0, 6702, 7235, 3911, 309, 26.41%, 0, 0, 10, 497.16, 7926410, 7879
7599, 0, 6702, 7235, 3911, 309, 26.41%, 0, 0, 10, 322.82, 7928693, 7879
7604, 0, 6702, 7236, 3912, 309, 26.42%, 0, 0, 10, 737.19, 7930765, 7880
7609, 0, 6702, 7236, 3912, 309, 26.42%, 0, 0, 10, 602.04, 7932427, 7880
7614, 0, 6702, 7236, 3912, 309, 26.42%, 0, 0, 10, 459.33, 7933669, 7880
7619, 0, 6702, 7237, 3913, 309, 26.39%, 0, 0, 10, 445.96, 7935588, 7873
7625, 0, 6704, 7237, 3912, 311, 26.42%, 0, 0, 10, 665.85, 7936724, 7881
7630, 0, 6704, 7237, 3912, 311, 26.42%, 0, 0, 10, 1005.69, 7938364, 7881
7635, 0, 6704, 7237, 3912, 311, 26.42%, 0, 0, 10, 297.28, 7940355, 7881
7641, 0, 6707, 7237, 3911, 310, 26.42%, 0, 0, 10, 2528.96, 7943179, 7881
7646, 0, 6707, 7237, 3911, 310, 26.42%, 0, 0, 10, 539.86, 7944845, 7881
7651, 0, 6708, 7237, 3910, 309, 26.42%, 0, 0, 10, 1034.51, 7947247, 7881
7656, 0, 6708, 7238, 3911, 309, 26.42%, 0, 0, 10, 262.18, 7948892, 7881
7662, 0, 6709, 7239, 3911, 309, 26.42%, 0, 0, 10, 3100.53, 7951614, 7881
7667, 0, 6711, 7240, 3911, 309, 26.42%, 0, 0, 10, 624.43, 7954944, 7882
7672, 0, 6712, 7240, 3910, 308, 26.42%, 0, 0, 10, 301.52, 7956649, 7882
7678, 0, 6712, 7240, 3910, 308, 26.42%, 0, 0, 10, 316.21, 7958273, 7882
7685, 0, 6712, 7240, 3910, 308, 26.42%, 0, 0, 10, 46.12, 7959085, 7882
7690, 0, 6712, 7240, 3910, 308, 26.42%, 0, 0, 10, 66.17, 7959586, 7882
7695, 0, 6712, 7240, 3910, 308, 26.42%, 0, 0, 10, 53.56, 7960308, 7882
7700, 0, 6712, 7240, 3910, 308, 26.42%, 0, 0, 10, 73.76, 7960804, 7882
7705, 0, 6712, 7240, 3910, 308, 26.42%, 0, 0, 10, 21.43, 7961228, 7882
7710, 0, 6712, 7240, 3910, 308, 26.42%, 0, 0, 10, 23.56, 7961509, 7882
7716, 0, 6713, 7240, 3909, 307, 26.42%, 0, 0, 10, 48.42, 7962037, 7882
7726, 0, 6713, 7240, 3909, 307, 26.42%, 0, 0, 10, 0.11, 7962125, 7882
7737, 0, 6713, 7240, 3909, 307, 26.42%, 0, 0, 10, 19.55, 7962337, 7882
7743, 0, 6713, 7240, 3909, 307, 26.42%, 0, 0, 10, 1.52, 7962489, 7882
7748, 0, 6713, 7240, 3909, 307, 26.42%, 0, 0, 10, 40.19, 7962542, 7882
7753, 0, 6713, 7240, 3909, 307, 26.42%, 0, 0, 10, 4.48, 7962588, 7882
7758, 0, 6713, 7240, 3909, 307, 26.42%, 0, 0, 10, 8.00, 7962665, 7882
7763, 0, 6713, 7240, 3909, 307, 26.42%, 0, 0, 10, 66.52, 7962744, 7882
7769, 0, 6713, 7240, 3909, 307, 26.42%, 0, 0, 10, 8.42, 7962819, 7882
7775, 0, 6713, 7240, 3909, 307, 26.42%, 0, 0, 10, 3.70, 7962838, 7882
7783, 0, 6713, 7240, 3909, 307, 26.42%, 0, 0, 10, 0.17, 7962848, 7882
7789, 0, 6713, 7240, 3909, 307, 26.42%, 0, 0, 10, 3.32, 7962869, 7882
7800, 0, 6713, 7240, 3909, 307, 26.42%, 0, 0, 10, 18.99, 7963387, 7882
7805, 0, 6713, 7240, 3909, 307, 26.42%, 0, 0, 10, 3.36, 7963428, 7882
7810, 0, 6713, 7240, 3909, 307, 26.42%, 0, 0, 10, 3.15, 7963527, 7882
7815, 0, 6713, 7240, 3909, 307, 26.42%, 0, 0, 10, 14.47, 7963722, 7882
7820, 0, 6713, 7240, 3909, 307, 26.42%, 0, 0, 10, 7.15, 7963799, 7882
7825, 0, 6713, 7240, 3909, 307, 26.42%, 0, 0, 10, 12.11, 7963828, 7882
7830, 0, 6713, 7240, 3909, 307, 26.42%, 0, 0, 10, 12.74, 7963874, 7882
7836, 0, 6713, 7240, 3909, 307, 26.42%, 0, 0, 10, 55.39, 7964737, 7882
7845, 0, 6713, 7240, 3909, 307, 26.42%, 0, 0, 10, 0.13, 7964751, 7882
7851, 0, 6713, 7240, 3909, 307, 26.42%, 0, 0, 10, 3.64, 7964774, 7882
7856, 0, 6713, 7240, 3909, 307, 26.42%, 0, 0, 10, 0.75, 7964829, 7882
7862, 0, 6713, 7240, 3909, 307, 26.42%, 0, 0, 10, 18.93, 7965037, 7882
7872, 0, 6713, 7240, 3909, 307, 26.42%, 0, 0, 10, 14.36, 7965337, 7882
7877, 0, 6713, 7240, 3909, 307, 26.42%, 0, 0, 10, 4.04, 7965412, 7882
7882, 0, 6713, 7240, 3909, 307, 26.42%, 0, 0, 10, 2.00, 7965440, 7882
7887, 0, 6713, 7240, 3909, 307, 26.42%, 0, 0, 10, 3.93, 7965472, 7882
7893, 0, 6713, 7240, 3909, 307, 26.42%, 0, 0, 10, 1.75, 7965585, 7882
7915, 0, 6713, 7240, 3909, 307, 26.42%, 0, 0, 10, 3.15, 7965625, 7882
7915, 0, 6713, 7240, 3909, 307, 26.42%, 0, 0, 10, 0.06, 7965626, 7882
7920, 0, 6713, 7240, 3909, 307, 26.42%, 0, 0, 10, 21.15, 7965664, 7882
7925, 0, 6713, 7240, 3909, 307, 26.42%, 0, 0, 10, 1.90, 7965677, 7882
7931, 0, 6713, 7240, 3909, 307, 26.42%, 0, 0, 10, 1.99, 7965685, 7882
7936, 0, 6713, 7240, 3909, 307, 26.42%, 0, 0, 10, 2.40, 7965725, 7882
7941, 0, 6713, 7240, 3909, 307, 26.42%, 0, 0, 10, 3.52, 7965776, 7882
7947, 0, 6713, 7240, 3909, 307, 26.42%, 0, 0, 10, 3.81, 7965803, 7882
7960, 0, 6713, 7240, 3909, 307, 26.42%, 0, 0, 10, 3.76, 7965937, 7882
7965, 0, 6713, 7240, 3909, 307, 26.42%, 0, 0, 10, 3.96, 7965956, 7882
7971, 0, 6713, 7240, 3909, 307, 26.42%, 0, 0, 10, 0.68, 7965972, 7882
7976, 0, 6713, 7240, 3909, 307, 26.42%, 0, 0, 10, 4.32, 7965982, 7882
7981, 0, 6713, 7240, 3909, 307, 26.42%, 0, 0, 10, 3.72, 7965992, 7882
7987, 0, 6713, 7240, 3909, 307, 26.42%, 0, 0, 10, 3.03, 7965998, 7882
7992, 0, 6714, 7240, 3908, 306, 26.42%, 0, 0, 10, 1492.08, 7973802, 7882
7997, 0, 6714, 7241, 3909, 306, 26.43%, 0, 0, 10, 1512.67, 7981806, 7883
8002, 0, 6715, 7244, 3911, 306, 26.44%, 0, 0, 10, 1624.02, 7990176, 7886
8007, 0, 6717, 7246, 3911, 305, 26.44%, 0, 0, 10, 1643.70, 7998482, 7886
8012, 0, 6719, 7246, 3910, 304, 26.44%, 0, 0, 10, 1658.71, 8007000, 7886
8017, 0, 6720, 7270, 3933, 304, 26.47%, 0, 0, 10, 1599.34, 8015258, 7895
8022, 0, 6721, 7276, 3938, 309, 26.47%, 0, 0, 10, 1654.92, 8023458, 7897
8027, 0, 6722, 7276, 3937, 308, 26.47%, 0, 0, 10, 1670.41, 8032093, 7897
8032, 0, 6723, 7277, 3937, 307, 26.48%, 0, 0, 10, 1560.51, 8039724, 7899
8037, 0, 6725, 7277, 3935, 306, 26.48%, 0, 0, 10, 1577.46, 8047740, 7899
8043, 0, 6726, 7277, 3934, 305, 26.48%, 0, 0, 10, 1658.79, 8056324, 7899
8048, 0, 6728, 7277, 3932, 303, 26.48%, 0, 0, 10, 1682.01, 8064915, 7899
8053, 0, 6729, 7279, 3933, 303, 26.48%, 0, 0, 10, 1754.94, 8073883, 7900
8058, 0, 6732, 7282, 3934, 302, 26.48%, 0, 0, 10, 1676.27, 8082747, 7900
8063, 0, 6750, 7284, 3927, 296, 26.49%, 0, 0, 10, 1780.88, 8091758, 7903
8068, 0, 6756, 7287, 3925, 294, 26.52%, 0, 0, 10, 1706.84, 8100498, 7911
8073, 0, 6763, 7291, 3925, 292, 26.53%, 0, 0, 10, 1637.15, 8108902, 7914
8078, 0, 6776, 7291, 3920, 288, 26.53%, 0, 0, 10, 1767.12, 8118013, 7914
8083, 0, 6779, 7291, 3918, 286, 26.53%, 0, 0, 10, 1672.85, 8126055, 7914
8088, 0, 6799, 7294, 3914, 282, 26.56%, 0, 0, 11, 1612.30, 8134421, 7924
8093, 0, 6824, 7309, 3914, 269, 26.57%, 0, 0, 11, 1628.98, 8142811, 7925
8099, 0, 6830, 7316, 3919, 270, 26.57%, 0, 0, 11, 1560.49, 8151115, 7926
8104, 0, 6858, 7318, 3910, 260, 26.57%, 0, 0, 11, 1586.76, 8159240, 7927
8109, 0, 6908, 7324, 3899, 244, 26.57%, 0, 0, 11, 1742.86, 8168421, 7927
8114, 0, 6916, 7333, 3901, 239, 26.60%, 0, 0, 11, 1715.66, 8177026, 7934
8119, 0, 6924, 7338, 3900, 238, 26.60%, 0, 0, 11, 1654.62, 8185763, 7935
8124, 0, 6934, 7352, 3908, 235, 26.61%, 0, 0, 11, 1743.07, 8194760, 7938
8129, 0, 6940, 7356, 3910, 234, 26.62%, 0, 0, 11, 1710.55, 8203452, 7941
8134, 0, 6942, 7363, 3915, 237, 26.63%, 0, 0, 11, 1744.38, 8212403, 7944
8140, 0, 6945, 7365, 3914, 236, 26.63%, 0, 0, 11, 1647.79, 8221251, 7944
8145, 0, 6950, 7369, 3915, 233, 26.63%, 0, 0, 11, 1686.58, 8229718, 7944
8150, 0, 6950, 7376, 3922, 233, 26.64%, 0, 0, 11, 1566.44, 8237810, 7946
8155, 0, 6958, 7376, 3918, 230, 26.64%, 0, 0, 11, 1662.52, 8246319, 7946
8160, 0, 6969, 7376, 3914, 226, 26.64%, 0, 0, 11, 1571.99, 8254314, 7946
8165, 0, 6982, 7380, 3912, 223, 26.66%, 0, 0, 11, 1616.82, 8262604, 7953
8170, 0, 6989, 7382, 3908, 219, 26.67%, 0, 0, 11, 1584.14, 8270642, 7955
8175, 0, 7001, 7383, 3901, 212, 26.67%, 0, 0, 11, 1674.70, 8279123, 7955
8180, 0, 7009, 7385, 3895, 205, 26.67%, 0, 0, 11, 1536.24, 8286776, 7955
8185, 0, 7020, 7385, 3885, 195, 26.67%, 0, 0, 11, 1626.80, 8295536, 7955
8190, 0, 7030, 7388, 3882, 192, 26.69%, 0, 0, 11, 1502.74, 8303155, 7960
8196, 0, 7033, 7391, 3883, 191, 26.69%, 0, 0, 11, 1603.72, 8311312, 7962
8201, 0, 7035, 7391, 3882, 190, 26.69%, 0, 0, 11, 1617.25, 8319819, 7962
8206, 0, 7042, 7395, 3881, 186, 26.70%, 0, 0, 11, 1583.98, 8327571, 7964
8211, 0, 7042, 7405, 3891, 186, 26.71%, 0, 0, 11, 1569.44, 8335571, 7968
8216, 0, 7044, 7417, 3902, 190, 26.75%, 0, 0, 11, 1703.18, 8344298, 7980
8221, 0, 7058, 7417, 3898, 193, 26.75%, 0, 0, 11, 1631.61, 8352693, 7980
8226, 0, 7065, 7422, 3896, 189, 26.78%, 0, 0, 11, 1640.99, 8361150, 7987
8231, 0, 7068, 7432, 3905, 188, 26.81%, 0, 0, 11, 1581.08, 8369124, 7996
8236, 0, 7072, 7434, 3903, 193, 26.81%, 0, 0, 11, 1660.55, 8377628, 7997
8241, 0, 7079, 7437, 3900, 191, 26.82%, 0, 0, 11, 1539.83, 8385568, 8000
8246, 0, 7087, 7441, 3898, 185, 26.82%, 0, 0, 11, 1616.69, 8393769, 8000
8251, 0, 7095, 7447, 3898, 182, 26.84%, 0, 0, 11, 1544.41, 8401787, 8005
8257, 0, 7102, 7451, 3896, 179, 26.84%, 0, 0, 11, 1589.14, 8409813, 8007
8262, 0, 7106, 7461, 3902, 177, 26.88%, 0, 0, 11, 1757.98, 8417288, 8017
8267, 0, 7107, 7466, 3906, 183, 26.91%, 0, 0, 11, 1641.88, 8425501, 8028
8272, 0, 7121, 7471, 3905, 185, 26.93%, 0, 0, 11, 1474.13, 8432777, 8032
8277, 0, 7132, 7474, 3901, 181, 26.96%, 0, 0, 11, 1616.91, 8441266, 8041
8282, 0, 7133, 7480, 3906, 180, 26.96%, 0, 0, 11, 1594.87, 8449660, 8043
8287, 0, 7169, 7481, 3903, 181, 26.96%, 0, 0, 11, 1616.65, 8457912, 8043
8292, 0, 7184, 7486, 3903, 178, 26.97%, 0, 0, 11, 1550.91, 8465887, 8046
8297, 0, 7194, 7490, 3900, 175, 26.98%, 0, 0, 11, 1606.32, 8474148, 8049
8302, 0, 7213, 7490, 3894, 169, 26.98%, 0, 0, 11, 1550.01, 8482024, 8049
8308, 0, 7225, 7490, 3888, 163, 26.98%, 0, 0, 11, 1612.25, 8490713, 8049
8313, 0, 7233, 7495, 3889, 161, 26.99%, 0, 0, 11, 1584.14, 8498965, 8052
8318, 0, 7233, 7506, 3900, 161, 27.00%, 0, 0, 11, 1666.14, 8507565, 8054
8323, 0, 7235, 7512, 3905, 163, 27.00%, 0, 0, 11, 1290.58, 8515209, 8055
8328, 0, 7238, 7514, 3905, 163, 27.02%, 0, 0, 11, 1554.05, 8523632, 8059
8333, 0, 7241, 7516, 3904, 161, 27.02%, 0, 0, 11, 1577.45, 8531551, 8060
8338, 0, 7241, 7522, 3910, 161, 27.03%, 0, 0, 11, 1592.30, 8539459, 8063
8343, 0, 7241, 7522, 3910, 161, 27.03%, 0, 0, 11, 1470.40, 8546761, 8063
8348, 0, 7242, 7528, 3915, 163, 27.04%, 0, 0, 11, 1536.25, 8554741, 8066
8354, 0, 7246, 7529, 3915, 163, 27.04%, 0, 0, 11, 1467.44, 8562097, 8066
8359, 0, 7251, 7529, 3914, 162, 27.04%, 0, 0, 11, 1537.76, 8570021, 8066
8364, 0, 7260, 7529, 3913, 161, 27.04%, 0, 0, 11, 1524.28, 8577673, 8066
8369, 0, 7264, 7529, 3912, 160, 27.04%, 0, 0, 11, 1511.93, 8585756, 8066
8374, 0, 7271, 7529, 3910, 158, 27.04%, 0, 0, 11, 1531.57, 8593484, 8066
8379, 0, 7278, 7540, 3920, 157, 27.07%, 0, 0, 11, 1550.76, 8601627, 8076
8384, 0, 7285, 7548, 3924, 164, 27.11%, 0, 0, 11, 1548.65, 8608497, 8088
8389, 0, 7286, 7550, 3925, 167, 27.12%, 0, 0, 11, 1567.32, 8616820, 8089
8395, 0, 7290, 7555, 3926, 166, 27.14%, 0, 0, 11, 1535.58, 8624663, 8095
8400, 0, 7317, 7564, 3927, 169, 27.25%, 0, 0, 12, 1507.55, 8632220, 8127
8405, 0, 7325, 7576, 3936, 166, 27.27%, 0, 0, 12, 1496.07, 8639983, 8133
8410, 0, 7326, 7582, 3941, 176, 27.28%, 0, 0, 12, 1514.43, 8647835, 8136
8415, 0, 7330, 7583, 3940, 175, 27.28%, 0, 0, 12, 1444.76, 8654716, 8137
8420, 0, 7336, 7584, 3938, 173, 27.28%, 0, 0, 12, 1514.67, 8662312, 8138
8425, 0, 7339, 7587, 3939, 173, 27.29%, 0, 0, 12, 1543.63, 8670190, 8139
8430, 0, 7352, 7589, 3936, 169, 27.29%, 0, 0, 12, 1453.30, 8677534, 8139
8436, 0, 7358, 7591, 3934, 165, 27.29%, 0, 0, 12, 1497.26, 8685339, 8139
8441, 0, 7358, 7592, 3935, 165, 27.29%, 0, 0, 12, 1680.77, 8690763, 8139
8446, 0, 7373, 7592, 3932, 162, 27.29%, 0, 0, 12, 1418.83, 8697570, 8139
8451, 0, 7377, 7596, 3933, 161, 27.30%, 0, 0, 12, 1455.80, 8704653, 8142
8456, 0, 7380, 7608, 3942, 163, 27.41%, 0, 0, 12, 1502.06, 8712235, 8177
8461, 0, 7385, 7616, 3947, 167, 27.43%, 0, 0, 12, 1514.09, 8720159, 8183
8466, 0, 7385, 7618, 3949, 167, 27.44%, 0, 0, 12, 1631.18, 8728339, 8184
8649, 0, 7387, 7618, 3947, 169, 27.44%, 0, 0, 12, 1.96, 8732589, 8184
8654, 0, 7397, 7621, 3945, 165, 27.45%, 0, 0, 12, 1709.51, 8741295, 8188
8660, 0, 7414, 7625, 3942, 161, 27.46%, 0, 0, 12, 1686.72, 8749443, 8190
8665, 0, 7424, 7629, 3939, 158, 27.47%, 0, 0, 12, 1835.16, 8759071, 8195
8670, 0, 7431, 7637, 3941, 157, 27.49%, 0, 0, 12, 1771.94, 8768118, 8199
8675, 0, 7442, 7641, 3939, 156, 27.53%, 0, 0, 12, 1655.86, 8776250, 8212
8860, 0, 7444, 7644, 3940, 155, 27.54%, 0, 0, 12, 2.05, 8783494, 8215
8865, 0, 7452, 7647, 3937, 154, 27.55%, 0, 0, 12, 1606.21, 8791440, 8217
8870, 0, 7461, 7653, 3936, 153, 27.56%, 0, 0, 12, 1623.28, 8799379, 8221
8875, 0, 7467, 7662, 3939, 155, 27.60%, 0, 0, 12, 1778.29, 8808597, 8233
8880, 0, 7472, 7670, 3943, 153, 27.64%, 0, 0, 12, 1786.83, 8817782, 8244
8885, 0, 7483, 7671, 3938, 153, 27.64%, 0, 0, 12, 1713.66, 8826434, 8244
9071, 0, 7491, 7674, 3935, 149, 27.64%, 0, 0, 12, 1.89, 8834304, 8246
9076, 0, 7495, 7674, 3934, 148, 27.64%, 0, 0, 12, 919.31, 8836744, 8246
9082, 0, 7495, 7674, 3934, 148, 27.64%, 0, 0, 12, 713.13, 8838550, 8246
9087, 0, 7495, 7674, 3934, 148, 27.64%, 0, 0, 12, 80.29, 8839637, 8246
9092, 0, 7498, 7674, 3933, 147, 27.64%, 0, 0, 12, 54.46, 8841106, 8246
9098, 0, 7498, 7674, 3933, 147, 27.64%, 0, 0, 12, 405.92, 8842252, 8246
9282, 0, 7498, 7675, 3934, 147, 27.64%, 0, 0, 12, 1.61, 8842949, 8246
9287, 0, 7504, 7681, 3938, 146, 27.65%, 0, 0, 12, 1668.04, 8851328, 8247
9292, 0, 7511, 7681, 3937, 145, 27.65%, 0, 0, 12, 1718.74, 8859866, 8247
9297, 0, 7514, 7685, 3938, 144, 27.66%, 0, 0, 12, 1814.32, 8869515, 8251
9302, 0, 7518, 7690, 3942, 149, 27.68%, 0, 0, 12, 1752.79, 8878950, 8256
9307, 0, 7518, 7690, 3942, 149, 27.68%, 0, 0, 12, 1865.77, 8888033, 8256
