0.00829005241394
0.00882601737976
0.0457558631897
0.0445020198822
0.0386440753937
0.0395929813385
0.0372099876404
0.0493450164795
0.049507856369
0.059189081192
0.0719830989838
0.0421350002289
0.049222946167
0.0802309513092
0.041158914566
0.0339498519897
0.0512299537659
0.0328381061554
0.0349071025848
0.0413188934326
0.0572280883789
0.0469949245453
0.760596990585
0.770118951797
0.763967037201
0.695369958878
0.727247953415
0.757765054703
0.747828006744
0.691858053207
0.661858081818
0.694461107254
0.716701984406
0.710022926331
0.671491861343
0.727936983109
0.693499088287
0.750845909119
0.733876943588
0.838153839111
0.778518915176
0.726649999619
0.702700138092
0.707839012146
0.713048934937
0.738687992096
0.038990020752
0.00497889518738
0.0368230342865
0.00650000572205
0.182802915573
0.0265460014343
0.0322959423065
0.0896239280701
0.0442450046539
0.0739169120789
0.81149315834
0.00269198417664
0.0192720890045
0.0056619644165
0.0188870429993
0.00833296775818
0.00709295272827
0.0211658477783
0.0164079666138
0.02321600914
0.0181150436401
0.0188829898834
0.0191950798035
0.0178461074829
0.0167169570923
0.01939702034
0.0151500701904
0.0160272121429
0.0200729370117
0.0162289142609
0.0192420482635
0.0175158977509
0.0174169540405
0.0304579734802
0.0144829750061
0.0269551277161
0.0158500671387
0.0207850933075
0.0199589729309
0.00781488418579
0.0326828956604
0.0257549285889
0.0288832187653
0.0310521125793
0.0277280807495
0.0258860588074
0.0247349739075
0.0311541557312
0.0309009552002
0.0309798717499
0.0351610183716
0.140226840973
0.318681955338
0.155120134354
0.29681801796
0.337889909744
0.0849289894104
0.00708103179932
0.0350091457367
0.0216870307922
0.0261030197144
0.0729348659515
0.0146560668945
0.0204439163208
0.0148069858551
0.0210649967194
0.0328710079193
0.0199329853058
0.0194709300995
0.0141351222992
0.014506816864
0.0136709213257
0.0160520076752
0.018758058548
0.0230269432068
0.0141370296478
0.0373718738556
0.024092912674
0.0197169780731
0.0293140411377
0.0238630771637
0.0258541107178
0.058601140976
0.0436041355133
0.0350580215454
0.0226180553436
0.275584936142
0.125147819519
0.0837600231171
0.286381006241
0.138919830322
0.166752815247
0.133394956589
0.117607116699
0.122344970703
0.0514278411865
0.157660961151
0.0729939937592
0.337416172028
0.0904378890991
0.0567791461945
0.115537881851
0.115542173386
0.153942108154
0.0026969909668
0.0116930007935
0.00756692886353
0.0347819328308
0.0382170677185
0.0434150695801
0.027853012085
0.0231969356537
0.0465829372406
0.0363042354584
0.0331521034241
0.0392649173737
0.0311172008514
0.0293929576874
0.0245850086212
0.0237169265747
0.030463218689
0.0252411365509
0.025582075119
0.0270490646362
0.0250809192657
0.0312399864197
0.0237240791321
0.0638921260834
0.0298111438751
0.0269889831543
0.0117359161377
0.0290501117706
0.0440402030945
0.0275068283081
0.0305111408234
0.0276598930359
0.0116119384766
0.0037739276886
0.00311493873596
0.00343990325928
0.00229501724243
0.00417399406433
0.00936198234558
0.00273394584656
0.0028018951416
0.00565409660339
0.0107049942017
0.010312795639
0.0120568275452
0.0176458358765
0.0108940601349
0.0373170375824
0.0267510414124
0.03125
0.0308921337128
0.032243013382
0.0324959754944
0.00266289710999
0.00240302085876
0.00306296348572
0.00323414802551
0.00301218032837
0.00218605995178
0.00705003738403
0.00705814361572
0.00710391998291
0.00748586654663
0.00504088401794
0.00568199157715
0.00951409339905
0.0336949825287
0.0356550216675
0.0314381122589
0.0279769897461
0.0389070510864
0.0329921245575
0.0296900272369
0.0279929637909
0.0284430980682
0.0242199897766
0.0302309989929
0.0217208862305
0.0275549888611
0.0321729183197
0.0284337997437
0.0223789215088
0.0270428657532
0.0215010643005
0.0283620357513
0.0392439365387
0.0216917991638
0.0231139659882
0.025652885437
0.00277614593506
0.00186991691589
0.00733399391174
0.0268471240997
0.0259940624237
0.0699360370636
0.0232529640198
0.022360086441
0.0364980697632
0.0512039661407
0.0277888774872
0.0308110713959
0.0297639369965
0.028923034668
0.0273728370667
0.0311169624329
0.0341119766235
0.0380029678345
0.0333590507507
0.0214459896088
0.0243608951569
0.024924993515
0.0250570774078
0.0284209251404
0.0309491157532
0.0328190326691
0.00297212600708
0.00284194946289
0.00326490402222
0.00383591651917
0.0245640277863
0.0288550853729
0.0255959033966
0.0240938663483
0.0300130844116
0.0270440578461
0.0543751716614
0.0493957996368
0.0247631072998
0.0463399887085
0.0215301513672
0.0601868629456
0.0906140804291
0.0679290294647
0.103375911713
0.084547996521
0.130294799805
0.039617061615
0.0236430168152
0.0556709766388
0.0330429077148
0.0452799797058
0.0251319408417
0.0365860462189
0.0824320316315
0.100355148315
0.0438477993011
0.0341470241547
0.0335969924927
0.0435600280762
0.0509910583496
0.0278720855713
0.104850053787
0.00293207168579
0.00343418121338
0.00291109085083
0.00299000740051
0.00320482254028
0.0013599395752
0.00828790664673
0.035276889801
0.0300450325012
0.0377600193024
0.032634973526
0.0400741100311
0.0268030166626
0.0337181091309
0.0393419265747
0.0315639972687
0.0264201164246
0.0315971374512
0.0276210308075
0.0272669792175
0.0430951118469
0.0286588668823
0.0264358520508
0.0257380008698
0.0280129909515
0.0226330757141
0.0302908420563
0.0556969642639
0.0309700965881
0.0562431812286
0.0275881290436
0.0294749736786
0.0389008522034
0.0240309238434
0.0205309391022
0.0341320037842
0.0270500183105
0.0474209785461
0.0292141437531
0.0408771038055
0.0230050086975
0.0219700336456
0.030622959137
0.043380022049
0.0399839878082
0.0262460708618
0.0279099941254
0.0275769233704
0.0335590839386
0.0283200740814
0.040559053421
0.0235879421234
0.141170978546
0.0828800201416
0.0636920928955
0.0441679954529
0.114794969559
0.0887279510498
0.0102088451385
0.0329298973083
0.0306379795074
0.031368970871
0.0383780002594
0.0277891159058
1.1475110054
0.803667068481
0.993390798569
0.936430931091
0.00863289833069
0.0435919761658
0.00719499588013
0.00751185417175
0.00828790664673
0.0106520652771
0.0312881469727
0.0186340808868
0.013384103775
0.0132479667664
0.0403401851654
0.0110189914703
0.0632450580597
0.0134880542755
0.0116720199585
0.0264458656311
0.0142929553986
0.0109930038452
0.00904297828674
0.0267989635468
0.0286841392517
0.0374290943146
0.0255110263824
0.0260601043701
0.029082775116
0.0248029232025
0.0225081443787
0.0235629081726
0.0219459533691
0.0252919197083
0.0289540290833
0.0251181125641
0.0291998386383
0.029972076416
0.0242500305176
0.0270302295685
0.0313248634338
0.0304758548737
0.0240008831024
0.0261309146881
0.0244979858398
0.0269260406494
0.0206680297852
0.0227439403534
0.0221018791199
0.0195960998535
0.0205249786377
0.0190241336823
0.017165184021
0.0188889503479
0.02406001091
0.017147064209
0.0184731483459
0.0189161300659
0.00946497917175
0.0401351451874
0.0255060195923
0.0247321128845
0.0249450206757
0.0279061794281
0.0240201950073
0.0229258537292
0.0280389785767
0.0260829925537
0.0378041267395
0.0215599536896
0.00242304801941
0.00135684013367
0.0375418663025
0.0536201000214
0.039235830307
0.0328900814056
0.0255749225616
0.0193588733673
1.70034003258
1.22960615158
1.26317715645
1.18382811546
1.39928793907
0.749155044556
0.0113480091095
0.0398371219635
0.0260698795319
0.0285909175873
0.0557670593262
0.0283281803131
0.00874996185303
0.0305910110474
0.0280449390411
0.0276038646698
0.0267059803009
0.0288999080658
0.00604295730591
0.0108201503754
0.00896406173706
0.00945210456848
0.00798511505127
0.0078821182251
0.0070059299469
0.00810194015503
0.00909996032715
0.0073070526123
0.00622391700745
0.00716996192932
0.0143868923187
0.0365118980408
0.0316319465637
0.0527200698853
0.0247299671173
0.0254781246185
0.180640935898
0.178478002548
0.16780591011
0.16592001915
0.162886857986
0.166691064835
0.201567173004
0.176115989685
0.216892957687
0.17146897316
0.194221019745
0.155868053436
0.182252883911
0.175926923752
0.156917095184
0.167927026749
0.171713113785
0.166665077209
0.170595169067
0.158943891525
0.174359798431
0.17071390152
0.168232917786
0.162725925446
0.00491404533386
0.00542402267456
0.00537109375
0.00507998466492
0.00548911094666
0.00518298149109
0.242480993271
0.161628007889
0.179935932159
0.161782979965
0.159876823425
0.164263010025
0.178390979767
0.170027017593
0.158407926559
0.186459064484
0.197184085846
0.159982919693
0.176469087601
0.165104150772
0.15217089653
0.15322804451
0.160872936249
0.220963954926
0.162384986877
0.172021150589
0.174529075623
0.194468021393
0.186552047729
0.166707992554
0.17499089241
0.198127031326
0.156145095825
0.167703151703
0.201653003693
0.206107139587
0.179133892059
0.16669178009
0.164593935013
0.202230930328
0.244605064392
0.177593946457
0.153216123581
0.17967915535
0.204668998718
0.166691064835
0.160269021988
0.178071022034
0.183875799179
0.178813934326
0.167721033096
0.172724962234
0.154222011566
0.187557935715
0.167056083679
0.208372116089
0.17946100235
0.162717819214
0.17333817482
0.178237915039
0.18952703476
0.18662405014
0.176114082336
0.234382867813
0.169680118561
0.253021001816
0.213474988937
0.167901039124
0.158827066422
0.173042058945
0.165091991425
0.167948961258
0.211693048477
0.175997972488
0.184084892273
0.202126979828
0.169631004333
0.165663003922
0.192183017731
0.226141929626
0.067183971405
0.377840042114
0.203606128693
0.366861104965
0.304324865341
0.164942979813
0.139517068863
0.890030860901
0.24338889122
0.0366561412811
0.27029299736
0.210836172104
0.223923206329
0.227349996567
0.245408058167
0.757909059525
0.541754961014
0.227962017059
0.466706991196
0.700245141983
0.339171886444
0.0929489135742
0.0967118740082
0.109412193298
0.0907959938049
180.466814995
0.0883369445801
0.0279920101166
0.262871026993
0.205747842789
0.171965122223
0.211894989014
0.220038175583
0.165373086929
0.188649892807
0.17484498024
0.178914070129
0.157081127167
0.187933921814
0.691130876541
0.721893072128
0.699213981628
181.107244015
0.725228071213
0.740194797516
0.754045009613
0.70689201355
0.71298289299
0.0256218910217
0.0981459617615
0.137161016464
0.147573947906
0.152354001999
0.0851559638977
0.0810520648956
0.0870189666748
0.0691361427307
0.0731709003448
0.104228019714
0.0400569438934
0.162809848785
0.0651581287384
0.072732925415
0.0774850845337
0.0404469966888
0.125641822815
0.437894821167
0.370738983154
0.354983091354
0.369743108749
0.393099069595
0.33399105072
0.317276000977
0.317988872528
0.421828985214
0.409004926682
0.4261739254
0.421732902527
0.403964996338
0.428891897202
0.431209087372
0.459621191025
0.433943033218
0.0105290412903
0.0101411342621
0.0158860683441
0.0172030925751
0.0167739391327
0.0144829750061
0.0150179862976
0.0265460014343
0.0141780376434
0.00721192359924
0.0156199932098
0.0172979831696
0.0297620296478
0.0112271308899
0.012482881546
0.0364940166473
0.0274040699005
0.0108110904694
0.0341289043427
0.0276188850403
0.0277318954468
0.0211899280548
0.0186810493469
0.0513970851898
2285.16784692
0.683138132095
0.701461076736
0.674629926682
0.663413047791
0.67551279068
0.59535908699
0.660870075226
0.656283140182
0.626265048981
0.704006910324
0.585945129395
0.601828098297
0.689967155457
0.693509101868
0.667867898941
0.823549032211
0.692176103592
0.722461938858
0.768967866898
0.73030591011
0.808481931686
0.740566015244
0.728889942169
0.720346927643
0.697312116623
0.683040857315
0.712552070618
0.800861120224
0.781131029129
0.71019411087
0.736726045609
0.715449094772
0.757850885391
0.735749959946
0.72340798378
0.74737405777
0.860682964325
0.72203707695
0.712996006012
0.785632133484
0.693182945251
0.710155010223
0.720435142517
0.724503993988
181.174122095
0.751811981201
0.797146081924
0.724379062653
0.759310007095
0.768957853317
0.680001974106
0.743119955063
0.779112100601
0.790543079376
0.704439878464
0.740909814835
0.72195982933
0.708895921707
0.722486019135
0.7186191082
0.887985944748
0.719415903091
0.118740081787
1.01048111916
0.90771317482
0.595683097839
0.61462187767
0.526751041412
0.452371120453
0.45329785347
0.558212995529
0.470980882645
0.545927047729
0.428889036179
0.418398141861
180.908849955
0.527178049088
0.540502071381
0.526906013489
0.476506948471
0.824453115463
0.810168981552
0.764829158783
0.7259349823
0.738926887512
0.770658969879
0.712152004242
0.748931884766
0.742630958557
181.276625156
0.748136043549
0.739039182663
0.736448049545
0.795177936554
0.762541055679
0.759634017944
0.732223033905
0.760891914368
0.0323078632355
0.0711050033569
0.0912680625916
0.100128889084
0.0586278438568
0.0763328075409
0.114631891251
0.0948469638824
0.0579810142517
0.00985407829285
0.0154809951782
0.0490529537201
0.023806810379
0.0169069766998
0.0148968696594
0.0158598423004
0.0149030685425
0.0131640434265
0.0514969825745
0.0806610584259
0.0783591270447
0.107173919678
0.087532043457
0.0757989883423
0.071849822998
0.0929760932922
0.0684261322021
0.0733978748322
0.0794138908386
0.0821619033813
0.0751428604126
0.0657382011414
0.0829229354858
0.0671570301056
0.0604481697083
0.103034973145
0.087718963623
0.450340032578
0.2930560112
0.317291021347
0.302585124969
0.236505031586
0.47909784317
0.313919067383
0.237427949905
0.177638053894
0.239091873169
0.221791982651
0.301046133041
0.211073875427
0.210619926453
0.274965047836
0.285682916641
0.190716981888
0.0082859992981
0.0197429656982
0.00925493240356
0.0317950248718
0.0153870582581
0.00945496559143
0.00885605812073
0.0120730400085
0.00812196731567
0.0127699375153
0.00926899909973
0.0125000476837
0.170259952545
0.301521062851
0.226636886597
0.292680025101
0.214781045914
0.505159139633
0.250061035156
0.271557092667
0.24022102356
0.228200912476
0.24170589447
0.277173042297
0.225975990295
0.183031082153
0.218464851379
0.26371383667
0.26137304306
0.271031141281
0.302993059158
0.274863958359
0.286414146423
0.263767957687
0.278311014175
0.283697128296
0.374452829361
0.28281378746
0.277727842331
1.98152780533
1.95076799393
0.786274909973
181.173742056
0.768254041672
0.733197927475
0.761497020721
0.801440000534
0.755851984024
0.761182069778
0.719614982605
0.095447063446
0.306627035141
0.299937009811
0.228081941605
0.276558160782
0.278095960617
0.234227895737
0.323235034943
180.730615139
0.23607301712
0.200664043427
0.244401931763
0.183593034744
0.227380037308
0.225101947784
0.19951415062
0.274497032166
0.19265294075
0.0172278881073
0.0453150272369
0.0968630313873
0.0238518714905
0.0555629730225
0.0424571037292
0.0413291454315
0.035502910614
0.107834815979
0.0406379699707
0.0262448787689
0.0331370830536
0.0575151443481
0.0515620708466
0.0512669086456
0.0382158756256
0.0288789272308
0.0241739749908
0.00755095481873
0.0103800296783
0.0260119438171
0.0113618373871
0.0209760665894
0.0248539447784
0.0178880691528
0.00774312019348
0.0208230018616
0.0142910480499
0.0150978565216
0.0228869915009
0.0324862003326
0.00748801231384
0.0114350318909
0.0185251235962
0.0133199691772
0.0130989551544
0.00977301597595
0.0572390556335
0.00299596786499
0.00137186050415
0.0028281211853
0.00130009651184
0.12061214447
0.0589950084686
0.0258078575134
0.108683109283
0.0290911197662
0.0567071437836
0.522804021835
0.241075992584
0.112523078918
0.657381057739
0.0100119113922
0.00492119789124
0.0128171443939
0.00373911857605
0.288639068604
0.427184104919
0.236526966095
0.245669841766
0.219634056091
0.253978967667
0.425858020782
0.561602115631
0.145337820053
0.131088018417
0.216500043869
0.186426877975
0.125323057175
0.203884840012
0.186596155167
0.282253980637
0.720752954483
0.0269939899445
0.0430500507355
0.0117161273956
0.0129718780518
0.0123701095581
0.0338010787964
0.46710896492
0.408928871155
0.27766084671
0.290543079376
0.282449960709
0.72659611702
0.0809869766235
0.0591769218445
0.025787115097
0.0661768913269
0.100362062454
0.085147857666
0.270955085754
0.0831649303436
0.134097099304
0.0843899250031
0.090674161911
0.168153047562
0.153712034225
0.0649700164795
0.401212215424
0.0911948680878
0.142522096634
0.128471136093
0.0963687896729
0.0318100452423
0.22934794426
0.323353052139
0.088278055191
0.121396064758
0.457504987717
0.41637802124
0.57505607605
0.146952152252
0.0592992305756
0.464764118195
0.090606212616
0.444103002548
0.276718139648
0.290098905563
0.215276956558
0.213076114655
0.68422293663
1.0206849575
1.08902001381
0.858663082123
1.18819785118
1.15621304512
1.02665615082
0.0116560459137
0.0199689865112
0.0152199268341
0.0163080692291
0.0135369300842
0.013247013092
0.0192320346832
0.013612985611
0.0144400596619
0.0519590377808
0.109771966934
0.1209628582
0.0425000190735
0.0562980175018
0.0676081180573
0.0210471153259
0.0431082248688
0.0700340270996
0.0475399494171
0.0606219768524
0.0629231929779
0.588059902191
0.216357946396
0.196895122528
0.077773809433
0.283649921417
0.502176046371
0.908799886703
0.53115105629
0.536502838135
0.466701984406
0.482959985733
0.503103971481
0.256962060928
0.0422699451447
0.035737991333
0.0434210300446
0.0769190788269
0.107531070709
0.733575105667
0.500023126602
0.651902914047
0.569821119308
0.622756004333
0.455667972565
0.265108823776
0.208844900131
0.121078968048
0.145242929459
0.365043878555
0.0266699790955
0.00976800918579
0.0049250125885
0.00556302070618
0.729006052017
0.151506900787
0.0827357769012
0.0821919441223
0.0497100353241
0.12041592598
0.102397918701
1.09240794182
0.405772209167
0.37032699585
0.762047052383
1.03333806992
0.793266057968
0.39873290062
0.131833076477
0.166053056717
0.257416963577
0.124524116516
0.157659053802
0.165498971939
0.19885802269
0.094211101532
0.232726097107
0.669411182404
2.17580890656
182.362995863
1.89462399483
2.16911101341
2.53155493736
2.55307197571
0.00719690322876
0.010812997818
0.010106086731
0.00830006599426
0.0117290019989
0.0105900764465
0.590544223785
0.951150894165
0.571164131165
0.871701002121
1.08528399467
0.968262910843
0.763463973999
0.243890047073
0.647182941437
0.16738986969
0.441498994827
0.51479101181
0.267715930939
0.186937093735
0.299425125122
0.643940925598
0.419512987137
0.321439981461
0.200269937515
0.0689408779144
0.265960216522
0.260931968689
0.0671210289001
0.0493619441986
0.0281081199646
0.0518758296967
0.0355761051178
0.0248010158539
0.0107018947601
0.00927114486694
0.00679111480713
0.00442314147949
0.0070219039917
0.0375728607178
0.590022087097
0.323045969009
0.267853021622
0.271571874619
0.165405035019
0.285953044891
0.585566043854
0.175648927689
0.238733053207
0.173275947571
0.309995174408
0.210584163666
1.08995604515
0.868321895599
0.722260951996
0.679197072983
0.858891963959
0.813746929169
0.00981593132019
0.00966000556946
0.0162119865417
0.00908088684082
0.00655794143677
0.00852584838867
0.00918292999268
0.00614285469055
0.0305759906769
0.00666189193726
0.00807595252991
0.00782990455627
0.00528216362
0.00544691085815
0.00637292861938
0.0021800994873
0.848932027817
0.354174137115
0.340394973755
0.303363084793
0.346044063568
0.458462953568
0.848001003265
0.897370100021
0.510823011398
0.56884098053
1.52191495895
0.572675228119
0.61208319664
0.611182928085
0.525861978531
0.412724018097
0.468566894531
0.242277860641
0.0319900512695
0.0510230064392
0.393345117569
0.219886064529
0.141461133957
0.12468791008
0.147660970688
0.118165016174
0.470707178116
0.173804998398
0.161568164825
0.14426112175
0.855245113373
0.0908980369568
0.985753059387
0.394461154938
0.243885040283
0.140985012054
0.133805036545
0.383887052536
0.157013177872
0.824862957001
0.427569150925
0.435034036636
0.545412063599
0.378914117813
0.451354026794
181.333702087
1.02420711517
1.1964468956
1.18988204002
1.32999897003
0.442898988724
0.684195995331
0.495368003845
0.707850933075
181.200881958
0.419517993927
0.879648923874
0.429024934769
1.52459096909
0.808396100998
0.56646490097
0.252470970154
0.317232847214
0.471088886261
0.297289133072
1.88953900337
0.771302938461
0.683285951614
0.567805051804
0.319890022278
0.697786092758
0.482481956482
0.337469100952
0.297621965408
0.25436091423
0.327085018158
0.270145177841
0.695451974869
0.409433841705
0.73341012001
0.16871714592
0.955621957779
1.16990804672
1.28308200836
1.08384799957
1.39414787292
1.1762919426
1.37818098068
0.570292949677
0.642092943192
0.313764810562
0.442066907883
0.497727870941
0.352649927139
0.498730182648
180.829053879
0.53129696846
0.543615818024
0.487603902817
0.501633882523
0.677534103394
0.485249996185
0.67383313179
0.496772050858
0.491588830948
0.492449045181
0.619153022766
0.225327014923
0.127377986908
0.18420791626
0.318224906921
0.943873882294
0.0042450428009
0.00375485420227
0.00263404846191
0.00324583053589
0.00996494293213
0.00834798812866
0.00709581375122
0.00552701950073
0.00668001174927
0.00613212585449
0.547616004944
0.377951145172
0.404057979584
0.353667974472
0.368620872498
0.260318040848
0.246223926544
0.202442884445
0.0319769382477
0.171467065811
0.084743976593
0.110018014908
0.709115982056
0.497069835663
0.396286964417
0.36985707283
0.17346405983
0.380968809128
0.569108009338
0.674912929535
180.791472912
0.601623058319
0.437510967255
0.698757886887
0.227825164795
0.0365500450134
0.0761661529541
0.0484130382538
0.0298719406128
0.0736489295959
0.874001979828
0.766796827316
0.900800943375
1.26825118065
1.17587804794
1.26982188225
0.676004886627
0.101607084274
0.360109090805
0.414340019226
0.195699930191
0.235562086105
0.0167050361633
0.0166668891907
0.00527119636536
0.0328130722046
0.81147813797
0.324857950211
0.592904806137
0.479700088501
0.523015022278
0.483566045761
0.641761064529
1.08404493332
0.00466299057007
0.0204961299896
0.00565099716187
0.00815200805664
0.00674104690552
0.00771498680115
0.971852064133
0.664855957031
1.00815701485
0.801833152771
1.02583003044
1.26247596741
0.575128078461
0.324640989304
0.296020030975
0.24068903923
0.370672941208
0.367591142654
0.812823057175
0.946816205978
0.89004278183
0.76967215538
0.897823095322
1.60357093811
1.09787607193
1.09681510925
1.08831882477
1.6851978302
1.02242302895
1.22428417206
0.627905845642
0.372158050537
0.289095878601
0.349503993988
0.276527881622
0.441103935242
0.56000995636
0.369926929474
0.434638023376
0.466951847076
0.244926929474
0.295658111572
0.764819145203
0.338855028152
0.140934944153
0.368363142014
0.574682950974
1.53285598755
0.429831981659
0.190804004669
0.387826919556
0.321444988251
0.162182092667
0.210815191269
0.875951051712
0.451447963715
0.524449825287
0.679329156876
0.577966928482
0.69159078598
0.744832038879
0.221102952957
0.319216012955
0.141854047775
0.331218957901
0.328548908234
0.221119165421
0.036600112915
0.00747609138489
0.134080886841
0.0728180408478
0.125025987625
0.0781991481781
0.0492599010468
0.0279409885406
0.0239059925079
0.0307140350342
0.0268409252167
0.0225870609283
0.0400099754333
0.0566558837891
0.236500024796
1.08489108086
0.401679992676
0.305163860321
0.625179052353
0.629580020905
0.474671125412
0.00594592094421
0.00660610198975
0.0149931907654
0.0139629840851
0.0164210796356
0.0260951519012
0.535828828812
0.512982130051
0.352444171906
0.408315181732
0.672593832016
0.507690906525
0.294383049011
0.339843034744
0.320963859558
180.525047064
0.0794599056244
0.0359311103821
0.245699167252
0.023029088974
0.379748821259
0.0794851779938
0.324892044067
0.149597883224
0.228163003922
0.445994853973
1.27040982246
1.281468153
1.17219209671
1.53300905228
1.52080607414
1.28669881821
2.06545805931
1.6420249939
1.96019387245
1.74077296257
2.11735510826
181.751117945
0.412213087082
0.0923120975494
0.10348200798
0.122412919998
0.285365104675
0.0680818557739
0.607506990433
0.423475980759
0.570260047913
0.485601902008
0.504519939423
1.52217292786
1.34444189072
1.09159302711
0.76543879509
1.10333991051
1.03290390968
1.08117890358
0.495341062546
1.25478291512
0.729501962662
182.192445993
1.09163188934
1.69559502602
1.69237208366
181.001255035
1.5142929554
1.53736019135
1.08726596832
1.26829910278
1.39807295799
1.51906704903
1.37954807281
0.656617164612
0.590578079224
0.631685018539
0.317664146423
0.359678983688
0.910425186157
0.0132009983063
0.00855016708374
0.00290298461914
0.00382208824158
0.0119481086731
0.00376987457275
0.0219011306763
0.0120921134949
0.0142629146576
0.00722908973694
0.00548005104065
0.0543699264526
0.523597002029
0.401875972748
0.280391216278
0.099730014801
0.288134098053
0.167109012604
0.650237083435
0.404354095459
0.672904968262
0.373372077942
0.520266056061
0.545387983322
0.0168299674988
0.00597405433655
0.0075409412384
0.00333714485168
0.00520491600037
0.00666213035583
0.0141351222992
0.0218942165375
0.00934720039368
0.0126929283142
0.00767016410828
0.0312309265137
0.212933063507
0.0745341777802
0.0715789794922
0.0443429946899
0.0311939716339
0.030681848526
0.595016002655
0.681291103363
0.665516853333
0.734486103058
0.898938894272
0.766945123672
0.285345077515
0.27269411087
0.12627696991
0.183757066727
0.237784862518
0.0734739303589
0.581135988235
0.153954982758
0.134764909744
0.213567018509
0.180886983871
0.462908983231
0.00925493240356
0.00767612457275
0.00713419914246
0.00818204879761
0.00768685340881
0.00755906105042
1.18662405014
0.571820020676
0.262506008148
0.256958961487
0.239302873611
0.475867986679
0.768769979477
0.273792982101
1.56449699402
3.0299551487
182.507987976
3.02560997009
2.16225099564
1.90213990211
2.13549995422
1.15875506401
0.818943977356
1.12718701363
0.866955041885
1.0018928051
0.913089990616
0.162504196167
0.0494740009308
0.0356569290161
0.0328199863434
0.0254220962524
0.020761013031
1.52128005028
1.26722598076
1.67774820328
1.82641220093
0.904850959778
0.00641202926636
0.0129818916321
0.0108120441437
0.00779485702515
0.00633692741394
0.0137917995453
0.00615406036377
0.00624394416809
0.00829720497131
0.00722503662109
0.0117950439453
180.671484947
0.669898033142
0.691634178162
0.677144050598
0.79686999321
0.715830087662
0.769490003586
0.592828989029
0.819981098175
0.686083078384
0.638088941574
0.814859867096
0.641762971878
0.524291038513
0.714777231216
0.790405035019
0.756998062134
0.536667108536
0.322172880173
0.167032003403
0.445495128632
0.22637796402
0.214944839478
0.545404911041
0.675436973572
0.492910861969
0.219457864761
0.286952018738
0.165979146957
1.5746049881
1.32298803329
0.96986579895
1.12238788605
2.16218113899
0.451668024063
0.434173822403
0.290076971054
0.309740066528
0.490483999252
0.120424985886
1.89031291008
1.23528695107
1.23576498032
1.31278395653
1.51239204407
1.42650294304
0.208853960037
0.12456703186
0.0921120643616
0.17130112648
0.112439870834
0.145611047745
0.112426042557
180.879218102
0.1273021698
0.0278091430664
0.0305950641632
0.0375490188599
0.045933008194
0.0405240058899
0.00836706161499
0.194658041
0.0865321159363
0.0915589332581
0.110617876053
0.454141139984
1.91294598579
1.88603281975
1.71177411079
1.51651501656
2.16411805153
1.38528990746
0.320344924927
0.369020223618
0.317903995514
0.486775875092
0.300015926361
0.22172498703
0.080207824707
0.0424740314484
0.0990931987762
0.0112760066986
0.0680150985718
0.0611720085144
0.571021080017
0.68386888504
0.705146074295
0.629531145096
0.668184995651
0.805200099945
0.245203018188
0.068813085556
0.183044910431
0.173882007599
0.103995084763
0.0552139282227
0.762258052826
0.265011072159
0.253685951233
0.427281856537
0.550431966782
1.1085600853
0.712316036224
0.434596061707
0.465719938278
0.382426023483
0.467699050903
0.54464006424
0.768514156342
0.698737859726
0.761790990829
0.883641004562
0.702702045441
0.765995979309
1.91494083405
1.37974500656
1.5236890316
2.53967285156
2.55103802681
1.38784003258
0.558968067169
0.234095096588
0.308505058289
0.226227998734
0.242397069931
0.290262937546
0.612169981003
0.635146141052
0.544396877289
0.386101961136
0.734253883362
0.291211843491
0.20126914978
0.140031814575
0.194639921188
0.152386903763
0.162227153778
0.883912801743
0.412791967392
0.213273048401
0.287971019745
0.13285112381
0.280766010284
0.160265922546
0.547535181046
0.851106882095
0.735069990158
0.431705951691
0.542258024216
0.871011018753
0.00690507888794
0.00456690788269
0.00398802757263
0.00342297554016
0.00772500038147
0.00530409812927
0.00364184379578
0.00310707092285
0.00529599189758
0.0343101024628
0.410126924515
0.240543842316
0.574953794479
0.235052108765
0.224588155746
0.411898851395
0.863229036331
0.840368032455
0.765825033188
0.800499200821
180.813579082
0.684322118759
0.952190876007
0.796511888504
0.593913078308
0.723476886749
0.671710014343
1.3399579525
0.508166790009
0.265430927277
0.119293928146
0.164892911911
0.0553829669952
0.324570894241
0.00500702857971
0.00791716575623
0.00600790977478
0.0198428630829
0.00705099105835
0.0067880153656
1.89862704277
0.953424930573
0.911651849747
1.62318491936
1.46962404251
1.86801099777
0.585354804993
0.45064997673
0.540693044662
0.482245206833
0.516048908234
0.470065116882
0.405314922333
0.2164478302
0.161540031433
0.100922107697
0.331610202789
0.680053949356
0.506842136383
0.517335891724
0.781391859055
0.832684993744
0.844210147858
0.588479995728
0.439254999161
0.198846817017
0.256577014923
0.274573087692
0.160746097565
0.348266839981
0.338700056076
0.103144884109
0.222024917603
0.0444951057434
0.1580722332
0.0723140239716
2.52597212791
180.970968962
2.16456198692
3.01859402657
2.54378795624
2.57517886162
0.55733704567
0.555796861649
0.642290830612
0.670744895935
0.665645122528
0.755496025085
1.11188197136
0.37434387207
0.395744800568
0.183736085892
0.643943071365
0.763332843781
0.731818914413
1.98869085312
0.280586004257
0.112792015076
0.107675075531
0.0578949451447
0.0212550163269
0.03977394104
1.90763783455
1.02828097343
0.957289934158
0.881123065948
1.03540802002
1.15719985962
2.16663503647
1.02313303947
181.55735302
1.42236995697
1.68581795692
0.164201021194
0.206706047058
0.205423116684
0.228995084763
0.0869247913361
0.0947890281677
0.156744003296
0.026517868042
0.0629501342773
0.0694808959961
0.0430891513824
0.0857110023499
0.732404947281
0.876928091049
0.644299983978
0.748512983322
1.01245284081
0.777219057083
0.645900964737
0.545587062836
0.295381069183
0.391837120056
0.18395280838
0.644818067551
0.456310033798
0.47883605957
0.0849709510803
0.113647937775
0.0388538837433
0.0943739414215
0.0882518291473
0.372752189636
0.159718036652
0.185927867889
0.0868210792542
0.108238935471
0.254674196243
0.704992055893
0.834719181061
0.578793048859
0.78687787056
180.597885847
0.316419124603
1.8947520256
1.58589982986
1.37236905098
1.26689291
1.42631912231
1.20662498474
1.64977097511
0.934453010559
0.867390871048
181.102357864
1.38823318481
1.09739208221
1.22218394279
1.23611807823
0.804957151413
0.132468938828
0.174863100052
0.307120084763
0.31091094017
0.333686113358
1.9413599968
0.648532867432
0.326876163483
0.329584121704
0.815106153488
121.260078907
0.0773138999939
0.019907951355
0.0418150424957
0.016725063324
0.0263390541077
0.053642988205
1.52801299095
1.52351379395
1.51888084412
1.37951397896
1.27018594742
1.26420783997
0.106212854385
0.0795710086823
0.0986170768738
0.0774688720703
0.133171081543
0.0660321712494
0.424228191376
0.0148921012878
0.228442907333
0.0798728466034
0.0619139671326
0.0440061092377
0.552453994751
0.348953008652
0.171941995621
0.289929866791
0.291069984436
0.360552072525
1.15343904495
1.07536101341
1.11959719658
1.16785907745
1.31259703636
1.36167597771
1.42845511436
1.27782917023
1.18896102905
0.507045030594
0.417433023453
0.620251893997
0.567341089249
0.480706930161
0.608279943466
0.765127897263
0.458997964859
0.213480949402
0.161280870438
0.131508827209
0.0429899692535
0.060350894928
0.201459884644
0.211484909058
0.0483288764954
0.308516979218
0.0893998146057
0.0769140720367
0.0960459709167
0.142111063004
0.133123874664
0.494122982025
0.08163189888
0.140733957291
0.432356119156
0.166574954987
0.195641994476
0.227054834366
0.207589149475
1.27440595627
0.949499845505
1.3864428997
1.01953601837
1.08639192581
1.51645207405
0.640849113464
0.496444940567
0.564848899841
0.566197872162
0.691987991333
0.59908413887
0.947089910507
0.601475000381
0.669389009476
0.675323963165
0.523682117462
0.56839799881
1.70637917519
0.768191099167
1.69069290161
0.806866168976
1.09116387367
1.17182707787
0.860249996185
0.87074303627
0.895328998566
0.141202926636
0.105540037155
0.0242221355438
0.0612361431122
0.0240688323975
0.0245790481567
0.0164539813995
0.0191149711609
0.174319028854
0.328716039658
0.129956960678
0.35503578186
0.184536933899
0.0346901416779
0.174138069153
0.128849029541
0.198108911514
0.851840019226
0.0287518501282
0.00740003585815
0.0082049369812
0.021124124527
0.0166070461273
0.00734090805054
0.013927936554
0.00917792320251
0.00979781150818
0.00744700431824
0.00672602653503
0.00765514373779
0.551172018051
0.69868016243
0.846570014954
0.915605068207
0.697167873383
0.69779586792
0.466126918793
0.523819923401
0.395195960999
0.353219032288
0.526661872864
0.398564100266
0.619094133377
0.52152299881
0.361650943756
0.364202022552
0.314396858215
0.474184989929
0.667051076889
0.392830848694
0.413235902786
0.616362094879
0.632972955704
0.381072998047
0.430979967117
0.704207897186
0.0155229568481
0.0102379322052
0.0137140750885
0.00828814506531
0.00784802436829
0.00792694091797
0.466176986694
0.158939123154
0.395967960358
0.333875894547
0.123142004013
0.173759937286
0.472420930862
0.516741991043
0.418972015381
0.272835016251
0.286665201187
0.294415950775
0.26516699791
0.31996679306
0.588975191116
1.51618695259
0.773877859116
0.576664924622
0.559432983398
0.492705821991
0.373406171799
1.27379798889
0.844815969467
0.793385982513
1.00865793228
0.75241112709
0.795490980148
0.272239923477
0.0330491065979
0.0411450862885
0.0572779178619
0.050449848175
0.0451321601868
0.0554778575897
0.0663781166077
0.414616107941
0.0917139053345
0.0902140140533
0.491968154907
1.38491678238
1.51353597641
1.52833080292
1.3797390461
1.01704502106
0.94646191597
0.620527982712
0.232476949692
0.183232069016
0.146779060364
0.213974952698
0.16930103302
0.749563932419
0.0786731243134
0.160084962845
0.508912086487
0.601675987244
0.397759914398
0.66938495636
1.08840799332
0.892721176147
0.894257068634
0.930057048798
0.928058862686
0.532503128052
0.520138978958
0.446074008942
0.60254907608
0.595456838608
0.726176977158
1.90637898445
0.197853088379
0.61145401001
0.565221071243
0.863857030869
1.0092561245
1.51768803596
0.877827167511
1.09712100029
1.01484298706
1.10345411301
1.06393504143
1.00536584854
0.396398067474
0.539607048035
0.642184972763
0.825159072876
0.690371990204
0.808286905289
0.850161075592
0.845413923264
0.88783621788
0.774792909622
0.275723934174
0.119033813477
0.241767168045
0.07146692276
0.127559900284
0.218340873718
0.54979801178
0.633630037308
0.467998027802
0.473857879639
0.5070540905
0.429104089737
0.727746963501
0.260653018951
0.26865196228
0.566403150558
0.223014116287
0.904036998749
1.16798114777
0.513230085373
0.447027921677
0.741640806198
0.442353010178
0.0551540851593
0.0274660587311
0.0171539783478
0.0144500732422
0.0224878787994
0.0136759281158
0.505674123764
0.404680967331
0.241234064102
0.244125127792
0.18466091156
0.295356035233
0.654582023621
0.591956138611
0.726180076599
0.735798120499
0.668742179871
0.760589122772
0.486863136292
0.549530982971
0.315737009048
0.292678117752
0.193219900131
1.01440477371
0.653795003891
0.66508102417
0.814494132996
0.805900096893
0.845254898071
0.946081876755
0.700997829437
0.747883081436
0.770321846008
0.700836896896
0.711136102676
0.84487080574
0.671612977982
0.682538032532
0.681180953979
0.611642122269
0.95865893364
0.183827877045
0.475822925568
0.171189069748
0.30953502655
0.111158847809
0.088917016983
0.0819630622864
0.0726149082184
0.0384998321533
0.0616869926453
0.0722999572754
0.154537200928
0.23136305809
0.153751134872
0.0947690010071
0.276960849762
0.321712970734
0.143732070923
0.0106179714203
0.005530834198
0.00307106971741
0.00811982154846
0.0041229724884
0.00878691673279
0.604988098145
0.643773078918
0.667235136032
0.593271970749
0.850046157837
0.759203195572
0.0063750743866
0.0176138877869
0.00396013259888
0.00442814826965
0.00962209701538
0.674412965775
0.247398853302
0.329233884811
0.278297185898
0.266737937927
0.392356872559
1.11099815369
0.903067827225
0.966716051102
0.709444999695
0.741089105606
0.732998132706
0.347310066223
0.276549100876
0.164251089096
0.138113021851
0.184926986694
0.102408885956
0.337132930756
0.225695133209
0.209990024567
0.372986078262
0.223463058472
0.0752041339874
0.637655973434
0.218048095703
0.389523029327
0.326213121414
0.335618972778
0.170817136765
0.485463857651
0.320511817932
0.22715306282
0.374576091766
0.49432182312
0.370270013809
0.411432981491
0.466699838638
0.914041042328
0.0726039409637
0.0125699043274
0.027281999588
0.0154309272766
0.0307040214539
0.0370690822601
0.625076055527
0.30712389946
0.444837808609
0.407195091248
0.38139796257
0.342733860016
0.00794792175293
0.0178830623627
0.00347089767456
0.00335288047791
0.00976085662842
0.683094024658
0.450700044632
0.391058921814
0.601977109909
0.461834907532
0.553053855896
1.16484904289
0.943983078003
0.715543985367
0.766887903214
1.02286696434
1.15792679787
0.206762075424
0.0740640163422
0.0555770397186
0.10214805603
0.111556053162
0.100071191788
2.5366461277
1.89942407608
2.16891622543
1.8944299221
1.89821982384
180.484880924
0.701241970062
0.758718967438
0.791550159454
0.755398988724
0.569884061813
0.716969013214
0.831446886063
0.404684066772
0.569067955017
0.464399814606
0.584088087082
0.508265972137
0.012403011322
0.00867795944214
0.00762796401978
0.129250049591
0.0165660381317
0.104996919632
0.0492579936981
0.0370090007782
0.111835956573
0.137055873871
0.523638963699
0.281232118607
0.186455965042
0.179100036621
0.406393051147
0.241544008255
0.266351938248
0.251727819443
0.287889957428
0.154488801956
0.274923086166
0.316263914108
0.52593588829
0.17832493782
0.419795036316
0.205940008163
0.190436840057
0.39048910141
0.231385946274
0.220876932144
1.9077899456
0.864159107208
1.0815808773
1.42424297333
0.815213918686
1.01996707916
1.67660999298
1.38394093513
1.17002916336
1.28209114075
1.187718153
1.5854139328
1.69475102425
0.593163967133
0.287881851196
0.308951854706
0.12402510643
0.479815006256
0.380636930466
1.27068400383
0.544509887695
0.843756914139
0.705857038498
0.555061101913
1.88688898087
0.707119941711
0.701657056808
0.799691915512
0.901731014252
0.540063142776
0.675891160965
1.69690585136
1.89985394478
1.27062678337
1.68663287163
1.16747713089
0.00783395767212
0.568863868713
0.174842119217
0.239850997925
0.440809011459
0.220002889633
0.96221780777
0.689834117889
0.239946842194
0.43892288208
0.410794973373
0.289334058762
0.55640912056
0.137038946152
0.303025960922
0.586698055267
0.334830999374
0.153430938721
1.26449799538
1.35439896584
1.52056193352
0.986451864243
1.20854711533
1.10725092888
0.00623202323914
0.0109331607819
0.0206499099731
0.00659584999084
0.010073184967
0.00981283187866
0.00608921051025
0.00635194778442
0.00788807868958
0.00961303710938
0.00558495521545
0.0261549949646
1.17059087753
0.610240936279
0.720181941986
0.946319818497
1.00309991837
0.831474065781
1.67928385735
0.695647001266
0.766289949417
0.837263822556
0.450260877609
0.567502975464
0.606460094452
0.849655866623
0.660484790802
0.899470806122
0.948745012283
0.845839977264
0.478903055191
0.0762529373169
0.133188962936
0.122669219971
0.141253948212
0.225903987885
0.190016031265
0.233575105667
0.734340190887
0.339341878891
0.209175825119
0.224439144135
0.22968006134
0.156737089157
0.709030151367
0.363824129105
0.136826992035
0.101175069809
0.383074998856
0.0841341018677
0.225801944733
0.47168803215
0.371105909348
0.263955116272
0.430904865265
0.220418930054
0.256562948227
0.00492095947266
0.00545787811279
0.0180928707123
0.00379610061646
0.00546789169312
0.00404906272888
0.58663892746
0.526972055435
0.486414909363
0.433032989502
0.402672767639
0.647181034088
0.0122020244598
0.00896811485291
0.00928807258606
0.00777411460876
0.00858306884766
0.00786995887756
1.38929009438
1.69404888153
1.26793003082
1.51196885109
1.88843083382
1.90588998795
0.810319185257
0.339242935181
0.588068008423
0.843404054642
0.574216842651
0.722917079926
2.2696518898
2.04056096077
2.16621398926
1.98648691177
1.45656895638
1.52158808708
1.59434986115
0.152789831161
0.296063899994
0.0893290042877
0.158000946045
0.249345064163
0.254833936691
0.594265937805
0.471031904221
0.162151813507
0.0787410736084
0.0432500839233
0.121882915497
0.577422857285
0.595578193665
0.704777956009
0.806789875031
0.81391787529
0.745742082596
0.309562206268
0.160989999771
0.180621862411
0.189165115356
0.0311181545258
0.190428972244
0.416971921921
0.228310108185
0.275588035583
0.299667835236
0.262053012848
0.277323961258
0.725720882416
0.815315008163
0.672727108002
0.489717006683
0.690508842468
0.548806905746
0.0625660419464
0.0556111335754
0.0898571014404
0.0522420406342
0.00948119163513
0.00543403625488
1.39189696312
1.68160200119
1.51681685448
1.3901860714
1.3859539032
1.68803310394
2.15647697449
1.68935108185
0.00729703903198
0.00941300392151
0.0124230384827
0.0180740356445
0.00594282150269
0.010635137558
0.00649690628052
0.00526905059814
0.088310956955
0.0962238311768
0.251576900482
0.103654146194
0.228372097015
0.034795999527
0.0434970855713
0.0802299976349
0.0328221321106
0.0125780105591
0.0220799446106
0.0447521209717
0.0662558078766
0.00992107391357
0.0188250541687
0.0238370895386
0.0128040313721
0.0124619007111
0.0711159706116
1.50850605965
0.343508005142
0.28008389473
0.243638038635
1.79484701157
0.955595970154
1.44579696655
1.40791797638
1.1555659771
1.38239693642
1.38142895699
0.446525096893
0.512495040894
0.477792978287
0.517060995102
0.55912899971
0.57780790329
0.038743019104
0.0197458267212
0.0103099346161
0.0137040615082
0.00536394119263
0.026349067688
0.815999984741
0.900631904602
1.27350902557
0.76527094841
1.48120689392
0.906421899796
1.69067883492
1.90468001366
1.68061900139
2.16091799736
1.02612304688
0.353539943695
0.360828876495
0.430340051651
0.432286024094
0.267153978348
0.166442871094
0.195125102997
0.327026844025
0.0996749401093
0.120643138885
0.0998051166534
0.207502126694
0.118056058884
0.0861279964447
0.0409281253815
0.274097919464
0.274641990662
0.0220890045166
0.100593090057
0.0552349090576
0.0525588989258
0.0355331897736
0.0655529499054
0.0644698143005
0.766142129898
0.716325998306
0.246161222458
0.536680936813
0.297096014023
0.350693941116
0.692672967911
0.590276956558
0.403657197952
0.334206104279
0.418097019196
0.327146053314
1.16929411888
0.400603055954
0.493491888046
1.12123799324
0.595315933228
0.249940156937
0.419486045837
0.597065925598
0.508059024811
0.307173013687
0.696950912476
0.467856884003
0.4955971241
0.725643157959
0.604984998703
0.305343151093
0.827808141708
1.03194904327
0.852586984634
0.959123849869
1.10118198395
1.17159819603
1.05999612808
0.520244121552
0.748569965363
0.683922052383
0.652778863907
1.27819013596
1.00970697403
180.421942949
0.783581018448
0.830410003662
0.425946950912
0.413688898087
0.508365869522
0.239004135132
0.362170934677
0.230892896652
0.221118927002
0.228931903839
1.62683105469
0.651845932007
0.522801160812
0.0897800922394
0.529248952866
0.529967069626
0.408984899521
0.184183835983
0.221291065216
0.197890996933
0.204525947571
0.213495969772
0.868266105652
0.498701095581
0.458135128021
0.364504098892
0.471005916595
0.494398832321
0.676275014877
0.207890987396
0.396757125854
0.953417062759
0.409719944
0.468477964401
0.392194986343
0.0948030948639
0.278144836426
0.254786968231
0.989039182663
0.720272779465
0.812806844711
0.594876050949
0.876533031464
181.047721863
1.90772390366
1.71359705925
1.31891202927
1.25961184502
1.49017691612
1.40697598457
0.00405097007751
0.0333678722382
0.0145540237427
0.0247948169708
0.00553393363953
0.00766897201538
0.76516699791
180.448362112
0.372167110443
0.300265073776
0.227993011475
0.447540044785
0.575541973114
0.108263015747
0.367016077042
0.305996894836
0.0827739238739
0.845973968506
0.687049150467
0.259481191635
0.289770126343
0.335927009583
0.338799953461
0.438522100449
0.0145831108093
0.00411915779114
0.00656199455261
0.00675988197327
0.011058807373
0.00524091720581
0.044762134552
0.0180768966675
0.0543639659882
0.0206778049469
0.00857496261597
0.00662302970886
1.16862201691
0.535873889923
0.896419048309
0.749218940735
1.05202794075
0.622560977936
0.735563993454
0.257292985916
0.241724014282
0.30298614502
0.42808008194
181.199212074
0.00862979888916
0.0190930366516
0.0111570358276
0.00742197036743
0.00406098365784
0.388823986053
1.01681900024
0.908838033676
0.867666959763
0.748648881912
0.852499008179
0.758673906326
0.535897016525
0.430037021637
0.704853057861
0.515586853027
0.871218919754
0.578760147095
2.53032588959
1.88997197151
2.52473902702
2.29012298584
2.20937299728
2.17018008232
0.550765037537
0.757828950882
0.690190076828
0.762847185135
0.719287872314
0.771223068237
1.02681016922
0.600270986557
0.597285985947
0.828552961349
0.720693826675
0.823146820068
0.638504981995
1.02590084076
0.950875043869
0.1715528965
0.416486978531
0.303566932678
0.207675933838
0.312768936157
0.816087961197
0.803436040878
0.810124874115
0.948973894119
0.799811124802
0.951485157013
1.17177891731
1.09704518318
1.3764770031
180.94839406
0.644505023956
0.529247045517
0.763039827347
0.454618930817
0.12887096405
0.453961133957
0.343189001083
0.48640203476
0.28978395462
0.114646911621
0.195970058441
0.141885042191
0.231081008911
0.013787984848
0.00539493560791
0.0152299404144
0.00666093826294
0.00574707984924
0.0321288108826
0.391207933426
0.0845038890839
0.0862951278687
0.147425174713
0.243432044983
0.244321107864
0.116661071777
0.17900800705
0.233961105347
0.583725214005
0.511919021606
0.323684930801
0.180127859116
0.352046966553
0.242553949356
0.179974794388
0.050843000412
0.0265550613403
0.0906100273132
0.149131059647
0.0376098155975
0.0379769802094
0.0214500427246
0.0195298194885
0.0156750679016
0.0179190635681
0.0156679153442
0.00844192504883
0.80704498291
0.436550140381
0.570925951004
0.743502855301
0.649157047272
0.649863004684
0.522816896439
0.522093057632
0.854291915894
0.570907115936
0.852472066879
0.850248098373
0.00492095947266
0.00425100326538
0.00330185890198
0.00391697883606
0.528933048248
0.230807065964
0.176884889603
0.257527112961
0.315690994263
0.482300043106
0.76015996933
0.353724002838
0.0940048694611
0.227255821228
0.235033035278
0.114240884781
0.593190908432
0.540666103363
0.359127998352
0.413574934006
0.43722820282
0.304287910461
0.0661001205444
0.0092990398407
0.0126221179962
0.0376980304718
0.00922203063965
0.0235559940338
0.0278959274292
0.0237600803375
0.0451529026031
0.0262660980225
0.0105130672455
0.0393660068512
0.963490962982
0.682742118835
0.718336105347
0.726665973663
0.737333059311
0.857381105423
1.01553177834
0.897641897202
0.960781097412
1.10129094124
1.12432289124
1.16760802269
1.09839296341
1.12028694153
1.17848515511
1.26901698112
1.26419401169
0.277317047119
0.27535700798
0.150826931
0.0569729804993
0.0201308727264
0.0304279327393
0.125642061234
0.0348970890045
0.10213303566
0.132398843765
0.50843000412
1.02864313126
1.01582384109
1.27132105827
0.807708024979
1.16730904579
1.09162211418
1.1912419796
1.17493796349
1.08152890205
1.16538906097
1.27062392235
1.27078795433
0.801831960678
0.273936033249
0.19638299942
0.3493039608
0.0671281814575
0.544814109802
1.03609800339
0.462380886078
0.291116952896
0.471147060394
0.392569065094
1.41029119492
0.61531496048
0.237563848495
0.294099807739
0.413938999176
0.213306188583
0.659147977829
1.09691500664
0.908961057663
0.94426202774
0.744876146317
0.701094150543
0.334506988525
183.135837078
2.82619810104
0.0989530086517
0.0973742008209
0.0875549316406
0.0929970741272
0.111351966858
0.0895109176636
0.637697935104
0.235679864883
0.257619857788
0.40856218338
0.284078121185
0.267979860306
2.51756715775
2.796626091
180.925136089
2.51747512817
1.89332103729
1.80466485023
0.496091127396
0.279735088348
0.480343818665
0.640315055847
0.845616102219
0.589442014694
0.961277008057
0.775273799896
0.688872098923
0.521474123001
0.442774057388
0.433789014816
0.427920818329
0.0834798812866
0.215965986252
0.0561068058014
0.12718296051
0.19459104538
0.506362199783
0.64835691452
0.383660078049
0.433665990829
0.398858070374
0.418714046478
0.775285005569
0.64901804924
0.28750705719
0.352428913116
0.421720027924
0.416520118713
1.17409610748
1.34377193451
1.14316082001
1.24348711967
0.916770935059
1.33964204788
0.680139780045
0.563580036163
0.440330982208
0.708266973495
0.482233047485
0.28942489624
0.372358083725
0.29776096344
0.38356089592
0.583528995514
0.350249052048
0.388137102127
0.675436973572
180.659461021
0.663023948669
0.954303026199
1.02119398117
1.09084391594
0.734466075897
0.583289861679
0.712108135223
0.616885185242
0.804087877274
0.846127986908
0.716886997223
0.746160984039
0.732591867447
0.864143133163
0.64102101326
0.541167974472
0.32164311409
0.437600135803
0.623704910278
0.485279083252
0.57568693161
0.566231966019
0.460448980331
0.466665029526
0.467875003815
0.226810932159
0.521497011185
0.68559384346
0.673770189285
0.698532104492
180.735747099
0.69145488739
0.411539077759
0.324218034744
0.0613398551941
0.121534109116
0.231132030487
0.258945226669
1.39185404778
1.39060091972
1.17151093483
1.52872800827
1.52752709389
1.53374004364
0.775400876999
0.644423961639
0.664202928543
0.687257051468
0.602344036102
0.756450891495
0.521048069
0.66844201088
0.395309209824
0.4842441082
0.812269926071
1.26461791992
1.10583686829
0.502688169479
0.454534053802
0.883629083633
0.629439115524
0.0227079391479
0.0122117996216
0.00878596305847
0.0113768577576
0.00794982910156
0.0593938827515
0.0095419883728
0.0118019580841
0.00807404518127
0.0088849067688
0.00900387763977
0.00932502746582
0.575186014175
0.475185871124
0.761692047119
0.760281085968
0.572735071182
0.621067047119
0.399884939194
0.0975170135498
0.095162153244
0.111290931702
0.0910658836365
0.161905050278
2.49006104469
1.27363300323
1.79540014267
2.03038597107
2.42983698845
2.36558699608
0.674777984619
0.800365924835
0.804955005646
0.850737094879
1.03827595711
0.893774986267
0.534300804138
0.215785980225
0.0522329807281
0.0989451408386
0.253771066666
0.0174078941345
0.0673241615295
0.18070602417
0.14586520195
0.0371558666229
0.154502868652
0.156527042389
0.773413896561
0.947942018509
1.04495692253
0.954280853271
1.08023405075
1.15125489235
1.52118206024
1.17195415497
1.51112318039
1.3768157959
1.1869969368
1.51727199554
1.52289605141
1.4460170269
1.51196408272
1.17018699646
1.47161412239
1.21862983704
0.0240478515625
0.094927072525
0.049950838089
0.103850126266
0.0748181343079
0.0195109844208
0.127573013306
0.0450580120087
0.0262479782104
0.0345079898834
0.178466081619
0.0883929729462
0.954957962036
0.896492004395
0.836426019669
0.876987934113
0.847168922424
0.908710002899
0.603523015976
0.347789049149
0.1296479702
0.170938968658
0.194591999054
0.814280986786
0.70897102356
0.247921943665
0.418235063553
0.365610122681
0.451144933701
0.428754091263
0.808326005936
0.914182901382
0.899047136307
1.01145482063
1.27983617783
0.359346866608
0.117689847946
0.176283836365
0.333303928375
0.220642805099
0.304649114609
1.18819403648
0.807607889175
1.17905187607
0.99881696701
1.14146780968
0.836072921753
0.328384876251
0.251008033752
0.27281498909
0.290382862091
180.499737024
0.212069988251
0.0117390155792
0.00600695610046
0.00359916687012
0.00729393959045
0.00325393676758
0.541473150253
0.555786848068
0.730707883835
0.606745004654
0.593703985214
0.75471997261
0.73763012886
0.458581924438
0.298143863678
0.238746881485
0.474081039429
0.419742107391
0.664828062057
0.558611869812
0.26102399826
0.388339042664
0.462654829025
0.503070831299
0.380986213684
0.00676393508911
0.00335311889648
0.00482606887817
0.00666785240173
0.00285291671753
0.00450491905212
2.18545818329
1.96698904037
2.43674397469
1.6888589859
1.28451299667
0.0179588794708
0.00438499450684
0.0189709663391
0.00673079490662
0.00504899024963
0.00402498245239
0.596556901932
0.437791109085
0.342085838318
0.381947994232
0.289798021317
0.535934925079
0.0037670135498
0.00280809402466
0.0152080059052
5.01885795593
3.01300501823
3.03463077545
3.59939980507
3.2554731369
2.21528792381
0.303687095642
0.0848391056061
0.0785059928894
0.056174993515
0.0887191295624
0.106827020645
0.870924949646
1.02159690857
1.03500509262
1.01212501526
1.356580019
0.817930936813
0.425723075867
0.309281110764
0.352587938309
0.221055984497
0.116042852402
0.0904810428619
0.68189406395
0.399219036102
0.319425821304
0.399236917496
0.330360174179
0.31499004364
180.464470863
1.02302598953
1.12594103813
1.01325106621
1.18161892891
1.09694886208
0.441253900528
0.511745929718
0.523792028427
0.42005610466
0.625953912735
0.600736856461
0.715077877045
0.598611116409
180.976366043
0.680717945099
0.596081972122
0.834350824356
0.204967021942
1.24378299713
1.22276496887
1.26267004013
1.25040602684
1.26236486435
1.35003995895
1.27775406837
1.40132522583
1.26149606705
0.276488780975
0.656540155411
0.603746175766
0.709290027618
0.516949892044
0.140084981918
0.287975072861
0.0852601528168
0.0723130702972
0.117210865021
0.117794036865
1.02336597443
0.848559141159
180.888453007
1.52374815941
1.2631649971
1.18602800369
1.68379998207
0.710334062576
0.735340118408
0.677026987076
0.557653903961
1.15681409836
0.478893995285
0.082750082016
0.21728682518
0.199984788895
0.232531070709
0.246053934097
1.28034615517
0.880131006241
1.03668999672
0.636410951614
1.28965997696
0.840569972992
0.607242107391
0.375626802444
0.38593006134
0.38721704483
0.371480941772
0.313055038452
0.67059803009
0.300161838531
0.94081401825
0.255966186523
0.142517089844
0.717803001404
1.38872694969
1.24167299271
1.49226093292
1.20813298225
0.873315095901
1.52224993706
0.71016907692
0.675306081772
0.628494024277
0.649476051331
0.763262033463
0.686908960342
0.659738063812
0.522300004959
0.918561935425
0.905543088913
0.738734006882
0.617126941681
0.435935020447
0.197755098343
0.166625022888
0.0466639995575
0.0123200416565
0.267895936966
0.100377082825
0.0441851615906
0.031909942627
0.0849139690399
0.0674600601196
0.0476460456848
0.0756831169128
0.035413980484
0.074166059494
0.0542068481445
0.0855901241302
0.0513319969177
0.0628931522369
0.0336120128632
0.0425019264221
0.0427100658417
0.0259480476379
0.0509350299835
0.269053936005
0.113929033279
0.165101051331
0.150244951248
0.113368034363
0.118844032288
0.00950813293457
0.014683008194
0.00792503356934
0.00785088539124
0.0118598937988
0.00821900367737
0.69732093811
0.69292807579
0.618315935135
0.447193145752
0.626992940903
0.435505151749
1.2856760025
1.46866989136
1.38705706596
1.08605384827
1.28961610794
1.07830500603
0.0154619216919
0.00580310821533
0.0082368850708
0.006422996521
0.00519800186157
0.0543718338013
1.17139291763
0.870897054672
0.210859060287
1.67351794243
0.904304027557
0.285251140594
0.26699090004
0.410124063492
0.253142118454
0.591112136841
1.38518500328
1.37356996536
181.385095119
1.38510489464
1.38744521141
0.790322065353
0.522315979004
0.479459047318
0.545242071152
0.497298002243
0.532153844833
1.15447306633
0.848894834518
0.705141067505
1.15628194809
0.885832071304
1.36217188835
0.54239988327
0.113337039948
0.253644943237
0.0889499187469
0.145835876465
0.107331991196
0.0111768245697
0.0096480846405
0.0118889808655
0.0101420879364
0.00907301902771
0.0148210525513
0.647664070129
0.60272693634
0.591686964035
0.732878923416
0.53698515892
0.811083078384
0.774823904037
0.833910942078
0.555130004883
0.741971969604
0.866559028625
0.293654203415
0.403190135956
0.118798971176
0.326879024506
0.214673995972
0.261030912399
0.333039045334
0.382194042206
0.122956037521
0.39244389534
0.238847970963
0.102670907974
0.675870895386
0.545090913773
0.39741396904
0.434592008591
0.345996141434
0.957314014435
0.644674062729
0.541292905807
0.511418104172
0.378172874451
0.408003807068
0.22505402565
0.551305055618
0.55096411705
0.485288858414
0.511590957642
0.563812017441
0.667668104172
0.606869935989
0.386971950531
0.578063011169
0.542798995972
0.494712114334
0.487279891968
0.466481924057
0.500697135925
0.576028108597
0.536211967468
0.500045061111
0.821336984634
0.635525226593
0.458062887192
0.561820983887
0.640323877335
0.538324832916
0.490582942963
0.55811214447
0.60218501091
0.69354391098
0.437788009644
0.513896942139
0.530678987503
0.904855966568
180.90000701
0.959929943085
0.555392026901
0.390509128571
0.252174139023
0.441296815872
0.197772026062
0.202696084976
0.621611118317
0.0669751167297
0.0568709373474
0.114184141159
0.127013921738
0.145439147949
0.112694978714
0.0941400527954
0.0359718799591
