# unix_time, cycles_done, cur_path, paths_total, pending_total, pending_favs, map_size, unique_crashes, unique_hangs, max_depth, execs_per_sec, total_execs
1712686012, 1, 0, 5, 5, 5, 1.24%, 0, 0, 1, 769.23, 40
1712686087, 1, 0, 167, 167, 5, 1.62%, 0, 0, 2, 3.59, 3629
1712686092, 1, 0, 249, 249, 5, 1.77%, 0, 0, 2, 1171.92, 9853
1712686097, 1, 0, 283, 283, 5, 1.88%, 0, 0, 2, 1015.17, 15000
1712686102, 1, 0, 314, 314, 5, 1.93%, 0, 0, 2, 1057.05, 20217
1712686107, 1, 0, 333, 333, 5, 1.98%, 0, 0, 2, 868.84, 24871
1712686112, 1, 1, 443, 442, 164, 2.24%, 0, 0, 2, 973.43, 30007
1712690234, 1, 1, 580, 579, 164, 2.39%, 0, 0, 2, 0.01, 33990
1712690295, 1, 1, 586, 585, 164, 2.40%, 0, 0, 2, 3.34, 34194
1712690300, 1, 1, 626, 625, 164, 2.47%, 0, 0, 2, 284.08, 36965
1712690306, 1, 1, 645, 644, 164, 2.53%, 0, 0, 2, 133.18, 39809
1712690311, 1, 1, 668, 667, 164, 2.60%, 0, 0, 2, 133.00, 43069
1712690316, 1, 1, 682, 681, 164, 2.63%, 0, 0, 2, 911.97, 46220
1712690322, 1, 1, 696, 695, 164, 2.65%, 0, 0, 2, 148.94, 49432
1712690506, 1, 1, 702, 701, 164, 2.66%, 0, 0, 2, 0.29, 51575
1712690511, 1, 1, 712, 711, 164, 2.68%, 0, 0, 2, 965.15, 55123
1712690516, 1, 5, 723, 721, 233, 2.70%, 0, 0, 3, 1795.03, 58820
1712690521, 1, 21, 730, 726, 233, 2.73%, 0, 0, 3, 1304.46, 64853
1712690526, 1, 21, 738, 734, 233, 2.75%, 0, 0, 3, 1252.13, 70671
1712690531, 1, 21, 744, 740, 233, 2.76%, 0, 0, 3, 1500.59, 78268
1712690716, 1, 21, 746, 742, 233, 2.76%, 0, 0, 3, 1.29, 85157
1712690721, 1, 24, 1304, 1298, 243, 6.75%, 0, 0, 3, 1429.68, 92237
1712690726, 1, 24, 1964, 1958, 243, 8.27%, 0, 0, 3, 1218.90, 98331
1712690731, 1, 24, 2583, 2577, 243, 9.21%, 0, 0, 3, 1115.12, 104132
1712690737, 1, 24, 3104, 3098, 243, 9.86%, 0, 0, 3, 955.71, 109053
1712690742, 1, 24, 3668, 3662, 243, 10.46%, 0, 0, 3, 1011.78, 114467
1712694442, 1, 24, 4169, 4163, 243, 10.95%, 0, 0, 3, 0.01, 119271
1712694503, 1, 24, 4186, 4180, 243, 10.96%, 0, 0, 3, 2.54, 119426
1712694508, 1, 24, 4746, 4740, 243, 12.26%, 0, 0, 3, 1074.51, 124742
1712694513, 1, 24, 5253, 5247, 243, 12.83%, 0, 0, 3, 941.74, 129559
1712694518, 1, 24, 5653, 5647, 243, 13.26%, 0, 0, 3, 837.02, 133396
1712694523, 1, 24, 5912, 5906, 243, 13.52%, 0, 0, 3, 558.02, 135901
1712694528, 1, 24, 6290, 6284, 243, 13.91%, 0, 0, 3, 704.56, 139566
1712694713, 1, 24, 6558, 6552, 243, 14.15%, 0, 0, 3, 0.19, 142177
1712694718, 1, 51, 6816, 6808, 3240, 14.35%, 0, 0, 3, 1153.69, 147833
1712694723, 1, 51, 6817, 6809, 3240, 14.35%, 0, 0, 3, 1181.28, 154002
1712694728, 1, 51, 6818, 6810, 3240, 14.35%, 0, 0, 3, 1222.68, 160135
1712694733, 1, 51, 6821, 6813, 3240, 14.35%, 0, 0, 3, 1158.98, 166063
1712694738, 1, 51, 6822, 6814, 3240, 14.35%, 0, 0, 3, 987.21, 171007
1712694923, 1, 101, 6823, 6814, 3240, 14.35%, 0, 0, 3, 0.67, 175735
1712694928, 1, 101, 6824, 6815, 3240, 14.35%, 0, 0, 3, 1245.87, 181891
1712694933, 1, 108, 6824, 6814, 3239, 14.35%, 0, 0, 3, 1212.98, 188023
1712694944, 1, 132, 6825, 6814, 3238, 14.35%, 0, 0, 3, 818.04, 196373
1712695134, 1, 132, 6826, 6815, 3238, 14.35%, 0, 0, 3, 0.47, 204932
1712695139, 1, 132, 6827, 6816, 3238, 14.35%, 0, 0, 3, 1094.73, 210651
1712695149, 1, 138, 6827, 6815, 3239, 14.35%, 0, 0, 3, 795.09, 219681
1712695159, 1, 140, 6827, 6814, 3238, 14.35%, 0, 0, 3, 906.26, 228557
1712695344, 1, 153, 6827, 6813, 3237, 14.35%, 0, 0, 3, 0.80, 232614
1712695349, 1, 186, 6827, 6812, 3236, 14.35%, 0, 0, 3, 1073.98, 238332
1712695360, 1, 205, 6829, 6812, 3234, 14.35%, 0, 0, 3, 1019.36, 248587
1712695365, 1, 205, 6831, 6814, 3234, 14.35%, 0, 0, 3, 755.18, 251925
1712695554, 1, 205, 6831, 6814, 3234, 14.35%, 0, 1, 3, 0.23, 261276
1712695565, 1, 208, 6831, 6813, 3234, 14.35%, 0, 1, 3, 1286.76, 274175
1712695570, 1, 211, 6831, 6812, 3233, 14.35%, 0, 1, 3, 1145.45, 279869
1712695575, 1, 215, 6831, 6811, 3232, 14.35%, 0, 1, 3, 1206.59, 286090
1712695580, 1, 217, 6831, 6810, 3231, 14.35%, 0, 1, 3, 1194.23, 292076
1712695765, 1, 218, 6831, 6809, 3229, 14.35%, 0, 1, 3, 0.51, 297478
1712695770, 1, 228, 6831, 6808, 3228, 14.35%, 0, 1, 3, 1276.39, 303836
1712695775, 1, 239, 6831, 6806, 3226, 14.35%, 0, 1, 3, 1287.36, 310511
1712695780, 1, 240, 6832, 6806, 3225, 14.36%, 0, 1, 3, 1217.59, 316655
1712695785, 1, 240, 6833, 6807, 3225, 14.36%, 0, 1, 3, 978.26, 321489
1712695980, 1, 246, 6834, 6806, 3223, 14.36%, 0, 1, 3, 1185.63, 339022
1712695985, 1, 246, 6835, 6807, 3223, 14.36%, 0, 1, 3, 1229.36, 345344
1712695990, 1, 246, 6836, 6808, 3223, 14.36%, 0, 1, 3, 1137.82, 351016
1712695995, 1, 246, 6837, 6809, 3223, 14.36%, 0, 1, 3, 856.70, 355252
1712696185, 1, 247, 6837, 6808, 3223, 14.36%, 0, 1, 3, 0.67, 364625
1712696190, 1, 252, 6838, 6808, 3222, 14.36%, 0, 1, 3, 1235.83, 371030
1712696206, 1, 253, 6838, 6807, 3221, 14.36%, 0, 1, 3, 720.40, 383012
1712696396, 1, 260, 6838, 6806, 3220, 14.36%, 0, 1, 3, 0.33, 392623
1712696401, 1, 260, 6839, 6807, 3220, 14.36%, 0, 1, 3, 185.65, 396751
1712696406, 1, 260, 6840, 6808, 3220, 14.36%, 0, 1, 3, 591.53, 400315
1712696421, 1, 262, 6841, 6808, 3220, 14.36%, 0, 1, 3, 1156.41, 414509
1712698416, 1, 268, 6841, 6806, 3218, 14.36%, 0, 2, 3, 0.03, 420989
1712698422, 1, 268, 6842, 6807, 3218, 14.36%, 0, 2, 3, 1210.94, 426976
1712698427, 1, 268, 6843, 6808, 3218, 14.36%, 0, 2, 3, 1102.13, 432510
1712698437, 1, 268, 6845, 6809, 3217, 14.38%, 0, 2, 3, 1239.63, 444545
1712698442, 1, 268, 7432, 7396, 3217, 15.20%, 0, 2, 3, 1208.00, 450577
1712698447, 1, 269, 7886, 7850, 3584, 15.48%, 0, 2, 3, 1204.68, 456780
1712698452, 1, 269, 7887, 7851, 3584, 15.48%, 0, 2, 3, 1130.16, 462552
1712698457, 1, 269, 7888, 7852, 3584, 15.48%, 0, 2, 3, 1085.39, 467944
1712698462, 1, 269, 7889, 7853, 3584, 15.48%, 0, 2, 3, 1090.66, 473475
1712698472, 1, 271, 7890, 7853, 3584, 15.48%, 0, 2, 3, 1100.70, 484763
1712698478, 1, 278, 7890, 7852, 3583, 15.48%, 0, 2, 3, 1141.34, 490535
1712698483, 1, 282, 7890, 7851, 3582, 15.48%, 0, 2, 3, 54.55, 495416
1712698493, 1, 283, 7890, 7850, 3581, 15.48%, 0, 2, 3, 1171.48, 504763
1712698498, 1, 285, 7890, 7849, 3580, 15.48%, 0, 2, 3, 1223.64, 510821
1712698503, 1, 296, 7890, 7848, 3579, 15.48%, 0, 2, 3, 1169.30, 516635
1712698508, 1, 298, 7892, 7849, 3578, 15.48%, 0, 2, 3, 1276.35, 523174
1712698514, 1, 298, 7894, 7851, 3578, 15.48%, 0, 2, 3, 1150.99, 528925
1712698519, 1, 298, 7895, 7852, 3578, 15.49%, 0, 2, 3, 1108.94, 534472
1712698529, 1, 299, 7896, 7852, 3579, 15.49%, 0, 2, 3, 1240.15, 546571
1712698539, 1, 304, 7896, 7851, 3578, 15.49%, 0, 2, 3, 1086.26, 557827
1712698544, 1, 304, 7897, 7852, 3578, 15.49%, 0, 2, 3, 1081.79, 563643
1712698555, 1, 307, 7897, 7850, 3576, 15.49%, 0, 2, 3, 1123.08, 575493
1712698560, 1, 308, 7897, 7849, 3575, 15.49%, 0, 2, 3, 55.80, 580255
1712698571, 1, 315, 7897, 7848, 3574, 15.49%, 0, 2, 3, 1578.83, 587315
1712698576, 1, 320, 7897, 7847, 3573, 15.49%, 0, 2, 3, 1358.02, 593740
1712698581, 1, 321, 7897, 7846, 3572, 15.49%, 0, 2, 3, 1310.87, 600103
1712698586, 1, 324, 7897, 7845, 3571, 15.49%, 0, 2, 3, 1308.56, 606790
1712698591, 1, 328, 7897, 7844, 3569, 15.49%, 0, 2, 3, 1352.15, 613610
1712698597, 1, 375, 7897, 7843, 3568, 15.49%, 0, 2, 3, 1374.92, 620310
1712698602, 1, 375, 7898, 7844, 3568, 15.49%, 0, 2, 3, 1221.83, 625567
1712698711, 1, 375, 7899, 7845, 3568, 15.49%, 0, 2, 3, 0.25, 627159
1712698716, 1, 375, 7900, 7846, 3568, 15.49%, 0, 2, 3, 629.65, 630971
1712698736, 1, 381, 7900, 7845, 3568, 15.49%, 0, 2, 3, 1452.58, 648141
1712698921, 1, 386, 7900, 7844, 3567, 15.49%, 0, 2, 3, 0.90, 653804
1712698926, 1, 386, 7901, 7845, 3567, 15.49%, 0, 2, 3, 1015.17, 658311
1712698931, 1, 386, 7902, 7846, 3567, 15.49%, 0, 2, 3, 643.24, 662379
1712699131, 1, 386, 7903, 7847, 3567, 15.49%, 0, 2, 3, 0.41, 675817
1712699136, 1, 387, 7903, 7846, 3568, 15.49%, 0, 2, 3, 1019.04, 680830
1712699146, 1, 387, 7904, 7847, 3568, 15.49%, 0, 2, 3, 653.05, 687301
1712699151, 1, 387, 7905, 7848, 3568, 15.49%, 0, 2, 3, 608.03, 690438
1712699352, 1, 388, 7905, 7847, 3567, 15.49%, 0, 2, 3, 783.93, 706839
1712699357, 1, 388, 7907, 7849, 3567, 15.49%, 0, 2, 3, 559.66, 709521
1712699567, 1, 399, 7908, 7849, 3566, 15.49%, 0, 2, 3, 719.38, 731150
1712699577, 1, 399, 7909, 7850, 3566, 15.49%, 0, 2, 3, 856.78, 738636
1712699767, 1, 404, 7909, 7849, 3565, 15.49%, 0, 2, 3, 80.00, 747543
1712699773, 1, 415, 7909, 7848, 3564, 15.49%, 0, 2, 3, 168.51, 751830
1712699783, 1, 417, 7909, 7847, 3563, 15.49%, 0, 2, 3, 467.96, 758137
1712699978, 1, 427, 7909, 7846, 3562, 15.49%, 0, 2, 3, 854.22, 768302
1712699983, 1, 435, 7909, 7845, 3561, 15.49%, 0, 2, 3, 1047.10, 773169
1712699999, 1, 489, 7909, 7844, 3560, 15.49%, 0, 2, 3, 781.34, 782969
1712700194, 1, 529, 7910, 7844, 3559, 15.49%, 0, 2, 3, 1541.02, 791510
1712700199, 1, 529, 7911, 7845, 3559, 15.50%, 0, 2, 3, 978.16, 795436
1712700204, 1, 529, 7912, 7846, 3559, 15.50%, 0, 2, 3, 818.59, 799270
1712700398, 1, 547, 7912, 7845, 3561, 15.50%, 0, 2, 3, 1173.82, 813156
1712700409, 1, 551, 7912, 7844, 3560, 15.50%, 0, 2, 3, 910.03, 821384
1712700609, 1, 596, 7912, 7843, 3560, 15.50%, 0, 2, 3, 1411.85, 834070
1712700614, 1, 607, 7912, 7842, 3559, 15.50%, 0, 2, 3, 1171.81, 839802
1712700624, 1, 610, 7912, 7841, 3558, 15.50%, 0, 2, 3, 985.10, 849753
1712702919, 1, 611, 7912, 7840, 3557, 15.50%, 0, 2, 3, 0.02, 857867
1712702924, 1, 611, 7913, 7841, 3557, 15.50%, 0, 2, 3, 900.46, 860953
1712702929, 1, 611, 7914, 7842, 3557, 15.50%, 0, 2, 3, 750.89, 864027
1712702940, 1, 611, 7915, 7843, 3557, 15.50%, 0, 2, 3, 1066.46, 868877
1712702945, 1, 611, 7916, 7844, 3557, 15.50%, 0, 2, 3, 910.60, 872003
1712703134, 1, 612, 7916, 7843, 3557, 15.50%, 0, 2, 3, 40.92, 878069
1712703150, 1, 616, 7916, 7842, 3556, 15.50%, 0, 2, 3, 1399.45, 886866
1712703155, 1, 616, 7918, 7844, 3556, 15.50%, 0, 2, 3, 413.61, 890386
1712703344, 1, 616, 7919, 7845, 3556, 15.50%, 0, 2, 3, 1040.00, 895373
1712703349, 1, 616, 7921, 7847, 3556, 15.50%, 0, 2, 3, 62.85, 898265
1712703360, 1, 616, 7922, 7848, 3556, 15.50%, 0, 2, 3, 481.91, 903749
1712703550, 1, 637, 7923, 7848, 3555, 15.50%, 0, 2, 3, 0.97, 909206
1712703566, 1, 637, 7924, 7849, 3555, 15.50%, 0, 2, 3, 115.61, 918449
1712703571, 1, 637, 7925, 7850, 3555, 15.50%, 0, 2, 3, 509.72, 920867
1712703577, 1, 637, 7926, 7851, 3555, 15.50%, 0, 2, 3, 88.16, 923577
1712703765, 1, 637, 8172, 8096, 3554, 15.58%, 0, 2, 3, 910.90, 929126
1712703770, 1, 643, 8231, 8155, 3600, 15.60%, 0, 2, 3, 1308.46, 933407
1712703780, 1, 643, 8232, 8156, 3600, 15.60%, 0, 2, 3, 665.81, 939304
1712703970, 1, 643, 8233, 8157, 3600, 15.60%, 0, 2, 3, 1.05, 945453
1712703981, 1, 649, 8233, 8156, 3599, 15.60%, 0, 2, 3, 99.58, 953322
1712703997, 1, 653, 8233, 8155, 3598, 15.60%, 0, 2, 3, 82.26, 960481
1712704197, 1, 656, 8233, 8154, 3597, 15.60%, 0, 2, 3, 1187.26, 972941
1712704207, 1, 657, 8233, 8153, 3596, 15.60%, 0, 2, 3, 883.81, 981454
1712704396, 1, 663, 8233, 8152, 3595, 15.60%, 0, 2, 3, 1182.67, 991457
1712704401, 1, 663, 8234, 8153, 3595, 15.60%, 0, 2, 3, 1067.70, 996764
1712704601, 1, 669, 8234, 8152, 3594, 15.60%, 0, 2, 3, 0.63, 1013240
1712704606, 1, 669, 8235, 8153, 3594, 15.60%, 0, 2, 3, 1242.73, 1017727
1712704627, 1, 674, 8236, 8153, 3593, 15.60%, 0, 2, 3, 892.89, 1033379
1712704817, 1, 682, 8236, 8152, 3593, 15.60%, 0, 2, 3, 1392.00, 1044976
1712704822, 1, 682, 8237, 8153, 3593, 15.60%, 0, 2, 3, 919.73, 1049439
1712707052, 1, 690, 8237, 8152, 3594, 15.60%, 0, 2, 3, 975.27, 1067307
1712707064, 1, 690, 8238, 8153, 3594, 15.60%, 0, 2, 3, 78.87, 1075187
1712707137, 1, 690, 8345, 8259, 3593, 16.02%, 0, 4, 3, 897.00, 1084420
1712707142, 1, 690, 8653, 8567, 3593, 16.33%, 0, 4, 3, 700.81, 1087453
1712707148, 1, 690, 8852, 8766, 3593, 16.40%, 0, 5, 3, 560.70, 1089463
1712707153, 1, 691, 9094, 9008, 3823, 16.49%, 0, 6, 3, 753.06, 1092933
1712707354, 1, 700, 9096, 9009, 3822, 16.49%, 0, 6, 3, 1275.32, 1104967
1712707553, 1, 700, 9097, 9010, 3822, 16.49%, 0, 6, 3, 1049.67, 1118593
1712707558, 1, 700, 9098, 9011, 3822, 16.49%, 0, 6, 3, 448.03, 1122633
1712707563, 1, 709, 9098, 9010, 3822, 16.49%, 0, 6, 3, 732.19, 1126701
1712707568, 1, 709, 9099, 9011, 3822, 16.49%, 0, 6, 3, 823.21, 1131137
1712707763, 1, 720, 9101, 9012, 3821, 16.50%, 0, 6, 3, 1027.41, 1144555
1712707974, 1, 723, 9101, 9009, 3819, 16.50%, 0, 6, 3, 1121.58, 1170504
1712707984, 1, 724, 9101, 9008, 3818, 16.50%, 0, 6, 3, 882.63, 1178668
1712707989, 1, 724, 9102, 9009, 3818, 16.50%, 0, 6, 4, 771.65, 1181838
1712707994, 1, 724, 9105, 9012, 3818, 16.50%, 0, 6, 4, 910.06, 1186484
1712708189, 1, 726, 9105, 9011, 3817, 16.50%, 0, 6, 4, 1024.57, 1201439
1712708199, 1, 729, 9106, 9011, 3816, 16.50%, 0, 6, 4, 822.33, 1209916
1712711341, 1, 729, 9551, 9455, 3815, 16.84%, 0, 6, 4, 1167.44, 1223844
1712711346, 1, 729, 9910, 9814, 3815, 16.98%, 0, 6, 4, 781.80, 1227230
1712711351, 1, 730, 9931, 9835, 3994, 17.00%, 0, 6, 4, 461.71, 1229857
1712711546, 1, 734, 9931, 9834, 3993, 17.00%, 0, 6, 4, 0.80, 1241180
1712711551, 1, 736, 9931, 9833, 3992, 17.00%, 0, 6, 4, 1089.32, 1246732
1712711561, 1, 740, 9931, 9832, 3991, 17.00%, 0, 6, 4, 1111.78, 1253182
1712711572, 1, 741, 9931, 9831, 3990, 17.00%, 0, 6, 4, 897.40, 1260926
1712711761, 1, 747, 9931, 9830, 3989, 17.00%, 0, 6, 4, 638.17, 1269043
1712711766, 1, 747, 9934, 9833, 3989, 17.00%, 0, 6, 4, 749.09, 1273114
1712711972, 1, 749, 9934, 9832, 3990, 17.00%, 0, 6, 4, 1205.61, 1294888
1712711977, 1, 753, 9935, 9832, 3989, 17.00%, 0, 6, 4, 1205.25, 1299378
1712711982, 1, 753, 9936, 9833, 3989, 17.00%, 0, 6, 4, 875.62, 1302958
1712711987, 1, 753, 9937, 9834, 3989, 17.00%, 0, 6, 4, 949.90, 1307844
1712711992, 1, 753, 9938, 9835, 3989, 17.00%, 0, 6, 4, 1011.03, 1312962
1712712182, 1, 757, 9938, 9834, 3991, 17.00%, 0, 6, 4, 1094.53, 1322710
1712712193, 1, 759, 9938, 9833, 3990, 17.00%, 0, 6, 4, 1482.40, 1329152
1712712203, 1, 764, 9938, 9832, 3989, 17.00%, 0, 6, 4, 1041.53, 1339872
1712712387, 1, 764, 9939, 9833, 3989, 17.00%, 0, 6, 4, 0.42, 1343325
1712712397, 1, 765, 9939, 9832, 3989, 17.00%, 0, 6, 4, 907.06, 1352170
1712712402, 1, 766, 9939, 9831, 3988, 17.00%, 0, 6, 4, 1016.54, 1357018
1712712413, 1, 780, 9939, 9830, 3987, 17.00%, 0, 6, 4, 908.13, 1364238
1712712603, 1, 782, 9939, 9829, 3986, 17.00%, 0, 6, 4, 234.78, 1372008
1712712608, 1, 786, 9939, 9828, 3985, 17.00%, 0, 6, 4, 1478.68, 1375937
1712712618, 1, 790, 9939, 9827, 3984, 17.00%, 0, 6, 4, 1088.87, 1385263
1712712623, 1, 791, 9939, 9826, 3983, 17.00%, 0, 6, 4, 567.53, 1389453
1712712809, 1, 794, 9939, 9825, 3982, 17.00%, 0, 6, 4, 0.50, 1393756
1712712819, 1, 796, 9939, 9824, 3981, 17.00%, 0, 6, 4, 497.85, 1401096
1712712825, 1, 796, 9940, 9825, 3981, 17.00%, 0, 6, 4, 739.63, 1405254
1712712835, 1, 797, 9940, 9824, 3981, 17.00%, 0, 6, 4, 35.46, 1412654
1712713031, 1, 800, 9940, 9823, 3980, 17.00%, 0, 6, 4, 3.09, 1417758
1712713041, 1, 801, 9940, 9822, 3979, 17.00%, 0, 6, 4, 501.85, 1426872
1712713229, 1, 803, 9940, 9821, 3978, 17.00%, 0, 6, 4, 0.81, 1430618
1712713239, 1, 803, 9941, 9822, 3978, 17.00%, 0, 6, 4, 1181.94, 1438903
1712713244, 1, 803, 9942, 9823, 3978, 17.00%, 0, 6, 4, 1104.80, 1443507
1712713255, 1, 806, 9942, 9822, 3978, 17.00%, 0, 6, 4, 1138.82, 1455279
1712715398, 1, 806, 10077, 9956, 3977, 17.10%, 0, 8, 4, 129.65, 1462914
1712715403, 1, 806, 10199, 10078, 3977, 17.16%, 0, 9, 4, 152.67, 1464170
1712715409, 1, 806, 10450, 10329, 3977, 17.25%, 0, 10, 4, 556.74, 1466749
1712715414, 1, 808, 10530, 10409, 4080, 17.29%, 0, 10, 4, 954.04, 1472093
1712715419, 1, 812, 10530, 10408, 4079, 17.29%, 0, 10, 4, 1083.98, 1477605
1712715424, 1, 813, 10530, 10407, 4078, 17.29%, 0, 10, 4, 1328.28, 1482306
1712715429, 1, 822, 10530, 10406, 4077, 17.29%, 0, 10, 4, 1672.93, 1487313
1712715440, 1, 825, 10530, 10405, 4076, 17.29%, 0, 10, 4, 1210.00, 1495247
1712715450, 1, 830, 10531, 10405, 4075, 17.29%, 0, 10, 4, 1049.06, 1502937
1712715460, 1, 831, 10531, 10404, 4074, 17.29%, 0, 10, 4, 1128.74, 1513844
1712715465, 1, 833, 10531, 10403, 4073, 17.29%, 0, 10, 4, 849.94, 1518426
1712715475, 1, 834, 10531, 10402, 4072, 17.29%, 0, 10, 4, 166.20, 1524787
1712715544, 1, 835, 10531, 10401, 4071, 17.29%, 0, 10, 4, 1.05, 1530552
1712715554, 1, 836, 10532, 10401, 4070, 17.29%, 0, 10, 4, 1180.66, 1538012
1712715569, 1, 836, 10533, 10402, 4070, 17.29%, 0, 10, 4, 963.34, 1550315
1712715754, 1, 836, 10536, 10405, 4070, 17.29%, 0, 10, 4, 0.70, 1553833
1712715765, 1, 837, 10536, 10404, 4069, 17.29%, 0, 10, 4, 841.49, 1562346
1712715775, 1, 843, 10536, 10403, 4068, 17.29%, 0, 10, 4, 892.09, 1568616
1712715964, 1, 844, 10536, 10402, 4067, 17.29%, 0, 10, 4, 1.33, 1574009
1712715976, 1, 844, 10537, 10403, 4067, 17.29%, 0, 10, 4, 784.89, 1581137
1712715986, 1, 846, 10537, 10402, 4067, 17.29%, 0, 10, 4, 787.20, 1586790
1712716175, 1, 846, 10538, 10403, 4067, 17.29%, 0, 10, 4, 0.53, 1591646
1712716185, 1, 846, 10539, 10404, 4067, 17.30%, 0, 10, 4, 844.64, 1597942
1712716201, 1, 853, 10539, 10403, 4068, 17.30%, 0, 10, 4, 840.63, 1611329
1712716391, 1, 854, 10539, 10402, 4067, 17.30%, 0, 10, 4, 102.55, 1617699
1712716401, 1, 855, 10539, 10401, 4066, 17.30%, 0, 10, 4, 844.42, 1623155
1712716412, 1, 858, 10539, 10400, 4065, 17.30%, 0, 10, 4, 33.29, 1630412
1712716602, 1, 859, 10539, 10399, 4064, 17.30%, 0, 10, 4, 143.78, 1636773
1712716618, 1, 860, 10539, 10398, 4063, 17.30%, 0, 10, 4, 137.75, 1644153
1712716623, 1, 861, 10539, 10397, 4062, 17.30%, 0, 10, 4, 46.80, 1648243
1712716816, 1, 862, 10539, 10396, 4061, 17.30%, 0, 10, 4, 936.61, 1657376
1712716826, 1, 868, 10539, 10395, 4060, 17.30%, 0, 10, 4, 409.24, 1663197
1712716831, 1, 868, 10541, 10397, 4060, 17.30%, 0, 10, 4, 632.11, 1666821
1712717036, 1, 871, 10541, 10396, 4060, 17.30%, 0, 10, 4, 896.65, 1688068
1712717041, 1, 872, 10541, 10395, 4059, 17.30%, 0, 10, 4, 892.65, 1692717
1712717226, 1, 874, 10541, 10394, 4058, 17.30%, 0, 10, 4, 0.95, 1697248
1712717237, 1, 877, 10541, 10393, 4057, 17.30%, 0, 10, 4, 906.00, 1704703
1712717247, 1, 881, 10541, 10392, 4056, 17.30%, 0, 10, 4, 93.24, 1712570
1712717252, 1, 883, 10541, 10391, 4055, 17.30%, 0, 10, 4, 1252.12, 1716556
1712717442, 1, 884, 10541, 10390, 4054, 17.30%, 0, 10, 4, 1347.07, 1722456
1712717452, 1, 890, 10541, 10389, 4053, 17.30%, 0, 10, 4, 86.65, 1729652
1712717463, 1, 891, 10541, 10388, 4052, 17.30%, 0, 10, 4, 1647.55, 1735302
1712719752, 1, 891, 10541, 10388, 4052, 17.30%, 0, 11, 4, 0.06, 1737756
1712719757, 1, 892, 10541, 10387, 4051, 17.30%, 0, 11, 4, 806.12, 1741901
1712719767, 1, 895, 10541, 10386, 4050, 17.30%, 0, 11, 4, 841.60, 1749876
1712719773, 1, 895, 10542, 10387, 4050, 17.30%, 0, 11, 4, 871.41, 1752706
1712719778, 1, 895, 10545, 10390, 4050, 17.30%, 0, 11, 4, 894.60, 1755603
1712719962, 1, 895, 10547, 10392, 4050, 17.30%, 0, 11, 4, 0.44, 1758412
1712719967, 1, 895, 10550, 10395, 4050, 17.30%, 0, 11, 4, 875.89, 1763089
1712719972, 1, 895, 10551, 10396, 4050, 17.30%, 0, 11, 4, 820.62, 1767276
1712719983, 1, 895, 10659, 10503, 4049, 17.35%, 0, 12, 4, 499.93, 1773314
1712719988, 1, 904, 10677, 10521, 4072, 17.35%, 0, 12, 4, 716.54, 1777349
1712720172, 1, 907, 10677, 10520, 4071, 17.35%, 0, 12, 4, 0.42, 1780906
1712720184, 1, 909, 10677, 10519, 4070, 17.35%, 0, 12, 4, 38.88, 1786255
1712720194, 1, 912, 10677, 10518, 4069, 17.35%, 0, 12, 4, 86.58, 1792612
1712720388, 1, 914, 10677, 10517, 4068, 17.35%, 0, 12, 4, 1405.44, 1800076
1712720399, 1, 914, 10678, 10518, 4068, 17.35%, 0, 12, 4, 668.53, 1804340
1712720404, 1, 914, 10679, 10519, 4068, 17.36%, 0, 12, 4, 506.55, 1806487
1712720409, 1, 914, 10680, 10520, 4068, 17.36%, 0, 12, 4, 915.11, 1811438
1712720604, 1, 918, 10680, 10519, 4070, 17.36%, 0, 12, 4, 898.88, 1825047
1712720614, 1, 919, 10680, 10518, 4069, 17.36%, 0, 12, 4, 604.09, 1831121
1712723899, 1, 921, 10680, 10517, 4068, 17.36%, 0, 12, 4, 0.01, 1837373
1712723970, 1, 924, 10680, 10516, 4068, 17.36%, 0, 12, 4, 1203.90, 1844030
1712723980, 1, 925, 10680, 10515, 4067, 17.36%, 0, 12, 4, 1238.46, 1851460
1712724170, 1, 925, 10788, 10622, 4066, 17.47%, 0, 12, 4, 0.45, 1856654
1712724175, 1, 926, 11254, 11088, 4171, 17.62%, 0, 12, 4, 972.95, 1861567
1712724186, 1, 928, 11254, 11087, 4170, 17.62%, 0, 12, 4, 528.66, 1867711
1712724196, 1, 930, 11254, 11086, 4169, 17.62%, 0, 12, 4, 728.61, 1875485
1712724381, 1, 930, 11255, 11087, 4169, 17.62%, 0, 12, 4, 0.42, 1879029
1712724386, 1, 930, 11258, 11090, 4169, 17.62%, 0, 12, 4, 1071.88, 1884330
1712724406, 1, 931, 11258, 11089, 4167, 17.62%, 0, 12, 4, 750.55, 1899130
1712724596, 1, 932, 11258, 11088, 4166, 17.62%, 0, 12, 4, 79.85, 1905246
1712724607, 1, 935, 11258, 11087, 4165, 17.62%, 0, 12, 4, 109.72, 1912777
1712724617, 1, 939, 11259, 11087, 4164, 17.62%, 0, 12, 4, 990.27, 1919732
1712724806, 1, 939, 11260, 11088, 4164, 17.62%, 0, 12, 4, 919.71, 1926979
1712725012, 1, 946, 11260, 11087, 4164, 17.62%, 0, 12, 4, 0.47, 1944217
1712725027, 1, 949, 11260, 11086, 4163, 17.62%, 0, 12, 4, 46.09, 1950510
1712725222, 1, 951, 11260, 11085, 4162, 17.62%, 0, 12, 4, 0.87, 1955619
1712725232, 1, 953, 11261, 11085, 4161, 17.62%, 0, 12, 4, 1329.24, 1964055
1712725243, 1, 953, 11264, 11088, 4161, 17.62%, 0, 12, 4, 941.60, 1969877
1712725432, 1, 953, 11265, 11089, 4161, 17.62%, 0, 12, 4, 0.93, 1978651
1712725442, 1, 955, 11265, 11088, 4162, 17.62%, 0, 12, 4, 814.27, 1987993
1712725447, 1, 955, 11267, 11090, 4162, 17.63%, 0, 12, 4, 731.37, 1990163
1712725644, 1, 955, 11268, 11091, 4162, 17.63%, 0, 12, 4, 0.52, 1997346
1712725665, 1, 956, 11268, 11090, 4162, 17.63%, 0, 12, 4, 95.89, 2012940
1712725859, 1, 958, 11268, 11089, 4161, 17.63%, 0, 12, 4, 117.99, 2019322
1712725874, 1, 960, 11268, 11088, 4160, 17.63%, 0, 12, 4, 824.00, 2026427
1712728167, 1, 961, 11268, 11087, 4159, 17.63%, 0, 12, 4, 0.06, 2030915
1712728178, 1, 964, 11268, 11086, 4158, 17.63%, 0, 12, 4, 752.37, 2039746
1712728183, 1, 964, 11269, 11087, 4158, 17.63%, 0, 12, 4, 730.47, 2043468
1712728193, 1, 965, 11269, 11086, 4157, 17.63%, 0, 12, 4, 728.37, 2050538
1712728383, 1, 970, 11269, 11085, 4156, 17.63%, 0, 12, 4, 992.73, 2057442
1712728393, 1, 971, 11269, 11084, 4155, 17.63%, 0, 12, 4, 835.34, 2065473
1712728398, 1, 972, 11345, 11159, 4162, 17.65%, 0, 12, 4, 822.43, 2069835
1712728588, 1, 975, 11345, 11158, 4161, 17.65%, 0, 12, 4, 0.71, 2077716
1712728593, 1, 978, 11345, 11157, 4160, 17.65%, 0, 12, 4, 937.13, 2082951
1712728604, 1, 979, 11345, 11156, 4159, 17.65%, 0, 12, 4, 1197.02, 2089559
1712728614, 1, 981, 11345, 11155, 4158, 17.65%, 0, 12, 4, 955.59, 2098843
1712728798, 1, 982, 11345, 11154, 4157, 17.65%, 0, 12, 4, 0.71, 2101419
1712728809, 1, 986, 11346, 11154, 4156, 17.65%, 0, 12, 4, 1113.47, 2110580
1712728825, 1, 987, 11346, 11153, 4155, 17.65%, 0, 12, 4, 20.40, 2121083
1712729022, 1, 990, 11346, 11152, 4154, 17.65%, 0, 12, 4, 10.77, 2126198
1712729038, 1, 994, 11346, 11151, 4153, 17.65%, 0, 12, 4, 1231.29, 2135821
1712729224, 1, 999, 11346, 11150, 4152, 17.65%, 0, 12, 4, 1072.27, 2140918
1712729236, 1, 1002, 11347, 11150, 4151, 17.65%, 0, 12, 4, 990.46, 2147466
1712729429, 1, 1007, 11347, 11149, 4150, 17.65%, 0, 12, 4, 1.14, 2158948
1712729440, 1, 1007, 11348, 11150, 4150, 17.65%, 0, 12, 4, 100.73, 2166141
1712729451, 1, 1011, 11348, 11149, 4150, 17.65%, 0, 12, 4, 1020.99, 2172900
1712729640, 1, 1014, 11348, 11148, 4149, 17.65%, 0, 12, 4, 0.52, 2178139
1712729650, 1, 1015, 11348, 11147, 4148, 17.65%, 0, 12, 4, 103.20, 2186232
1712729655, 1, 1017, 11348, 11146, 4147, 17.65%, 0, 12, 4, 950.72, 2190534
1712729850, 1, 1018, 11348, 11145, 4146, 17.65%, 0, 12, 4, 1.10, 2197566
1712729861, 1, 1020, 11348, 11144, 4145, 17.65%, 0, 12, 4, 91.90, 2204309
1712729871, 1, 1021, 11349, 11144, 4144, 17.65%, 0, 12, 4, 1354.26, 2209202
1712729876, 1, 1021, 11353, 11148, 4144, 17.65%, 0, 12, 4, 1016.60, 2213593
1712730060, 1, 1021, 11355, 11150, 4144, 17.65%, 0, 12, 4, 0.84, 2216837
1712730081, 1, 1024, 11357, 11151, 4144, 17.65%, 0, 12, 4, 961.07, 2237502
1712732390, 1, 1026, 11357, 11150, 4145, 17.65%, 0, 12, 4, 1156.81, 2260751
1712732402, 1, 1028, 11357, 11149, 4144, 17.65%, 0, 12, 4, 23.59, 2266507
1712732595, 1, 1030, 11357, 11148, 4143, 17.65%, 0, 12, 4, 1382.60, 2272776
1712732605, 1, 1031, 11357, 11147, 4142, 17.65%, 0, 12, 4, 838.87, 2280329
1712732611, 1, 1038, 11440, 11229, 4156, 17.68%, 0, 12, 4, 910.98, 2284347
1712732805, 1, 1040, 11440, 11228, 4155, 17.68%, 0, 12, 4, 993.12, 2294274
1712732811, 1, 1048, 11440, 11227, 4154, 17.68%, 0, 12, 4, 813.81, 2298217
1712732821, 1, 1048, 11441, 11228, 4154, 17.69%, 0, 12, 4, 1000.76, 2304488
1712733011, 1, 1048, 11442, 11229, 4154, 17.69%, 0, 12, 4, 1014.88, 2313336
1712733021, 1, 1051, 11442, 11228, 4154, 17.69%, 0, 12, 4, 940.92, 2322974
1712733031, 1, 1056, 11442, 11227, 4153, 17.69%, 0, 12, 4, 161.43, 2329408
1712733221, 1, 1059, 11442, 11226, 4152, 17.69%, 0, 12, 4, 1566.09, 2335081
1712733239, 1, 1060, 11442, 11225, 4151, 17.69%, 0, 12, 4, 78.07, 2340884
1712733431, 1, 1067, 11442, 11224, 4150, 17.69%, 0, 12, 4, 929.08, 2349917
1712733442, 1, 1069, 11443, 11224, 4149, 17.69%, 0, 12, 4, 828.20, 2357855
1712733637, 1, 1072, 11443, 11223, 4149, 17.69%, 0, 12, 4, 0.59, 2369366
1712733642, 1, 1078, 11443, 11222, 4148, 17.69%, 0, 12, 4, 34.90, 2373606
1712733652, 1, 1081, 11444, 11222, 4147, 17.69%, 0, 12, 4, 1089.67, 2380075
1712733657, 1, 1081, 11445, 11223, 4147, 17.69%, 0, 12, 4, 1007.52, 2384947
1712733662, 1, 1081, 11446, 11224, 4147, 17.69%, 0, 12, 4, 849.31, 2389066
1712733852, 1, 1081, 11447, 11225, 4147, 17.69%, 0, 12, 4, 962.91, 2397139
1712733862, 1, 1083, 11447, 11224, 4150, 17.69%, 0, 12, 4, 778.21, 2405677
1712733873, 1, 1084, 11447, 11223, 4149, 17.69%, 0, 12, 4, 984.76, 2412459
1712734063, 1, 1088, 11447, 11222, 4148, 17.69%, 0, 12, 4, 137.50, 2418360
1712734068, 1, 1088, 11448, 11223, 4148, 17.70%, 0, 12, 4, 167.27, 2421429
1712734073, 1, 1088, 11453, 11228, 4148, 17.70%, 0, 12, 4, 879.00, 2425092
1712734078, 1, 1088, 11454, 11229, 4148, 17.70%, 0, 12, 4, 884.02, 2429650
1712734268, 1, 1088, 11455, 11230, 4148, 17.70%, 0, 12, 4, 0.50, 2437668
1712734273, 1, 1089, 11455, 11229, 4148, 17.70%, 0, 12, 4, 1014.49, 2442465
1712734283, 1, 1091, 11455, 11228, 4147, 17.70%, 0, 12, 4, 773.48, 2449999
1712734288, 1, 1096, 11455, 11227, 4146, 17.70%, 0, 12, 4, 884.35, 2454612
1712736587, 1, 1098, 11455, 11226, 4145, 17.70%, 0, 12, 4, 1387.25, 2460376
1712736598, 1, 1105, 11455, 11225, 4144, 17.70%, 0, 12, 4, 58.82, 2466459
1712736608, 1, 1106, 11545, 11314, 4156, 17.75%, 0, 12, 4, 904.21, 2474280
1712736802, 1, 1107, 11545, 11313, 4155, 17.75%, 0, 12, 4, 620.67, 2482478
1712736813, 1, 1110, 11545, 11312, 4154, 17.75%, 0, 12, 4, 809.86, 2489599
1712736820, 1, 1112, 11545, 11311, 4153, 17.75%, 0, 12, 4, 93.92, 2493972
1712737017, 1, 1113, 11545, 11310, 4152, 17.75%, 0, 12, 4, 44.73, 2499079
1712737028, 1, 1115, 11545, 11309, 4151, 17.75%, 0, 12, 4, 147.32, 2505444
1712737218, 1, 1115, 11546, 11310, 4151, 17.75%, 0, 12, 4, 118.38, 2511820
1712737223, 1, 1115, 11548, 11312, 4151, 17.76%, 0, 12, 4, 476.56, 2514089
1712737428, 1, 1116, 11548, 11311, 4153, 17.76%, 0, 12, 4, 915.33, 2534258
1712737434, 1, 1118, 11548, 11310, 4152, 17.76%, 0, 12, 4, 9.71, 2537905
1712737445, 1, 1119, 11548, 11309, 4151, 17.76%, 0, 12, 4, 152.39, 2543023
1712737644, 1, 1120, 11548, 11308, 4150, 17.76%, 0, 12, 4, 780.36, 2552218
1712737649, 1, 1122, 11548, 11307, 4149, 17.76%, 0, 12, 4, 816.20, 2555737
1712737660, 1, 1126, 11548, 11306, 4148, 17.76%, 0, 12, 4, 795.18, 2563387
1712737844, 1, 1126, 11549, 11307, 4148, 17.76%, 0, 12, 4, 0.80, 2566010
1712737854, 1, 1126, 11552, 11310, 4148, 17.76%, 0, 12, 4, 948.00, 2573152
1712738054, 1, 1127, 11552, 11309, 4150, 17.76%, 0, 12, 4, 0.66, 2589803
1712738059, 1, 1128, 11552, 11308, 4149, 17.76%, 0, 12, 4, 12.53, 2593312
1712738070, 1, 1129, 11552, 11307, 4148, 17.76%, 0, 12, 4, 937.38, 2601706
1712738080, 1, 1131, 11552, 11306, 4148, 17.76%, 0, 12, 4, 897.66, 2608910
1712738270, 1, 1134, 11553, 11306, 4147, 17.76%, 0, 12, 4, 1108.71, 2614484
1712738475, 1, 1135, 11553, 11305, 4147, 17.76%, 0, 12, 4, 0.76, 2627202
1712738487, 1, 1136, 11553, 11304, 4146, 17.76%, 0, 12, 4, 1031.61, 2632969
1712738497, 1, 1144, 11553, 11303, 4145, 17.76%, 0, 12, 4, 69.86, 2638872
1712738626, 1, 1144, 11553, 11302, 4144, 17.76%, 0, 12, 4, 0.56, 2643990
1712738631, 1, 1152, 11658, 11407, 4155, 17.79%, 0, 12, 4, 1086.10, 2649143
1712738636, 1, 1158, 11658, 11406, 4154, 17.79%, 0, 12, 4, 1052.80, 2652976
1712738648, 1, 1160, 11658, 11405, 4153, 17.79%, 0, 12, 4, 68.94, 2657650
1712738658, 1, 1161, 11658, 11404, 4152, 17.79%, 0, 12, 4, 1034.18, 2667375
1712738663, 1, 1170, 11658, 11403, 4151, 17.79%, 0, 12, 4, 1287.47, 2672370
1712738674, 1, 1171, 11659, 11403, 4150, 17.79%, 0, 12, 4, 1174.13, 2679332
1712738695, 1, 1174, 11660, 11403, 4149, 17.79%, 0, 12, 4, 1115.64, 2692494
1712738711, 1, 1177, 11663, 11405, 4148, 17.79%, 0, 12, 4, 1104.27, 2705376
1712738726, 1, 1177, 11664, 11406, 4148, 17.79%, 0, 12, 4, 1472.49, 2719800
1712738731, 1, 1177, 11665, 11407, 4148, 17.79%, 0, 12, 4, 1095.81, 2724334
1712738736, 1, 1178, 11665, 11406, 4147, 17.79%, 0, 12, 4, 161.31, 2728232
1712738747, 1, 1179, 11665, 11405, 4146, 17.79%, 0, 12, 4, 1326.56, 2733785
1712738758, 1, 1185, 11666, 11405, 4145, 17.79%, 0, 12, 4, 105.07, 2740905
1712738769, 1, 1185, 11668, 11407, 4145, 17.80%, 0, 12, 4, 9.84, 2747069
1712738779, 1, 1185, 11669, 11408, 4145, 17.80%, 0, 12, 4, 1102.33, 2755801
1712738784, 1, 1185, 11670, 11409, 4145, 17.80%, 0, 12, 4, 1080.75, 2761323
1712738790, 1, 1186, 11671, 11409, 4147, 17.80%, 0, 12, 4, 1276.29, 2766267
1712738800, 1, 1189, 11672, 11409, 4146, 17.80%, 0, 12, 4, 1372.60, 2772618
1712738805, 1, 1189, 11673, 11410, 4146, 17.80%, 0, 12, 4, 1060.89, 2777612
1712738810, 1, 1189, 11677, 11414, 4146, 17.80%, 0, 12, 4, 1067.44, 2782894
1712738815, 1, 1189, 11678, 11415, 4146, 17.80%, 0, 12, 4, 1202.45, 2789040
1712738820, 1, 1189, 11679, 11416, 4146, 17.80%, 0, 12, 4, 1194.88, 2795166
1712738825, 1, 1190, 11679, 11415, 4148, 17.80%, 0, 12, 4, 244.56, 2800205
1712738831, 1, 1190, 11685, 11421, 4148, 17.81%, 0, 12, 4, 162.44, 2805192
1712738836, 1, 1190, 11688, 11424, 4148, 17.81%, 0, 12, 4, 1030.16, 2810348
1712738846, 1, 1192, 11688, 11423, 4154, 17.81%, 0, 12, 4, 1131.59, 2821286
1712738851, 1, 1196, 11688, 11422, 4153, 17.81%, 0, 12, 4, 1101.37, 2826858
1712738862, 1, 1197, 11688, 11421, 4152, 17.81%, 0, 12, 4, 956.05, 2836325
1712738868, 1, 1198, 11688, 11420, 4151, 17.81%, 0, 12, 4, 112.98, 2839389
1712738878, 1, 1200, 11688, 11419, 4150, 17.81%, 0, 12, 4, 75.11, 2847005
1712738888, 1, 1203, 11688, 11418, 4149, 17.81%, 0, 12, 4, 1059.95, 2855356
1712738893, 1, 1203, 11689, 11419, 4149, 17.82%, 0, 12, 4, 567.07, 2858704
1712738898, 1, 1203, 11691, 11421, 4149, 17.82%, 0, 12, 4, 1012.42, 2862980
1712738904, 1, 1203, 11692, 11422, 4149, 17.82%, 0, 12, 4, 1088.70, 2868727
1712738914, 1, 1205, 11692, 11421, 4150, 17.82%, 0, 12, 4, 1122.81, 2880390
1712738919, 1, 1207, 11692, 11420, 4149, 17.82%, 0, 12, 4, 359.38, 2885958
1712738924, 1, 1208, 11692, 11419, 4148, 17.82%, 0, 12, 4, 837.59, 2890542
1712738934, 1, 1208, 11693, 11420, 4148, 17.82%, 0, 12, 4, 1141.37, 2898639
1712738940, 1, 1211, 11693, 11419, 4147, 17.82%, 0, 12, 4, 151.14, 2903366
1712738950, 1, 1219, 11693, 11418, 4146, 17.82%, 0, 12, 4, 1579.75, 2910327
1712738960, 1, 1222, 11694, 11418, 4145, 17.82%, 0, 12, 4, 1288.31, 2916526
1712738965, 1, 1222, 11696, 11420, 4145, 17.82%, 0, 12, 4, 1132.19, 2922013
1712738970, 1, 1222, 11698, 11422, 4145, 17.82%, 0, 12, 4, 1195.12, 2927345
1712738976, 1, 1222, 11700, 11424, 4145, 17.82%, 0, 12, 4, 1187.51, 2932828
1712738986, 1, 1226, 11700, 11423, 4147, 17.82%, 0, 12, 4, 52.53, 2941905
1712738997, 1, 1227, 11700, 11422, 4146, 17.82%, 0, 12, 4, 985.07, 2947522
1712739007, 1, 1229, 11700, 11421, 4145, 17.82%, 0, 12, 4, 1014.02, 2956449
1712739012, 1, 1234, 11700, 11420, 4144, 17.82%, 0, 12, 4, 53.00, 2960040
1712739024, 1, 1240, 11700, 11419, 4143, 17.82%, 0, 12, 4, 90.45, 2966432
1712739034, 1, 1241, 11700, 11418, 4142, 17.82%, 0, 12, 4, 29.29, 2972795
1712739045, 1, 1244, 11700, 11417, 4141, 17.82%, 0, 12, 4, 95.92, 2979160
1712739057, 1, 1245, 11700, 11416, 4140, 17.82%, 0, 12, 4, 187.40, 2985505
1712739068, 1, 1254, 11700, 11415, 4139, 17.82%, 0, 12, 4, 164.63, 2992885
1712739078, 1, 1255, 11700, 11414, 4138, 17.82%, 0, 12, 4, 913.44, 3000754
1712739083, 1, 1256, 11700, 11413, 4137, 17.82%, 0, 12, 4, 1394.92, 3005285
1712739093, 1, 1257, 11700, 11412, 4136, 17.82%, 0, 12, 4, 1073.32, 3012804
1712739098, 1, 1260, 11700, 11411, 4135, 17.82%, 0, 12, 4, 27.51, 3016050
1712739109, 1, 1261, 11700, 11410, 4134, 17.82%, 0, 12, 4, 1069.95, 3023884
1712739114, 1, 1262, 11700, 11409, 4134, 17.82%, 0, 12, 4, 1036.42, 3028687
1712739125, 1, 1273, 11700, 11408, 4134, 17.82%, 0, 12, 4, 901.39, 3036871
1712739130, 1, 1276, 11700, 11407, 4133, 17.82%, 0, 12, 4, 866.53, 3039937
1712739140, 1, 1279, 11700, 11406, 4132, 17.82%, 0, 12, 4, 150.24, 3047547
1712739145, 1, 1279, 11702, 11408, 4132, 17.83%, 0, 12, 4, 171.92, 3050655
1712739171, 1, 1281, 11702, 11407, 4133, 17.83%, 0, 12, 4, 72.45, 3072370
1712739181, 1, 1287, 11702, 11406, 4132, 17.83%, 0, 12, 4, 515.69, 3079673
1712739186, 1, 1288, 11702, 11405, 4131, 17.83%, 0, 12, 4, 808.67, 3083837
1712739197, 1, 1290, 11702, 11404, 4130, 17.83%, 0, 12, 4, 1179.87, 3094519
1712740790, 1, 1292, 11702, 11403, 4129, 17.83%, 0, 12, 4, 0.12, 3097271
1712740795, 1, 1296, 11702, 11402, 4128, 17.83%, 0, 12, 4, 1084.35, 3103280
1712740805, 1, 1296, 11723, 11422, 4127, 17.84%, 0, 12, 4, 814.61, 3109310
1712740810, 1, 1300, 11837, 11536, 4144, 17.87%, 0, 12, 4, 668.19, 3112520
1712741000, 1, 1310, 11837, 11535, 4143, 17.87%, 0, 12, 4, 0.94, 3119832
1712741005, 1, 1312, 11837, 11534, 4142, 17.87%, 0, 12, 4, 727.35, 3123266
1712741017, 1, 1314, 11837, 11533, 4141, 17.87%, 0, 12, 4, 52.20, 3129332
1712741027, 1, 1316, 11837, 11532, 4140, 17.87%, 0, 12, 4, 42.90, 3137139
1712741216, 1, 1320, 11837, 11531, 4139, 17.87%, 0, 12, 4, 143.83, 3143482
1712741226, 1, 1326, 11838, 11531, 4138, 17.87%, 0, 12, 4, 729.32, 3149865
1712741421, 1, 1326, 11839, 11532, 4138, 17.87%, 0, 12, 4, 0.08, 3158918
1712741442, 1, 1329, 11839, 11531, 4139, 17.87%, 0, 12, 4, 780.51, 3175984
1712741447, 1, 1337, 11839, 11530, 4138, 17.87%, 0, 12, 4, 782.59, 3179848
1712741637, 1, 1339, 11839, 11529, 4137, 17.87%, 0, 12, 4, 99.79, 3186070
1712741647, 1, 1341, 11839, 11528, 4136, 17.87%, 0, 12, 4, 1146.31, 3193929
1712741657, 1, 1345, 11839, 11527, 4135, 17.87%, 0, 12, 4, 20.07, 3199876
1712741847, 1, 1348, 11839, 11526, 4134, 17.87%, 0, 12, 4, 57.74, 3204988
1712741859, 1, 1349, 11839, 11525, 4133, 17.87%, 0, 12, 4, 87.47, 3212646
1712742052, 1, 1350, 11839, 11524, 4132, 17.87%, 0, 12, 4, 0.11, 3217753
1712742063, 1, 1353, 11839, 11523, 4131, 17.87%, 0, 12, 4, 161.26, 3224137
1712742073, 1, 1354, 11839, 11522, 4130, 17.87%, 0, 12, 4, 940.00, 3230658
1712742078, 1, 1354, 11840, 11523, 4130, 17.87%, 0, 12, 4, 954.60, 3235458
1712742268, 1, 1357, 11840, 11522, 4129, 17.87%, 0, 12, 4, 926.42, 3243972
1712742278, 1, 1358, 11840, 11521, 4128, 17.87%, 0, 12, 4, 873.59, 3252438
1712742283, 1, 1358, 11841, 11522, 4128, 17.87%, 0, 12, 4, 1095.08, 3256186
1712742473, 1, 1364, 11841, 11520, 4127, 17.87%, 0, 12, 4, 0.73, 3263358
1712742484, 1, 1369, 11841, 11519, 4126, 17.87%, 0, 12, 4, 101.96, 3270991
1712742495, 1, 1370, 11841, 11518, 4125, 17.87%, 0, 12, 4, 53.75, 3276095
1712742500, 1, 1370, 11842, 11519, 4125, 17.87%, 0, 12, 4, 21.25, 3278371
1712742700, 1, 1370, 11843, 11520, 4125, 17.87%, 0, 12, 4, 882.67, 3290009
1712743360, 1, 1372, 11843, 11519, 4124, 17.87%, 0, 12, 4, 0.30, 3301853
1712743370, 1, 1374, 11843, 11518, 4123, 17.87%, 0, 12, 4, 960.00, 3308700
1712743380, 1, 1374, 11939, 11613, 4122, 17.89%, 0, 12, 4, 1116.47, 3314521
1712743385, 1, 1378, 11993, 11667, 4138, 17.90%, 0, 12, 4, 496.27, 3318108
1712743397, 1, 1379, 11993, 11666, 4137, 17.90%, 0, 12, 4, 62.04, 3323715
1712743408, 1, 1382, 11993, 11665, 4136, 17.90%, 0, 12, 4, 1174.70, 3330078
1712743413, 1, 1385, 11993, 11664, 4135, 17.90%, 0, 12, 4, 1017.02, 3334483
1712743424, 1, 1389, 11993, 11663, 4134, 17.90%, 0, 12, 4, 95.09, 3341800
1712743435, 1, 1390, 11993, 11662, 4133, 17.90%, 0, 12, 4, 114.96, 3349192
1712743445, 1, 1391, 11993, 11661, 4132, 17.90%, 0, 12, 4, 1303.77, 3354894
1712743450, 1, 1391, 11994, 11662, 4132, 17.90%, 0, 12, 4, 1088.35, 3360112
1712743461, 1, 1395, 11994, 11661, 4132, 17.90%, 0, 12, 4, 31.96, 3369004
1712743467, 1, 1398, 11994, 11660, 4131, 17.90%, 0, 12, 4, 161.10, 3372052
1712743482, 1, 1400, 11994, 11659, 4130, 17.90%, 0, 12, 4, 187.19, 3381708
1712743488, 1, 1401, 11994, 11658, 4129, 17.90%, 0, 12, 4, 145.74, 3384774
1712743499, 1, 1401, 11995, 11659, 4129, 17.90%, 0, 12, 4, 935.08, 3393636
1712743504, 1, 1403, 11995, 11658, 4128, 17.90%, 0, 12, 4, 1007.77, 3398213
1712743509, 1, 1403, 11996, 11659, 4128, 17.90%, 0, 12, 4, 937.32, 3402531
1712743514, 1, 1403, 11997, 11660, 4128, 17.90%, 0, 12, 4, 1030.56, 3407029
1712743529, 1, 1412, 11997, 11659, 4128, 17.90%, 0, 12, 4, 1081.70, 3423206
1712743540, 1, 1415, 11997, 11658, 4127, 17.90%, 0, 12, 4, 1149.70, 3431651
1712743545, 1, 1416, 11997, 11657, 4126, 17.90%, 0, 12, 4, 1031.35, 3436152
1712743550, 1, 1421, 11997, 11656, 4125, 17.90%, 0, 12, 4, 1082.01, 3441507
1712743560, 1, 1425, 11997, 11655, 4124, 17.90%, 0, 12, 4, 1420.99, 3448992
1712743565, 1, 1430, 11997, 11654, 4123, 17.90%, 0, 12, 4, 1134.45, 3454353
1712743582, 1, 1432, 11997, 11653, 4122, 17.90%, 0, 12, 4, 1289.03, 3461758
1712743593, 1, 1435, 11997, 11652, 4121, 17.90%, 0, 12, 4, 47.70, 3467589
1712743600, 1, 1435, 11998, 11653, 4121, 17.90%, 0, 12, 4, 90.95, 3469650
1712743610, 1, 1435, 12002, 11657, 4121, 17.90%, 0, 12, 4, 64.94, 3473776
1712743615, 1, 1435, 12008, 11663, 4121, 17.91%, 0, 12, 4, 1003.04, 3478774
1712743620, 1, 1435, 12009, 11664, 4121, 17.91%, 0, 12, 4, 1030.69, 3484000
1712743625, 1, 1435, 12011, 11666, 4121, 17.91%, 0, 12, 4, 1061.47, 3489419
1712743630, 1, 1437, 12011, 11665, 4123, 17.91%, 0, 12, 4, 1018.93, 3494401
1712743636, 1, 1440, 12011, 11664, 4122, 17.91%, 0, 12, 4, 940.54, 3499024
1712743641, 1, 1441, 12011, 11663, 4121, 17.91%, 0, 12, 4, 1016.87, 3504142
1712743652, 1, 1442, 12011, 11662, 4120, 17.91%, 0, 12, 4, 247.70, 3510515
1712743662, 1, 1444, 12011, 11661, 4120, 17.91%, 0, 12, 4, 931.95, 3519407
1712743667, 1, 1449, 12011, 11660, 4119, 17.91%, 0, 12, 4, 897.26, 3523713
1712743677, 1, 1450, 12011, 11659, 4118, 17.91%, 0, 12, 4, 1121.27, 3530592
1712743688, 1, 1455, 12011, 11658, 4117, 17.91%, 0, 12, 4, 18.56, 3538239
1712743698, 1, 1455, 12012, 11659, 4117, 17.91%, 0, 12, 4, 929.39, 3542735
1712743709, 1, 1457, 12013, 11659, 4116, 17.91%, 0, 12, 4, 985.86, 3549428
1712743724, 1, 1460, 12013, 11658, 4116, 17.91%, 0, 12, 4, 1009.36, 3565312
1712743729, 1, 1461, 12014, 11658, 4115, 17.91%, 0, 12, 4, 1065.15, 3570993
1712743741, 1, 1462, 12014, 11657, 4114, 17.91%, 0, 12, 4, 122.01, 3581097
1712743753, 1, 1464, 12014, 11656, 4113, 17.91%, 0, 12, 4, 15.53, 3588525
1712743763, 1, 1467, 12014, 11655, 4112, 17.91%, 0, 12, 4, 973.55, 3593779
1712743774, 1, 1469, 12014, 11654, 4111, 17.91%, 0, 12, 4, 1008.52, 3600920
1712743779, 1, 1471, 12014, 11653, 4110, 17.91%, 0, 12, 4, 1009.85, 3606134
1712743790, 1, 1474, 12014, 11652, 4109, 17.91%, 0, 12, 4, 111.53, 3611598
1712743807, 1, 1476, 12014, 11651, 4108, 17.91%, 0, 12, 4, 942.12, 3620229
1712743812, 1, 1478, 12014, 11650, 4107, 17.91%, 0, 12, 4, 1049.65, 3624701
1712743817, 1, 1478, 12015, 11651, 4107, 17.91%, 0, 12, 4, 1039.09, 3629586
1712743827, 1, 1480, 12015, 11650, 4106, 17.91%, 0, 12, 4, 1077.61, 3639240
1712743833, 1, 1481, 12015, 11649, 4104, 17.91%, 0, 12, 4, 190.48, 3644627
1712743843, 1, 1484, 12015, 11648, 4103, 17.91%, 0, 12, 4, 156.25, 3652025
1712743848, 1, 1484, 12016, 11649, 4103, 17.91%, 0, 12, 4, 994.46, 3656105
1712743859, 1, 1484, 12017, 11650, 4103, 17.91%, 0, 12, 4, 925.90, 3663959
1712743869, 1, 1485, 12017, 11649, 4103, 17.91%, 0, 12, 4, 1171.52, 3675802
1712743879, 1, 1488, 12017, 11648, 4102, 17.91%, 0, 12, 4, 1450.00, 3683486
1712743885, 1, 1489, 12017, 11647, 4101, 17.91%, 0, 12, 4, 1009.09, 3687280
1712745013, 1, 1492, 12049, 11678, 4109, 17.92%, 0, 12, 4, 86.45, 3695189
1712745024, 1, 1493, 12049, 11677, 4108, 17.92%, 0, 12, 4, 45.62, 3700301
1712745218, 1, 1498, 12049, 11676, 4107, 17.92%, 0, 12, 4, 500.99, 3709445
1712745223, 1, 1502, 12049, 11675, 4106, 17.92%, 0, 12, 4, 85.41, 3713015
1712745418, 1, 1506, 12049, 11674, 4105, 17.92%, 0, 12, 4, 0.66, 3721072
1712745429, 1, 1516, 12050, 11674, 4104, 17.92%, 0, 12, 4, 888.08, 3728585
1712745439, 1, 1516, 12051, 11675, 4104, 17.92%, 0, 12, 4, 690.49, 3734179
1712745444, 1, 1516, 12053, 11677, 4104, 17.92%, 0, 12, 4, 752.23, 3737391
1712749209, 1, 1516, 12055, 11679, 4104, 17.92%, 0, 12, 4, 1031.72, 3746027
1712749215, 1, 1517, 12056, 11679, 4104, 17.92%, 0, 12, 4, 955.38, 3750858
1712749226, 1, 1521, 12056, 11678, 4103, 17.92%, 0, 12, 4, 49.38, 3758218
1712749415, 1, 1527, 12056, 11677, 4102, 17.92%, 0, 12, 4, 0.52, 3763322
1712749431, 1, 1531, 12056, 11676, 4101, 17.92%, 0, 12, 4, 6.12, 3769706
1712749441, 1, 1536, 12286, 11905, 4137, 17.99%, 1, 12, 4, 829.15, 3778456
1712749635, 1, 1542, 12286, 11904, 4136, 17.99%, 1, 12, 4, 1055.46, 3787751
1712749641, 1, 1546, 12286, 11903, 4135, 17.99%, 1, 12, 4, 58.06, 3790829
1712749651, 1, 1555, 12286, 11902, 4134, 17.99%, 1, 12, 4, 825.30, 3798153
1712749841, 1, 1565, 12286, 11901, 4133, 17.99%, 1, 12, 4, 983.02, 3806775
1712749846, 1, 1566, 12286, 11900, 4132, 17.99%, 1, 12, 4, 177.14, 3811006
1712749856, 1, 1567, 12286, 11899, 4132, 17.99%, 1, 12, 4, 1187.21, 3816577
1712750047, 1, 1567, 12287, 11900, 4132, 17.99%, 1, 12, 4, 0.66, 3822499
1712750057, 1, 1568, 12287, 11899, 4132, 17.99%, 1, 12, 4, 947.34, 3831968
1712750062, 1, 1570, 12287, 11898, 4131, 17.99%, 1, 12, 4, 855.71, 3835973
1712750073, 1, 1571, 12287, 11897, 4130, 17.99%, 1, 12, 4, 875.24, 3841216
1712750268, 1, 1573, 12287, 11896, 4129, 17.99%, 1, 12, 4, 28.56, 3848836
1712750286, 1, 1574, 12287, 11895, 4128, 17.99%, 1, 12, 4, 229.44, 3855351
1712750478, 1, 1575, 12287, 11894, 4127, 17.99%, 1, 12, 4, 27.49, 3861587
1712750483, 1, 1575, 12288, 11895, 4127, 17.99%, 1, 12, 4, 79.35, 3864648
1712750677, 1, 1580, 12288, 11894, 4127, 17.99%, 1, 12, 4, 0.53, 3873084
1712750688, 1, 1584, 12288, 11893, 4126, 17.99%, 1, 12, 4, 618.90, 3880445
1712750698, 1, 1586, 12288, 11892, 4125, 17.99%, 1, 12, 4, 56.59, 3885562
1712750893, 1, 1589, 12288, 11891, 4124, 17.99%, 1, 12, 4, 960.46, 3893574
1712750903, 1, 1595, 12288, 11890, 4123, 17.99%, 1, 12, 4, 140.17, 3900643
1712750908, 1, 1596, 12288, 11889, 4122, 17.99%, 1, 12, 4, 883.47, 3904629
1712750913, 1, 1596, 12289, 11890, 4122, 17.99%, 1, 12, 4, 909.06, 3909265
1712751098, 1, 1596, 12291, 11892, 4122, 18.00%, 1, 12, 4, 1.26, 3913083
1712751113, 1, 1596, 12292, 11893, 4122, 18.00%, 1, 12, 4, 815.50, 3926515
1712751118, 1, 1598, 12293, 11893, 4125, 18.00%, 1, 12, 4, 801.64, 3930666
1712751123, 1, 1598, 12294, 11894, 4125, 18.00%, 1, 12, 4, 755.75, 3934668
1712753161, 1, 1599, 12474, 12073, 4159, 18.09%, 1, 12, 4, 989.33, 3956075
1712753171, 1, 1600, 12474, 12072, 4158, 18.09%, 1, 12, 4, 947.23, 3964275
1712753177, 1, 1607, 12474, 12071, 4157, 18.09%, 1, 12, 4, 1010.44, 3969305
1712753187, 1, 1608, 12474, 12070, 4156, 18.09%, 1, 12, 4, 719.83, 3977223
1712753197, 1, 1609, 12474, 12069, 4155, 18.09%, 1, 12, 4, 1002.57, 3982865
1712753207, 1, 1613, 12474, 12068, 4154, 18.09%, 1, 12, 4, 920.55, 3988681
1712753212, 1, 1613, 12475, 12069, 4154, 18.09%, 1, 12, 4, 964.89, 3993513
1712753222, 1, 1615, 12475, 12068, 4154, 18.09%, 1, 12, 4, 989.20, 4002152
1712753228, 1, 1619, 12475, 12067, 4153, 18.09%, 1, 12, 4, 146.96, 4006236
1712753238, 1, 1621, 12475, 12066, 4152, 18.09%, 1, 12, 4, 160.61, 4013841
1712753248, 1, 1622, 12476, 12066, 4151, 18.09%, 1, 12, 4, 979.56, 4021644
1712753259, 1, 1623, 12476, 12065, 4150, 18.09%, 1, 12, 4, 103.58, 4032673
1712753269, 1, 1624, 12476, 12064, 4149, 18.09%, 1, 12, 4, 190.01, 4039057
1712753280, 1, 1627, 12476, 12063, 4148, 18.09%, 1, 12, 4, 144.69, 4045364
1712753291, 1, 1632, 12477, 12063, 4147, 18.10%, 1, 12, 4, 1431.52, 4051495
1712753307, 1, 1634, 12477, 12062, 4147, 18.10%, 1, 12, 4, 66.06, 4065313
1712753318, 1, 1636, 12477, 12061, 4146, 18.10%, 1, 12, 4, 957.08, 4071561
1712753329, 1, 1642, 12477, 12060, 4145, 18.10%, 1, 12, 4, 1307.92, 4076448
1712753339, 1, 1644, 12477, 12059, 4144, 18.10%, 1, 12, 4, 1103.81, 4082757
1712753350, 1, 1644, 12478, 12060, 4144, 18.10%, 1, 12, 4, 62.87, 4088507
1712753417, 1, 1645, 12478, 12059, 4144, 18.10%, 1, 12, 4, 1137.54, 4095745
1712753427, 1, 1648, 12478, 12058, 4143, 18.10%, 1, 12, 4, 72.40, 4102213
1712753438, 1, 1650, 12479, 12058, 4142, 18.10%, 1, 12, 4, 1070.18, 4109981
1712753623, 1, 1650, 12480, 12059, 4142, 18.10%, 1, 12, 4, 0.42, 4111221
1712753628, 1, 1650, 12481, 12060, 4142, 18.10%, 1, 12, 4, 958.64, 4112976
1712753837, 1, 1653, 12481, 12059, 4142, 18.10%, 1, 12, 4, 1069.76, 4136501
1712753848, 1, 1654, 12481, 12058, 4142, 18.10%, 1, 12, 4, 120.40, 4144445
1712753853, 1, 1657, 12481, 12057, 4141, 18.10%, 1, 12, 4, 1263.94, 4147923
1712754049, 1, 1657, 12482, 12058, 4141, 18.10%, 1, 12, 4, 24.92, 4152885
1712754064, 1, 1661, 12482, 12057, 4141, 18.10%, 1, 12, 4, 65.34, 4163328
1712757559, 1, 1664, 12482, 12056, 4140, 18.10%, 1, 12, 4, 0.01, 4167683
1712757630, 1, 1665, 12482, 12055, 4139, 18.10%, 1, 12, 4, 772.99, 4174524
1712757640, 1, 1669, 12482, 12054, 4138, 18.10%, 1, 12, 4, 1139.96, 4180995
1712757830, 1, 1671, 12482, 12053, 4137, 18.10%, 1, 12, 4, 1.29, 4185960
1712757840, 1, 1674, 12482, 12052, 4136, 18.10%, 1, 12, 4, 932.70, 4193006
1712757856, 1, 1674, 12683, 12252, 4135, 18.53%, 1, 12, 4, 724.45, 4200120
1712758041, 1, 1674, 12923, 12492, 4135, 18.61%, 1, 12, 4, 0.50, 4202348
1712758046, 1, 1678, 13290, 12859, 4308, 18.72%, 1, 12, 4, 78.67, 4207101
1712758056, 1, 1682, 13290, 12858, 4307, 18.72%, 1, 12, 4, 1330.90, 4212729
1712758066, 1, 1688, 13290, 12857, 4306, 18.72%, 1, 12, 4, 705.57, 4218576
1712758262, 1, 1691, 13291, 12857, 4305, 18.72%, 1, 12, 4, 166.45, 4227252
1712758467, 1, 1692, 13291, 12856, 4304, 18.72%, 1, 12, 4, 840.79, 4240766
1712758472, 1, 1695, 13291, 12855, 4303, 18.72%, 1, 12, 4, 141.59, 4243833
1712758487, 1, 1696, 13291, 12854, 4302, 18.72%, 1, 12, 4, 735.72, 4252936
1712758677, 1, 1697, 13291, 12853, 4301, 18.72%, 1, 12, 4, 855.73, 4259540
1712758682, 1, 1698, 13291, 12852, 4300, 18.72%, 1, 12, 4, 1379.61, 4263702
1712758697, 1, 1707, 13291, 12851, 4299, 18.72%, 1, 12, 4, 49.01, 4269314
1712758882, 1, 1707, 13292, 12852, 4299, 18.72%, 1, 12, 4, 0.11, 4272137
1712758902, 1, 1707, 13294, 12854, 4299, 18.73%, 1, 12, 4, 837.84, 4285504
1712759098, 1, 1708, 13294, 12853, 4301, 18.73%, 1, 12, 4, 115.57, 4296405
1712759109, 1, 1709, 13294, 12852, 4300, 18.73%, 1, 12, 4, 869.28, 4303002
1712759119, 1, 1710, 13294, 12851, 4299, 18.73%, 1, 12, 4, 766.12, 4310877
1712759303, 1, 1711, 13294, 12850, 4298, 18.73%, 1, 12, 4, 0.62, 4313860
1712759313, 1, 1713, 13294, 12849, 4297, 18.73%, 1, 12, 4, 1326.29, 4319949
1712759324, 1, 1722, 13294, 12848, 4296, 18.73%, 1, 12, 4, 59.87, 4327152
1712759520, 1, 1731, 13294, 12847, 4295, 18.73%, 1, 12, 4, 69.06, 4332270
1712759535, 1, 1735, 13294, 12846, 4294, 18.73%, 1, 12, 4, 417.51, 4341193
1712759541, 1, 1735, 13295, 12847, 4294, 18.73%, 1, 12, 4, 833.91, 4345305
1712761833, 1, 1736, 13295, 12846, 4293, 18.73%, 1, 12, 4, 943.77, 4351967
1712761848, 1, 1737, 13295, 12845, 4292, 18.73%, 1, 12, 4, 669.72, 4359364
1712762043, 1, 1748, 13372, 12921, 4299, 18.75%, 1, 12, 4, 756.16, 4365856
1712762058, 1, 1752, 13372, 12920, 4298, 18.75%, 1, 12, 4, 1360.00, 4371417
1712762248, 1, 1753, 13372, 12919, 4297, 18.75%, 1, 12, 4, 0.09, 4379333
1712762259, 1, 1755, 13372, 12918, 4296, 18.75%, 1, 12, 4, 1084.26, 4386568
1712762269, 1, 1757, 13372, 12917, 4295, 18.75%, 1, 12, 4, 777.84, 4391955
1712762460, 1, 1757, 13373, 12918, 4295, 18.75%, 1, 12, 4, 0.35, 4397874
1712762470, 1, 1758, 13373, 12917, 4295, 18.75%, 1, 12, 4, 847.54, 4405975
1712762481, 1, 1761, 13373, 12916, 4294, 18.75%, 1, 12, 4, 93.24, 4411364
1712762670, 1, 1762, 13373, 12915, 4293, 18.75%, 1, 12, 4, 0.24, 4415825
1712762681, 1, 1763, 13373, 12914, 4292, 18.75%, 1, 12, 4, 117.99, 4423065
1712762696, 1, 1769, 13373, 12913, 4291, 18.75%, 1, 12, 4, 421.61, 4430904
1712762886, 1, 1771, 13373, 12912, 4290, 18.75%, 1, 12, 4, 1069.34, 4438064
1712762891, 1, 1772, 13373, 12911, 4289, 18.75%, 1, 12, 4, 126.13, 4442119
1712762902, 1, 1777, 13373, 12910, 4288, 18.75%, 1, 12, 4, 1234.95, 4448472
1712763091, 1, 1778, 13373, 12909, 4287, 18.75%, 1, 12, 4, 1.42, 4453724
1712763101, 1, 1780, 13374, 12909, 4286, 18.75%, 1, 12, 4, 805.08, 4460894
1712763117, 1, 1780, 13375, 12910, 4286, 18.75%, 1, 12, 4, 831.27, 4472854
1712763311, 1, 1784, 13376, 12910, 4286, 18.75%, 1, 12, 4, 885.85, 4485431
1712763329, 1, 1789, 13376, 12909, 4285, 18.75%, 1, 12, 4, 965.72, 4492174
1712763517, 1, 1791, 13376, 12908, 4284, 18.75%, 1, 12, 4, 972.76, 4498452
1712763527, 1, 1792, 13376, 12907, 4283, 18.75%, 1, 12, 4, 775.75, 4505229
1712763532, 1, 1793, 13376, 12906, 4282, 18.75%, 1, 12, 4, 792.29, 4509293
1712763741, 1, 1796, 13376, 12905, 4281, 18.75%, 1, 12, 4, 683.48, 4516307
1712763752, 1, 1798, 13376, 12904, 4280, 18.75%, 1, 12, 4, 147.66, 4523199
1712766047, 1, 1815, 13376, 12903, 4279, 18.75%, 1, 12, 4, 407.56, 4529559
1712766057, 1, 1817, 13376, 12902, 4278, 18.75%, 1, 12, 4, 168.54, 4535835
1712766246, 1, 1828, 13376, 12901, 4277, 18.75%, 1, 12, 4, 0.19, 4541193
1712766257, 1, 1828, 13377, 12901, 4276, 18.75%, 1, 12, 4, 55.28, 4546301
1712766263, 1, 1829, 13431, 12955, 4284, 18.76%, 1, 12, 4, 677.86, 4549540
1712766273, 1, 1829, 13432, 12956, 4284, 18.76%, 1, 12, 4, 572.74, 4555072
1712766462, 1, 1830, 13432, 12955, 4284, 18.76%, 1, 12, 4, 72.38, 4559418
1712766672, 1, 1833, 13432, 12954, 4283, 18.76%, 1, 12, 4, 800.06, 4572039
1712766683, 1, 1834, 13432, 12953, 4282, 18.76%, 1, 12, 4, 210.46, 4577844
1712766693, 1, 1835, 13432, 12952, 4281, 18.76%, 1, 12, 4, 135.85, 4583775
1712766888, 1, 1836, 13432, 12951, 4280, 18.76%, 1, 12, 4, 97.01, 4590155
1712766899, 1, 1837, 13432, 12950, 4279, 18.76%, 1, 12, 4, 13.15, 4595249
1712767093, 1, 1838, 13432, 12949, 4278, 18.76%, 1, 12, 4, 187.67, 4604158
1712767104, 1, 1843, 13432, 12948, 4277, 18.76%, 1, 12, 4, 69.49, 4609492
1712767114, 1, 1845, 13432, 12947, 4276, 18.76%, 1, 12, 4, 41.21, 4615896
1712767303, 1, 1847, 13432, 12946, 4275, 18.76%, 1, 12, 4, 1210.67, 4621643
1712767319, 1, 1848, 13432, 12945, 4274, 18.76%, 1, 12, 4, 1086.47, 4628291
1712767514, 1, 1850, 13432, 12944, 4273, 18.76%, 1, 12, 4, 1016.03, 4636869
1712767524, 1, 1851, 13432, 12943, 4272, 18.76%, 1, 12, 4, 486.45, 4642466
1712767534, 1, 1854, 13432, 12942, 4271, 18.76%, 1, 12, 4, 751.19, 4650426
1712767719, 1, 1854, 13433, 12943, 4271, 18.76%, 1, 12, 4, 0.72, 4653052
1712767729, 1, 1856, 13433, 12942, 4270, 18.76%, 1, 12, 4, 871.28, 4661876
1712767734, 1, 1863, 13433, 12941, 4269, 18.76%, 1, 12, 4, 791.48, 4665656
1712767744, 1, 1864, 13433, 12940, 4268, 18.76%, 1, 12, 4, 803.58, 4673571
1712767934, 1, 1865, 13433, 12939, 4267, 18.76%, 1, 12, 4, 832.51, 4680681
1712767945, 1, 1866, 13433, 12938, 4266, 18.76%, 1, 12, 4, 13.32, 4686889
1712767956, 1, 1872, 13433, 12937, 4265, 18.76%, 1, 12, 4, 1047.30, 4691353
1712770248, 1, 1872, 13434, 12938, 4265, 18.77%, 1, 12, 4, 729.53, 4698046
1712770254, 1, 1872, 13435, 12939, 4265, 18.77%, 1, 12, 4, 754.27, 4701959
1712770269, 1, 1872, 13436, 12940, 4265, 18.77%, 1, 12, 4, 713.37, 4711964
1712770459, 1, 1875, 13436, 12939, 4265, 18.77%, 1, 12, 4, 111.67, 4717915
1712770469, 1, 1878, 13436, 12938, 4264, 18.77%, 1, 12, 4, 655.39, 4724262
1712770479, 1, 1882, 13436, 12937, 4263, 18.77%, 1, 12, 4, 799.41, 4730214
1712770664, 1, 1882, 13437, 12938, 4263, 18.77%, 1, 12, 4, 0.61, 4731670
1712770669, 1, 1882, 13438, 12939, 4263, 18.77%, 1, 12, 4, 681.59, 4733859
1712770674, 1, 1882, 13439, 12940, 4263, 18.77%, 1, 12, 4, 793.27, 4738146
1712770874, 1, 1885, 13440, 12940, 4263, 18.77%, 1, 12, 4, 0.33, 4753776
1712770885, 1, 1885, 13441, 12940, 4262, 18.77%, 1, 12, 4, 32.37, 4759470
1712770891, 1, 1887, 13520, 13019, 4283, 18.81%, 1, 12, 4, 683.74, 4762486
1712770901, 1, 1889, 13520, 13018, 4282, 18.81%, 1, 12, 4, 1346.01, 4767553
1712771090, 1, 1890, 13520, 13017, 4281, 18.81%, 1, 12, 4, 826.60, 4774261
1712771100, 1, 1892, 13520, 13016, 4280, 18.81%, 1, 12, 4, 905.00, 4781647
1712771105, 1, 1892, 13521, 13017, 4280, 18.81%, 1, 12, 4, 667.15, 4784268
1712771300, 1, 1892, 13522, 13018, 4280, 18.81%, 1, 12, 4, 949.21, 4792513
1712771316, 1, 1900, 13522, 13017, 4280, 18.81%, 1, 12, 4, 733.27, 4804451
1712771506, 1, 1912, 13522, 13016, 4279, 18.81%, 1, 12, 4, 0.60, 4810752
1712771516, 1, 1914, 13522, 13015, 4278, 18.81%, 1, 12, 4, 773.81, 4817479
1712771527, 1, 1915, 13522, 13014, 4277, 18.81%, 1, 12, 4, 111.68, 4823128
1712771721, 1, 1921, 13522, 13013, 4276, 18.81%, 1, 12, 4, 799.00, 4832510
1712771731, 1, 1923, 13522, 13012, 4275, 18.81%, 1, 12, 4, 152.92, 4838342
1712771742, 1, 1924, 13523, 13012, 4274, 18.81%, 1, 12, 4, 831.68, 4843863
1712771942, 1, 1926, 13523, 13011, 4274, 18.81%, 1, 12, 4, 550.74, 4854951
1712771953, 1, 1926, 13524, 13012, 4274, 18.81%, 1, 12, 4, 940.81, 4861678
1712772147, 1, 1927, 13524, 13011, 4273, 18.81%, 1, 12, 4, 784.70, 4869916
1712772157, 1, 1929, 13524, 13010, 4272, 18.81%, 1, 12, 4, 823.98, 4877118
1712772162, 1, 1934, 13524, 13009, 4271, 18.81%, 1, 12, 4, 736.85, 4880751
