0.204303979874
0.176133871078
0.177219867706
0.173553943634
0.167968034744
0.176089048386
0.170387029648
0.174227952957
0.24050617218
0.172778844833
0.165841817856
0.174248933792
0.186522960663
0.169895887375
0.168162822723
0.192401170731
0.172868013382
0.16831111908
0.163728952408
0.173084020615
0.173537969589
0.476871967316
0.213207960129
0.244921207428
0.288459062576
0.243362903595
0.180258989334
0.323979139328
0.265911102295
0.241477012634
0.326130867004
0.220226049423
0.0611350536346
1.10442900658
2.74429297447
7.14486694336
3.07945489883
2.80568003654
2.70700311661
182.72341013
4.2581679821
2.80574512482
2.91699790955
3.31765890121
3.39349389076
3.15725922585
4.74640703201
2.91646194458
3.22219896317
4.10497188568
183.969347
3.84563088417
3.02643084526
198.4223032
0.0910801887512
0.383377075195
0.148154020309
0.162326097488
0.168478965759
0.166157007217
0.13879108429
0.170690059662
0.187016010284
0.0940330028534
0.216040849686
0.146229028702
0.166462898254
0.134332895279
0.119203090668
0.267154932022
0.130055904388
0.204253196716
0.122931003571
0.309400081635
0.135432004929
0.136121034622
0.00725698471069
0.00429701805115
0.00310301780701
0.00147485733032
0.0148689746857
0.00261616706848
0.00731992721558
0.00887393951416
0.00511002540588
0.00635719299316
0.00611996650696
0.00470089912415
0.0104041099548
0.01682305336
0.0140068531036
0.0133609771729
0.0153930187225
0.0154030323029
2.25798487663
0.179380178452
0.179688215256
0.169398069382
0.193353176117
0.18922996521
0.16809797287
0.172549009323
0.321254014969
0.168668031693
0.164757013321
0.376725912094
0.349538087845
180.723251104
0.183895111084
0.161067008972
0.219502210617
0.168782949448
0.180996894836
0.629494905472
0.188085079193
0.204752922058
0.153146028519
0.223792076111
0.00885701179504
0.00487899780273
0.0162379741669
0.0241718292236
0.00731897354126
0.0044310092926
0.211432933807
0.758095979691
0.609073162079
0.407539844513
0.348052978516
0.487680912018
0.326637029648
0.304060935974
0.351675033569
0.320894956589
0.32532286644
0.58599281311
0.367144823074
0.336654901505
2.35996580124
0.4213950634
0.201719999313
0.325693130493
0.184617996216
0.0612378120422
1.07731294632
5.80317687988
416.857019901
5.07506322861
185.607873917
4.99975395203
5.62033700943
10.1320290565
231.781284094
2503.47552204
20.3537409306
200.754462004
200.396068096
19.7361540794
20.3216860294
204.081397772
199.977087975
19.2450120449
20.4761478901
200.894980192
200.478945971
0.0433387756348
1.10298299789
0.267321109772
6.4233880043
9.83749699593
0.525609970093
0.417417049408
0.172437906265
0.191059827805
0.153943061829
0.159214019775
0.141282081604
0.450273990631
0.5031208992
0.297146081924
0.42306303978
0.394293069839
0.588869094849
0.00314998626709
0.00139713287354
0.278200864792
0.592720985413
0.499957084656
1.11174893379
0.476963996887
0.800033092499
1.64508914948
0.516932964325
0.683727025986
0.597038984299
1.92369103432
0.255723953247
0.33139705658
0.362004041672
0.260427951813
0.475614070892
0.205587863922
0.389732122421
0.441739797592
0.349892854691
0.405038833618
0.394531965256
0.355027198792
0.730711936951
0.685286998749
0.778734922409
0.476565122604
0.793987989426
0.0209500789642
0.0327599048615
0.0259289741516
0.0506680011749
0.0146100521088
0.0271010398865
0.0977969169617
3.45036005974
0.642395973206
0.471603155136
0.577247858047
0.295545816422
0.232713937759
0.257200956345
0.263112068176
0.325498104095
0.16175198555
0.00338101387024
0.00135397911072
0.164463996887
0.161475896835
0.163990974426
0.160160064697
0.17147397995
0.178175926208
0.173891067505
0.305984973907
0.172585964203
0.16185593605
0.184236049652
0.166448831558
0.171927928925
0.185834169388
0.172748804092
0.176064968109
0.159366130829
0.164034128189
0.162977933884
0.158607006073
0.167788028717
0.16358590126
0.162822008133
0.161162853241
0.171854019165
0.175444841385
0.169024944305
0.167294979095
0.175947904587
0.173241138458
0.176817893982
0.167312860489
0.00932216644287
0.0183169841766
0.0125079154968
0.0122289657593
0.0167570114136
0.0252110958099
0.0136649608612
0.0161259174347
0.0122468471527
0.0115358829498
0.0117418766022
0.0134251117706
0.274447917938
0.395567178726
0.368297815323
0.741981983185
0.288970947266
0.384896039963
0.866201877594
0.70228600502
0.886426925659
0.337593078613
0.213138818741
0.268005132675
0.238903045654
0.18870806694
0.159735918045
0.318516969681
0.262001037598
0.449105978012
0.317708969116
0.231867074966
0.34850692749
0.210984230042
0.204246044159
0.117765903473
0.112050056458
0.102666854858
0.0977230072021
0.159504175186
3.7712931633
1.99130892754
0.58404302597
0.291538953781
0.502861976624
0.452377080917
0.45728302002
0.360752105713
0.0412528514862
0.30779504776
0.220817089081
0.409497022629
0.454417943954
0.0540261268616
0.0912249088287
180.916476965
1.75802588463
0.275298833847
0.348010063171
0.257481813431
0.0526640415192
0.0961949825287
0.132876873016
0.0890698432922
0.0662951469421
0.0562629699707
0.0499138832092
0.0594999790192
0.0465309619904
0.0557429790497
0.0485060214996
0.10853600502
0.0112919807434
0.0101640224457
0.0478591918945
0.886482954025
0.461848974228
181.445554972
15.3517150879
0.516891956329
0.189846038818
0.49909901619
0.311933994293
0.23922085762
0.205851078033
0.00420594215393
0.00592303276062
0.00878000259399
0.0093629360199
0.00254392623901
0.00188899040222
0.0608458518982
1.0723400116
1.15413618088
1.01583409309
1.50993704796
0.950057029724
0.970845937729
0.972505092621
198.074945927
5.8595290184
6.04688405991
186.326876879
6.18961715698
5.88340616226
5.90642619133
6.00295209885
186.355209112
6.02588796616
5.69288015366
5.5804579258
2098.95102811
40.3266680241
0.00268006324768
0.00307488441467
0.00247478485107
0.00675797462463
0.00353503227234
0.00570106506348
0.00699520111084
0.00622797012329
0.00487399101257
0.00645899772644
0.00569891929626
0.0049409866333
0.00598788261414
0.00732398033142
0.00485706329346
0.00561904907227
0.00492715835571
0.00503015518188
0.00519394874573
0.0215220451355
0.00508880615234
0.00467586517334
0.0460920333862
0.089418888092
0.661839962006
0.256731033325
0.716147899628
0.7106320858
0.383564949036
0.458120107651
0.348078966141
0.46932387352
0.550619840622
0.857029914856
1.05997610092
0.197005033493
0.171612977982
0.166719913483
0.176300048828
0.171803951263
0.160953044891
0.561587095261
0.676847934723
0.656234025955
0.82145190239
0.640867948532
0.520091056824
0.0409569740295
0.871412992477
15.942688942
0.483274936676
0.674999952316
0.396431922913
0.0637550354004
0.0863599777222
0.0408399105072
0.0472950935364
0.365537166595
180.359580994
0.592279195786
0.814293146133
0.535580158234
0.337224006653
0.126559972763
0.339361906052
0.459764003754
0.324994087219
0.177201986313
0.00322890281677
0.00137591362
0.246947050095
0.296152114868
0.371397972107
0.280065059662
0.112446069717
0.166001081467
0.665210008621
0.466187000275
0.481306791306
0.471572875977
181.240946054
1.0139169693
0.900629043579
1.21379685402
0.949486970901
0.726571083069
1.0865790844
0.647008180618
0.645812034607
0.671954154968
0.673547029495
0.663306951523
0.631318092346
0.666725873947
0.682076931
0.67703795433
0.655496835709
0.634892940521
0.645113945007
0.633929014206
0.76643705368
0.679485082626
0.649405002594
0.674342870712
0.678726911545
0.799093008041
0.615312099457
0.499444007874
0.637820959091
0.570013046265
0.425033807755
0.499853849411
0.512381076813
0.516088008881
0.460768938065
0.962144136429
0.101926088333
0.122400045395
0.124970912933
0.0932221412659
0.244097948074
0.0292799472809
0.127328157425
0.0667080879211
0.0886549949646
0.0820920467377
0.0862369537354
0.174508094788
0.00864887237549
0.0224301815033
0.0132870674133
0.00995588302612
0.010066986084
0.00818705558777
0.849082946777
0.64223408699
0.903151035309
1.08959412575
1.01313495636
0.966575145721
0.831794023514
0.604964971542
0.34478020668
0.985510110855
0.34476017952
0.693822860718
1.42254090309
0.875157833099
180.523046017
1.12902593613
0.858761072159
1.21402692795
0.731417894363
0.333973884583
0.528477907181
0.39795589447
0.520931959152
0.493682146072
0.631363868713
0.375863075256
0.23823094368
0.184205055237
0.251811981201
0.1676030159
1.19517803192
0.901851892471
0.605376005173
0.892818927765
0.90879201889
0.897050857544
1.01602816582
0.494947195053
0.255155086517
0.293344974518
0.326770067215
0.00676989555359
0.0103940963745
0.00831985473633
0.00843405723572
0.00859093666077
0.013603925705
0.00931000709534
0.00817012786865
0.00808382034302
0.0114657878876
0.00723218917847
0.00756502151489
0.0097029209137
0.00936198234558
0.00772500038147
0.00789713859558
0.00743317604065
0.00840997695923
0.015163898468
0.00872921943665
0.00886178016663
0.00889205932617
0.0187859535217
0.514331102371
0.191412210464
0.0981359481812
0.231775045395
0.184789896011
0.350091934204
2.17903780937
2.52532100677
2.1701529026
2.15608692169
2.53035998344
1.17556285858
0.399055957794
0.238101959229
0.375268936157
0.214428901672
0.641915082932
0.382521867752
0.0980930328369
0.367658138275
0.229137182236
0.0378949642181
0.283561944962
0.109469175339
0.103837966919
0.17654800415
0.136684894562
0.151108026505
0.015310049057
0.00739789009094
0.00597786903381
0.00544595718384
0.010568857193
0.0110368728638
0.00398898124695
0.0482590198517
0.424602985382
0.272528886795
0.00985622406006
0.14230298996
0.237059116364
0.163999795914
0.894675016403
0.843837022781
0.955341100693
0.885375022888
1.01438903809
0.90581202507
0.245519161224
0.449105024338
0.172368049622
0.393673181534
0.125459909439
0.133538961411
0.382575035095
0.444993019104
0.408316850662
0.247080087662
0.546566963196
0.493883132935
0.406296014786
0.550431966782
0.523699045181
0.473877906799
0.470124959946
0.487670898438
0.701061010361
0.573316812515
0.604434967041
0.581524848938
0.628302097321
0.504530906677
0.158450126648
0.907772064209
0.953163862228
0.891021966934
0.917824029922
0.86448597908
0.901437044144
0.867647886276
0.867379903793
0.848929166794
0.914260864258
0.860510110855
0.817846775055
0.837682962418
0.818202018738
0.843985795975
0.842231035233
0.848704099655
1.08207702637
0.922675848007
0.596347093582
1.01953101158
0.762338161469
1.09116005898
0.0763988494873
0.0344519615173
0.0502369403839
0.0422611236572
0.0510630607605
0.0198941230774
0.0448248386383
0.058513879776
0.373297929764
1.37451696396
0.756034135818
0.903167009354
0.773325920105
0.592120170593
0.655470848083
0.333214044571
0.503746032715
0.302762031555
0.00867009162903
0.00565505027771
0.00697803497314
0.00870394706726
0.00749182701111
0.0089259147644
0.52100610733
0.451148033142
0.397832870483
0.287737846375
0.500222206116
0.591028928757
0.723383903503
0.595875024796
0.727608919144
1.399132967
0.418081998825
0.380678892136
0.468538999557
0.314322948456
0.750375032425
0.543965816498
0.301774978638
0.442285060883
0.259798049927
0.470419883728
0.325572967529
1.53025794029
1.08702778816
1.90110015869
1.26766204834
1.67986798286
1.26820707321
0.690724134445
0.331403017044
0.458227872849
0.541655778885
1.91346311569
0.516651153564
0.39402794838
0.518101215363
0.522567033768
0.563579797745
192.179504871
1.02918410301
0.962126970291
1.37737488747
1.39393401146
1.38090109825
1.16534090042
0.0117540359497
0.00689101219177
0.00340008735657
0.00330591201782
0.00395107269287
0.0851249694824
0.62722492218
0.378197908401
0.21414399147
0.505264997482
0.268030166626
0.556339025497
0.313687086105
0.417320013046
0.569891929626
0.322533130646
0.851369142532
1.00560998917
0.764332056046
0.739628791809
0.595903158188
0.733780145645
180.819942951
0.463552951813
0.0869228839874
0.228398084641
0.317505121231
0.377459049225
0.276375055313
0.159514904022
0.110116958618
0.121088981628
0.0367269515991
0.0471611022949
0.0247218608856
0.00845813751221
0.111130952835
0.075975894928
0.0109560489655
0.0541179180145
0.0556471347809
0.11966919899
0.0921971797943
0.187196016312
0.0532948970795
0.0343890190125
0.10399389267
0.115785121918
0.0433201789856
0.0572409629822
0.0727951526642
0.0795850753784
0.177206993103
0.0620999336243
0.245908975601
0.0288968086243
0.0504570007324
0.053200006485
0.12686419487
0.122565984726
0.0538470745087
0.0594699382782
0.103607177734
0.128127098083
0.213093996048
0.648991823196
0.528460025787
0.495190858841
0.564716100693
0.475332975388
0.793660879135
0.958235025406
1.18165516853
1.25740003586
1.17234587669
1.52215981483
1.51782107353
0.766013145447
0.548001050949
0.386389017105
0.49365401268
0.27028298378
0.230986833572
2.52104496956
2.15632200241
2.17174887657
2.53464603424
181.271572828
1.68678283691
0.954635858536
1.68642282486
1.26472091675
1.26747298241
1.69043087959
1.68712496758
0.666908979416
0.457021951675
0.438426971436
0.435225009918
0.454939126968
0.331928014755
0.766668081284
0.85636806488
0.952902078629
0.804580926895
0.739053964615
0.947830200195
0.87703204155
0.581340074539
0.828747034073
0.628597021103
0.582535028458
1.51073288918
1.52324581146
1.51649594307
1.51758599281
0.971364974976
1.77373504639
181.200844049
1.53086400032
0.927052974701
1.31241607666
1.20780706406
0.912770032883
0.00531983375549
0.00498485565186
0.00364208221436
2.01490497589
1.4125430584
1.71755194664
1.53357410431
0.536758899689
0.593086004257
0.428891897202
0.407914161682
0.582619905472
0.580338954926
0.435164928436
0.421540975571
0.54590010643
0.431588172913
0.697103023529
0.610164880753
0.768370866776
1.20041584969
1.1882610321
0.966626882553
1.38091993332
0.823163032532
1.38348293304
1.16779994965
1.3913769722
1.01887202263
1.5211520195
0.18711400032
0.0649280548096
0.0713188648224
0.109857082367
0.0807859897614
0.824911117554
0.315812110901
0.225687980652
0.123123884201
0.0758121013641
0.800588130951
0.74648308754
0.745544910431
0.749464988708
0.753300905228
0.704416036606
0.669656991959
0.659183979034
0.655769109726
0.642612934113
0.644717931747
0.645711898804
90.8009300232
0.710724115372
0.725924015045
0.721754074097
0.689325094223
0.72623705864
0.0203859806061
0.0188908576965
0.0190908908844
0.0103440284729
0.0120940208435
0.0124709606171
0.416204929352
0.483428001404
0.370775938034
0.265252113342
0.207665920258
0.179980993271
0.201191902161
0.138475179672
0.120033979416
0.118101835251
0.168301820755
0.0667579174042
0.148591995239
0.133834123611
0.508579015732
0.31903386116
0.164139032364
0.164594888687
0.160541057587
0.314809083939
0.146996974945
1.90698194504
1.51448202133
1.89203190804
1.6996409893
1.02466416359
1.09240198135
0.919375896454
0.800088167191
0.955373048782
0.901865959167
1.00843000412
0.894821882248
0.373974084854
0.340241909027
0.483652830124
0.58379983902
0.147737979889
0.301957130432
0.212877988815
0.114568948746
0.133943080902
0.193754911423
0.271477937698
1.89617204666
1.88758802414
2.15630698204
2.52247905731
1.88971304893
1.26093697548
0.548467874527
0.372833967209
0.354819059372
180.621468067
0.0497629642487
0.0284171104431
0.0517311096191
0.0136210918427
0.0712478160858
0.0365500450134
0.0440268516541
0.171444892883
0.0370240211487
0.04217004776
0.0182650089264
0.233367919922
0.0723941326141
0.0688300132751
0.289568901062
0.811300992966
180.811380148
0.87958407402
1.01799511909
0.343287944794
0.9105489254
0.74147105217
0.623236894608
1.03997802734
0.682677984238
0.695596933365
0.665277004242
0.659154176712
0.685819864273
0.692440986633
0.649723052979
0.658638000488
0.688340902328
1.20920109749
0.983897924423
1.1335580349
1.05238413811
1.65465021133
0.982532024384
0.609941005707
0.563019990921
0.453649997711
0.408487081528
0.47898888588
2.73955702782
1.75145721436
1.95505785942
182.161932945
3.76980280876
0.680531024933
0.659187793732
0.57192492485
0.510540962219
0.460375070572
0.604063987732
2.03401398659
1.45721006393
2.03470993042
1.36417579651
1.81730699539
1.73072600365
1.28747701645
0.831655979156
0.879848003387
0.834771156311
1.05900001526
1.06381297112
0.139588117599
0.226474046707
0.210000038147
0.211059093475
0.205815076828
0.211858987808
0.24712395668
0.241074085236
0.229717969894
0.155472993851
0.579520940781
0.247042894363
0.105728149414
0.402799844742
0.333436965942
0.325953006744
0.513552188873
0.319907903671
0.177572011948
0.190039157867
0.161846160889
0.155771017075
0.330906867981
1.38166499138
1.02782797813
0.838611125946
1.33050298691
0.956783056259
1.52872490883
1.93607997894
1.51689505577
1.27730202675
1.01196694374
1.38003706932
1.14484000206
0.0776600837708
0.050999879837
0.0169849395752
0.0248668193817
0.0103850364685
0.0280938148499
0.00722503662109
0.0127971172333
0.00838899612427
0.00401091575623
0.221674919128
0.732555150986
0.272576093674
0.261985063553
0.30056810379
0.189841032028
0.0998430252075
0.695178985596
0.490429162979
0.396098852158
0.704798936844
0.50471997261
0.378358125687
2.51242303848
1.51381802559
2.2542719841
2.33404898643
2.13323116302
1.51187086105
0.217221021652
0.0589730739594
0.257823944092
0.0435400009155
0.269953012466
0.0943119525909
1.00339698792
0.397778987885
0.458467960358
0.201713085175
0.477807044983
0.610816001892
0.00687217712402
0.00977206230164
0.009596824646
0.00890779495239
0.00830483436584
0.00822997093201
0.0090000629425
0.00837182998657
0.00852608680725
0.00850510597229
0.00820803642273
0.00826287269592
91.4408819675
1.09291982651
1.2278380394
1.88510203362
1.50510907173
1.39164495468
0.00323891639709
0.00302386283875
0.00257086753845
0.00335693359375
0.00255107879639
0.87401008606
0.749197006226
0.845178842545
0.365289211273
0.421504974365
1.51096010208
1.39970517159
1.68381905556
0.270628929138
90.7645218372
0.0770061016083
0.109822034836
0.0646090507507
0.0104649066925
0.0326738357544
0.0250670909882
0.0232260227203
0.0140018463135
0.0652711391449
0.0545330047607
0.0634698867798
0.0418660640717
0.0442190170288
0.249709844589
2.51723694801
2.51619911194
2.16025614738
3.02612113953
2.52778887749
0.635444164276
0.699060201645
0.848234176636
0.889868021011
0.613921880722
0.893685102463
0.00798010826111
0.0783469676971
0.0656011104584
0.0981531143188
0.0495340824127
0.0371060371399
1.67274618149
1.03391194344
1.28304696083
1.18058109283
1.20583415031
180.692340136
0.115336894989
0.0448670387268
0.0690920352936
0.00852489471436
0.098121881485
0.0255281925201
0.909602165222
0.383005857468
0.597258806229
0.37099981308
0.380167007446
0.313080072403
1.08250808716
0.489887952805
0.610726118088
0.741940021515
0.700672864914
0.801465988159
0.662863016129
0.760908126831
0.0223062038422
0.0103759765625
0.0103530883789
0.00677490234375
0.00546598434448
0.00921511650085
0.647548913956
0.487062931061
0.541378974915
0.446145057678
1.89498710632
1.14563703537
1.33084201813
1.21976280212
1.12219381332
1.622382164
2.5178501606
1.56263804436
1.88728117943
1.67794489861
2.01984596252
1.89453911781
0.195873022079
0.127807855606
0.161276102066
1.37796616554
1.08040308952
1.2658290863
1.57697486877
1.13950705528
1.50995802879
0.545359134674
0.381978988647
0.346332788467
0.330436944962
0.215982913971
0.367296934128
0.672209024429
0.299006938934
0.590301990509
0.738646030426
0.325572967529
0.273003101349
0.0818150043488
0.0258359909058
0.0509231090546
0.0459609031677
0.420387029648
0.264848947525
0.481243133545
0.475124120712
0.344969034195
0.199834108353
0.345116138458
0.130409002304
0.116250991821
0.09836602211
0.148208856583
0.0845921039581
0.410554885864
0.257313966751
0.197096824646
0.178745031357
0.611508131027
0.50425195694
0.702746868134
0.69181895256
0.723612070084
0.360618829727
1.06125402451
0.852916955948
1.00217008591
1.16661214828
0.823961019516
180.753791809
0.802919864655
0.586464881897
0.855634212494
0.594519853592
0.546810150146
0.818467855453
0.994215011597
0.275895118713
0.442459106445
0.200088024139
0.389021873474
0.395992040634
0.584357976913
180.316099882
0.330522060394
0.430648088455
0.47248506546
1.00885796547
1.09013986588
1.83778095245
1.58108305931
1.78172278404
0.638660907745
0.659862041473
0.633156061172
0.523541212082
0.727769851685
0.643482923508
0.621006965637
0.507349014282
0.482553958893
0.532433986664
0.434482097626
0.520697116852
1.5129430294
0.90336894989
0.921409130096
0.85012793541
0.98382806778
1.19059610367
0.193758964539
0.316351175308
0.227843999863
0.12461400032
0.418409109116
0.328896045685
0.22794508934
0.21675992012
0.152601957321
0.105367183685
0.176737070084
0.10958981514
0.136132955551
0.0330100059509
0.0213170051575
0.0485939979553
0.0391030311584
0.0486588478088
182.393716097
1.67777204514
1.55546379089
0.967512130737
1.65157103539
2.16952490807
0.364865064621
0.274848937988
0.523916006088
0.27957701683
0.238878965378
0.705300092697
0.5591340065
0.107306957245
0.200314998627
0.104864835739
0.0952641963959
0.382102012634
0.00821399688721
0.00639081001282
0.00369191169739
0.00345993041992
0.00358605384827
0.00372004508972
0.0646829605103
0.371901035309
2283.323771
0.0607419013977
0.116827011108
0.0871150493622
0.352050065994
0.19179391861
0.0585448741913
0.0553579330444
0.0479440689087
0.0221638679504
0.0105810165405
0.00714087486267
0.00634288787842
0.00459599494934
0.00436997413635
0.00525903701782
0.00492000579834
0.00585079193115
0.00550103187561
0.00809216499329
0.0338349342346
0.784364938736
0.716569900513
0.580754995346
0.644901037216
0.279341936111
0.581757068634
0.385046005249
0.392774105072
0.456722021103
0.76556801796
0.510658025742
180.448079109
0.489779949188
0.526769161224
0.65656208992
2.36336708069
1.7731449604
1.25385808945
1.01523995399
1.11625885963
1.49281382561
0.395906209946
0.169502019882
0.116796970367
0.956962108612
1.16869187355
1.02827596664
1.16981291771
1.26127481461
180.565652132
0.905414104462
0.61810708046
0.435086965561
0.481411933899
0.535338163376
0.511898994446
0.522500038147
1.00110697746
0.288474082947
0.356761217117
0.380661010742
0.57848405838
0.299140930176
0.957806110382
1.01238298416
1.49734783173
1.24861884117
1.01752090454
1.38287687302
0.579161882401
0.409579992294
0.430812835693
0.553975105286
0.505290031433
0.537857055664
0.452729940414
0.548280000687
1.6909828186
0.208724021912
0.0536789894104
0.0413398742676
0.0758888721466
0.122703075409
0.036810874939
0.0710580348969
0.0632698535919
0.0603790283203
0.0475940704346
0.354856014252
0.226264953613
0.0303499698639
0.121881008148
0.0899558067322
0.0884609222412
0.0730519294739
0.00268006324768
0.00268197059631
0.00271701812744
0.638612985611
0.282551050186
0.278086900711
0.275979995728
0.294035196304
0.338537931442
0.643147945404
0.851738929749
181.246181011
0.900362968445
0.848308086395
0.954730033875
0.0486881732941
0.158187150955
0.0308558940887
0.0539679527283
0.0277371406555
0.0702311992645
0.515912055969
0.295310020447
0.227373123169
0.530898094177
0.408020973206
0.384469985962
3.01645708084
2.78503799438
2.51599407196
181.648158073
0.26486992836
0.0809679031372
0.142942905426
0.23699593544
0.0561370849609
0.186006069183
0.104585170746
0.0432460308075
0.394138097763
0.659911870956
0.646902084351
0.64448595047
0.637575864792
0.65562081337
0.650442838669
0.0228219032288
0.00699400901794
0.0100388526917
0.00568604469299
0.0122599601746
0.0102710723877
0.11975312233
0.0473759174347
0.0340452194214
0.0719318389893
0.0163440704346
0.0408110618591
0.593291044235
0.378894090652
0.313364028931
0.298263072968
0.223114967346
0.322151899338
2.20742917061
1.57753920555
1.26852607727
1.47530817986
1.2616379261
1.08282017708
180.851927996
0.924860954285
0.886839866638
1.13220191002
1.29165410995
0.909866094589
1.17408514023
1.31132698059
1.16784501076
1.17382001877
1.3775331974
1.38570404053
0.664639949799
0.587853908539
0.79115486145
0.50922703743
0.722721099854
0.677402973175
0.595488071442
0.728921890259
0.277715921402
0.468870162964
0.344069004059
0.153029203415
0.168714046478
0.179908037186
0.444946050644
0.473227024078
0.40830206871
0.252155065536
0.200628995895
0.332442045212
0.216668128967
0.0103340148926
0.00831007957458
0.00858402252197
0.00738382339478
0.00748300552368
0.0068359375
0.550499200821
0.165943145752
0.610721111298
0.258131980896
0.286925077438
0.227377891541
0.00897812843323
0.0109078884125
0.014319896698
0.0109331607819
0.00961399078369
0.0148270130157
1.38772702217
1.83767104149
2.15411806107
1.89977908134
1.69461202621
1.27592682838
0.0435161590576
0.0390298366547
0.00729393959045
0.0137801170349
0.0107488632202
0.0153229236603
0.148817062378
0.146503925323
0.144055128098
0.154381036758
0.144631147385
0.143869876862
0.143989801407
0.144449949265
0.150325059891
0.145586967468
0.148765087128
0.144762992859
0.144232988358
0.152955055237
0.146296977997
0.144636869431
0.144061088562
0.146055936813
0.147682189941
0.143314123154
0.145784854889
0.145591020584
0.144564151764
0.143185138702
0.574856996536
0.530218839645
0.700958967209
0.556521892548
0.638463020325
0.657907962799
0.522361040115
0.614539861679
0.406467914581
0.656247854233
0.640310049057
0.651004076004
0.653402090073
0.644987821579
0.647775888443
0.0374779701233
0.00776386260986
0.0107970237732
0.00379109382629
0.143100976944
0.546905040741
0.176894903183
0.32563495636
2.16363620758
2.51206111908
2.52076506615
1.89777803421
0.0236520767212
0.0421350002289
0.0358259677887
0.0316648483276
0.0216820240021
0.0308849811554
0.564967870712
0.0647990703583
0.301233053207
0.233065128326
0.456411838531
0.240732908249
0.281013965607
0.184432983398
0.171656131744
0.155843019485
0.127951145172
0.223722934723
2.1634349823
1.89043998718
1.53354406357
1.8888938427
1.42713403702
1.17326807976
0.789977073669
0.975586891174
1.04188108444
0.891012907028
0.806700944901
0.00324106216431
0.00222110748291
0.2614569664
0.10392999649
0.124784946442
0.141559839249
0.0842339992523
0.779656171799
0.00694894790649
0.0113179683685
0.00685501098633
0.00808906555176
0.00703096389771
0.00773596763611
0.513416051865
0.291707038879
0.180512905121
0.448439836502
0.309367179871
0.401073217392
0.404746055603
0.416824817657
0.255242109299
0.505720853806
0.436280012131
0.507302999496
0.379733085632
0.248789072037
0.117530107498
0.0981471538544
0.249511003494
0.0454061031342
0.714000940323
0.665899991989
0.633826971054
0.763846158981
0.730494022369
0.879972934723
0.66312289238
0.651515960693
0.593401908875
0.855189085007
0.464575052261
0.436172008514
0.509059906006
0.548259019852
0.62468290329
0.331810951233
0.592036008835
0.4947078228
0.32531785965
0.293783903122
3.02071905136
2.5193669796
3.22907781601
2.20035791397
0.764153957367
0.623481988907
0.613306045532
0.561635017395
0.576597929001
1.02229690552
0.585436105728
0.495321989059
0.00626301765442
0.00658488273621
0.0031840801239
0.0116839408875
0.0480010509491
0.0219061374664
0.0137510299683
0.0168039798737
0.0231988430023
0.0247452259064
1.08856296539
1.77681899071
1.38236498833
1.52175688744
1.38146686554
1.01938199997
1.53368186951
1.26038384438
1.68677806854
1.08129310608
0.306905031204
0.188534975052
0.112771987915
0.0838949680328
0.115265130997
0.124601125717
0.110699892044
0.801758050919
0.582618951797
0.125292062759
0.481553077698
0.256288051605
0.274082183838
0.134356021881
0.0726838111877
0.0120031833649
0.00895690917969
0.0157248973846
0.0125300884247
0.0135719776154
0.0977411270142
0.0562679767609
0.0540239810944
0.0519280433655
0.0192770957947
0.0159850120544
0.481986999512
0.220191955566
0.216987848282
0.176184892654
0.124998092651
0.0498378276825
0.193143844604
0.287419080734
0.0565850734711
0.170589923859
0.175103902817
0.181979894638
0.201062917709
0.250277042389
0.0888090133667
0.183737039566
0.525527000427
0.418477058411
0.528646945953
0.285818099976
0.59890294075
0.496354103088
1.07705998421
0.855614185333
0.844136953354
0.771696805954
1.00563907623
1.46298599243
0.479602098465
0.386254072189
0.452464818954
0.509507894516
0.311882019043
0.563342809677
0.730695962906
0.804261922836
0.972626924515
0.911689043045
0.965101957321
1.08693981171
0.898517131805
0.640285015106
0.463953018188
0.550369024277
1.90828704834
3.78320908546
1.88457417488
1.89605402946
2.16808414459
2.18952512741
0.775550127029
0.632803201675
0.258915901184
0.326893091202
0.363760948181
0.691272974014
0.905254840851
1.17263197899
1.3875939846
0.854454994202
1.18565607071
1.37744212151
1.27432489395
1.27952194214
0.402981042862
0.409164905548
0.403697967529
0.407889842987
0.393161058426
0.395590782166
0.399319171906
0.40625500679
0.396209001541
0.409782886505
0.395575046539
0.394790172577
0.586119890213
0.490789890289
0.322040081024
0.461389064789
0.17470407486
0.31342792511
0.462790966034
0.351679086685
0.416515827179
0.379528999329
0.229351997375
0.398704051971
1.48791503906
0.472337961197
0.776561021805
0.712392091751
0.852894067764
0.29238820076
1.8908457756
1.6820230484
1.88505601883
1.88579297066
0.0602560043335
0.108839988708
0.0996069908142
0.0300309658051
0.0312378406525
0.054906129837
0.731933832169
0.504202127457
0.456170082092
0.23197388649
2.18389487267
1.27145314217
1.38512396812
1.01777482033
1.38165998459
1.18440413475
1.37914395332
2.38869810104
1.88954687119
2.6337890625
1.89607095718
1.53553581238
0.02161693573
0.0194380283356
0.0206260681152
0.00864291191101
0.0140421390533
0.015007019043
0.00720310211182
0.00717711448669
0.0671019554138
0.0107431411743
0.0512430667877
0.637535095215
0.186048984528
0.0986390113831
0.951726913452
0.308538198471
0.513117074966
0.506770133972
0.292702198029
0.160248994827
1.01647686958
0.0062370300293
0.00499105453491
0.00325703620911
0.0035560131073
0.0284600257874
0.0122268199921
0.0143790245056
0.00747179985046
0.037556886673
0.00994992256165
1.1731159687
1.01791095734
1.26482820511
1.08857703209
1.51644396782
1.48851895332
1.27224397659
1.52095413208
1.17364692688
1.51801919937
1.51580500603
0.900309085846
1.53499102592
1.91096711159
1.9106400013
1.52092695236
1.26722002029
1.38056111336
0.0161020755768
0.0921170711517
0.00690889358521
0.0102109909058
0.0148589611053
0.00631904602051
0.302670001984
0.230953931808
0.170897960663
0.176172018051
0.900776863098
1.28695511818
0.833842039108
0.631546020508
1.13477611542
0.583921909332
0.695899009705
0.385061979294
0.0301840305328
0.303791999817
0.197745084763
0.0984070301056
0.274529933929
0.328081130981
0.19188785553
0.107673168182
0.140115022659
0.154909849167
0.164324045181
0.902194976807
0.80214715004
1.08171200752
1.00971293449
1.12382102013
1.05117487907
1.38020801544
0.966280937195
0.612740039825
0.605554103851
0.352506160736
0.439836978912
0.732402801514
0.527975082397
0.449929952621
0.209192991257
0.123119115829
0.147426128387
0.0952959060669
0.0855360031128
0.125315904617
0.0455529689789
0.0268261432648
0.159878015518
0.110715866089
0.0401520729065
1.01716804504
0.522115945816
0.345641136169
0.243059873581
0.491747140884
0.306222200394
0.269912958145
0.298763036728
0.346436977386
0.241036891937
0.109272956848
0.220823049545
0.898591995239
0.636515855789
0.621768951416
0.988578081131
0.823379993439
0.544983863831
0.613914012909
0.538600921631
0.378442049026
0.529299974442
0.440891027451
0.560103178024
0.508194923401
0.589125871658
0.592324972153
0.59582901001
0.613872051239
0.666026830673
0.541590929031
0.672655820847
0.702408075333
0.00375699996948
0.00416111946106
0.00352597236633
0.00396108627319
0.00373721122742
0.00341701507568
0.961185932159
0.191406011581
0.19019317627
0.493818044662
0.176395893097
0.346659898758
3.04302692413
2.16809916496
2.17062902451
181.983069897
1.6794629097
1.69141197205
0.846576929092
0.307940006256
0.300804853439
0.0591762065887
0.281955003738
0.540189027786
0.0672461986542
0.0486559867859
0.166768074036
0.0057008266449
0.00369691848755
0.00679588317871
0.00396299362183
0.00384378433228
0.00359702110291
1.67801904678
1.27177000046
1.16824603081
0.898855924606
1.39720201492
180.686041832
0.524677991867
0.122971057892
0.295190811157
0.128165006638
0.0735318660736
0.149813890457
0.115957021713
0.0393738746643
2.16666817665
1.89068508148
1.90096902847
1.52232503891
1.68421196938
1.87808585167
1.38214898109
1.26218914986
181.335242033
1.38340616226
1.39132499695
0.0510659217834
0.0596601963043
0.0166718959808
0.025130033493
0.070277929306
0.0251870155334
1.27483677864
1.37602305412
1.1642639637
1.52115511894
1.01829099655
0.476440906525
0.123277902603
0.370576143265
0.29191493988
1.39581298828
0.932784795761
0.954077005386
0.632086992264
1.13581991196
1.04968094826
0.15068602562
0.180922985077
0.0315270423889
0.198421001434
0.128952980042
0.0626649856567
0.0434830188751
0.0322589874268
0.0205581188202
0.0413298606873
0.0180330276489
0.0137679576874
0.616046905518
0.532513141632
0.766531944275
0.638711929321
0.893430948257
0.667178869247
1.27976918221
0.96857714653
1667.68105006
1.08931303024
1.10842680931
1.26388597488
0.635948181152
0.631145000458
0.621779918671
0.627351045609
0.621997117996
0.637456893921
0.641047954559
0.632341861725
0.634983062744
0.632769107819
0.640935897827
0.623370885849
0.632537126541
0.637528181076
0.631000995636
0.638514041901
0.651500940323
0.626498937607
1.52341985703
1.70801401138
0.121128797531
0.0617189407349
0.0908470153809
1.89071989059
1.68665504456
1.50500607491
2.52102899551
2.15595602989
2.59981799126
2.17523384094
2.74601387978
2.16573190689
0.900680065155
1.00975894928
1.29667186737
0.00299000740051
0.0053448677063
0.0055878162384
0.00583004951477
0.00539207458496
0.00539994239807
0.565122127533
0.0206370353699
0.141513824463
0.193114995956
0.0546870231628
0.0936570167542
0.627695798874
0.364273071289
0.410440206528
0.380049943924
0.466843128204
0.232717990875
0.669703960419
0.113770008087
0.412837982178
0.514209985733
0.341609954834
0.320297956467
0.61337018013
0.190793991089
0.204831123352
0.115303039551
0.0836970806122
0.412313938141
0.351576089859
0.895232915878
0.957919836044
0.548144102097
0.765164852142
0.896278142929
0.742455005646
0.612187862396
0.931965112686
0.95228099823
0.809815883636
0.10946393013
0.0409510135651
0.0840380191803
0.062707901001
0.0614240169525
0.0723569393158
0.49608206749
0.470380067825
0.691017150879
0.828057050705
0.76490187645
0.80534696579
0.533448934555
0.281698942184
0.36532497406
0.572103977203
0.411309957504
0.44518494606
0.882869005203
0.329290866852
0.294037103653
0.385937929153
0.595463037491
0.476495981216
1.05862903595
0.17064499855
0.170283794403
0.145787000656
0.132075071335
0.149233818054
0.150074958801
0.00812697410583
0.00676608085632
0.00670385360718
0.00341606140137
0.00730586051941
0.00699996948242
0.80684709549
1.17547392845
0.890444993973
0.845086097717
0.805032014847
1.14194607735
0.891196012497
0.519054174423
0.516164064407
0.574928045273
0.400614023209
1.08686685562
0.818800926208
0.590224981308
0.270894050598
0.578474998474
0.346384048462
0.167120933533
1.31230688095
0.476912021637
0.411746025085
0.269806146622
0.623610973358
0.64136505127
0.955372095108
0.954519987106
1.16841602325
1.38050603867
1.34205317497
1.37558293343
0.556563854218
0.406983852386
0.229290008545
0.397538900375
0.29146695137
0.543202877045
1.18187999725
1.08987998962
1.17197299004
1.16750192642
0.842489957809
0.850920915604
0.963891983032
0.608217954636
0.831681966782
0.52873301506
0.735874176025
0.809338092804
0.294720888138
0.253423929214
0.214370012283
0.201238155365
0.189544200897
0.186513900757
0.776165008545
0.812963008881
0.564102888107
0.736529111862
0.610682010651
0.760406970978
0.493447065353
0.507496118546
0.522697925568
0.693346977234
1.42471385002
0.67923784256
0.28305888176
0.30677485466
0.413789987564
1.74066519737
0.54857301712
0.399259090424
0.28202009201
0.232214927673
0.147347927094
0.17679977417
0.54821395874
0.589007139206
0.21154499054
0.463342905045
0.431663990021
0.403016090393
2.17269301414
1.73749518394
1.72264885902
180.949214935
1.77021598816
1.68566799164
0.00514006614685
0.0103828907013
0.00537896156311
0.00358104705811
0.00450301170349
0.00363183021545
0.0076048374176
0.0111529827118
0.010883808136
0.0111141204834
0.0101370811462
0.00949597358704
1.03064203262
0.569828033447
0.578146219254
0.766662836075
0.768275976181
0.488170862198
1.39280796051
1.6893799305
1.52380609512
181.602220058
1.27385997772
1.52902507782
0.389315128326
0.451817035675
0.65216588974
0.0831289291382
1.16463184357
0.135498046875
0.0380048751831
0.0460650920868
0.0200691223145
0.0216991901398
0.0100619792938
0.383861064911
0.00948596000671
0.00602984428406
0.00669193267822
0.0099790096283
0.0075249671936
0.0138721466064
0.0261580944061
0.0128500461578
0.0160739421844
0.00968384742737
0.850250005722
0.874402046204
0.766979932785
0.430852890015
0.707922935486
0.784821033478
0.680274009705
0.735636949539
0.602654933929
0.467662096024
0.552193164825
0.707623004913
0.0947132110596
0.0467150211334
0.0326929092407
0.050106048584
0.0734031200409
0.0529870986938
0.341779947281
0.152177810669
0.138060092926
0.383652925491
0.222779989243
0.0741999149323
0.41855597496
0.196784973145
0.317692995071
0.19944190979
0.0366811752319
0.654392957687
0.845069169998
0.267156124115
0.186498165131
0.398121118546
0.492703914642
0.521893024445
0.379962921143
0.396677970886
0.212124109268
0.253889083862
0.0754318237305
0.296065092087
0.42285990715
0.355288028717
0.384164094925
1.51563811302
0.213052034378
2.42704677582
1.7739109993
1.92639899254
1.77307391167
1.52374696732
1.08988189697
1.16388607025
1.37955379486
1.01518797874
1.16631913185
2.52187395096
2.4956870079
2.5289440155
3.01494503021
2.52408289909
2.05083298683
0.622140169144
0.283953905106
0.313995838165
0.322605133057
0.224351167679
0.26607298851
0.208986997604
0.0426859855652
0.086236000061
0.0869429111481
0.125387907028
0.112009048462
0.0980548858643
0.115730047226
0.0954210758209
0.0959579944611
0.202888011932
0.0645358562469
0.637809038162
0.389738082886
0.298103094101
0.428656101227
0.32862496376
180.630016804
0.623456954956
2.17568898201
1.67796897888
2.51046586037
2.1647298336
2.39967417717
2.16300702095
0.0554389953613
0.139914035797
0.174361944199
0.0525748729706
0.166346073151
0.141913890839
1.26222896576
0.71247792244
0.649412870407
1.01501989365
0.947390079498
1.1298801899
1.16722011566
0.0234110355377
0.0167391300201
0.0160820484161
0.0107510089874
0.0100049972534
0.0172629356384
181.972118855
1.47047615051
2.00178098679
2.04799294472
1.95586299896
1.30415201187
1.26128315926
0.330412864685
0.492863178253
0.513155937195
0.599448919296
0.364644050598
0.662245988846
0.337473869324
0.281293153763
0.674066066742
0.271946907043
0.434538125992
0.479639053345
0.0381700992584
0.00861811637878
0.024619102478
0.0751650333405
0.0687170028687
0.249324083328
0.0739710330963
0.0114409923553
0.10667014122
0.050498008728
0.0718920230865
3.02263212204
2.35319709778
2.70001196861
2.51584887505
1.67389512062
0.0114121437073
0.00561213493347
0.00673317909241
0.0109059810638
0.00503087043762
0.0046660900116
0.00530886650085
0.00565505027771
0.00496792793274
0.00401401519775
0.0102961063385
0.073333978653
3.01964688301
2.53279709816
2.25439691544
2.15573501587
1.46149897575
1.8910279274
2.16523098946
1.88900494576
1.40297794342
2283.71655512
0.480555772781
0.493780136108
0.565643072128
0.501579999924
0.388077020645
0.138479948044
0.718481063843
0.557471036911
0.583926200867
0.579726934433
0.592427015305
0.658746004105
0.640887975693
0.622594118118
2.52317619324
2.16067099571
2.15773081779
181.460156918
2.51336789131
3.0153529644
0.00975203514099
0.00550413131714
0.00486207008362
0.00346493721008
0.00322890281677
0.169245004654
1.89545989037
1.69363808632
1.97984218597
1.92968702316
1.6814789772
1.96520209312
0.532047986984
180.588777781
0.140325069427
0.333338975906
0.344195842743
0.107841014862
0.634024858475
0.713598966599
0.350579023361
0.606319189072
0.577053070068
0.288195848465
0.185254096985
0.0624401569366
0.0466220378876
0.0489220619202
0.153021097183
0.149413108826
0.108675003052
0.0320649147034
0.0377449989319
0.105869054794
0.168354034424
0.0686230659485
0.951028108597
0.892270088196
1.08235311508
1.39055395126
180.420184851
0.216617822647
0.69379901886
0.73206782341
0.635495901108
0.611097097397
0.819329977036
0.484479904175
0.480786085129
0.439834117889
0.402475118637
0.523468971252
0.304422140121
0.62450504303
0.480751037598
0.366886854172
0.34952712059
0.15035200119
0.446806907654
0.438111066818
0.115603923798
0.113978862762
0.0266768932343
0.0139338970184
0.0889990329742
0.0653839111328
180.643309832
0.579203128815
0.65784907341
0.525057077408
0.301023960114
0.307447195053
1.59657406807
0.571397066116
0.656939983368
0.922702789307
0.702081918716
0.836828947067
0.914256095886
0.784046888351
0.819314002991
2.2443959713
0.00778484344482
0.0104908943176
0.0104711055756
0.00960397720337
0.00954294204712
0.00983595848083
0.130257129669
0.177875041962
0.0223219394684
0.0829319953918
0.27116894722
0.301697969437
1.27803897858
1.26590704918
1.79488992691
1.4588201046
1.68186187744
1.26995992661
0.640470981598
0.49342918396
0.457666873932
1.05737495422
0.644594907761
180.945616007
0.640686035156
0.629799127579
0.633110046387
0.653708934784
0.656323194504
0.631330013275
0.646111965179
0.0161628723145
0.0237889289856
0.027951002121
0.0104660987854
0.0128200054169
0.0101361274719
0.00826907157898
0.0167388916016
0.0119619369507
0.0153260231018
0.0160911083221
0.0122320652008
0.0105679035187
0.021831035614
0.00873684883118
0.0748209953308
0.00878500938416
0.0158038139343
0.00987792015076
0.0074679851532
0.0726180076599
0.584985971451
0.661603927612
0.137652873993
0.44479393959
0.324085950851
0.233212947845
0.581719875336
0.582619905472
0.178775072098
0.293696165085
0.208981990814
0.600268125534
0.0265109539032
0.0106770992279
0.0102920532227
0.0700509548187
0.0108110904694
0.0237259864807
0.509129047394
0.37055015564
0.354915142059
0.462282180786
0.335751056671
1.51516509056
183.66740489
2.96855592728
2.1673810482
3.01648283005
1.89285302162
0.235640048981
0.129560947418
0.225761890411
0.140542030334
0.121978998184
0.144627094269
0.490789175034
0.32769203186
0.288203001022
0.313679933548
0.388855934143
1.03562998772
0.506758928299
0.200525045395
0.269332885742
0.10591006279
0.412930011749
0.0780429840088
1.6424601078
0.9684009552
0.935245037079
1.13743495941
1.27026295662
0.296518087387
0.231383800507
0.178627967834
0.219902038574
0.182893037796
0.918350934982
0.28685593605
0.0382070541382
0.0278379917145
0.156675815582
0.0744531154633
0.0974090099335
0.0705070495605
0.0679769515991
0.0105130672455
0.06498503685
0.036777973175
0.0465679168701
0.277428865433
0.224440813065
0.0800437927246
0.197140932083
0.0909030437469
0.16005396843
0.685660123825
0.543008804321
0.462646007538
0.456905841827
0.398931026459
0.52276301384
0.850756883621
0.769010066986
0.89550614357
1.26318597794
1.22178912163
0.691722869873
0.390277862549
0.474054098129
0.73797416687
0.338046073914
0.162169933319
0.126040220261
0.150769948959
0.153454065323
0.0572710037231
0.159162998199
0.105818033218
0.528310775757
0.400385856628
0.192054033279
0.146008968353
0.171219825745
0.189790964127
0.979154109955
0.261922836304
0.0744872093201
0.0442011356354
0.112151861191
0.107465982437
0.0544729232788
0.0372519493103
0.0878188610077
0.0741760730743
0.0262558460236
0.0857419967651
0.0714330673218
0.767070055008
0.690091133118
180.616580009
0.62099480629
0.539958953857
0.416365861893
0.418910980225
0.373208999634
0.331079006195
0.246967077255
0.365163803101
0.354547023773
0.642044067383
0.397917985916
0.507725000381
1.23253011703
0.0140171051025
0.106024026871
0.0249090194702
0.0744659900665
0.0927240848541
0.0725300312042
0.730185985565
0.244027137756
0.429416179657
0.689287900925
0.255439043045
0.648387908936
0.883406877518
0.464318990707
0.542782068253
0.588100910187
1.68098497391
2.16406011581
0.949619054794
1.29012703896
181.687412977
1.71510386467
2.10248088837
1.52436590195
1.34057092667
1.69922709465
1.41221809387
1.48195910454
2.16918921471
0.946850061417
0.470900058746
0.547517061234
0.684322118759
0.553790092468
0.494390964508
0.799120903015
0.289083003998
0.219465017319
0.326246023178
0.18540596962
0.26679110527
0.0114159584045
0.00829195976257
0.0106329917908
0.00555014610291
0.00548195838928
0.00689697265625
0.0967478752136
0.0322530269623
0.038106918335
0.0523860454559
0.0504651069641
0.0549948215485
0.0167820453644
0.0472390651703
0.0671679973602
0.0239381790161
0.0109210014343
0.314157962799
0.325521945953
0.151878833771
0.185892105103
0.337433099747
0.147761106491
0.109418153763
1.1718878746
1.14370083809
1.18825793266
1.17965817451
1.35931515694
1.35788297653
0.12410902977
0.215820074081
0.257194042206
0.129855155945
0.268664836884
0.276419878006
0.605327129364
0.193516016006
0.0596218109131
0.200922966003
0.187134027481
0.0746400356293
181.439536095
1.16526794434
1.37765717506
1.39625287056
1.16768789291
1.51986384392
0.666223049164
0.667461156845
0.603867053986
0.607313871384
0.515418052673
0.964555025101
0.349540948868
0.160985946655
0.00688099861145
0.174991846085
0.154238939285
0.172238111496
1.17910003662
1.16649699211
181.176367044
1.26036906242
1.09068107605
1.16834211349
1.07965922356
1.25236296654
2.12321186066
0.590034008026
0.656976938248
0.32525396347
0.569503068924
0.389132976532
0.347627878189
0.494296073914
0.322408914566
0.453667879105
0.32888507843
0.471185922623
0.387290000916
181.298578978
1.01912093163
1.37928199768
1.086332798
1.51715111732
0.957715988159
2.51900100708
2.01781010628
2.18527698517
2.22272586823
2.51958394051
1.89391207695
0.811506986618
0.569412946701
0.527997970581
0.591911077499
0.572799921036
0.610921144485
0.598190069199
0.531831026077
0.511944055557
0.641601085663
0.447004079819
0.522208929062
0.110650062561
0.0408771038055
0.0662989616394
0.0112719535828
0.0134620666504
0.00428199768066
2.78885889053
1.44583511353
1.96075510979
1.74379992485
1.83582305908
1.82960009575
3.7702729702
2.87026786804
3.19511795044
3.02189803123
2.15654993057
2.17373800278
0.804132938385
0.462896108627
0.476259946823
0.697604894638
0.533140182495
0.58952498436
1.16714906693
0.79395198822
0.695833921432
0.881799936295
0.651511192322
0.863200902939
0.414731025696
0.452167987823
0.292578935623
0.390965938568
0.40576505661
0.38792014122
1.89477396011
1.51532387733
1.8958029747
1.67996001244
1.64085006714
0.867506027222
0.774311065674
0.691605091095
0.708239078522
0.761409044266
0.728914022446
1.08596110344
1.00899910927
1.51722288132
1.51795482635
1.52285695076
1.38113689423
1.02384209633
1.49109911919
1.23277306557
1.31731200218
1.28486680984
1.25691390038
1.06035089493
0.446071863174
0.768439054489
0.320858001709
0.387504816055
0.703480005264
0.309176921844
0.163342952728
0.112726926804
0.190747976303
0.609335899353
0.424427986145
0.195538043976
0.371589899063
0.195430994034
0.393522024155
0.362051010132
1.52081203461
1.26356911659
1.084815979
1.34594392776
1.19848895073
1.26260113716
0.62255191803
0.223117828369
0.608707904816
0.351590871811
0.394454956055
0.0678009986877
0.897403001785
1.08071088791
1.00995111465
0.830605983734
1.17096805573
1.01671099663
0.0858662128448
0.054888010025
0.0459780693054
0.498494148254
0.250242948532
0.475131988525
0.19242811203
0.280977010727
0.420439958572
0.290334939957
0.230162858963
0.332890987396
0.703537940979
0.64981007576
0.644004106522
0.644091844559
0.641283988953
0.638579130173
0.645029067993
0.634569883347
0.647363901138
1.16789102554
0.915472984314
1.25889086723
1.16293597221
1.37538099289
1.02987194061
1.21121287346
0.749238014221
0.854718923569
0.885394096375
1.39565396309
1.17414593697
1.15350103378
1.08755302429
1.08687901497
1.16840386391
1.08584809303
0.573594093323
0.27134013176
0.234243869781
0.404563903809
0.272454977036
0.524575948715
0.535507917404
0.35166311264
0.347895145416
0.383209943771
0.342245817184
0.405992031097
2.14128994942
2.11054301262
1.98424100876
2.43140888214
2.0981259346
2.21354413033
2.06924390793
0.924231052399
0.835166931152
1.29311394691
1.09022712708
1.89778017998
1.90070295334
0.542635917664
0.874488830566
1.05742287636
1.23701310158
1.06647896767
0.219676017761
0.0426490306854
0.0276529788971
0.0796499252319
0.186406135559
0.272980928421
0.678289890289
0.0938370227814
0.636989831924
0.371266841888
0.366015911102
0.177350997925
0.532114982605
0.468457937241
0.203549146652
0.311609983444
0.50600194931
0.387045860291
0.774081945419
0.0921151638031
0.0750179290771
0.155076026917
0.107473134995
0.240617036819
1.04650688171
0.45987200737
0.722741127014
0.671419858932
0.922378063202
0.166218996048
0.0375230312347
0.111139059067
0.100734949112
0.0254561901093
0.232297182083
0.23606300354
0.191814899445
0.135235071182
0.0739719867706
0.114781856537
0.253316879272
0.690582036972
0.421603918076
0.431941986084
0.345376014709
0.374752998352
0.606042146683
0.00608015060425
0.00933384895325
0.00898885726929
0.00667905807495
0.00705003738403
0.00628900527954
0.726020097733
0.538788080215
0.642190217972
1.26213002205
0.61038517952
0.513345956802
0.681726932526
0.583883047104
0.609704017639
1.52321815491
0.23730301857
0.0819098949432
0.132920026779
0.15452504158
0.158373117447
0.174575090408
0.0891489982605
0.310114145279
0.130389928818
0.0874590873718
0.115041971207
0.247338056564
1.15359091759
0.852481126785
1.07409214973
0.366809129715
0.579292058945
0.355548143387
2.52860689163
1.52212500572
2.53270196915
2.15912818909
2.1797208786
1.89143204689
0.66558098793
0.697785139084
0.580767154694
0.928407907486
0.894549131393
0.728301048279
0.517702102661
0.453516960144
0.15296292305
0.311802864075
0.289281129837
0.238092899323
0.477050065994
0.548094987869
0.378438949585
0.370559930801
0.330842018127
0.0893669128418
1.12415385246
0.466132879257
0.598123073578
0.566039085388
0.607326984406
0.597577095032
0.111814975739
0.0546338558197
0.0291149616241
0.0624849796295
0.036315202713
0.0906460285187
0.914932966232
0.832714080811
0.769754886627
0.842550039291
0.777336120605
1.42542314529
1.63187003136
1.17978906631
0.91682600975
0.996632814407
1.69921207428
0.447474956512
0.300626993179
0.127739906311
0.391485214233
0.440561056137
0.303164958954
0.158503770828
0.148472070694
0.210947036743
0.277427911758
0.32007598877
0.402415037155
0.932730913162
0.168015956879
0.655262947083
0.407510042191
0.506776094437
1.51801896095
0.572356939316
0.11465716362
0.0665049552917
0.047758102417
0.166517019272
0.181483983994
0.107409954071
0.00629711151123
0.0116360187531
0.0528030395508
0.00951385498047
0.00761008262634
0.696357011795
0.622612953186
0.799009799957
0.757818937302
0.761928081512
1.01747918129
0.731465816498
0.581480979919
0.433036804199
0.372987985611
0.334854125977
0.548065900803
0.456676006317
0.806860208511
0.0168399810791
0.00557398796082
0.00620889663696
0.00751185417175
0.0447969436646
0.951228141785
0.283291101456
0.174912929535
0.569225072861
0.149457931519
0.257215976715
0.471720933914
0.443274974823
0.600641012192
180.332931042
0.520192146301
0.448386907578
0.773099899292
0.537832021713
0.499713897705
0.468775987625
0.568912029266
1.37797498703
0.774132966995
0.954426050186
0.844650030136
0.900839090347
1.0437078476
1.00873494148
0.0169789791107
0.0232901573181
0.0217969417572
0.0955188274384
0.0181670188904
0.143452882767
0.849619865417
180.334055185
0.483112096786
0.326997995377
0.478688001633
0.318632125854
0.27506518364
0.0488841533661
0.32731795311
0.0678329467773
0.0562999248505
0.077908039093
0.0026490688324
0.00299596786499
0.00338292121887
0.49755692482
0.37793803215
0.285315990448
0.31134390831
0.227684020996
0.331013917923
0.579673051834
0.371873140335
0.277022123337
0.00829195976257
0.00305700302124
0.00463604927063
0.00333905220032
0.0372281074524
1.02387309074
1.17214798927
1.51758980751
1.26311898232
1.49503397942
1.26000809669
0.664524078369
0.577254056931
0.632614850998
0.614434957504
0.444344997406
0.772439002991
0.887887954712
0.445071935654
0.363373994827
0.472446203232
0.343147993088
1.2499229908
0.00591897964478
0.0101230144501
0.00684595108032
0.00841307640076
0.00668120384216
0.00689101219177
1.00398015976
0.659343957901
0.81139922142
0.729249000549
180.774978161
2.16086196899
0.969381809235
1.38481497765
1.43624305725
1.08099794388
1.68000411987
1.26648116112
1.35980510712
0.581429958344
0.989513158798
1.72912502289
0.348878145218
0.245958089828
0.531309127808
0.319199085236
0.512443065643
0.384570121765
0.522197961807
0.382308959961
0.0962669849396
0.610403060913
0.233243942261
1.13084602356
0.479631900787
0.349310159683
0.604454994202
0.56613278389
0.62025809288
0.509443998337
1.38050818443
1.39016604424
1.52297496796
1.17371606827
1.39194488525
0.895781040192
0.954937934875
0.798293828964
0.968399047852
0.803112983704
0.800085067749
0.895967960358
0.731416940689
0.603431940079
0.692316055298
0.512971162796
0.622009992599
0.503868103027
3.03293514252
181.758589029
1.68353486061
2.17022180557
1.37606883049
1.68507695198
1.90899801254
1.89677405357
2.15950393677
1.88869214058
1.68508696556
1.08176088333
0.697049856186
0.56801199913
0.6749792099
0.68189907074
1.03467988968
0.649602890015
0.00276803970337
0.00264620780945
0.00341391563416
0.138357162476
0.119160175323
0.0843691825867
0.00921416282654
0.119986057281
0.214505910873
0.641215801239
0.40674996376
0.431029081345
0.487459897995
0.441666126251
0.498933076859
0.702733039856
0.646166086197
0.647760152817
0.644428014755
0.646525144577
0.650211811066
0.0705239772797
0.324006080627
0.247080087662
0.188910007477
0.238658189774
0.195887804031
0.173537015915
0.174328804016
0.0977008342743
0.180998086929
0.255017995834
0.0641210079193
0.106155872345
0.200437068939
0.373573064804
0.239457130432
0.150927066803
0.24356508255
0.126697063446
0.160272836685
1.10544490814
0.683585882187
0.236712932587
0.630691051483
0.407113075256
0.737260103226
0.0262770652771
0.0194849967957
0.0214009284973
0.0261499881744
0.0124180316925
0.334499835968
0.773867845535
0.509793043137
0.350793838501
0.183934926987
0.15572309494
0.432336091995
0.851381063461
0.371349096298
0.670823812485
0.80978178978
0.772853136063
0.391381025314
0.117521047592
0.00848793983459
0.00581908226013
0.00686502456665
0.0274868011475
0.0454461574554
0.204112052917
0.0484960079193
0.0751049518585
0.0225639343262
0.00589299201965
0.0749218463898
0.0669159889221
0.029983997345
0.126484870911
0.0321278572083
0.0841591358185
0.761626005173
0.76682305336
0.743116855621
0.896857976913
1.03941679001
0.769119977951
0.985038042068
0.155944108963
0.0621340274811
0.0411348342896
0.183401107788
0.0508580207825
0.054799079895
0.953598022461
0.230627059937
0.155810832977
0.0925848484039
0.401779174805
0.951667070389
0.610816955566
0.131046056747
0.135506153107
0.166465997696
0.141327857971
0.07777094841
1.52731204033
1.39423584938
1.42459511757
1.08294701576
0.821502923965
1.380838871
1.08122992516
0.89795088768
1.71015787125
1.90190291405
1.67719101906
0.473936080933
0.175606966019
0.0719020366669
0.136398077011
0.0632629394531
0.368061065674
3.3503818512
2.16832709312
3.00054001808
1.43065595627
1.45015001297
1.36887001991
1.08117890358
0.997456789017
1.2667760849
1.89487218857
1.51228404045
1.72612309456
1.95401310921
1.8004360199
1.88864588737
1.51022410393
0.901067018509
0.845896959305
0.897093057632
0.733330011368
0.760762929916
1.27248692513
1.3894701004
1.11514115334
1.52505803108
1.16852903366
1.26398515701
1.85389780998
1.46664810181
0.552372932434
0.952248811722
0.8850710392
0.901971101761
0.995004892349
1.89067697525
1.90958309174
1.89698600769
3.01442980766
2.16422104836
0.68700003624
0.589169979095
0.500314950943
0.51494383812
2.16413211823
1.09854197502
0.833041906357
0.741843938828
0.774240970612
0.702536821365
1.28161978722
0.897873163223
0.174914121628
0.48627614975
0.220555067062
0.415700912476
0.622107982635
0.559117794037
0.357985019684
0.0721731185913
0.113389015198
0.133057117462
0.13011097908
0.00269889831543
0.00135183334351
2.16887784004
1.90125894547
2.161632061
1.26368498802
1.67832517624
0.00618410110474
0.0043580532074
0.00551199913025
0.0103979110718
0.47665810585
0.375678062439
0.335819959641
0.276390075684
0.371180057526
0.237382888794
0.957108020782
0.806106090546
1.01270103455
1.01081395149
0.904901981354
1.08614516258
1.28497385979
0.829383134842
0.787398099899
0.940187215805
0.963959932327
1.47441315651
1.37568306923
1.19474697113
1.38226890564
1.46821284294
1.51703810692
1.68742489815
0.248970031738
0.358124017715
0.17102098465
0.34703207016
0.269916057587
0.204679965973
1.89664912224
1.32547187805
1.40982580185
1.97379899025
1.42751002312
1.49574899673
0.00734806060791
0.0233218669891
0.0178170204163
0.013622045517
0.0123150348663
0.0179450511932
1.75369501114
1.22683310509
1.99877309799
1.92429995537
1.43218517303
1.65515494347
3.0217192173
2.22529697418
2.17876410484
1.89277911186
2.16744208336
2.16068291664
0.00713706016541
0.00786995887756
0.00712704658508
0.00685715675354
0.00644302368164
0.00688099861145
0.00922298431396
0.00669097900391
0.0120680332184
0.00684785842896
0.0062050819397
0.0126740932465
0.00651478767395
0.00793290138245
0.00595903396606
0.00672507286072
0.00453281402588
0.00653100013733
0.573768854141
0.723327875137
0.731394052505
0.63280916214
0.853754043579
0.894711971283
1.52525401115
1.02738189697
1.41341400146
1.26375198364
1.03000593185
1.17133378983
0.304402112961
0.0963041782379
0.143804073334
0.228624105453
0.18540596962
0.329949855804
0.179969072342
1.08342504501
1.91344499588
1.82936906815
1.69676303864
1.38050794601
1.68902492523
0.00620985031128
0.00924897193909
0.0158660411835
0.00889706611633
0.0112071037292
0.00789380073547
0.47939991951
0.762286901474
0.44828915596
0.498023986816
0.550023794174
0.45045208931
0.813063144684
1.07687807083
0.842762947083
0.935454130173
1.07575392723
1.16853904724
1.02541613579
0.427973985672
0.695606231689
0.53143787384
0.82203412056
0.838748931885
0.742756843567
0.77200293541
0.283163070679
0.151499986649
0.690543889999
0.336019992828
0.898250102997
0.388064861298
0.620872974396
0.266364812851
0.526301145554
0.511184930801
0.846966028214
0.201648950577
0.578581094742
0.510466098785
0.617248058319
0.32519698143
2.16789102554
1.28760409355
1.51439404488
1.01638793945
1.35015010834
1.64770007133
0.251662969589
0.196841001511
0.131386995316
0.0869889259338
0.1036028862
0.0973892211914
0.954509019852
0.811108827591
0.536127090454
0.637138843536
0.390993118286
0.450786113739
3.01912379265
2.91174197197
2.15445208549
2.51320815086
2.44307518005
2.52346801758
0.628665924072
0.371556043625
0.392661809921
0.498043775558
0.356161117554
0.508486032486
0.803422212601
0.152558088303
0.402517080307
0.205924987793
0.224907875061
0.19682598114
0.619286060333
0.600834131241
0.598968982697
0.606178998947
0.841032981873
0.58979010582
1.99200391769
1.23473286629
1.80638790131
1.4742641449
1.90340614319
1.39356088638
0.85720705986
0.765300989151
0.897853136063
0.958681821823
0.899835109711
0.857547044754
0.00285005569458
0.00252294540405
0.00309801101685
0.00323605537415
1.52804493904
1.37471079826
1.08910393715
1.43201899529
1.26013588905
1.17223095894
0.655050992966
0.948249101639
1.01363778114
0.870839118958
0.948266029358
0.100883960724
0.228168964386
0.0846960544586
0.0847549438477
0.123461008072
0.064610004425
1.17864084244
1.08546900749
1.26838922501
0.117265939713
0.0350208282471
0.0597329139709
0.0272488594055
0.0384888648987
0.0600779056549
0.138470888138
0.272346019745
0.323408126831
0.200711965561
0.330919981003
0.289772987366
0.736963033676
0.666303157806
0.554717063904
0.643864154816
0.75926399231
1.02267098427
1.0904648304
0.718410968781
1.14660811424
0.850301027298
1.26058888435
0.990339994431
0.041748046875
0.0427939891815
0.114603042603
0.0480129718781
0.126374006271
0.0313439369202
0.635757923126
0.496985197067
0.491852998734
0.558529138565
0.396619081497
0.764767885208
2.4742000103
1.17011880875
1.15841794014
1.0710940361
2.51701402664
0.008868932724
0.0054829120636
0.00551700592041
0.362553119659
0.908787965775
0.916131973267
0.39802312851
0.940668106079
0.753075122833
0.837826967239
1.16707587242
1.16006183624
0.860846996307
1.12583899498
0.800388097763
0.927726984024
1.51272201538
1.5200741291
1.4262740612
1.54069399834
1.7768778801
1.90410614014
1.68343091011
1.15076494217
1.58700609207
1.56846380234
1.51993608475
0.959084033966
0.817238092422
0.700872898102
0.717514038086
1.00803399086
0.80553817749
0.728313922882
0.760688066483
0.766434907913
0.972867965698
0.900346040726
1.02234387398
0.220427036285
0.362883090973
0.0709760189056
0.0595910549164
0.106855869293
0.0218768119812
0.110193967819
0.0841119289398
0.0528249740601
0.0544350147247
0.391087055206
0.361251115799
0.174571990967
0.20655798912
0.159817934036
0.102118968964
0.217147111893
0.665371894836
0.761215925217
0.947906017303
1.04423999786
0.914737939835
0.949645996094
0.972437858582
0.546267986298
0.673084020615
0.796617984772
0.696916818619
0.753975868225
1.38173699379
1.26776504517
1.5136039257
1.26350808144
1.51398491859
1.51637506485
0.55698800087
0.373805999756
0.334234952927
0.298256874084
0.470639944077
0.398401975632
0.613263130188
0.558333873749
0.502501010895
0.828589916229
0.5527780056
0.51293182373
0.384880065918
0.0808379650116
0.397644996643
0.199894189835
0.327092170715
0.217818021774
0.411463022232
0.179212093353
0.0987229347229
0.121400117874
0.127998828888
0.0929310321808
0.727427005768
0.275137901306
0.370404958725
0.522345066071
0.37961101532
0.550107002258
1.87964820862
1.45876598358
1.60807418823
1.45275998116
2.29321098328
0.0692970752716
0.0156722068787
0.0754539966583
0.0183818340302
0.0335228443146
0.0451810359955
0.469022035599
0.572135925293
0.131404876709
0.32950091362
0.410338163376
0.248188972473
0.857200860977
0.783200979233
0.951469898224
1.0208530426
0.813689947128
0.905563116074
0.00573706626892
0.00724506378174
0.00462198257446
0.00523090362549
0.00855422019958
0.0263071060181
0.6667740345
0.630700111389
0.674123048782
0.461627960205
0.638458967209
0.560787916183
1.28067493439
0.803084850311
0.59345293045
0.817744016647
1.39732289314
0.638053894043
0.489705085754
0.447715044022
0.505819797516
0.564130067825
0.476167917252
0.174124002457
0.0570549964905
0.048357963562
0.141284942627
0.0895490646362
0.0658130645752
0.11102104187
0.0367419719696
0.0645461082458
0.0466408729553
0.0460929870605
0.385278940201
1.38455605507
1.33714604378
1.37599396706
1.52793693542
1.16550087929
1.016299963
0.00499510765076
0.0037407875061
0.00278997421265
0.00347208976746
0.00383901596069
0.00288915634155
0.907912015915
0.946943044662
0.959510087967
0.959054946899
1.29998207092
1.01286888123
0.54289317131
0.279438972473
0.269917964935
0.253775835037
0.250627040863
0.326165914536
0.703452825546
0.759554862976
0.804863929749
1.01184892654
0.827288150787
1.08367705345
0.398763895035
0.138262033463
0.0739028453827
0.197809934616
0.0662381649017
0.229180812836
1.69998002052
1.69376707077
1.38061904907
1.69349694252
1.88750100136
1.7175219059
0.824426174164
0.647079944611
0.852880954742
0.692180871964
1.01330709457
0.845655202866
0.654783964157
0.101961135864
0.014053106308
0.0152020454407
0.101870059967
0.0349500179291
0.0783960819244
0.192206859589
0.0934679508209
0.112948894501
0.100018978119
0.0750391483307
0.475504875183
0.928092002869
0.556557893753
0.359275817871
0.499825000763
0.565089225769
0.770775079727
0.694770097733
0.424529075623
0.875530958176
0.705898046494
0.454158067703
0.595827817917
0.665803909302
0.65287899971
0.655500888824
0.638886213303
0.654232025146
0.645855903625
0.651590108871
1142.39425802
0.645080089569
0.648392915726
0.635313034058
0.645171880722
0.640409946442
0.632145881653
0.636600971222
0.644513130188
0.653421878815
0.625756978989
0.512853145599
0.275794029236
0.325338840485
0.327652931213
0.444458961487
0.220623970032
0.294147968292
0.189120054245
1.82952690125
180.355621099
0.0724439620972
0.0923960208893
0.129474163055
0.0885291099548
0.0396120548248
3.03252601624
3.01260209084
2.16832208633
2.52068400383
3.01721692085
2.09539699554
0.677966117859
0.334082841873
0.244355916977
0.315039873123
0.345913171768
0.386783123016
0.861975908279
0.397136926651
0.616708040237
0.520030975342
1.21046090126
0.49150800705
0.544694185257
0.661971092224
0.696757078171
0.930619955063
0.81029176712
0.154956817627
0.0713179111481
0.0681369304657
0.0605771541595
0.0790030956268
0.0126640796661
0.435549020767
0.432005167007
0.527425050735
0.268144845963
0.287312984467
0.240062952042
1.52849602699
1.16460514069
1.19272494316
1.26527285576
0.29691696167
0.0380940437317
0.141119003296
0.219311952591
0.180365085602
0.0533740520477
0.76590013504
0.452532052994
0.578589916229
0.428278923035
0.575976848602
0.591673851013
0.64026093483
0.773833990097
0.727845907211
0.725942134857
0.638380050659
0.57306599617
0.899319887161
0.167405843735
0.356785058975
0.634582996368
0.596700906754
0.542550086975
0.520419120789
0.628566026688
0.579473018646
0.064826965332
0.18915104866
0.159440994263
0.101089000702
0.180440187454
0.0755529403687
0.110489845276
0.0980539321899
0.518241882324
0.0344920158386
0.00996994972229
0.00702095031738
0.0190949440002
0.00968599319458
0.0141551494598
0.664188146591
0.582062005997
0.42213511467
1.01226782799
0.715059995651
0.561381816864
0.744210004807
0.822000026703
0.727596998215
0.908769845963
0.82065987587
0.776736974716
0.909676074982
1.27892708778
1.17258810997
1.1770761013
1.27215695381
1.52171087265
1.51471185684
1.52372908592
3.01515388489
3.01647400856
1.7047419548
180.572811127
2.11424207687
1.8871948719
2.52234005928
2.1565618515
1.90143299103
0.524525880814
0.348742961884
0.312659025192
0.270148992538
0.326770067215
0.30278301239
0.218231201172
0.0495200157166
0.0598180294037
0.0758581161499
0.205290079117
0.165307044983
0.234053850174
0.121429920197
0.140447854996
0.122153997421
0.194658994675
0.119939088821
0.240123033524
0.0636560916901
0.445343017578
0.254952907562
0.445294857025
0.397572040558
0.533170938492
0.525267839432
0.519305229187
0.51788687706
0.258430957794
0.0222671031952
0.00989294052124
0.0124378204346
0.0141758918762
0.00631785392761
0.00632500648499
0.00954413414001
0.00649690628052
0.00729703903198
0.0128281116486
0.00912404060364
0.0862250328064
1.87508296967
181.007482052
0.723057031631
0.960880994797
1.28638911247
0.672152042389
0.140331029892
0.66975402832
0.684569835663
0.4616959095
0.163709163666
1.07797694206
0.695472002029
0.687417030334
0.754064083099
0.664640903473
2.16216802597
0.468446969986
0.311015844345
0.240808963776
0.31135892868
0.393451213837
0.148578882217
1.89193081856
1.82081794739
1.94747400284
2.24317097664
2.64593815804
3.02440309525
1.89124584198
2.10162711143
1.51617598534
1.50958681107
180.575089931
0.759482145309
0.719395160675
0.85870885849
0.302242994308
0.51952791214
0.60476398468
0.984763860703
0.333352088928
0.64587688446
0.189357995987
0.716470956802
0.285947799683
0.214042901993
0.0610749721527
0.048572063446
0.144453048706
0.133300065994
0.12117099762
1.26711511612
1.26882004738
0.953871011734
181.055490971
1.26459312439
1.00898790359
0.899518966675
0.542268037796
0.653177022934
1.31238222122
0.262554883957
0.0270879268646
0.0721628665924
0.150068998337
0.121653079987
0.0914180278778
0.763125181198
1.02041721344
1.17029094696
1.38106513023
1.25916910172
1.26131796837
0.535173892975
0.380587816238
0.257566928864
0.234088182449
0.372996807098
0.285429000854
1.4366350174
1.16159200668
1.48483705521
1.21936297417
1.1782040596
1.19100999832
0.033408164978
0.0174629688263
0.0177431106567
0.0135569572449
0.0164480209351
0.0142970085144
0.854028940201
0.682621955872
0.629693984985
0.650199174881
180.760103941
0.00591111183167
0.0270490646362
0.0185329914093
0.019819021225
0.00955700874329
0.0175340175629
2.39126896858
1.46571612358
2.09946894646
2.47037887573
2.13633298874
2.16977405548
1.86057591438
182.024183035
3.02619099617
2.98635315895
1.6161839962
1.56461119652
1.81256484985
3.02436900139
1.0107960701
0.512606143951
0.834712028503
0.320488929749
0.899526834488
180.930674791
0.297888994217
0.109194040298
0.00529193878174
0.0751309394836
0.0890347957611
0.0188369750977
0.556151866913
0.431327104568
0.476912021637
0.534801006317
0.307418107986
0.495965003967
0.0264868736267
0.00645995140076
0.00511693954468
0.00330495834351
0.0034921169281
0.10665512085
0.146615028381
0.0757689476013
0.0526480674744
0.0571579933167
0.267539024353
0.694848060608
0.370087862015
0.406007051468
0.151876211166
0.29380106926
0.367635965347
1.08460307121
1.09037399292
1.21290779114
1.08811807632
1.26371502876
1.26104593277
1.77355408669
1.21919298172
0.815004110336
1.03877401352
1.0377099514
1.24004197121
180.778115988
0.498499155045
0.726866960526
0.438338041306
0.638180017471
0.79918384552
2.521504879
2.16468596458
2.21461391449
1.89932608604
2.5481030941
2.15582489967
1.08694291115
0.654913902283
180.592167139
0.954166889191
0.797474145889
0.760843038559
0.091784954071
0.0209450721741
0.0860531330109
0.0324490070343
0.0500810146332
0.0381379127502
0.0628781318665
0.00957107543945
0.0103559494019
0.0319368839264
0.0126419067383
0.00901412963867
0.800678014755
0.712608098984
0.820677995682
0.552165985107
0.838856935501
0.786401987076
0.0778541564941
0.06090092659
0.0909209251404
0.131631135941
0.139024019241
0.110982179642
0.0119559764862
0.00500512123108
0.00771999359131
0.00437879562378
0.00509691238403
0.00767302513123
0.732899904251
0.806015014648
1.00902700424
0.804306030273
1.36862611771
0.846513986588
0.0149931907654
0.00529003143311
0.00345182418823
0.0114870071411
0.00409388542175
0.00754284858704
0.24523806572
1.71997308731
1.73646593094
0.00281190872192
0.0027220249176
1.51837301254
1.37329602242
0.953197956085
1.0836520195
1.73240804672
1.26207208633
0.447058200836
0.18151307106
0.339598894119
0.122709989548
0.115056037903
0.16676902771
0.803801059723
0.518854141235
0.677122116089
0.503325223923
0.602700948715
1.42665719986
0.0132520198822
0.0058901309967
0.00369119644165
0.00378608703613
0.00405693054199
0.00593495368958
0.00400900840759
0.00344014167786
0.00417685508728
0.00489401817322
0.00336098670959
0.00573682785034
1.09476995468
0.845662117004
0.773288965225
0.786259889603
0.583948135376
0.939664125443
2.53070497513
1.88933706284
2.51947402954
2.15831398964
1.67938995361
0.945986032486
0.364497900009
0.512632131577
0.493052959442
0.950256824493
0.959122180939
1.91664886475
1.18627095222
1.37776899338
1.87029194832
1.08786892891
1.26879501343
0.460005998611
0.201861858368
0.169495105743
0.130075931549
0.0996840000153
0.312748908997
0.116843938828
0.220139980316
0.832432031631
2.52466392517
1.87984514236
1.68467712402
2.16186499596
1.47648596764
0.449547052383
0.280714035034
0.336153030396
1.35338592529
0.1536860466
0.120831012726
0.0561821460724
0.0488760471344
0.0162880420685
0.0611660480499
0.958089828491
1.5118021965
1.08428311348
1.51875805855
1.38566207886
0.308089017868
0.179605007172
0.287075996399
0.0738930702209
0.0559840202332
0.208837985992
0.974823951721
0.891237020493
0.846081018448
0.920213937759
1.31336808205
0.988822937012
0.052453994751
0.0159378051758
0.0228559970856
0.0334589481354
0.0132920742035
0.0776290893555
0.0903880596161
0.0184330940247
0.0315940380096
0.0607349872589
0.0332050323486
0.201078891754
0.440262079239
0.456588983536
0.597238779068
0.294525146484
0.277323961258
0.410636901855
0.946094989777
0.678006887436
0.534976959229
0.545329809189
0.523108005524
0.669226884842
0.472279071808
0.446240186691
0.444967031479
0.453206062317
0.445692062378
0.44664812088
0.450237035751
0.455687999725
0.461196184158
0.002525806427
0.0026581287384
0.00263905525208
0.00337409973145
0.722243070602
0.769750833511
0.253479957581
0.742656946182
0.649703979492
0.616608142853
1.26377511024
1.08718514442
1.09221696854
1.37013316154
1.16758489609
1.51765108109
1.40871405602
0.68581700325
0.650429964066
0.630748033524
0.766544103622
0.575443029404
0.319757938385
0.625495910645
0.667512893677
0.521456956863
0.0107250213623
0.00614500045776
0.0082061290741
0.00545716285706
0.00911688804626
0.00538492202759
0.648459911346
0.155306816101
0.347198963165
0.225908994675
0.20316696167
0.775305986404
0.649194955826
0.366464138031
0.249147176743
0.51016998291
0.47190117836
0.403620958328
1.20158910751
0.665256977081
0.561075925827
0.78798699379
0.943763017654
1.06332182884
0.707176923752
0.444885015488
0.549021959305
0.688744783401
0.530632019043
0.48628115654
0.193258047104
0.0430119037628
0.0473279953003
0.06085896492
0.00891995429993
0.021497964859
0.642815828323
0.246315956116
0.540684938431
0.367974042892
0.405907154083
0.225759983063
0.803364992142
0.923678159714
0.821290969849
0.643796920776
1.20468997955
1.09517288208
1.38924598694
1.25314879417
1.51389908791
1.48706102371
1.40320110321
1.56714582443
180.923928022
0.442917108536
0.603797912598
0.528099060059
0.185878038406
0.312304019928
0.860689878464
0.586286067963
0.691991090775
0.72837805748
0.606600999832
0.44630408287
0.482518196106
0.446985006332
0.675285100937
0.437567949295
0.512351036072
0.198364019394
0.585634946823
0.316996097565
0.130769014359
0.10125207901
0.221559047699
180.328011036
0.200107812881
0.158179044724
0.0555860996246
0.16281580925
0.038113117218
0.263460874557
1.68536305428
1.76952910423
1.69560098648
2.16106295586
1.51369905472
2.12839221954
0.21639084816
0.0926840305328
0.0677127838135
0.0636258125305
0.109129905701
0.0594878196716
0.0636019706726
0.0205819606781
0.0322480201721
0.0342299938202
0.0259001255035
0.0201539993286
0.703897953033
0.396812915802
0.401335000992
0.518496990204
0.504179000854
0.640856981277
0.242259025574
0.0522971153259
0.0798070430756
0.0421378612518
0.118081092834
0.110474824905
0.144425153732
0.0719330310822
0.0365269184113
0.00533890724182
0.0193619728088
0.0168039798737
0.00856995582581
0.0118589401245
0.00626182556152
0.48727107048
0.55730009079
0.407968044281
0.255699157715
0.34495306015
0.469450950623
