# unix_time, cycles_done, cur_path, paths_total, pending_total, pending_favs, map_size, unique_crashes, unique_hangs, max_depth, execs_per_sec, total_execs
1712481083, 1, 0, 5, 5, 5, 1.24%, 0, 0, 1, 1142.86, 40
1712481184, 1, 0, 117, 117, 5, 1.47%, 0, 0, 2, 0.65, 3451
1712481189, 1, 0, 193, 193, 5, 1.58%, 0, 0, 2, 933.67, 7718
1712481194, 1, 0, 221, 221, 5, 1.66%, 0, 0, 2, 807.65, 11484
1712481199, 1, 0, 241, 241, 5, 1.78%, 0, 0, 2, 724.02, 14900
1712481204, 1, 0, 256, 256, 5, 1.82%, 0, 0, 2, 831.18, 18596
1712481209, 1, 0, 274, 274, 5, 1.84%, 0, 0, 2, 872.28, 22975
1712485304, 1, 0, 289, 289, 5, 1.89%, 0, 0, 2, 0.01, 26400
1712485400, 1, 0, 300, 300, 5, 1.89%, 0, 0, 2, 584.19, 29572
1712485405, 1, 0, 306, 306, 5, 1.91%, 0, 0, 2, 126.68, 32962
1712485410, 1, 0, 315, 315, 5, 1.92%, 0, 0, 2, 704.46, 36263
1712485415, 1, 0, 705, 704, 4, 5.29%, 0, 0, 2, 876.82, 40656
1712485420, 1, 0, 1234, 1233, 4, 6.79%, 0, 0, 2, 940.77, 45525
1712485605, 1, 0, 1701, 1700, 4, 7.62%, 0, 0, 2, 0.21, 49906
1712485610, 1, 0, 2213, 2212, 4, 8.29%, 0, 0, 2, 911.95, 54762
1712485615, 1, 0, 2737, 2736, 4, 8.90%, 0, 0, 2, 989.52, 59822
1712485620, 1, 0, 3243, 3242, 4, 9.41%, 0, 0, 2, 949.23, 64788
1712485625, 1, 0, 3745, 3744, 4, 9.88%, 0, 0, 2, 967.67, 69709
1712485630, 1, 0, 4206, 4205, 4, 10.26%, 0, 0, 2, 910.14, 74348
1712485816, 1, 14, 4407, 4406, 2114, 10.43%, 0, 0, 3, 0.35, 78847
1712485821, 1, 14, 4409, 4408, 2114, 10.43%, 0, 0, 3, 77.39, 80681
1712485830, 1, 14, 4410, 4409, 2114, 10.43%, 0, 0, 3, 12.36, 81721
1712486028, 1, 14, 4413, 4412, 2114, 10.43%, 0, 0, 3, 0.18, 85830
1712486035, 1, 14, 4414, 4413, 2114, 10.43%, 0, 0, 3, 32.07, 87887
1712486040, 1, 14, 4415, 4414, 2114, 10.43%, 0, 0, 3, 574.26, 89039
1712486045, 1, 14, 4417, 4416, 2114, 10.43%, 0, 0, 3, 500.09, 90717
1712486257, 1, 14, 4418, 4417, 2114, 10.43%, 0, 0, 3, 375.00, 97210
1712486660, 1, 17, 4418, 4416, 2116, 10.43%, 0, 0, 3, 0.35, 102251
1712486666, 1, 17, 4420, 4418, 2116, 10.44%, 0, 0, 3, 597.06, 106062
1712486671, 1, 17, 4424, 4422, 2116, 10.44%, 0, 0, 3, 735.44, 109828
1712486681, 1, 17, 4426, 4424, 2116, 10.44%, 0, 0, 3, 671.91, 116481
1712486686, 1, 17, 4427, 4425, 2116, 10.44%, 0, 0, 3, 662.65, 119630
1712486868, 1, 17, 4428, 4426, 2116, 10.44%, 0, 0, 3, 0.36, 120826
1712486873, 1, 17, 4434, 4432, 2116, 10.44%, 0, 0, 3, 924.36, 124510
1712486878, 1, 19, 4435, 4432, 2114, 10.44%, 0, 0, 3, 754.55, 127983
1712486883, 1, 32, 4435, 4430, 2112, 10.44%, 0, 0, 3, 732.03, 131653
1712486888, 1, 46, 4435, 4429, 2111, 10.44%, 0, 0, 3, 741.14, 135216
1712486893, 1, 87, 4435, 4428, 2110, 10.44%, 0, 0, 3, 826.53, 139419
1712489611, 1, 99, 4435, 4427, 2109, 10.44%, 0, 0, 3, 786.17, 147342
1712489621, 1, 99, 4436, 4428, 2109, 10.44%, 0, 0, 3, 210.94, 152096
1712489626, 1, 99, 4437, 4429, 2109, 10.44%, 0, 0, 3, 647.95, 155806
1712489631, 1, 99, 4438, 4430, 2109, 10.44%, 0, 0, 3, 416.42, 158974
1712489826, 1, 99, 4439, 4431, 2109, 10.44%, 0, 0, 3, 665.34, 167894
1712489831, 1, 99, 4441, 4433, 2109, 10.44%, 0, 0, 3, 619.95, 170934
1712489836, 1, 102, 4441, 4432, 2109, 10.44%, 0, 0, 3, 735.94, 174141
1712490027, 1, 124, 4441, 4431, 2109, 10.44%, 0, 0, 3, 0.14, 180735
1712490037, 1, 124, 4442, 4432, 2109, 10.44%, 0, 0, 3, 654.50, 185163
1712490053, 1, 124, 4443, 4433, 2109, 10.44%, 0, 0, 3, 850.26, 194280
1712490251, 1, 124, 4445, 4435, 2109, 10.44%, 0, 0, 3, 595.23, 199547
1712490262, 1, 124, 4742, 4731, 2108, 11.23%, 0, 0, 3, 764.99, 206626
1712490267, 1, 124, 5239, 5228, 2108, 11.81%, 0, 0, 3, 880.20, 211338
1712490448, 1, 124, 5361, 5350, 2108, 11.94%, 0, 0, 3, 0.54, 212501
1712490454, 1, 124, 5759, 5748, 2108, 12.29%, 0, 0, 3, 785.84, 216366
1712490459, 1, 133, 5912, 5901, 2809, 12.43%, 0, 0, 3, 803.11, 220619
1712490468, 1, 133, 5913, 5902, 2809, 12.43%, 0, 0, 3, 3.77, 222155
1712490893, 1, 133, 5914, 5903, 2809, 12.43%, 0, 0, 3, 23.01, 224207
1712491097, 1, 133, 5916, 5905, 2809, 12.43%, 0, 0, 3, 10.01, 227294
1712494050, 1, 133, 5917, 5906, 2809, 12.43%, 0, 0, 3, 1.08, 231405
1712494454, 1, 133, 5919, 5908, 2809, 12.43%, 0, 0, 3, 0.47, 233463
1712494679, 1, 133, 5920, 5909, 2809, 12.43%, 0, 0, 3, 2.50, 236556
1712494886, 1, 133, 5921, 5910, 2809, 12.43%, 0, 0, 3, 0.37, 238609
1712495714, 1, 136, 5921, 5909, 2809, 12.43%, 0, 0, 3, 0.67, 243715
1712495739, 1, 136, 5922, 5910, 2809, 12.43%, 0, 0, 3, 16.57, 250253
1712498035, 1, 139, 5922, 5909, 2808, 12.43%, 0, 0, 3, 888.81, 259029
1712498045, 1, 143, 5922, 5907, 2806, 12.43%, 0, 0, 3, 1287.30, 267099
1712498051, 1, 143, 5924, 5909, 2806, 12.43%, 0, 0, 3, 141.29, 271323
1712498252, 1, 143, 5925, 5910, 2806, 12.43%, 0, 0, 3, 835.31, 283567
1712498445, 1, 143, 6088, 6072, 2806, 12.66%, 0, 0, 3, 0.97, 293643
1712498450, 1, 145, 6346, 6330, 2968, 12.93%, 0, 0, 3, 874.08, 297894
1712498460, 1, 160, 6346, 6329, 2967, 12.93%, 0, 0, 3, 28.37, 303579
1712498474, 1, 164, 6346, 6328, 2966, 12.93%, 0, 0, 3, 17.04, 313466
1712498656, 1, 164, 6346, 6328, 2966, 12.93%, 0, 1, 3, 0.06, 314966
1712498661, 1, 164, 6347, 6329, 2966, 12.93%, 0, 1, 3, 845.10, 318401
1712498671, 1, 173, 6347, 6327, 2964, 12.93%, 0, 1, 3, 1057.21, 327535
1712498676, 1, 173, 6348, 6328, 2964, 12.94%, 0, 1, 3, 965.51, 332088
1712498681, 1, 173, 6350, 6330, 2964, 12.94%, 0, 1, 3, 870.01, 336094
1712498871, 1, 173, 6351, 6331, 2964, 12.94%, 0, 1, 3, 797.64, 343881
1712498876, 1, 173, 6352, 6332, 2964, 12.94%, 0, 1, 3, 920.00, 348032
1712498886, 1, 173, 6353, 6333, 2964, 12.94%, 0, 1, 3, 396.94, 356656
1712498892, 1, 174, 6354, 6333, 2965, 12.94%, 0, 1, 3, 1483.84, 362243
1712502141, 1, 174, 6355, 6334, 2965, 12.94%, 0, 1, 3, 0.01, 366478
1712502242, 1, 176, 6357, 6335, 2965, 12.94%, 0, 1, 3, 845.00, 376162
1712502253, 1, 176, 6358, 6336, 2965, 12.94%, 0, 1, 3, 257.63, 383197
1712502453, 1, 177, 6359, 6336, 2964, 12.94%, 0, 1, 3, 58.68, 398541
1712502464, 1, 178, 6359, 6335, 2963, 12.94%, 0, 1, 3, 1058.66, 407798
1712502469, 1, 178, 6360, 6336, 2963, 12.94%, 0, 1, 3, 8.36, 409338
1712502668, 1, 184, 6360, 6335, 2963, 12.94%, 0, 1, 3, 960.19, 422510
1712502673, 1, 184, 6361, 6335, 2962, 12.97%, 0, 1, 3, 940.85, 426393
1712502678, 1, 184, 6601, 6575, 2962, 13.84%, 0, 3, 3, 1265.00, 428593
1712502863, 1, 184, 6842, 6816, 2962, 14.09%, 0, 5, 3, 0.89, 430888
1712502869, 1, 184, 6969, 6943, 2962, 14.21%, 0, 8, 3, 75.30, 432129
1712502875, 1, 184, 7143, 7117, 2962, 14.35%, 0, 9, 3, 141.66, 433916
1712502880, 1, 184, 7277, 7251, 2962, 14.45%, 0, 12, 3, 52.97, 435354
1712502885, 1, 184, 7384, 7358, 2962, 14.55%, 0, 13, 3, 3.98, 436523
1712502891, 1, 188, 7505, 7479, 3437, 14.64%, 0, 15, 3, 995.55, 438759
1712503084, 1, 189, 7505, 7478, 3436, 14.64%, 0, 15, 3, 1050.85, 448533
1712503089, 1, 189, 7506, 7479, 3436, 14.64%, 0, 15, 3, 860.00, 452433
1712503100, 1, 217, 7506, 7477, 3434, 14.64%, 0, 15, 3, 1061.39, 462878
1712503307, 1, 226, 7506, 7476, 3433, 14.64%, 0, 15, 3, 98.62, 470987
1712503312, 1, 232, 7506, 7475, 3432, 14.64%, 0, 15, 3, 867.75, 475284
1712503499, 1, 251, 7506, 7473, 3431, 14.64%, 0, 15, 3, 1117.83, 482890
1712503505, 1, 251, 7508, 7475, 3431, 14.64%, 0, 15, 3, 42.71, 485224
1712503714, 1, 251, 7509, 7476, 3431, 14.64%, 0, 15, 3, 0.43, 491375
1712503916, 1, 251, 7511, 7478, 3431, 14.65%, 0, 15, 3, 1.31, 494472
1712504138, 1, 251, 7513, 7480, 3431, 14.65%, 0, 15, 3, 6.90, 500614
1712506294, 1, 255, 7513, 7479, 3434, 14.65%, 0, 15, 3, 3.85, 506752
1712506299, 1, 256, 7514, 7479, 3433, 14.65%, 0, 15, 3, 1167.37, 512436
1712506304, 1, 256, 7515, 7480, 3433, 14.65%, 0, 15, 3, 1188.17, 518516
1712506455, 1, 256, 7641, 7605, 3432, 14.83%, 0, 15, 3, 1190.74, 537299
1712506460, 1, 256, 8243, 8207, 3432, 15.17%, 0, 15, 3, 1186.71, 543153
1712506465, 1, 268, 8369, 8333, 3616, 15.21%, 0, 15, 3, 1153.54, 548566
1712506661, 1, 270, 8369, 8332, 3615, 15.21%, 0, 15, 3, 837.53, 558094
1712506671, 1, 274, 8369, 8331, 3614, 15.21%, 0, 15, 3, 1011.75, 568180
1712506861, 1, 277, 8369, 8330, 3613, 15.21%, 0, 15, 3, 0.75, 575478
1712506884, 1, 294, 8369, 8329, 3612, 15.21%, 0, 15, 3, 1866.00, 581417
1712506889, 1, 302, 8369, 8328, 3611, 15.21%, 0, 15, 3, 1293.55, 586898
1712507081, 1, 305, 8369, 8327, 3610, 15.21%, 0, 15, 3, 90.55, 596510
1712507086, 1, 306, 8369, 8326, 3609, 15.21%, 0, 15, 3, 940.67, 600937
1712507092, 1, 315, 8369, 8325, 3608, 15.21%, 0, 15, 3, 1008.41, 605916
1712507097, 1, 319, 8369, 8324, 3607, 15.21%, 0, 15, 3, 169.61, 610134
1712507281, 1, 319, 8370, 8325, 3607, 15.21%, 0, 15, 3, 1.09, 613200
1712507292, 1, 321, 8370, 8324, 3607, 15.21%, 0, 15, 3, 47.57, 622658
1712507303, 1, 322, 8370, 8323, 3606, 15.21%, 0, 15, 3, 1428.57, 630059
1712507308, 1, 322, 8371, 8324, 3606, 15.22%, 0, 15, 3, 1181.69, 633161
1712507497, 1, 322, 8372, 8325, 3606, 15.22%, 0, 15, 3, 59.91, 638633
1712507513, 1, 330, 8374, 8326, 3606, 15.22%, 0, 15, 3, 288.22, 648302
1712507707, 1, 330, 8376, 8328, 3606, 15.22%, 0, 15, 3, 130.91, 658338
1712507712, 1, 330, 8377, 8329, 3606, 15.22%, 0, 15, 3, 1034.17, 663638
1712507723, 1, 331, 8377, 8328, 3607, 15.22%, 0, 15, 3, 1052.22, 674954
1712507728, 1, 331, 8378, 8329, 3607, 15.22%, 0, 15, 3, 1053.52, 680191
1712507912, 1, 332, 8378, 8328, 3606, 15.22%, 0, 15, 3, 1.83, 684493
1712507923, 1, 334, 8378, 8327, 3605, 15.22%, 0, 15, 3, 916.50, 693717
1712507928, 1, 335, 8378, 8326, 3604, 15.22%, 0, 15, 3, 43.52, 696783
1712507939, 1, 337, 8378, 8325, 3603, 15.22%, 0, 15, 3, 103.82, 704402
1712508128, 1, 340, 8378, 8324, 3602, 15.22%, 0, 15, 3, 167.03, 709519
1712508133, 1, 340, 8379, 8325, 3602, 15.22%, 0, 15, 3, 1024.25, 713263
1712508139, 1, 340, 8380, 8326, 3602, 15.22%, 0, 15, 3, 150.99, 716853
1712508144, 1, 340, 8381, 8327, 3602, 15.22%, 0, 15, 3, 1271.58, 723191
1712508338, 1, 342, 8381, 8326, 3603, 15.22%, 0, 15, 3, 1360.99, 738226
1712508343, 1, 344, 8381, 8325, 3602, 15.22%, 0, 15, 3, 197.18, 741789
1712508354, 1, 347, 8381, 8324, 3601, 15.22%, 0, 15, 3, 1492.73, 748151
1712508359, 1, 372, 8381, 8323, 3600, 15.22%, 0, 15, 3, 736.56, 753036
1712510156, 1, 372, 8383, 8325, 3600, 15.22%, 0, 15, 3, 0.03, 757442
1712510161, 1, 372, 8384, 8326, 3600, 15.23%, 0, 15, 3, 1093.86, 763189
1712510176, 1, 375, 8384, 8325, 3600, 15.23%, 0, 15, 3, 1073.85, 779536
1712510182, 1, 384, 8384, 8324, 3599, 15.23%, 0, 15, 3, 77.98, 783632
1712510200, 1, 384, 8802, 8741, 3598, 15.47%, 0, 15, 3, 1304.72, 792706
1712510205, 1, 386, 8926, 8865, 3677, 15.50%, 0, 15, 3, 1065.00, 797436
1712510210, 1, 388, 8926, 8864, 3676, 15.50%, 0, 15, 3, 1058.74, 802127
1712510215, 1, 396, 8926, 8863, 3675, 15.50%, 0, 15, 3, 1050.89, 806758
1712510221, 1, 404, 8926, 8862, 3674, 15.50%, 0, 15, 3, 1054.26, 812035
1712510226, 1, 404, 8927, 8863, 3674, 15.50%, 0, 15, 3, 1087.43, 817650
1712510231, 1, 404, 8928, 8864, 3674, 15.50%, 0, 15, 3, 1152.68, 823522
1712510236, 1, 404, 8929, 8865, 3674, 15.50%, 0, 15, 3, 1151.67, 829514
1712510246, 1, 406, 8929, 8864, 3673, 15.50%, 0, 15, 3, 1024.27, 839860
1712510251, 1, 407, 8929, 8863, 3672, 15.50%, 0, 15, 3, 1117.29, 844148
1712510261, 1, 408, 8929, 8862, 3671, 15.50%, 0, 15, 3, 1502.34, 849926
1712510271, 1, 410, 8929, 8861, 3670, 15.50%, 0, 15, 3, 925.11, 858110
1712510277, 1, 410, 8930, 8862, 3670, 15.50%, 0, 15, 3, 395.15, 862216
1712510287, 1, 417, 8930, 8861, 3670, 15.50%, 0, 15, 3, 198.85, 869613
1712510298, 1, 421, 8931, 8861, 3669, 15.50%, 0, 15, 3, 121.39, 877468
1712510303, 1, 421, 8932, 8862, 3669, 15.50%, 0, 15, 3, 19.05, 880548
1712510326, 1, 421, 8933, 8863, 3669, 15.50%, 0, 15, 3, 907.54, 892849
1712510332, 1, 428, 8934, 8863, 3668, 15.51%, 0, 15, 3, 147.17, 896151
1712510342, 1, 434, 8935, 8863, 3667, 15.51%, 0, 15, 3, 1208.60, 903199
1712510353, 1, 436, 8935, 8862, 3665, 15.51%, 0, 15, 3, 961.49, 913090
1712510359, 1, 439, 8935, 8861, 3664, 15.51%, 0, 15, 3, 106.83, 915839
1712510369, 1, 445, 8935, 8860, 3663, 15.51%, 0, 15, 3, 1269.03, 924073
1712510374, 1, 451, 8936, 8860, 3662, 15.51%, 0, 15, 3, 1121.36, 929561
1712510379, 1, 451, 8937, 8861, 3662, 15.51%, 0, 15, 3, 1036.14, 933375
1712510389, 1, 451, 8944, 8868, 3662, 15.51%, 0, 15, 3, 911.15, 940367
1712510394, 1, 451, 8948, 8872, 3662, 15.51%, 0, 15, 3, 967.29, 945278
1712510399, 1, 451, 8952, 8876, 3662, 15.51%, 0, 15, 3, 994.39, 950212
1712510405, 1, 458, 8952, 8875, 3663, 15.51%, 0, 15, 3, 106.96, 954702
1712510415, 1, 460, 8952, 8874, 3662, 15.51%, 0, 15, 3, 423.60, 962093
1712510426, 1, 461, 8952, 8873, 3661, 15.51%, 0, 15, 3, 143.91, 968471
1712510436, 1, 462, 8952, 8872, 3660, 15.51%, 0, 15, 3, 1580.00, 972863
1712510446, 1, 463, 8952, 8871, 3659, 15.51%, 0, 15, 3, 1293.94, 979646
1712510647, 1, 467, 8952, 8870, 3659, 15.51%, 0, 15, 3, 0.18, 985192
1712510663, 1, 471, 8952, 8869, 3658, 15.51%, 0, 15, 3, 1089.43, 994805
1712510668, 1, 471, 8954, 8871, 3658, 15.51%, 0, 15, 3, 1165.66, 1000896
1712510673, 1, 471, 8955, 8872, 3658, 15.51%, 0, 15, 3, 1127.50, 1006574
1712510857, 1, 471, 8956, 8873, 3658, 15.51%, 0, 15, 3, 1.21, 1010342
1712510862, 1, 472, 8956, 8872, 3659, 15.51%, 0, 15, 3, 1116.38, 1016539
1712510872, 1, 472, 8957, 8873, 3659, 15.51%, 0, 15, 3, 253.28, 1024671
1712510883, 1, 474, 8957, 8872, 3659, 15.51%, 0, 15, 3, 100.12, 1032092
1712511067, 1, 474, 8958, 8872, 3658, 15.51%, 0, 15, 3, 0.20, 1035142
1712511072, 1, 475, 8964, 8878, 3659, 15.52%, 0, 15, 3, 142.49, 1039536
1712511077, 1, 476, 8965, 8878, 3658, 15.52%, 0, 15, 3, 1008.46, 1044094
1712511088, 1, 479, 8965, 8877, 3657, 15.52%, 0, 15, 3, 1172.73, 1055002
1712511093, 1, 479, 8967, 8879, 3657, 15.52%, 0, 15, 3, 1094.12, 1060257
1712511283, 1, 479, 8968, 8880, 3657, 15.52%, 0, 15, 3, 1013.05, 1070153
1712511293, 1, 480, 8970, 8881, 3656, 15.52%, 0, 15, 3, 1364.04, 1080098
1712511304, 1, 481, 8970, 8880, 3655, 15.52%, 0, 15, 3, 182.30, 1087007
1712511498, 1, 482, 8970, 8879, 3654, 15.52%, 0, 15, 3, 810.00, 1094534
1712511503, 1, 487, 8970, 8878, 3653, 15.52%, 0, 15, 3, 946.33, 1098763
1712511703, 1, 489, 8970, 8877, 3652, 15.52%, 0, 15, 3, 1008.84, 1106542
1712511719, 1, 495, 8970, 8876, 3651, 15.52%, 0, 15, 3, 106.30, 1113537
1712511909, 1, 498, 8970, 8875, 3650, 15.52%, 0, 15, 3, 0.90, 1120863
1712511915, 1, 500, 8970, 8874, 3649, 15.52%, 0, 15, 3, 508.73, 1124004
1712511925, 1, 501, 8970, 8873, 3648, 15.52%, 0, 15, 3, 76.45, 1130361
1712512119, 1, 503, 8970, 8872, 3647, 15.52%, 0, 15, 3, 0.35, 1136726
1712512136, 1, 513, 8970, 8870, 3645, 15.52%, 0, 15, 3, 93.83, 1147473
1712512146, 1, 516, 8970, 8869, 3644, 15.52%, 0, 15, 3, 222.53, 1152296
1712512335, 1, 517, 8970, 8868, 3643, 15.52%, 0, 15, 3, 1502.65, 1158743
1712512345, 1, 518, 8970, 8867, 3642, 15.52%, 0, 15, 3, 865.81, 1166019
1712512351, 1, 518, 8971, 8868, 3642, 15.52%, 0, 15, 3, 73.52, 1168079
1712512356, 1, 518, 8974, 8871, 3642, 15.52%, 0, 15, 3, 1194.04, 1174275
1712512545, 1, 518, 8975, 8872, 3642, 15.52%, 0, 15, 3, 1139.08, 1184141
1712512550, 1, 519, 8975, 8871, 3642, 15.52%, 0, 15, 3, 56.69, 1189833
1712512561, 1, 520, 8975, 8870, 3641, 15.52%, 0, 15, 3, 99.45, 1194952
1712514716, 1, 520, 8977, 8872, 3641, 15.52%, 0, 15, 3, 0.03, 1204103
1712514721, 1, 520, 8978, 8873, 3641, 15.52%, 0, 15, 3, 1215.52, 1209967
1712514731, 1, 520, 9240, 9134, 3640, 16.03%, 0, 15, 3, 1260.64, 1222108
1712514736, 1, 520, 9836, 9730, 3640, 16.24%, 0, 15, 3, 1210.61, 1228107
1712514742, 1, 524, 9921, 9815, 3857, 16.28%, 0, 15, 3, 1087.58, 1233089
1712514747, 1, 526, 9922, 9815, 3856, 16.28%, 0, 15, 3, 122.81, 1237131
1712514865, 1, 527, 9923, 9815, 3856, 16.28%, 0, 15, 3, 1561.72, 1255743
1712514870, 1, 528, 9923, 9814, 3855, 16.28%, 0, 15, 3, 1200.61, 1261597
1712514875, 1, 532, 9923, 9813, 3854, 16.28%, 0, 15, 3, 1354.24, 1266488
1712514880, 1, 532, 9925, 9815, 3854, 16.28%, 0, 15, 3, 1204.38, 1272112
1712515065, 1, 532, 9927, 9817, 3854, 16.28%, 0, 15, 3, 1.01, 1276159
1712515080, 1, 533, 9927, 9816, 3856, 16.28%, 0, 15, 3, 1036.61, 1293362
1712515086, 1, 534, 9927, 9815, 3855, 16.28%, 0, 15, 3, 54.89, 1296671
1712515275, 1, 534, 9929, 9817, 3855, 16.28%, 0, 15, 3, 0.97, 1301753
1712515290, 1, 535, 9929, 9816, 3855, 16.28%, 0, 15, 3, 1135.60, 1319248
1712515300, 1, 539, 9929, 9815, 3854, 16.28%, 0, 15, 3, 1187.76, 1325570
1712515491, 1, 541, 9929, 9814, 3853, 16.28%, 0, 15, 3, 768.86, 1334490
1712515497, 1, 542, 9929, 9813, 3853, 16.28%, 0, 15, 3, 21.64, 1339830
1712515514, 1, 545, 9929, 9812, 3852, 16.28%, 0, 15, 3, 1225.18, 1348125
1712515696, 1, 551, 9929, 9811, 3851, 16.28%, 0, 15, 3, 0.01, 1349254
1712515701, 1, 551, 9931, 9813, 3851, 16.29%, 0, 15, 3, 1187.44, 1355116
1712515706, 1, 551, 9932, 9814, 3851, 16.29%, 0, 15, 3, 1287.73, 1361302
1712515711, 1, 551, 9933, 9815, 3851, 16.29%, 0, 15, 3, 1127.13, 1366742
1712515716, 1, 551, 9934, 9816, 3851, 16.29%, 0, 15, 3, 1183.90, 1372390
1712515906, 1, 553, 9934, 9815, 3853, 16.29%, 0, 15, 3, 1.79, 1384471
1712515911, 1, 553, 9935, 9816, 3853, 16.29%, 0, 15, 3, 597.00, 1387827
1712515921, 1, 554, 9935, 9815, 3853, 16.29%, 0, 15, 3, 1373.18, 1396844
1712516116, 1, 557, 9935, 9814, 3852, 16.29%, 0, 15, 3, 1.50, 1406542
1712516131, 1, 561, 9935, 9813, 3851, 16.29%, 0, 15, 3, 1225.04, 1415509
1712516139, 1, 565, 9935, 9812, 3850, 16.29%, 0, 15, 3, 79.17, 1419542
1712516337, 1, 566, 9935, 9811, 3849, 16.29%, 0, 15, 3, 157.35, 1427952
1712516344, 1, 567, 9935, 9810, 3848, 16.29%, 0, 15, 3, 87.99, 1432257
1712516537, 1, 568, 9935, 9809, 3847, 16.29%, 0, 15, 3, 0.21, 1438140
1712516548, 1, 570, 9935, 9808, 3846, 16.29%, 0, 15, 3, 180.38, 1443655
1712516553, 1, 570, 9936, 9809, 3846, 16.29%, 0, 15, 3, 922.07, 1448747
1712516558, 1, 570, 9937, 9810, 3846, 16.29%, 0, 15, 3, 1083.52, 1453587
1712516747, 1, 570, 9938, 9811, 3846, 16.29%, 0, 15, 3, 1.31, 1462038
1712516758, 1, 571, 9938, 9810, 3847, 16.29%, 0, 15, 3, 116.35, 1470206
1712516771, 1, 572, 9938, 9809, 3846, 16.29%, 0, 15, 3, 75.54, 1476594
1712518891, 1, 573, 9938, 9808, 3846, 16.29%, 0, 15, 3, 1152.36, 1483049
1712518896, 1, 573, 9939, 9809, 3846, 16.29%, 0, 15, 3, 1102.04, 1488525
1712518902, 1, 573, 9942, 9812, 3846, 16.29%, 0, 15, 3, 1214.74, 1494751
1712518907, 1, 573, 9944, 9814, 3846, 16.29%, 0, 15, 3, 1321.44, 1501511
1712518912, 1, 573, 10103, 9972, 3845, 16.40%, 0, 15, 3, 1250.46, 1507878
1712518917, 1, 575, 10400, 10269, 3945, 16.53%, 0, 15, 3, 1092.01, 1512925
1712518922, 1, 576, 10400, 10268, 3944, 16.53%, 0, 15, 3, 1038.07, 1517854
1712518933, 1, 577, 10400, 10267, 3943, 16.53%, 0, 15, 3, 60.44, 1524615
1712518951, 1, 582, 10400, 10266, 3942, 16.53%, 0, 15, 3, 1740.14, 1533136
1712518956, 1, 584, 10400, 10265, 3941, 16.53%, 0, 15, 3, 214.10, 1537606
1712518961, 1, 594, 10400, 10264, 3940, 16.53%, 0, 15, 3, 195.02, 1542714
1712518966, 1, 594, 10401, 10265, 3940, 16.53%, 0, 15, 3, 1706.76, 1551089
1712519061, 1, 595, 10401, 10264, 3939, 16.53%, 0, 15, 3, 4.20, 1556455
1712519072, 1, 598, 10401, 10263, 3938, 16.53%, 0, 15, 3, 1361.87, 1562404
1712519077, 1, 600, 10401, 10262, 3937, 16.53%, 0, 15, 3, 1069.98, 1567914
1712519089, 1, 605, 10401, 10260, 3935, 16.53%, 0, 15, 3, 40.91, 1574816
1712523272, 1, 614, 10401, 10259, 3934, 16.53%, 0, 15, 3, 1595.19, 1584763
1712523280, 1, 627, 10401, 10257, 3932, 16.53%, 0, 15, 3, 37.17, 1592982
1712523292, 1, 627, 10402, 10258, 3932, 16.53%, 0, 15, 3, 36.91, 1597086
1712523483, 1, 628, 10402, 10257, 3932, 16.53%, 0, 15, 3, 263.25, 1608548
1712523488, 1, 628, 10807, 10661, 3931, 16.67%, 0, 15, 3, 1491.31, 1614508
1712523493, 1, 629, 11304, 11158, 3983, 16.74%, 0, 15, 3, 1411.52, 1621824
1712523499, 1, 630, 11304, 11157, 3982, 16.74%, 0, 15, 3, 110.19, 1627182
1712523688, 1, 636, 11304, 11156, 3981, 16.74%, 0, 15, 3, 0.13, 1632290
1712523693, 1, 637, 11304, 11155, 3980, 16.74%, 0, 15, 3, 142.29, 1639929
1712523699, 1, 641, 11304, 11154, 3979, 16.74%, 0, 15, 3, 1709.33, 1645992
1712523704, 1, 645, 11304, 11153, 3978, 16.74%, 0, 15, 3, 2392.77, 1650213
1712523709, 1, 653, 11304, 11152, 3977, 16.74%, 0, 15, 3, 1665.00, 1653922
1712523714, 1, 660, 11304, 11151, 3976, 16.74%, 0, 15, 3, 170.56, 1661073
1712523898, 1, 663, 11304, 11150, 3975, 16.74%, 0, 15, 3, 2.09, 1664205
1712523914, 1, 664, 11304, 11149, 3974, 16.74%, 0, 15, 3, 112.97, 1671755
1712524108, 1, 665, 11304, 11148, 3973, 16.74%, 0, 15, 3, 0.50, 1679872
1712524114, 1, 669, 11304, 11147, 3972, 16.74%, 0, 15, 3, 24.84, 1683450
1712524120, 1, 676, 11304, 11146, 3971, 16.74%, 0, 15, 3, 172.93, 1686490
1712524131, 1, 685, 11304, 11145, 3970, 16.74%, 0, 15, 3, 86.51, 1697347
1712524136, 1, 693, 11304, 11143, 3967, 16.74%, 0, 15, 3, 1552.79, 1704726
1712524324, 1, 698, 11304, 11142, 3966, 16.74%, 0, 15, 3, 1389.85, 1711746
1712524329, 1, 703, 11304, 11141, 3965, 16.74%, 0, 15, 3, 1298.22, 1717757
1712524334, 1, 705, 11304, 11140, 3964, 16.74%, 0, 15, 3, 506.68, 1723030
1712524339, 1, 707, 11304, 11139, 3963, 16.74%, 0, 15, 3, 17.63, 1726861
1712524529, 1, 712, 11304, 11138, 3962, 16.74%, 0, 15, 3, 0.53, 1733203
1712524540, 1, 712, 11306, 11140, 3962, 16.74%, 0, 15, 3, 1623.90, 1743064
1712524555, 1, 718, 11306, 11139, 3962, 16.74%, 0, 15, 3, 1709.92, 1762956
1712524739, 1, 719, 11306, 11138, 3961, 16.74%, 0, 15, 3, 1.20, 1766601
1712524744, 1, 720, 11306, 11137, 3960, 16.74%, 0, 15, 3, 426.50, 1770693
1712524755, 1, 721, 11306, 11136, 3959, 16.74%, 0, 15, 3, 1861.31, 1776076
1712524765, 1, 723, 11306, 11135, 3958, 16.74%, 0, 15, 3, 489.83, 1783633
1712524955, 1, 725, 11306, 11134, 3957, 16.74%, 0, 15, 3, 1249.79, 1790517
1712524965, 1, 728, 11306, 11133, 3956, 16.74%, 0, 15, 3, 508.58, 1798419
1712524970, 1, 730, 11306, 11132, 3955, 16.74%, 0, 15, 3, 1445.94, 1803771
1712524975, 1, 731, 11306, 11131, 3954, 16.74%, 0, 15, 3, 1428.17, 1810715
1712525160, 1, 743, 11306, 11130, 3953, 16.74%, 0, 15, 3, 0.35, 1814347
1712525172, 1, 744, 11306, 11129, 3952, 16.74%, 0, 15, 3, 82.90, 1819437
1712525182, 1, 749, 11306, 11128, 3951, 16.74%, 0, 15, 3, 797.64, 1830042
1712525187, 1, 755, 11306, 11127, 3950, 16.74%, 0, 15, 3, 1761.90, 1837681
1712527473, 1, 756, 11306, 11126, 3949, 16.74%, 0, 15, 3, 0.03, 1841633
1712527478, 1, 758, 11454, 11273, 3966, 16.79%, 0, 15, 3, 270.55, 1848345
1712527484, 1, 759, 11454, 11272, 3965, 16.79%, 0, 15, 3, 1554.14, 1855948
1712527489, 1, 759, 11455, 11273, 3965, 16.79%, 0, 15, 3, 1537.65, 1863830
1712527494, 1, 768, 11455, 11271, 3964, 16.79%, 0, 15, 3, 1786.01, 1869181
1712527683, 1, 772, 11455, 11270, 3963, 16.79%, 0, 15, 3, 0.41, 1877790
1712527690, 1, 775, 11455, 11269, 3962, 16.79%, 0, 15, 3, 24.05, 1882101
1712527701, 1, 778, 11455, 11268, 3961, 16.79%, 0, 15, 3, 1298.47, 1888351
1712527707, 1, 779, 11456, 11268, 3960, 16.79%, 0, 15, 3, 202.21, 1892662
1712527713, 1, 779, 11458, 11270, 3960, 16.79%, 0, 15, 3, 110.33, 1895750
1712527909, 1, 783, 11458, 11269, 3962, 16.79%, 0, 15, 3, 1203.53, 1917182
1712527915, 1, 784, 11458, 11268, 3961, 16.79%, 0, 15, 3, 155.84, 1921486
1712528104, 1, 794, 11458, 11267, 3960, 16.79%, 0, 15, 3, 0.39, 1929407
1712528115, 1, 797, 11458, 11266, 3959, 16.79%, 0, 15, 3, 1365.88, 1935379
1712528120, 1, 797, 11459, 11267, 3959, 16.79%, 0, 15, 3, 1289.04, 1940151
1712528131, 1, 801, 11460, 11267, 3958, 16.79%, 0, 15, 3, 1331.04, 1950639
1712528320, 1, 801, 11461, 11268, 3958, 16.79%, 0, 15, 3, 1321.11, 1961047
1712528330, 1, 802, 11461, 11267, 3958, 16.79%, 0, 15, 3, 1240.28, 1974798
1712528335, 1, 805, 11461, 11265, 3956, 16.79%, 0, 15, 3, 1339.20, 1981787
1712528526, 1, 806, 11461, 11264, 3955, 16.79%, 0, 15, 3, 0.17, 1990602
1712528531, 1, 807, 11461, 11263, 3954, 16.79%, 0, 15, 3, 1776.88, 1994264
1712528536, 1, 810, 11461, 11262, 3953, 16.79%, 0, 15, 3, 1394.90, 2000848
1712528546, 1, 813, 11461, 11261, 3952, 16.79%, 0, 15, 3, 92.82, 2007618
1712528735, 1, 817, 11461, 11260, 3951, 16.79%, 0, 15, 3, 0.70, 2010689
1712528740, 1, 817, 11462, 11261, 3951, 16.79%, 0, 15, 3, 1714.11, 2017070
1712528745, 1, 817, 11467, 11266, 3951, 16.79%, 0, 15, 3, 1275.83, 2022974
1712528750, 1, 817, 11468, 11267, 3951, 16.79%, 0, 15, 3, 1298.42, 2029652
1712528755, 1, 820, 11468, 11266, 3951, 16.79%, 0, 15, 3, 1356.62, 2036444
1712528945, 1, 822, 11468, 11265, 3950, 16.79%, 0, 15, 3, 1.00, 2043868
1712528950, 1, 824, 11468, 11264, 3949, 16.79%, 0, 15, 3, 1463.29, 2051169
1712528955, 1, 826, 11468, 11263, 3948, 16.79%, 0, 15, 3, 1326.20, 2057219
1712528961, 1, 827, 11468, 11262, 3947, 16.79%, 0, 15, 3, 1260.17, 2062337
1712529156, 1, 829, 11468, 11261, 3946, 16.79%, 0, 15, 3, 1.69, 2069979
1712529167, 1, 830, 11468, 11260, 3945, 16.79%, 0, 15, 3, 111.88, 2076343
1712529178, 1, 832, 11468, 11259, 3944, 16.79%, 0, 15, 3, 308.98, 2082715
1712529366, 1, 833, 11468, 11258, 3943, 16.79%, 0, 15, 3, 0.39, 2088898
1712529371, 1, 838, 11468, 11257, 3942, 16.79%, 0, 15, 3, 1504.99, 2093283
1712529377, 1, 838, 11474, 11263, 3942, 16.80%, 0, 15, 3, 1289.17, 2099077
1712529382, 1, 838, 11475, 11264, 3942, 16.80%, 0, 15, 3, 1368.33, 2106001
1712529387, 1, 838, 11476, 11265, 3942, 16.80%, 0, 15, 3, 1482.75, 2113550
1712529392, 1, 843, 11476, 11264, 3945, 16.80%, 0, 15, 3, 1457.25, 2120181
1712530187, 1, 844, 11476, 11263, 3944, 16.80%, 0, 15, 3, 0.24, 2125274
1712530192, 1, 845, 11476, 11262, 3943, 16.80%, 0, 15, 3, 1422.94, 2132148
1712530198, 1, 851, 11476, 11261, 3942, 16.80%, 0, 15, 3, 1782.36, 2137847
1712530203, 1, 852, 11696, 11480, 3968, 16.87%, 0, 15, 3, 1573.25, 2145433
1712530220, 1, 859, 11696, 11479, 3967, 16.87%, 0, 15, 3, 1420.11, 2154565
1712530225, 1, 860, 11696, 11478, 3966, 16.87%, 0, 15, 3, 1391.72, 2161975
1712530230, 1, 860, 11700, 11482, 3966, 16.87%, 0, 15, 3, 1207.38, 2167667
1712530246, 1, 861, 11700, 11481, 3965, 16.87%, 0, 15, 3, 179.10, 2184757
1712530257, 1, 870, 11700, 11479, 3963, 16.87%, 0, 15, 3, 151.90, 2193154
1712530262, 1, 870, 11701, 11480, 3963, 16.87%, 0, 15, 3, 157.82, 2197960
1712530267, 1, 872, 11701, 11479, 3962, 16.87%, 0, 15, 3, 1767.44, 2202363
1712530272, 1, 873, 11701, 11478, 3960, 16.87%, 0, 15, 3, 1504.95, 2209110
1712530277, 1, 874, 11701, 11477, 3959, 16.87%, 0, 15, 3, 1577.57, 2212777
1712530288, 1, 875, 11701, 11476, 3958, 16.87%, 0, 15, 3, 1922.91, 2218701
1712530293, 1, 880, 11701, 11475, 3957, 16.87%, 0, 15, 3, 1497.35, 2225016
1712530298, 1, 883, 11701, 11474, 3956, 16.87%, 0, 15, 3, 568.41, 2230583
1712530304, 1, 885, 11701, 11473, 3955, 16.87%, 0, 15, 3, 134.17, 2235679
1712530320, 1, 888, 11701, 11472, 3954, 16.87%, 0, 15, 3, 192.77, 2244085
1712530326, 1, 891, 11701, 11471, 3953, 16.87%, 0, 15, 3, 1368.16, 2247424
1712530331, 1, 897, 11702, 11471, 3952, 16.87%, 0, 15, 3, 1570.52, 2254614
1712530336, 1, 898, 11702, 11470, 3952, 16.87%, 0, 15, 3, 1487.63, 2261251
1712530341, 1, 901, 11702, 11469, 3951, 16.87%, 0, 15, 3, 1437.45, 2268253
1712530352, 1, 903, 11702, 11468, 3950, 16.87%, 0, 15, 3, 890.41, 2278079
1712530357, 1, 905, 11702, 11467, 3949, 16.87%, 0, 15, 3, 1147.73, 2283302
1712530362, 1, 906, 11703, 11467, 3948, 16.87%, 0, 15, 3, 163.80, 2288783
1712530374, 1, 906, 11704, 11468, 3948, 16.87%, 0, 15, 3, 119.66, 2296962
1712530384, 1, 906, 11705, 11469, 3948, 16.87%, 0, 15, 3, 1412.25, 2311157
1712530389, 1, 911, 11705, 11467, 3948, 16.87%, 0, 15, 3, 1640.00, 2315942
1712530400, 1, 916, 11705, 11466, 3947, 16.87%, 0, 15, 3, 79.19, 2323248
1712530412, 1, 919, 11705, 11465, 3946, 16.87%, 0, 15, 3, 1276.71, 2328018
1712530417, 1, 919, 11706, 11466, 3946, 16.87%, 0, 15, 3, 1350.00, 2331857
1712530422, 1, 919, 11707, 11467, 3946, 16.87%, 0, 15, 3, 1500.00, 2335981
1712530438, 1, 923, 11708, 11467, 3946, 16.87%, 0, 15, 3, 1520.68, 2357797
1712530443, 1, 924, 11708, 11466, 3946, 16.87%, 0, 15, 3, 1633.70, 2366446
1712530449, 1, 925, 11708, 11465, 3945, 16.87%, 0, 15, 3, 32.88, 2371874
1712530454, 1, 928, 11708, 11464, 3944, 16.87%, 0, 15, 3, 1939.47, 2374948
1712530470, 1, 929, 11709, 11464, 3943, 16.87%, 0, 15, 3, 1408.55, 2385332
1712530480, 1, 931, 11709, 11463, 3940, 16.87%, 0, 15, 3, 1261.17, 2396317
1712530485, 1, 934, 11709, 11462, 3939, 16.87%, 0, 15, 3, 996.51, 2402277
1712530490, 1, 938, 11709, 11461, 3938, 16.87%, 0, 15, 3, 1378.01, 2409907
1712530495, 1, 939, 11710, 11461, 3937, 16.87%, 0, 15, 3, 1431.98, 2416357
1712530505, 1, 944, 11710, 11460, 3936, 16.87%, 0, 15, 3, 1524.77, 2429205
1712530511, 1, 947, 11710, 11459, 3935, 16.87%, 0, 15, 3, 1277.79, 2434217
1712530516, 1, 948, 11710, 11458, 3934, 16.87%, 0, 15, 3, 161.90, 2438128
1712530526, 1, 949, 11710, 11457, 3933, 16.87%, 0, 15, 3, 451.07, 2444766
1712530532, 1, 955, 11710, 11456, 3932, 16.87%, 0, 15, 3, 188.07, 2449573
1712530542, 1, 956, 11710, 11455, 3931, 16.87%, 0, 15, 3, 1594.10, 2456779
1712530554, 1, 958, 11710, 11454, 3930, 16.87%, 0, 15, 3, 66.75, 2463505
1712530570, 1, 960, 11710, 11453, 3929, 16.87%, 0, 15, 3, 1344.50, 2472529
1712530575, 1, 963, 11710, 11452, 3928, 16.87%, 0, 15, 3, 1440.59, 2476543
1712530581, 1, 963, 11711, 11453, 3928, 16.88%, 0, 15, 3, 200.97, 2479342
1712530592, 1, 967, 11711, 11452, 3928, 16.88%, 0, 15, 3, 1599.91, 2488332
1712530597, 1, 967, 11712, 11453, 3928, 16.88%, 0, 15, 3, 1240.92, 2493028
1712530608, 1, 968, 11712, 11452, 3927, 16.88%, 0, 15, 3, 214.60, 2502235
1712530613, 1, 972, 11712, 11451, 3926, 16.88%, 0, 15, 3, 1286.00, 2507329
1712530623, 1, 975, 11712, 11450, 3925, 16.88%, 0, 15, 3, 122.61, 2515999
1712530634, 1, 978, 11712, 11449, 3924, 16.88%, 0, 15, 3, 107.75, 2522365
1712530639, 1, 989, 11712, 11448, 3923, 16.88%, 0, 15, 3, 4.18, 2524389
1712530644, 1, 992, 11712, 11447, 3922, 16.88%, 0, 15, 3, 1335.22, 2530748
1712530649, 1, 996, 11712, 11446, 3921, 16.88%, 0, 15, 3, 1583.53, 2535736
1712530667, 1, 997, 11712, 11445, 3920, 16.88%, 0, 15, 3, 130.95, 2543731
1712530678, 1, 1000, 11713, 11445, 3919, 16.88%, 0, 15, 3, 1650.00, 2548128
1712530683, 1, 1000, 11714, 11446, 3919, 16.88%, 0, 15, 3, 1522.90, 2555372
1712530688, 1, 1000, 11716, 11448, 3919, 16.88%, 0, 15, 3, 1435.65, 2562650
1712530693, 1, 1000, 11718, 11450, 3919, 16.88%, 0, 15, 3, 1471.38, 2570092
1712530703, 1, 1006, 11719, 11450, 3920, 16.88%, 0, 15, 3, 1311.84, 2583297
1712530708, 1, 1012, 11720, 11450, 3919, 16.88%, 0, 15, 3, 1624.85, 2588037
1712530718, 1, 1017, 11720, 11449, 3918, 16.88%, 0, 15, 3, 1379.00, 2599143
1712530723, 1, 1017, 11722, 11451, 3918, 16.88%, 0, 15, 3, 1542.90, 2607456
1712530733, 1, 1021, 11722, 11450, 3919, 16.88%, 0, 15, 3, 1479.55, 2621555
1712530740, 1, 1023, 11722, 11449, 3918, 16.88%, 0, 15, 3, 47.58, 2628853
1712531686, 1, 1024, 11722, 11448, 3917, 16.88%, 0, 15, 3, 55.03, 2636234
1712531699, 1, 1025, 11722, 11447, 3916, 16.88%, 0, 15, 3, 57.37, 2642600
1712531709, 1, 1026, 11779, 11503, 3921, 16.92%, 0, 15, 3, 1606.47, 2648871
1712531895, 1, 1029, 11779, 11502, 3920, 16.92%, 0, 15, 3, 1459.06, 2655815
1712531901, 1, 1031, 11779, 11501, 3919, 16.92%, 0, 15, 3, 61.67, 2661147
1712531911, 1, 1032, 11779, 11500, 3918, 16.92%, 0, 15, 3, 1490.00, 2669029
1712531917, 1, 1033, 11779, 11499, 3917, 16.92%, 0, 15, 3, 1308.34, 2674551
1712532106, 1, 1035, 11779, 11498, 3916, 16.92%, 0, 15, 3, 137.47, 2682291
1712532111, 1, 1035, 11781, 11500, 3916, 16.92%, 0, 15, 3, 178.96, 2685388
1712532311, 1, 1039, 11781, 11499, 3917, 16.92%, 0, 15, 3, 0.56, 2706446
1712532316, 1, 1044, 11781, 11498, 3916, 16.92%, 0, 15, 3, 1748.77, 2710521
1712532326, 1, 1045, 11781, 11497, 3915, 16.92%, 0, 15, 3, 1213.69, 2721889
1712532331, 1, 1049, 11781, 11496, 3914, 16.92%, 0, 15, 3, 1182.51, 2726206
1712532336, 1, 1050, 11781, 11495, 3913, 16.92%, 0, 15, 3, 1259.22, 2731317
1712532521, 1, 1051, 11781, 11494, 3912, 16.92%, 0, 15, 3, 0.71, 2736136
1712532532, 1, 1055, 11783, 11495, 3911, 16.92%, 0, 15, 3, 503.38, 2744274
1712532537, 1, 1055, 11784, 11496, 3911, 16.93%, 0, 15, 3, 843.45, 2748386
1712532736, 1, 1055, 11785, 11497, 3911, 16.93%, 0, 15, 3, 1274.27, 2764790
1712532741, 1, 1059, 11785, 11496, 3913, 16.93%, 0, 15, 3, 1361.85, 2771729
1712532746, 1, 1062, 11785, 11495, 3912, 16.93%, 0, 15, 3, 1468.48, 2777205
1712532753, 1, 1064, 11785, 11494, 3911, 16.93%, 0, 15, 3, 72.97, 2780696
1712532947, 1, 1067, 11785, 11493, 3910, 16.93%, 0, 15, 3, 109.70, 2785800
1712532957, 1, 1076, 11785, 11491, 3908, 16.93%, 0, 15, 3, 1559.39, 2797225
1712532963, 1, 1077, 11785, 11490, 3907, 16.93%, 0, 15, 3, 51.81, 2803029
1712533152, 1, 1078, 11785, 11489, 3906, 16.93%, 0, 15, 3, 0.66, 2808123
1712533157, 1, 1082, 11785, 11488, 3905, 16.93%, 0, 15, 3, 1291.11, 2813499
1712533162, 1, 1085, 11785, 11487, 3904, 16.93%, 0, 15, 3, 46.10, 2818005
1712533178, 1, 1088, 11785, 11486, 3903, 16.93%, 0, 15, 3, 124.59, 2825383
1712533367, 1, 1090, 11785, 11485, 3902, 16.93%, 0, 15, 3, 1611.93, 2830665
1712533372, 1, 1091, 11785, 11484, 3901, 16.93%, 0, 15, 3, 1298.90, 2836773
1712533383, 1, 1108, 11785, 11483, 3900, 16.93%, 0, 15, 3, 1212.01, 2842215
1712533388, 1, 1118, 11785, 11482, 3899, 16.93%, 0, 15, 3, 1261.69, 2847482
1712533583, 1, 1119, 11785, 11481, 3898, 16.93%, 0, 15, 3, 1438.95, 2857199
1712533588, 1, 1122, 11785, 11480, 3897, 16.93%, 0, 15, 3, 1322.85, 2863611
1712533593, 1, 1123, 11785, 11479, 3897, 16.93%, 0, 15, 3, 131.92, 2868941
1712533600, 1, 1124, 11785, 11478, 3896, 16.93%, 0, 15, 3, 188.26, 2873196
1712535275, 1, 1126, 11785, 11477, 3895, 16.93%, 0, 15, 3, 50.82, 2878286
1712535281, 1, 1126, 11786, 11478, 3895, 16.93%, 0, 15, 3, 1073.56, 2883059
1712535307, 1, 1128, 11786, 11477, 3894, 16.93%, 0, 15, 3, 1066.43, 2900193
1712535313, 1, 1130, 11849, 11538, 3892, 16.94%, 0, 16, 3, 161.55, 2904401
1712535318, 1, 1137, 12108, 11797, 3918, 16.99%, 0, 16, 3, 1170.26, 2908992
1712535325, 1, 1141, 12108, 11796, 3917, 16.99%, 0, 16, 3, 43.01, 2911436
1712535343, 1, 1144, 12108, 11795, 3916, 16.99%, 0, 16, 3, 1565.25, 2918696
1712535348, 1, 1146, 12108, 11794, 3915, 16.99%, 0, 16, 3, 1642.54, 2922594
1712535353, 1, 1148, 12108, 11793, 3914, 16.99%, 0, 16, 3, 692.22, 2929504
1712535358, 1, 1152, 12108, 11792, 3913, 16.99%, 0, 16, 3, 1570.00, 2935162
1712535364, 1, 1153, 12108, 11791, 3912, 16.99%, 0, 16, 3, 196.45, 2940191
1712535369, 1, 1155, 12108, 11790, 3911, 16.99%, 0, 16, 3, 1329.70, 2945281
1712535374, 1, 1155, 12109, 11791, 3911, 16.99%, 0, 16, 3, 1350.94, 2951352
1712535384, 1, 1157, 12109, 11790, 3911, 16.99%, 0, 16, 3, 1257.63, 2960956
1712535390, 1, 1164, 12109, 11789, 3910, 16.99%, 0, 16, 3, 143.27, 2964400
1712535395, 1, 1165, 12109, 11788, 3909, 16.99%, 0, 16, 3, 1532.34, 2967750
1712535400, 1, 1169, 12109, 11787, 3908, 16.99%, 0, 16, 3, 1293.10, 2974043
1712535411, 1, 1170, 12109, 11786, 3907, 16.99%, 0, 16, 3, 517.11, 2982326
1712535416, 1, 1171, 12110, 11786, 3906, 17.00%, 0, 16, 3, 1915.02, 2987131
1712535431, 1, 1174, 12110, 11785, 3905, 17.00%, 0, 16, 3, 1268.79, 3002127
1712535436, 1, 1177, 12110, 11784, 3904, 17.00%, 0, 16, 3, 1436.98, 3008430
1712535442, 1, 1178, 12110, 11783, 3903, 17.00%, 0, 16, 3, 177.12, 3013834
1712535453, 1, 1179, 12110, 11782, 3902, 17.00%, 0, 16, 3, 1362.89, 3021207
1712535458, 1, 1180, 12110, 11781, 3901, 17.00%, 0, 16, 3, 109.07, 3025509
1712535469, 1, 1182, 12110, 11780, 3900, 17.00%, 0, 16, 3, 1487.79, 3034591
1712535474, 1, 1185, 12110, 11779, 3899, 17.00%, 0, 16, 3, 1320.00, 3038524
1712535485, 1, 1189, 12110, 11778, 3898, 17.00%, 0, 16, 3, 296.61, 3044623
1712535490, 1, 1191, 12110, 11777, 3897, 17.00%, 0, 16, 3, 883.35, 3049717
1712535501, 1, 1193, 12110, 11776, 3896, 17.00%, 0, 16, 3, 212.60, 3056110
1712535511, 1, 1195, 12110, 11775, 3895, 17.00%, 0, 16, 3, 1518.86, 3063987
1712535516, 1, 1197, 12110, 11774, 3894, 17.00%, 0, 16, 3, 1253.69, 3069372
1712535522, 1, 1201, 12110, 11773, 3893, 17.00%, 0, 16, 3, 135.79, 3073068
1712535886, 1, 1203, 12110, 11772, 3892, 17.00%, 0, 16, 3, 0.64, 3080936
1712535896, 1, 1205, 12110, 11771, 3891, 17.00%, 0, 16, 3, 620.44, 3088784
1712535901, 1, 1207, 12110, 11770, 3890, 17.00%, 0, 16, 3, 1379.01, 3094178
1712535907, 1, 1207, 12111, 11770, 3889, 17.00%, 0, 16, 3, 1133.59, 3098513
1712535912, 1, 1208, 12114, 11773, 3889, 17.00%, 0, 16, 3, 33.67, 3100849
1712536101, 1, 1209, 12114, 11772, 3888, 17.00%, 0, 16, 3, 1860.23, 3105662
1712536106, 1, 1212, 12114, 11771, 3887, 17.00%, 0, 16, 3, 1637.38, 3113880
1712536112, 1, 1216, 12114, 11770, 3886, 17.00%, 0, 16, 3, 133.12, 3119830
1712536117, 1, 1223, 12114, 11769, 3885, 17.00%, 0, 16, 3, 71.56, 3123902
1712536312, 1, 1224, 12114, 11768, 3884, 17.00%, 0, 16, 3, 1747.51, 3131477
1712536323, 1, 1226, 12115, 11768, 3883, 17.00%, 0, 16, 3, 1253.47, 3142068
1712536333, 1, 1227, 12116, 11768, 3883, 17.00%, 0, 16, 3, 1371.23, 3155428
1712540097, 1, 1231, 12116, 11766, 3882, 17.00%, 0, 16, 3, 1297.88, 3167871
1712540102, 1, 1231, 12117, 11767, 3882, 17.00%, 0, 16, 3, 1293.53, 3171435
1712540107, 1, 1231, 12118, 11768, 3882, 17.01%, 0, 16, 3, 207.98, 3175275
1712540302, 1, 1231, 12576, 12225, 3881, 17.32%, 0, 16, 3, 1.02, 3196845
1712540307, 1, 1235, 12726, 12375, 4009, 17.36%, 0, 16, 3, 1173.36, 3201461
1712540312, 1, 1236, 12726, 12374, 4008, 17.36%, 0, 16, 3, 1371.92, 3206747
1712540317, 1, 1237, 12726, 12373, 4007, 17.36%, 0, 16, 3, 1196.57, 3212279
1712540323, 1, 1239, 12726, 12372, 4006, 17.36%, 0, 16, 3, 1261.65, 3218205
1712540328, 1, 1248, 12726, 12371, 4005, 17.36%, 0, 16, 3, 130.97, 3223509
1712540518, 1, 1249, 12726, 12370, 4004, 17.36%, 0, 16, 3, 904.72, 3232178
1712540523, 1, 1250, 12726, 12369, 4003, 17.36%, 0, 16, 3, 1587.50, 3237459
1712540533, 1, 1253, 12726, 12368, 4002, 17.36%, 0, 16, 3, 1300.99, 3244610
1712540538, 1, 1253, 12727, 12369, 4002, 17.36%, 0, 16, 3, 1565.00, 3246464
1712540729, 1, 1254, 12727, 12368, 4002, 17.36%, 0, 16, 3, 18.09, 3256638
1712540742, 1, 1257, 12727, 12367, 4001, 17.36%, 0, 16, 3, 76.95, 3262994
1712540939, 1, 1260, 12727, 12366, 4000, 17.36%, 0, 16, 3, 87.47, 3268112
1712540949, 1, 1262, 12727, 12365, 3999, 17.36%, 0, 16, 3, 1499.41, 3278853
1712540954, 1, 1263, 12727, 12364, 3998, 17.36%, 0, 16, 3, 1250.74, 3284896
1712540959, 1, 1265, 12727, 12363, 3997, 17.36%, 0, 16, 3, 1234.50, 3289798
1712541143, 1, 1265, 12728, 12364, 3997, 17.36%, 0, 16, 3, 0.13, 3293594
1712541149, 1, 1269, 12728, 12363, 3997, 17.36%, 0, 16, 3, 1440.25, 3300228
1712541166, 1, 1273, 12728, 12362, 3996, 17.36%, 0, 16, 3, 98.15, 3306092
1712541354, 1, 1277, 12729, 12362, 3995, 17.36%, 0, 16, 3, 1.58, 3313717
1712541359, 1, 1277, 12730, 12363, 3995, 17.36%, 0, 16, 3, 1303.48, 3317047
1712541364, 1, 1277, 12731, 12364, 3995, 17.36%, 0, 16, 3, 125.87, 3319875
1712541379, 1, 1278, 12731, 12363, 3996, 17.36%, 0, 16, 3, 1437.57, 3340375
1712541564, 1, 1280, 12731, 12362, 3994, 17.36%, 0, 16, 3, 1.38, 3344789
1712541579, 1, 1283, 12731, 12361, 3993, 17.36%, 0, 16, 3, 89.43, 3352189
1712541584, 1, 1285, 12731, 12360, 3992, 17.36%, 0, 16, 3, 1635.96, 3357363
1712541774, 1, 1287, 12731, 12359, 3991, 17.36%, 0, 16, 3, 0.14, 3367422
1712541779, 1, 1291, 12731, 12358, 3990, 17.36%, 0, 16, 3, 1525.15, 3374641
1712541787, 1, 1296, 12731, 12357, 3989, 17.36%, 0, 16, 3, 128.65, 3377635
1712541798, 1, 1298, 12731, 12356, 3988, 17.36%, 0, 16, 3, 966.94, 3383482
1712541804, 1, 1298, 12732, 12357, 3988, 17.36%, 0, 16, 3, 1248.90, 3390218
1712541990, 1, 1303, 12732, 12356, 3988, 17.36%, 0, 16, 3, 17.64, 3395354
1712542008, 1, 1304, 12732, 12355, 3987, 17.36%, 0, 16, 3, 53.64, 3402764
1712544298, 1, 1305, 12732, 12354, 3986, 17.36%, 0, 16, 3, 0.08, 3408028
1712544309, 1, 1307, 12732, 12353, 3985, 17.36%, 0, 16, 3, 1199.48, 3417908
1712544321, 1, 1308, 12732, 12352, 3985, 17.36%, 0, 16, 3, 99.41, 3425307
1712544516, 1, 1308, 12732, 12351, 3984, 17.36%, 0, 16, 3, 79.75, 3430415
1712544521, 1, 1329, 12808, 12426, 3999, 17.39%, 0, 16, 3, 110.60, 3437372
1712544536, 1, 1331, 12808, 12425, 3998, 17.39%, 0, 16, 3, 33.33, 3443738
1712544724, 1, 1338, 12808, 12424, 3997, 17.39%, 0, 16, 3, 1164.79, 3451340
1712544735, 1, 1345, 12809, 12424, 3996, 17.39%, 0, 16, 3, 1220.53, 3461754
1712544746, 1, 1350, 12809, 12423, 3996, 17.39%, 0, 16, 3, 176.33, 3472278
1712544934, 1, 1351, 12809, 12422, 3995, 17.39%, 0, 16, 3, 426.84, 3478555
1712544939, 1, 1353, 12809, 12421, 3994, 17.39%, 0, 16, 3, 1176.51, 3482606
1712544950, 1, 1357, 12809, 12420, 3993, 17.39%, 0, 16, 3, 112.53, 3491375
1712544955, 1, 1361, 12809, 12419, 3992, 17.39%, 0, 16, 3, 1252.05, 3496997
1712545139, 1, 1362, 12809, 12418, 3991, 17.39%, 0, 16, 3, 1.80, 3502047
1712545150, 1, 1364, 12810, 12418, 3990, 17.39%, 0, 16, 3, 36.91, 3509493
1712545350, 1, 1368, 12810, 12417, 3990, 17.39%, 0, 16, 3, 1.15, 3524704
1712545355, 1, 1374, 12810, 12416, 3989, 17.39%, 0, 16, 3, 1115.36, 3530479
1712545360, 1, 1379, 12810, 12415, 3988, 17.39%, 0, 16, 3, 1127.96, 3534645
1712545371, 1, 1386, 12810, 12414, 3987, 17.39%, 0, 16, 3, 1896.85, 3539873
1712545376, 1, 1388, 12810, 12413, 3986, 17.39%, 0, 16, 3, 1893.90, 3543796
1712545575, 1, 1389, 12812, 12414, 3985, 17.39%, 0, 16, 3, 1204.42, 3559260
1712545770, 1, 1395, 12813, 12414, 3985, 17.39%, 0, 16, 3, 1.09, 3579693
1712545775, 1, 1395, 12814, 12415, 3985, 17.39%, 0, 16, 3, 1593.06, 3584085
1712545786, 1, 1396, 12814, 12414, 3985, 17.39%, 0, 16, 3, 1638.73, 3594804
1712545791, 1, 1397, 12814, 12413, 3984, 17.39%, 0, 16, 3, 119.05, 3599834
1712545796, 1, 1398, 12814, 12412, 3983, 17.39%, 0, 16, 3, 171.30, 3603928
1712545999, 1, 1399, 12814, 12411, 3982, 17.39%, 0, 16, 3, 1349.45, 3615559
1712546004, 1, 1400, 12814, 12410, 3981, 17.39%, 0, 16, 3, 286.45, 3620913
1712546009, 1, 1401, 12814, 12409, 3980, 17.39%, 0, 16, 3, 568.43, 3625511
1712546196, 1, 1403, 12814, 12408, 3979, 17.39%, 0, 16, 3, 1650.00, 3630895
1712546206, 1, 1404, 12814, 12407, 3978, 17.39%, 0, 16, 3, 1185.00, 3638125
1712546212, 1, 1414, 12814, 12406, 3977, 17.39%, 0, 16, 3, 1735.78, 3642591
1712546217, 1, 1414, 12815, 12407, 3977, 17.39%, 0, 16, 3, 1389.98, 3648920
1712548510, 1, 1418, 12815, 12406, 3977, 17.39%, 0, 16, 3, 1220.25, 3660441
1712548515, 1, 1419, 12815, 12405, 3976, 17.39%, 0, 16, 3, 186.44, 3665051
1712548520, 1, 1420, 12925, 12514, 3999, 17.42%, 0, 16, 3, 1020.00, 3669588
1712548530, 1, 1422, 12925, 12513, 3998, 17.42%, 0, 16, 3, 1309.43, 3676666
1712548715, 1, 1423, 12925, 12512, 3997, 17.42%, 0, 16, 3, 1.15, 3681042
1712548720, 1, 1423, 12926, 12513, 3997, 17.42%, 0, 16, 3, 236.97, 3687134
1712548725, 1, 1425, 12926, 12512, 3996, 17.42%, 0, 16, 3, 1416.37, 3694244
1712548731, 1, 1429, 12926, 12511, 3995, 17.42%, 0, 16, 3, 87.20, 3699548
1712548736, 1, 1429, 12927, 12512, 3995, 17.42%, 0, 16, 3, 1364.07, 3706089
1712548741, 1, 1430, 12927, 12511, 3993, 17.42%, 0, 16, 3, 1403.04, 3713218
1712548931, 1, 1435, 12927, 12510, 3992, 17.42%, 0, 16, 3, 1723.93, 3719683
1712548936, 1, 1436, 12927, 12509, 3991, 17.42%, 0, 16, 3, 1159.52, 3724783
1712548942, 1, 1436, 12928, 12510, 3991, 17.42%, 0, 16, 3, 85.67, 3729044
1712548947, 1, 1436, 12929, 12511, 3991, 17.42%, 0, 16, 3, 1457.94, 3736825
1712548952, 1, 1436, 12930, 12512, 3991, 17.42%, 0, 16, 3, 1533.61, 3744623
1712549135, 1, 1439, 12930, 12511, 3991, 17.42%, 0, 16, 3, 1.46, 3749769
1712549146, 1, 1441, 12930, 12510, 3990, 17.42%, 0, 16, 3, 140.70, 3760205
1712549151, 1, 1442, 12930, 12509, 3989, 17.42%, 0, 16, 3, 393.22, 3764711
1712549161, 1, 1444, 12930, 12508, 3988, 17.42%, 0, 16, 3, 78.53, 3770797
1712549351, 1, 1445, 12930, 12507, 3987, 17.42%, 0, 16, 3, 56.03, 3774887
1712549367, 1, 1446, 12930, 12506, 3986, 17.42%, 0, 16, 3, 1470.00, 3782818
1712549556, 1, 1448, 12930, 12505, 3985, 17.42%, 0, 16, 3, 0.50, 3789571
1712549561, 1, 1455, 12930, 12504, 3984, 17.42%, 0, 16, 3, 1603.39, 3794913
1712549566, 1, 1456, 12931, 12504, 3982, 17.42%, 0, 16, 3, 1429.01, 3801923
1712549577, 1, 1456, 12933, 12506, 3982, 17.42%, 0, 16, 3, 1137.23, 3813811
1712549766, 1, 1459, 12933, 12505, 3982, 17.42%, 0, 16, 3, 0.97, 3826365
1712549777, 1, 1460, 12933, 12504, 3981, 17.42%, 0, 16, 3, 1477.47, 3834755
1712549787, 1, 1462, 12933, 12503, 3980, 17.42%, 0, 16, 3, 1971.17, 3841825
1712549792, 1, 1474, 12933, 12502, 3979, 17.42%, 0, 16, 3, 1474.20, 3847538
1712549977, 1, 1478, 12933, 12501, 3978, 17.42%, 0, 16, 3, 1.31, 3851892
1712549989, 1, 1480, 12933, 12500, 3977, 17.42%, 0, 16, 3, 63.20, 3858241
1712549999, 1, 1481, 12933, 12499, 3976, 17.42%, 0, 16, 3, 1394.92, 3867278
1712550005, 1, 1489, 12933, 12498, 3975, 17.42%, 0, 16, 3, 95.20, 3871983
1712550193, 1, 1492, 12933, 12497, 3974, 17.42%, 0, 16, 3, 147.60, 3876286
1712550205, 1, 1496, 12934, 12497, 3973, 17.42%, 0, 16, 3, 1478.77, 3884372
1712550216, 1, 1499, 12934, 12496, 3973, 17.42%, 0, 16, 3, 1717.13, 3893893
1712550411, 1, 1501, 12934, 12495, 3972, 17.42%, 0, 16, 3, 124.32, 3900531
1712551569, 1, 1507, 12934, 12494, 3971, 17.42%, 0, 16, 3, 0.19, 3907653
1712551579, 1, 1508, 13079, 12638, 3978, 17.50%, 0, 17, 3, 1403.02, 3915395
1712551589, 1, 1509, 13079, 12637, 3977, 17.50%, 0, 17, 3, 1429.28, 3925140
1712551596, 1, 1512, 13079, 12636, 3976, 17.50%, 0, 17, 3, 96.28, 3928312
1712551606, 1, 1513, 13079, 12635, 3975, 17.50%, 0, 17, 3, 107.57, 3932386
1712551630, 1, 1516, 13079, 12634, 3974, 17.50%, 0, 17, 3, 1342.55, 3940586
1712551641, 1, 1524, 13079, 12633, 3973, 17.50%, 0, 17, 3, 1318.02, 3948219
1712551646, 1, 1526, 13079, 12632, 3972, 17.50%, 0, 17, 3, 140.76, 3951477
1712551657, 1, 1537, 13079, 12631, 3971, 17.50%, 0, 17, 3, 1601.65, 3960017
1712551668, 1, 1538, 13079, 12630, 3970, 17.50%, 0, 17, 3, 1598.59, 3966103
1712551679, 1, 1539, 13079, 12629, 3969, 17.50%, 0, 17, 3, 173.17, 3972863
1712551690, 1, 1541, 13079, 12628, 3968, 17.50%, 0, 17, 3, 62.62, 3978241
1712551703, 1, 1543, 13079, 12627, 3967, 17.50%, 0, 17, 3, 136.93, 3984667
1712551713, 1, 1546, 13079, 12626, 3966, 17.50%, 0, 17, 3, 1439.82, 3994595
1712551718, 1, 1547, 13079, 12625, 3965, 17.50%, 0, 17, 3, 1194.74, 3999353
1712551724, 1, 1548, 13079, 12624, 3964, 17.50%, 0, 17, 3, 150.77, 4003675
1712551735, 1, 1549, 13079, 12623, 3963, 17.50%, 0, 17, 3, 102.04, 4010035
1712551746, 1, 1550, 13079, 12622, 3962, 17.50%, 0, 17, 3, 204.58, 4018420
1712551751, 1, 1552, 13079, 12621, 3961, 17.50%, 0, 17, 3, 151.64, 4021489
1712551756, 1, 1553, 13079, 12620, 3960, 17.50%, 0, 17, 3, 1208.89, 4027119
1712551761, 1, 1553, 13080, 12621, 3960, 17.50%, 0, 17, 3, 1187.78, 4032161
1712551767, 1, 1555, 13080, 12620, 3959, 17.50%, 0, 17, 3, 1329.83, 4038190
1712551782, 1, 1564, 13080, 12619, 3958, 17.50%, 0, 17, 3, 1415.00, 4049845
1712551793, 1, 1567, 13080, 12618, 3957, 17.50%, 0, 17, 3, 214.48, 4055863
1712551803, 1, 1569, 13080, 12617, 3956, 17.50%, 0, 17, 3, 1354.23, 4063044
1712551814, 1, 1571, 13080, 12616, 3955, 17.50%, 0, 17, 3, 258.62, 4068582
1712551819, 1, 1572, 13080, 12615, 3954, 17.50%, 0, 17, 3, 1411.68, 4073682
1712551829, 1, 1574, 13080, 12614, 3953, 17.50%, 0, 17, 3, 60.85, 4081313
1712551847, 1, 1576, 13080, 12613, 3952, 17.50%, 0, 17, 3, 30.78, 4087700
1712551857, 1, 1584, 13080, 12612, 3951, 17.50%, 0, 17, 3, 1578.65, 4093375
1712551869, 1, 1586, 13080, 12611, 3950, 17.50%, 0, 17, 3, 181.75, 4099147
1712551874, 1, 1587, 13080, 12610, 3949, 17.50%, 0, 17, 3, 186.92, 4105504
1712551884, 1, 1588, 13080, 12609, 3948, 17.50%, 0, 17, 3, 109.65, 4115159
1712551889, 1, 1594, 13080, 12608, 3947, 17.50%, 0, 17, 3, 1341.58, 4119737
1712551895, 1, 1602, 13080, 12607, 3946, 17.50%, 0, 17, 3, 166.53, 4125746
1712551906, 1, 1604, 13080, 12606, 3945, 17.50%, 0, 17, 3, 1418.97, 4137105
1712551911, 1, 1608, 13080, 12605, 3941, 17.50%, 0, 17, 3, 1278.00, 4143031
1712551916, 1, 1609, 13080, 12604, 3940, 17.50%, 0, 17, 3, 1331.78, 4147683
1712551921, 1, 1611, 13080, 12603, 3939, 17.50%, 0, 17, 3, 1612.47, 4153046
1712551927, 1, 1612, 13080, 12602, 3938, 17.50%, 0, 17, 3, 1293.47, 4158530
1712551932, 1, 1612, 13081, 12603, 3938, 17.51%, 0, 17, 3, 1412.05, 4162634
1712551943, 1, 1612, 13083, 12605, 3938, 17.51%, 0, 17, 3, 1383.36, 4171757
1712551953, 1, 1616, 13083, 12604, 3939, 17.51%, 0, 17, 3, 1281.67, 4186265
1712551958, 1, 1617, 13083, 12603, 3938, 17.51%, 0, 17, 3, 1339.05, 4191587
1712551963, 1, 1620, 13083, 12602, 3937, 17.51%, 0, 17, 3, 1340.10, 4196177
1712551973, 1, 1623, 13083, 12601, 3936, 17.51%, 0, 17, 3, 1408.52, 4202607
1712551990, 1, 1626, 13083, 12600, 3935, 17.51%, 0, 17, 3, 206.86, 4209139
1712552000, 1, 1627, 13083, 12599, 3934, 17.51%, 0, 17, 3, 1224.41, 4217118
1712552005, 1, 1632, 13083, 12598, 3933, 17.51%, 0, 17, 3, 247.06, 4221875
1712552011, 1, 1633, 13083, 12597, 3932, 17.51%, 0, 17, 3, 23.38, 4227186
1712552022, 1, 1637, 13083, 12596, 3931, 17.51%, 0, 17, 3, 1320.43, 4236944
1712552027, 1, 1639, 13083, 12595, 3930, 17.51%, 0, 17, 3, 1179.10, 4241093
1712552038, 1, 1642, 13083, 12594, 3929, 17.51%, 0, 17, 3, 151.56, 4247237
1712552044, 1, 1642, 13084, 12595, 3929, 17.51%, 0, 17, 3, 49.43, 4250328
1712552049, 1, 1646, 13084, 12594, 3929, 17.51%, 0, 17, 3, 1468.43, 4257734
1712552059, 1, 1647, 13084, 12593, 3928, 17.51%, 0, 17, 3, 704.71, 4268166
1712552064, 1, 1648, 13084, 12592, 3927, 17.51%, 0, 17, 3, 1373.90, 4273067
1712552070, 1, 1652, 13084, 12591, 3926, 17.51%, 0, 17, 3, 142.94, 4276565
1712552080, 1, 1653, 13084, 12590, 3925, 17.51%, 0, 17, 3, 1352.40, 4288998
1712552086, 1, 1657, 13084, 12589, 3922, 17.51%, 0, 17, 3, 1240.00, 4292822
1712552091, 1, 1670, 13084, 12588, 3921, 17.51%, 0, 17, 3, 1929.97, 4296367
1712552711, 1, 1670, 13085, 12589, 3921, 17.51%, 0, 17, 3, 0.09, 4299839
1712552716, 1, 1670, 13086, 12590, 3921, 17.51%, 0, 17, 3, 1134.05, 4303947
1712552726, 1, 1676, 13086, 12589, 3921, 17.51%, 0, 17, 3, 1173.15, 4314702
1712552731, 1, 1678, 13086, 12588, 3920, 17.51%, 0, 17, 3, 112.46, 4319693
1712552736, 1, 1679, 13086, 12587, 3919, 17.51%, 0, 17, 3, 908.44, 4325195
1712552927, 1, 1686, 13086, 12586, 3918, 17.51%, 0, 17, 3, 182.93, 4333375
1712552937, 1, 1689, 13090, 12589, 3919, 17.51%, 0, 17, 3, 1160.00, 4340018
1712552947, 1, 1693, 13090, 12588, 3918, 17.51%, 0, 17, 3, 1435.21, 4348469
1712553131, 1, 1698, 13090, 12587, 3917, 17.51%, 0, 17, 3, 1.01, 4352501
1712553136, 1, 1699, 13090, 12586, 3916, 17.51%, 0, 17, 3, 1095.88, 4356591
1712553147, 1, 1707, 13090, 12584, 3914, 17.51%, 0, 17, 3, 1244.70, 4368755
1712553157, 1, 1717, 13090, 12582, 3912, 17.51%, 0, 17, 3, 1573.80, 4379109
1712553342, 1, 1717, 13091, 12583, 3912, 17.51%, 0, 17, 3, 0.67, 4385502
1712553347, 1, 1719, 13091, 12582, 3911, 17.51%, 0, 17, 3, 185.65, 4390644
1712553358, 1, 1720, 13091, 12581, 3910, 17.51%, 0, 17, 3, 1819.78, 4396708
1712553364, 1, 1720, 13092, 12582, 3910, 17.51%, 0, 17, 3, 577.28, 4400079
1712553369, 1, 1720, 13093, 12583, 3910, 17.52%, 0, 17, 3, 1035.97, 4405104
1712553552, 1, 1720, 13094, 12584, 3910, 17.52%, 0, 17, 3, 1.66, 4409148
1712553562, 1, 1721, 13094, 12583, 3911, 17.52%, 0, 17, 3, 1234.07, 4421805
1712553573, 1, 1723, 13094, 12582, 3910, 17.52%, 0, 17, 3, 1491.34, 4430504
1712553578, 1, 1726, 13094, 12581, 3909, 17.52%, 0, 17, 3, 212.39, 4435528
1712553767, 1, 1734, 13094, 12580, 3908, 17.52%, 0, 17, 3, 210.53, 4440871
1712553779, 1, 1736, 13094, 12579, 3907, 17.52%, 0, 17, 3, 1242.53, 4446676
1712553784, 1, 1736, 13095, 12580, 3907, 17.52%, 0, 17, 3, 1390.00, 4449475
1712553978, 1, 1743, 13095, 12579, 3907, 17.52%, 0, 17, 3, 987.08, 4462907
1712553983, 1, 1744, 13095, 12578, 3906, 17.52%, 0, 17, 3, 635.03, 4468038
1712553988, 1, 1760, 13095, 12577, 3905, 17.52%, 0, 17, 3, 1552.55, 4472327
1712553998, 1, 1763, 13095, 12576, 3904, 17.52%, 0, 17, 3, 1477.19, 4479742
1712554188, 1, 1768, 13095, 12575, 3903, 17.52%, 0, 17, 3, 94.77, 4484056
1712554199, 1, 1769, 13095, 12574, 3902, 17.52%, 0, 17, 3, 82.16, 4490422
1712554211, 1, 1772, 13095, 12573, 3901, 17.52%, 0, 17, 3, 6.22, 4498026
1712554404, 1, 1773, 13095, 12572, 3900, 17.52%, 0, 17, 3, 1723.77, 4504122
1712554419, 1, 1774, 13095, 12571, 3899, 17.52%, 0, 17, 3, 1585.40, 4510661
1712554609, 1, 1775, 13095, 12570, 3898, 17.52%, 0, 17, 3, 1281.33, 4516951
1712554614, 1, 1776, 13095, 12569, 3897, 17.52%, 0, 17, 3, 1301.69, 4523722
1712554619, 1, 1778, 13095, 12568, 3896, 17.52%, 0, 17, 3, 211.88, 4529158
1712554624, 1, 1779, 13095, 12567, 3895, 17.52%, 0, 17, 3, 1268.45, 4533583
1712554724, 1, 1781, 13095, 12566, 3894, 17.52%, 0, 17, 3, 3.40, 4541398
1712554734, 1, 1783, 13095, 12565, 3893, 17.52%, 0, 17, 3, 1334.07, 4553481
1712554739, 1, 1784, 13168, 12637, 3905, 17.58%, 0, 17, 3, 1767.84, 4560182
1712554744, 1, 1787, 13168, 12636, 3905, 17.58%, 0, 17, 3, 1237.70, 4565661
1712554755, 1, 1789, 13168, 12635, 3904, 17.58%, 0, 17, 3, 1498.58, 4575537
1712554760, 1, 1789, 13169, 12636, 3904, 17.58%, 0, 17, 3, 1384.38, 4582031
1712554765, 1, 1791, 13169, 12635, 3903, 17.58%, 0, 17, 3, 1520.06, 4587668
1712554770, 1, 1792, 13169, 12634, 3902, 17.58%, 0, 17, 3, 250.24, 4592036
1712554781, 1, 1794, 13169, 12633, 3901, 17.58%, 0, 17, 3, 1461.92, 4602515
1712554786, 1, 1795, 13170, 12633, 3900, 17.58%, 0, 17, 3, 1322.89, 4609022
1712554797, 1, 1797, 13170, 12632, 3899, 17.58%, 0, 17, 3, 598.24, 4619312
1712554802, 1, 1800, 13170, 12631, 3898, 17.58%, 0, 17, 3, 2100.00, 4622792
1712554807, 1, 1803, 13170, 12630, 3897, 17.58%, 0, 17, 3, 1414.40, 4629016
1712554817, 1, 1805, 13170, 12629, 3896, 17.58%, 0, 17, 3, 1299.19, 4638093
1712554823, 1, 1807, 13170, 12628, 3895, 17.58%, 0, 17, 3, 132.74, 4642809
1712554834, 1, 1807, 13173, 12631, 3895, 17.58%, 0, 17, 3, 1426.26, 4652224
1712554844, 1, 1807, 13175, 12633, 3895, 17.59%, 0, 17, 3, 1309.05, 4665250
1712554849, 1, 1812, 13175, 12632, 3898, 17.59%, 0, 17, 3, 122.05, 4668689
1712554861, 1, 1816, 13175, 12631, 3897, 17.59%, 0, 17, 3, 1590.93, 4675323
1712554868, 1, 1817, 13175, 12630, 3896, 17.59%, 0, 17, 3, 80.13, 4680393
1712554881, 1, 1821, 13175, 12629, 3895, 17.59%, 0, 17, 3, 149.16, 4686777
1712554892, 1, 1824, 13175, 12628, 3894, 17.59%, 0, 17, 3, 1941.37, 4692530
1712554907, 1, 1830, 13175, 12627, 3893, 17.59%, 0, 17, 3, 1905.39, 4698952
1712554917, 1, 1833, 13175, 12626, 3892, 17.59%, 0, 17, 3, 1675.00, 4704937
1712554930, 1, 1835, 13175, 12625, 3891, 17.59%, 0, 17, 3, 56.94, 4710968
1712554940, 1, 1836, 13175, 12624, 3891, 17.59%, 0, 17, 3, 1800.00, 4717702
1712554957, 1, 1838, 13175, 12623, 3890, 17.59%, 0, 17, 3, 36.52, 4724886
1712554969, 1, 1843, 13175, 12622, 3889, 17.59%, 0, 17, 3, 106.88, 4733295
1712554974, 1, 1843, 13176, 12623, 3889, 17.59%, 0, 17, 3, 1402.99, 4736667
1712554980, 1, 1845, 13176, 12622, 3888, 17.59%, 0, 17, 3, 63.83, 4743780
1712554985, 1, 1847, 13176, 12621, 3887, 17.59%, 0, 17, 3, 95.24, 4748874
1712554995, 1, 1854, 13176, 12619, 3885, 17.59%, 0, 17, 3, 106.02, 4758056
1712555006, 1, 1860, 13176, 12618, 3884, 17.59%, 0, 17, 3, 71.47, 4763175
1712555011, 1, 1860, 13177, 12619, 3884, 17.59%, 0, 17, 3, 1370.57, 4770230
1712555016, 1, 1864, 13177, 12618, 3883, 17.59%, 0, 17, 3, 1358.72, 4776774
1712555022, 1, 1870, 13177, 12617, 3882, 17.59%, 0, 17, 3, 1242.48, 4781882
1712555032, 1, 1875, 13177, 12616, 3881, 17.59%, 0, 17, 3, 152.76, 4788248
1712555043, 1, 1877, 13177, 12615, 3880, 17.59%, 0, 17, 3, 107.86, 4794528
1712555059, 1, 1879, 13177, 12614, 3879, 17.59%, 0, 17, 3, 1398.42, 4804789
1712555065, 1, 1880, 13177, 12613, 3878, 17.59%, 0, 17, 3, 21.74, 4808532
1712555077, 1, 1882, 13177, 12612, 3877, 17.59%, 0, 17, 3, 1837.83, 4814914
1712555083, 1, 1883, 13177, 12611, 3875, 17.59%, 0, 17, 3, 79.79, 4821191
1712555099, 1, 1885, 13177, 12610, 3874, 17.59%, 0, 17, 3, 39.69, 4827559
1712555115, 1, 1891, 13178, 12610, 3873, 17.59%, 0, 17, 3, 1528.36, 4835871
1712555120, 1, 1891, 13179, 12611, 3873, 17.59%, 0, 17, 3, 1445.00, 4843095
1712555135, 1, 1896, 13179, 12609, 3872, 17.59%, 0, 17, 3, 1451.02, 4864253
1712555146, 1, 1897, 13179, 12608, 3871, 17.59%, 0, 17, 3, 102.25, 4871233
1712555157, 1, 1902, 13179, 12607, 3870, 17.59%, 0, 17, 3, 511.33, 4878244
1712555162, 1, 1902, 13180, 12608, 3870, 17.59%, 0, 17, 3, 1415.84, 4884040
1712555167, 1, 1904, 13180, 12607, 3870, 17.59%, 0, 17, 3, 1439.17, 4889986
1712555184, 1, 1906, 13180, 12606, 3869, 17.59%, 0, 17, 3, 1264.79, 4900552
1712555189, 1, 1908, 13180, 12605, 3868, 17.59%, 0, 17, 3, 1504.06, 4905725
1712555194, 1, 1909, 13180, 12604, 3867, 17.59%, 0, 17, 3, 1418.41, 4909893
1712555204, 1, 1911, 13180, 12603, 3866, 17.59%, 0, 17, 3, 1480.00, 4915825
1712555215, 1, 1915, 13180, 12602, 3865, 17.59%, 0, 17, 3, 1220.63, 4923695
1712555220, 1, 1916, 13180, 12601, 3864, 17.59%, 0, 17, 3, 52.80, 4928245
1712555231, 1, 1917, 13180, 12600, 3863, 17.59%, 0, 17, 3, 230.11, 4936655
1712555237, 1, 1923, 13180, 12599, 3862, 17.59%, 0, 17, 3, 120.73, 4940991
1712555248, 1, 1925, 13180, 12598, 3861, 17.59%, 0, 17, 3, 1675.68, 4947001
1712555253, 1, 1935, 13180, 12597, 3860, 17.59%, 0, 17, 3, 1328.53, 4953168
1712555265, 1, 1939, 13180, 12596, 3859, 17.59%, 0, 17, 3, 30.03, 4960104
1712555283, 1, 1940, 13180, 12595, 3858, 17.59%, 0, 17, 3, 1585.42, 4966721
1712555289, 1, 1941, 13180, 12594, 3857, 17.59%, 0, 17, 3, 214.62, 4971553
1712555299, 1, 1942, 13180, 12593, 3856, 17.59%, 0, 17, 3, 194.81, 4981209
1712555306, 1, 1946, 13180, 12592, 3855, 17.59%, 0, 17, 3, 32.15, 4985561
1712555318, 1, 1948, 13180, 12591, 3854, 17.59%, 0, 17, 3, 65.13, 4990649
1712555328, 1, 1950, 13180, 12590, 3853, 17.59%, 0, 17, 3, 1119.40, 4997588
1712555333, 1, 1955, 13180, 12589, 3852, 17.59%, 0, 17, 3, 1525.00, 5003209
1712555344, 1, 1960, 13180, 12588, 3851, 17.59%, 0, 17, 3, 1324.23, 5009792
1712555354, 1, 1962, 13180, 12587, 3850, 17.59%, 0, 17, 3, 1617.83, 5017638
1712555360, 1, 1969, 13180, 12586, 3849, 17.59%, 0, 17, 3, 98.89, 5023023
1712555365, 1, 1971, 13180, 12585, 3848, 17.59%, 0, 17, 3, 1590.04, 5028641
1712555370, 1, 1973, 13180, 12584, 3847, 17.59%, 0, 17, 3, 1276.10, 5034428
1712555376, 1, 1977, 13180, 12583, 3846, 17.59%, 0, 17, 3, 200.25, 5038913
1712555382, 1, 1980, 13180, 12582, 3845, 17.59%, 0, 17, 3, 182.20, 5043005
1712555393, 1, 1985, 13180, 12581, 3844, 17.59%, 0, 17, 3, 183.36, 5049371
1712555398, 1, 1986, 13180, 12580, 3843, 17.59%, 0, 17, 3, 1389.66, 5056052
1712555408, 1, 1986, 13181, 12581, 3843, 17.59%, 0, 17, 3, 1337.97, 5065494
1712555413, 1, 1989, 13181, 12580, 3843, 17.59%, 0, 17, 3, 110.53, 5069481
1712555424, 1, 1990, 13181, 12579, 3842, 17.59%, 0, 17, 3, 1402.80, 5076117
1712555429, 1, 1991, 13181, 12578, 3841, 17.59%, 0, 17, 3, 1439.81, 5081036
1712555440, 1, 1992, 13181, 12577, 3840, 17.59%, 0, 17, 3, 116.73, 5087904
1712555451, 1, 1995, 13181, 12576, 3839, 17.59%, 0, 17, 3, 100.18, 5094280
1712555463, 1, 1996, 13181, 12575, 3838, 17.59%, 0, 17, 3, 90.66, 5099638
1712555474, 1, 1999, 13181, 12574, 3837, 17.59%, 0, 17, 3, 1508.53, 5105338
1712555484, 1, 2000, 13181, 12573, 3836, 17.59%, 0, 17, 3, 238.52, 5112367
1712555494, 1, 2001, 13181, 12572, 3835, 17.59%, 0, 17, 3, 267.78, 5119751
1712555499, 1, 2002, 13181, 12571, 3834, 17.59%, 0, 17, 3, 1425.24, 5126753
1712555505, 1, 2003, 13181, 12570, 3833, 17.59%, 0, 17, 3, 1374.20, 5133011
1712555510, 1, 2005, 13181, 12569, 3832, 17.59%, 0, 17, 3, 1265.98, 5138224
1712555520, 1, 2018, 13181, 12568, 3831, 17.59%, 0, 17, 3, 1295.00, 5144336
1712555531, 1, 2019, 13181, 12567, 3830, 17.59%, 0, 17, 3, 97.83, 5151441
1712555543, 1, 2025, 13181, 12566, 3829, 17.59%, 0, 17, 3, 431.29, 5158336
1712555548, 1, 2026, 13181, 12565, 3828, 17.59%, 0, 17, 3, 99.71, 5163158
1712555559, 1, 2029, 13181, 12564, 3827, 17.59%, 0, 17, 3, 1195.10, 5172095
1712555564, 1, 2036, 13181, 12563, 3826, 17.59%, 0, 17, 3, 1455.31, 5177523
1712555569, 1, 2040, 13181, 12562, 3825, 17.59%, 0, 17, 3, 96.03, 5183251
1712555574, 1, 2041, 13181, 12561, 3824, 17.59%, 0, 17, 3, 1912.95, 5188060
1712555591, 1, 2042, 13181, 12560, 3823, 17.59%, 0, 17, 3, 1319.55, 5199267
1712555596, 1, 2043, 13181, 12559, 3822, 17.59%, 0, 17, 3, 1275.05, 5204515
1712555602, 1, 2044, 13181, 12558, 3821, 17.59%, 0, 17, 3, 163.84, 5208824
1712555612, 1, 2046, 13181, 12557, 3820, 17.59%, 0, 17, 3, 1315.70, 5217308
1712555618, 1, 2047, 13181, 12556, 3819, 17.59%, 0, 17, 3, 242.71, 5222425
1712555624, 1, 2048, 13181, 12555, 3819, 17.59%, 0, 17, 3, 160.03, 5226663
1712555635, 1, 2049, 13181, 12554, 3818, 17.59%, 0, 17, 3, 541.27, 5235520
1712555640, 1, 2050, 13181, 12553, 3817, 17.59%, 0, 17, 3, 1840.75, 5240497
1712555645, 1, 2052, 13181, 12552, 3816, 17.59%, 0, 17, 3, 1490.81, 5247441
1712555650, 1, 2061, 13181, 12551, 3815, 17.59%, 0, 17, 3, 45.64, 5251953
1712555662, 1, 2063, 13181, 12550, 3814, 17.59%, 0, 17, 3, 1501.72, 5258933
1712555667, 1, 2072, 13181, 12549, 3813, 17.59%, 0, 17, 3, 175.31, 5264495
1712555677, 1, 2080, 13181, 12548, 3812, 17.59%, 0, 17, 3, 283.67, 5270804
1712555682, 1, 2081, 13181, 12547, 3811, 17.59%, 0, 17, 3, 1118.75, 5275892
1712555693, 1, 2082, 13181, 12546, 3810, 17.59%, 0, 17, 3, 1705.00, 5282598
1712555703, 1, 2085, 13181, 12545, 3809, 17.59%, 0, 17, 3, 88.24, 5290888
1712555713, 1, 2088, 13182, 12545, 3807, 17.59%, 0, 17, 3, 1527.91, 5295870
1712555729, 1, 2088, 13183, 12546, 3807, 17.59%, 0, 17, 3, 1351.37, 5309674
1712555739, 1, 2093, 13183, 12545, 3807, 17.59%, 0, 17, 3, 1421.97, 5324431
1712555744, 1, 2095, 13183, 12544, 3806, 17.59%, 0, 17, 3, 1317.34, 5330993
1712555749, 1, 2096, 13183, 12543, 3805, 17.59%, 0, 17, 3, 1432.47, 5335173
1712555754, 1, 2097, 13183, 12542, 3804, 17.59%, 0, 17, 3, 1757.43, 5339040
1712555765, 1, 2106, 13184, 12542, 3803, 17.59%, 0, 17, 3, 190.42, 5347830
1712556933, 1, 2106, 13185, 12543, 3803, 17.59%, 0, 17, 3, 1200.12, 5364688
1712556938, 1, 2111, 13185, 12542, 3803, 17.59%, 0, 17, 3, 1655.00, 5368863
1712556943, 1, 2113, 13185, 12541, 3802, 17.59%, 0, 17, 3, 1307.19, 5373774
1712557127, 1, 2117, 13185, 12540, 3801, 17.59%, 0, 17, 3, 1.85, 5377065
1712557132, 1, 2117, 13229, 12583, 3800, 17.66%, 0, 17, 3, 1115.38, 5382591
1712557137, 1, 2119, 13322, 12676, 3820, 17.68%, 0, 17, 3, 1860.12, 5385452
1712557155, 1, 2130, 13322, 12675, 3819, 17.68%, 0, 17, 3, 1377.18, 5392004
1712557343, 1, 2131, 13322, 12674, 3818, 17.68%, 0, 17, 3, 1193.08, 5398161
1712557353, 1, 2132, 13322, 12673, 3817, 17.68%, 0, 17, 3, 1330.00, 5406107
1712557358, 1, 2133, 13322, 12672, 3816, 17.68%, 0, 17, 3, 1764.32, 5409527
1712557363, 1, 2142, 13322, 12671, 3815, 17.68%, 0, 17, 3, 1376.25, 5415774
1712557553, 1, 2144, 13322, 12670, 3814, 17.68%, 0, 17, 3, 1298.26, 5423438
1712557563, 1, 2145, 13322, 12669, 3813, 17.68%, 0, 17, 3, 109.31, 5432339
1712557569, 1, 2150, 13322, 12668, 3812, 17.68%, 0, 17, 3, 57.66, 5437618
1712557574, 1, 2153, 13322, 12667, 3811, 17.68%, 0, 17, 3, 301.51, 5441908
1712557764, 1, 2156, 13322, 12666, 3810, 17.68%, 0, 17, 3, 101.42, 5448254
1712557769, 1, 2156, 13323, 12667, 3810, 17.68%, 0, 17, 3, 38.10, 5452373
1712557779, 1, 2164, 13324, 12667, 3810, 17.69%, 0, 17, 3, 1223.49, 5462866
1712557968, 1, 2164, 13326, 12669, 3810, 17.69%, 0, 17, 3, 1.46, 5473151
1712557973, 1, 2164, 13327, 12670, 3810, 17.69%, 0, 17, 3, 1327.16, 5479731
1712557979, 1, 2167, 13327, 12669, 3810, 17.69%, 0, 17, 3, 1363.84, 5486522
1712557984, 1, 2170, 13327, 12668, 3809, 17.69%, 0, 17, 3, 1336.47, 5492833
1712557989, 1, 2171, 13327, 12667, 3808, 17.69%, 0, 17, 3, 81.69, 5496273
1712557994, 1, 2173, 13327, 12666, 3807, 17.69%, 0, 17, 3, 476.43, 5500401
1712558184, 1, 2174, 13327, 12665, 3806, 17.69%, 0, 17, 3, 1572.64, 5506553
1712558194, 1, 2177, 13327, 12664, 3805, 17.69%, 0, 17, 3, 1657.65, 5511913
1712558389, 1, 2182, 13327, 12663, 3804, 17.69%, 0, 17, 3, 0.69, 5518672
1712558406, 1, 2194, 13327, 12662, 3803, 17.69%, 0, 17, 3, 474.22, 5526044
1712558411, 1, 2198, 13327, 12661, 3802, 17.69%, 0, 17, 3, 978.46, 5531073
1712558416, 1, 2200, 13327, 12660, 3801, 17.69%, 0, 17, 3, 1117.04, 5536495
1712558604, 1, 2204, 13327, 12659, 3800, 17.69%, 0, 17, 3, 1314.91, 5546052
1712558609, 1, 2207, 13327, 12658, 3799, 17.69%, 0, 17, 3, 1539.21, 5551026
1712558620, 1, 2208, 13328, 12658, 3798, 17.69%, 0, 17, 3, 1382.49, 5561103
1712558810, 1, 2211, 13328, 12657, 3799, 17.69%, 0, 17, 3, 0.41, 5570020
1712558820, 1, 2215, 13328, 12656, 3798, 17.69%, 0, 17, 3, 1179.00, 5577915
1712558825, 1, 2217, 13328, 12655, 3797, 17.69%, 0, 17, 3, 96.15, 5581719
1712558836, 1, 2223, 13328, 12654, 3796, 17.69%, 0, 17, 3, 549.08, 5589098
1712561129, 1, 2224, 13328, 12653, 3795, 17.69%, 0, 17, 3, 62.66, 5595477
1712561141, 1, 2224, 13329, 12653, 3794, 17.69%, 0, 17, 3, 59.86, 5599551
1712561148, 1, 2226, 13385, 12709, 3799, 17.70%, 0, 17, 3, 48.78, 5602383
1712561339, 1, 2227, 13385, 12708, 3798, 17.70%, 0, 17, 3, 206.14, 5609801
1712561344, 1, 2228, 13385, 12707, 3797, 17.70%, 0, 17, 3, 1474.84, 5614087
1712561354, 1, 2229, 13385, 12706, 3796, 17.70%, 0, 17, 3, 1335.84, 5622915
1712561360, 1, 2230, 13385, 12705, 3795, 17.70%, 0, 17, 3, 119.34, 5627877
1712561549, 1, 2231, 13385, 12704, 3794, 17.70%, 0, 17, 3, 192.09, 5633108
1712561560, 1, 2232, 13385, 12703, 3793, 17.70%, 0, 17, 3, 1463.36, 5643623
1712561566, 1, 2236, 13385, 12702, 3792, 17.70%, 0, 17, 3, 19.26, 5647899
1712561754, 1, 2237, 13385, 12701, 3791, 17.70%, 0, 17, 3, 0.27, 5652248
1712561759, 1, 2241, 13385, 12700, 3790, 17.70%, 0, 17, 3, 1442.89, 5657318
1712561772, 1, 2243, 13385, 12699, 3789, 17.70%, 0, 17, 3, 0.80, 5663677
1712561777, 1, 2244, 13385, 12698, 3788, 17.70%, 0, 17, 3, 1340.60, 5670130
1712561969, 1, 2245, 13385, 12697, 3787, 17.70%, 0, 17, 3, 1274.85, 5681155
1712561974, 1, 2246, 13385, 12696, 3786, 17.70%, 0, 17, 3, 1282.05, 5684421
1712561992, 1, 2246, 13386, 12697, 3786, 17.70%, 0, 17, 3, 63.98, 5690869
1712562185, 1, 2249, 13386, 12696, 3786, 17.70%, 0, 17, 3, 1302.17, 5697132
1712562197, 1, 2253, 13386, 12695, 3785, 17.70%, 0, 17, 3, 1244.01, 5701882
1712562385, 1, 2257, 13386, 12694, 3784, 17.70%, 0, 17, 3, 1.03, 5707666
1712562396, 1, 2260, 13386, 12693, 3783, 17.70%, 0, 17, 3, 568.08, 5718746
1712562401, 1, 2264, 13386, 12692, 3782, 17.70%, 0, 17, 3, 1312.26, 5724644
1712562406, 1, 2264, 13387, 12693, 3782, 17.70%, 0, 17, 3, 1259.69, 5730877
1712562411, 1, 2265, 13387, 12692, 3781, 17.70%, 0, 17, 3, 1322.60, 5738005
1712562595, 1, 2267, 13387, 12691, 3780, 17.70%, 0, 17, 3, 0.30, 5741662
1712562600, 1, 2268, 13387, 12690, 3779, 17.70%, 0, 17, 3, 1023.96, 5746156
1712562612, 1, 2273, 13387, 12689, 3778, 17.70%, 0, 17, 3, 2.36, 5751740
1712562805, 1, 2276, 13387, 12688, 3777, 17.70%, 0, 17, 3, 1.59, 5759379
1712562816, 1, 2287, 13387, 12687, 3776, 17.70%, 0, 17, 3, 137.32, 5765730
1712562833, 1, 2288, 13387, 12686, 3775, 17.70%, 0, 17, 3, 1370.00, 5772395
1712563021, 1, 2291, 13387, 12685, 3774, 17.70%, 0, 17, 3, 1496.58, 5777940
1712563026, 1, 2298, 13387, 12684, 3773, 17.70%, 0, 17, 3, 1259.29, 5784225
1712563031, 1, 2300, 13387, 12683, 3772, 17.70%, 0, 17, 3, 1261.69, 5790357
1712563041, 1, 2304, 13387, 12682, 3771, 17.70%, 0, 17, 3, 1647.47, 5798283
1712564038, 1, 2308, 13387, 12681, 3770, 17.70%, 0, 17, 3, 0.05, 5803550
1712564043, 1, 2309, 13387, 12680, 3769, 17.70%, 0, 17, 3, 1235.36, 5810135
1712564054, 1, 2316, 13387, 12679, 3768, 17.70%, 0, 17, 3, 1593.33, 5818237
1712564060, 1, 2317, 13387, 12678, 3767, 17.70%, 0, 17, 3, 80.78, 5825003
1712564071, 1, 2321, 13495, 12784, 3767, 17.70%, 0, 17, 3, 123.44, 5835996
1712564082, 1, 2323, 13495, 12783, 3766, 17.70%, 0, 17, 3, 1904.27, 5842149
1712564088, 1, 2324, 13495, 12782, 3765, 17.70%, 0, 17, 3, 934.86, 5847457
1712564098, 1, 2326, 13495, 12781, 3764, 17.70%, 0, 17, 3, 1460.77, 5855761
1712564104, 1, 2326, 13496, 12782, 3764, 17.71%, 0, 17, 3, 1434.28, 5863067
1712564109, 1, 2329, 13496, 12781, 3764, 17.71%, 0, 17, 3, 219.61, 5868429
1712564120, 1, 2330, 13496, 12780, 3763, 17.71%, 0, 17, 3, 1362.62, 5874567
1712564135, 1, 2331, 13496, 12779, 3762, 17.71%, 0, 17, 3, 1177.78, 5882184
1712564141, 1, 2337, 13496, 12778, 3761, 17.71%, 0, 17, 3, 1807.92, 5885886
1712564153, 1, 2338, 13496, 12777, 3760, 17.71%, 0, 17, 3, 108.73, 5891598
1712564158, 1, 2338, 13497, 12778, 3760, 17.71%, 0, 17, 3, 1236.76, 5896984
1712564169, 1, 2345, 13497, 12777, 3760, 17.71%, 0, 17, 3, 99.96, 5905395
1712564184, 1, 2349, 13497, 12776, 3759, 17.71%, 0, 17, 3, 103.02, 5914732
1712564189, 1, 2353, 13497, 12775, 3758, 17.71%, 0, 17, 3, 1184.43, 5920889
1712564195, 1, 2354, 13497, 12774, 3757, 17.71%, 0, 17, 3, 67.97, 5925395
1712564207, 1, 2356, 13497, 12773, 3756, 17.71%, 0, 17, 3, 1255.58, 5934093
1712564212, 1, 2357, 13497, 12772, 3755, 17.71%, 0, 17, 3, 185.43, 5938138
1712564222, 1, 2362, 13497, 12771, 3754, 17.71%, 0, 17, 3, 1495.41, 5946925
1712564227, 1, 2366, 13497, 12770, 3753, 17.71%, 0, 17, 3, 1384.90, 5953848
1712564232, 1, 2368, 13497, 12769, 3752, 17.71%, 0, 17, 3, 1585.39, 5958833
1712564238, 1, 2369, 13497, 12768, 3751, 17.71%, 0, 17, 3, 158.94, 5963527
1712564243, 1, 2373, 13497, 12767, 3750, 17.71%, 0, 17, 3, 1730.00, 5967947
1712564259, 1, 2383, 13497, 12765, 3748, 17.71%, 0, 17, 3, 1406.90, 5983972
1712564269, 1, 2385, 13497, 12764, 3747, 17.71%, 0, 17, 3, 1324.57, 5991228
1712564281, 1, 2396, 13497, 12763, 3746, 17.71%, 0, 17, 3, 170.17, 5996660
1712564291, 1, 2398, 13497, 12762, 3746, 17.71%, 0, 17, 3, 477.20, 6005881
1712564296, 1, 2400, 13497, 12761, 3745, 17.71%, 0, 17, 3, 973.09, 6010370
1712564301, 1, 2405, 13497, 12760, 3744, 17.71%, 0, 17, 3, 1205.62, 6016475
1712564307, 1, 2410, 13497, 12759, 3743, 17.71%, 0, 17, 3, 1610.00, 6021055
1712564317, 1, 2411, 13497, 12758, 3742, 17.71%, 0, 17, 3, 218.32, 6029364
1712564328, 1, 2412, 13497, 12757, 3741, 17.71%, 0, 17, 3, 179.01, 6036658
1712564333, 1, 2414, 13497, 12756, 3740, 17.71%, 0, 17, 3, 444.24, 6041280
1712564338, 1, 2416, 13497, 12755, 3739, 17.71%, 0, 17, 3, 1618.81, 6047669
1712565335, 1, 2417, 13497, 12754, 3738, 17.71%, 0, 17, 3, 1645.25, 6053159
1712565345, 1, 2420, 13497, 12753, 3737, 17.71%, 0, 17, 3, 2104.48, 6059231
1712565358, 1, 2421, 13497, 12752, 3736, 17.71%, 0, 17, 3, 147.38, 6065173
1712565550, 1, 2422, 13508, 12762, 3737, 17.71%, 0, 17, 3, 972.87, 6073907
1712565561, 1, 2423, 13508, 12761, 3736, 17.71%, 0, 17, 3, 1331.68, 6081548
1712565566, 1, 2428, 13508, 12760, 3735, 17.71%, 0, 17, 3, 1164.81, 6085881
1712565750, 1, 2429, 13508, 12759, 3734, 17.71%, 0, 17, 3, 1.04, 6090705
1712565761, 1, 2431, 13508, 12758, 3733, 17.71%, 0, 17, 3, 13.87, 6099334
1712565772, 1, 2434, 13508, 12757, 3732, 17.71%, 0, 17, 3, 1.39, 6103428
1712565777, 1, 2436, 13508, 12756, 3731, 17.71%, 0, 17, 3, 1386.88, 6109843
1712565966, 1, 2450, 13508, 12755, 3730, 17.71%, 0, 17, 3, 1221.75, 6119211
1712565971, 1, 2452, 13508, 12754, 3729, 17.71%, 0, 17, 3, 1616.20, 6123333
1712565976, 1, 2455, 13508, 12753, 3728, 17.71%, 0, 17, 3, 1265.24, 6128995
1712565981, 1, 2456, 13508, 12752, 3727, 17.71%, 0, 17, 3, 1274.35, 6135399
1712565987, 1, 2457, 13508, 12751, 3726, 17.71%, 0, 17, 3, 1502.49, 6140775
1712567823, 1, 2458, 13508, 12750, 3725, 17.71%, 0, 17, 3, 0.14, 6144819
