# relative_time, cycles_done, cur_item, corpus_count, pending_total, pending_favs, map_size, saved_crashes, saved_hangs, max_depth, execs_per_sec, total_execs, edges_found
62, 0, 1, 558, 557, 211, 2.52%, 0, 0, 2, 969.09, 21805, 3792
68, 0, 1, 612, 611, 211, 2.54%, 0, 0, 2, 1052.63, 27420, 3825
73, 0, 2, 649, 647, 268, 2.60%, 0, 0, 2, 878.54, 31169, 3921
4226, 0, 2, 670, 668, 268, 2.69%, 0, 0, 2, 0.02, 36280, 4053
4258, 0, 2, 672, 670, 268, 2.69%, 0, 0, 2, 5.92, 36466, 4054
4263, 0, 2, 693, 691, 268, 2.72%, 0, 0, 2, 1134.71, 41978, 4096
4268, 0, 9, 1037, 1033, 308, 3.32%, 0, 0, 3, 936.26, 46669, 4997
4273, 0, 9, 1510, 1506, 308, 4.24%, 0, 0, 3, 801.27, 50478, 6382
4278, 0, 9, 2215, 2211, 308, 5.44%, 0, 0, 3, 1053.71, 56129, 8204
4283, 0, 9, 2846, 2842, 308, 6.32%, 0, 0, 3, 998.52, 61183, 9518
4468, 0, 9, 3404, 3400, 308, 6.94%, 0, 0, 3, 0.71, 65648, 10455
4473, 0, 9, 4000, 3996, 308, 7.87%, 0, 0, 3, 873.18, 70421, 11853
4478, 0, 9, 4599, 4595, 308, 9.18%, 0, 0, 3, 949.28, 75232, 13827
4483, 0, 27, 5286, 5282, 1777, 10.41%, 0, 0, 3, 1052.61, 80799, 15682
4489, 0, 89, 5289, 5276, 1771, 10.41%, 0, 0, 3, 1143.26, 86851, 15685
4494, 0, 119, 5292, 5272, 1764, 10.41%, 0, 0, 3, 1189.30, 93084, 15685
4678, 0, 161, 5294, 5269, 1760, 10.41%, 0, 0, 3, 1.14, 97234, 15687
4684, 0, 183, 5297, 5265, 1757, 10.41%, 0, 0, 3, 1063.36, 102722, 15690
4689, 0, 192, 5303, 5270, 1756, 10.42%, 0, 0, 3, 1224.34, 108812, 15695
4694, 0, 201, 5307, 5272, 1759, 10.42%, 0, 0, 3, 1126.87, 114490, 15699
4699, 0, 246, 5309, 5266, 1752, 10.42%, 0, 0, 3, 1122.04, 120065, 15700
4704, 0, 264, 5344, 5300, 1751, 10.43%, 0, 0, 3, 1193.86, 126201, 15710
4889, 0, 272, 5349, 5304, 1762, 10.43%, 0, 0, 3, 1.05, 130891, 15713
4894, 0, 287, 5357, 5308, 1760, 10.43%, 0, 0, 3, 1022.56, 136005, 15713
4899, 0, 356, 5362, 5308, 1757, 10.43%, 0, 0, 3, 1014.00, 141147, 15719
4904, 0, 356, 5369, 5315, 1757, 10.44%, 0, 0, 3, 903.14, 145725, 15725
4909, 0, 356, 5374, 5320, 1757, 10.44%, 0, 0, 3, 892.53, 150253, 15729
4914, 0, 380, 5381, 5325, 1768, 10.45%, 0, 0, 3, 1025.74, 155701, 15742
5099, 0, 442, 5387, 5327, 1764, 10.45%, 0, 0, 3, 1.02, 160606, 15742
5104, 0, 486, 5391, 5324, 1758, 10.45%, 0, 0, 3, 1092.77, 166252, 15743
5110, 0, 501, 5401, 5332, 1756, 10.45%, 0, 0, 3, 1137.13, 172110, 15744
5115, 0, 520, 5405, 5335, 1757, 10.45%, 0, 0, 3, 1131.87, 178047, 15744
5120, 0, 548, 5406, 5328, 1750, 10.45%, 0, 0, 3, 1175.63, 184202, 15745
5125, 0, 590, 5411, 5325, 1745, 10.45%, 0, 0, 3, 1168.65, 190351, 15746
5310, 0, 596, 5414, 5325, 1743, 10.45%, 0, 0, 3, 1.42, 194973, 15746
5315, 0, 635, 5421, 5326, 1740, 10.45%, 0, 0, 3, 1086.79, 200466, 15752
5320, 0, 654, 5423, 5322, 1737, 10.46%, 0, 0, 3, 1151.40, 206208, 15757
5325, 0, 669, 5427, 5318, 1731, 10.46%, 0, 0, 3, 1181.09, 212280, 15760
5330, 0, 692, 5427, 5308, 1721, 10.46%, 0, 0, 3, 1340.14, 219274, 15760
5335, 0, 725, 5429, 5302, 1714, 10.46%, 0, 0, 3, 1323.58, 225954, 15761
5520, 0, 737, 5434, 5303, 1710, 10.46%, 0, 0, 3, 0.27, 231432, 15761
5525, 0, 737, 5438, 5307, 1710, 10.46%, 0, 0, 3, 1133.71, 237100, 15761
5530, 0, 742, 5445, 5312, 1709, 10.46%, 0, 0, 3, 1184.01, 242929, 15762
5535, 0, 778, 5451, 5316, 1708, 10.46%, 0, 0, 3, 1213.39, 249069, 15762
5540, 0, 819, 5453, 5314, 1706, 10.46%, 0, 0, 3, 1160.01, 255086, 15763
5546, 0, 862, 5458, 5313, 1701, 10.47%, 0, 0, 3, 1227.50, 261590, 15772
5730, 0, 891, 5461, 5308, 1697, 10.47%, 0, 0, 3, 0.89, 266949, 15777
5736, 0, 897, 5469, 5313, 1699, 10.48%, 0, 0, 3, 1044.06, 271855, 15795
5741, 0, 923, 5479, 5320, 1702, 10.49%, 0, 0, 3, 1112.44, 277434, 15803
5746, 0, 979, 5483, 5317, 1697, 10.49%, 0, 0, 3, 1365.31, 284687, 15804
5751, 0, 990, 5492, 5322, 1697, 10.49%, 0, 0, 3, 1273.60, 290969, 15807
5756, 0, 1003, 5497, 5323, 1696, 10.49%, 0, 0, 3, 1205.19, 296953, 15809
5941, 0, 1018, 5501, 5322, 1693, 10.49%, 0, 0, 3, 1.40, 303365, 15812
5946, 0, 1027, 5504, 5319, 1689, 10.49%, 0, 0, 3, 1118.56, 309216, 15813
5951, 0, 1041, 5511, 5324, 1687, 10.49%, 0, 0, 3, 1142.64, 314876, 15813
5956, 0, 1041, 5514, 5327, 1687, 10.50%, 0, 0, 3, 1158.16, 320962, 15815
5961, 0, 1080, 5519, 5326, 1685, 10.50%, 0, 0, 3, 1150.76, 326959, 15818
5966, 0, 1089, 5525, 5329, 1686, 10.50%, 0, 0, 3, 1181.41, 332943, 15818
6151, 0, 1096, 5527, 5328, 1683, 10.50%, 0, 0, 3, 0.26, 338075, 15818
6156, 0, 1119, 5528, 5324, 1678, 10.50%, 0, 0, 3, 1149.44, 343788, 15818
6161, 0, 1135, 5538, 5330, 1675, 10.50%, 0, 0, 3, 1153.57, 349518, 15820
6166, 0, 1135, 5544, 5336, 1675, 10.50%, 0, 0, 3, 1204.58, 355634, 15820
6172, 0, 1145, 5549, 5336, 1671, 10.50%, 0, 0, 3, 1154.23, 361378, 15822
6177, 0, 1161, 5551, 5334, 1669, 10.50%, 0, 0, 3, 1183.90, 367280, 15823
8172, 0, 1162, 5559, 5341, 1668, 10.50%, 0, 0, 3, 0.12, 372950, 15828
8177, 0, 1180, 5961, 5739, 1826, 11.31%, 0, 0, 3, 2021.19, 383246, 17036
8182, 0, 1198, 5972, 5745, 1826, 11.31%, 0, 0, 3, 2547.28, 397257, 17039
8187, 0, 1286, 5976, 5729, 1810, 11.31%, 0, 0, 3, 2785.05, 411933, 17040
8192, 0, 1364, 5983, 5718, 1796, 11.31%, 0, 0, 3, 2754.31, 426205, 17041
8198, 0, 1385, 5999, 5728, 1793, 11.31%, 0, 0, 3, 2877.89, 441035, 17049
8203, 0, 1435, 6005, 5722, 1786, 11.31%, 0, 0, 3, 2433.57, 453608, 17050
8208, 0, 1438, 6011, 5727, 1788, 11.32%, 0, 0, 3, 2015.91, 462757, 17053
8213, 0, 1485, 6014, 5717, 1778, 11.32%, 0, 0, 3, 2381.97, 475942, 17055
8218, 0, 1517, 6024, 5715, 1768, 11.32%, 0, 0, 3, 2671.38, 489832, 17058
8223, 0, 1536, 6029, 5711, 1761, 11.32%, 0, 0, 3, 2612.09, 502884, 17058
8228, 0, 1593, 6037, 5701, 1748, 11.32%, 0, 0, 3, 2781.15, 517518, 17064
8233, 0, 1653, 6050, 5695, 1738, 11.33%, 0, 0, 3, 2800.57, 532009, 17074
8238, 0, 1677, 6061, 5692, 1732, 11.34%, 0, 0, 3, 2916.87, 547225, 17083
8243, 0, 1727, 6070, 5694, 1729, 11.34%, 0, 0, 3, 2911.59, 562457, 17087
8249, 0, 1765, 6083, 5696, 1721, 11.34%, 0, 0, 3, 2779.87, 576774, 17094
8254, 0, 1811, 6092, 5692, 1716, 11.34%, 0, 0, 3, 2802.15, 591338, 17095
8259, 0, 1863, 6108, 5697, 1713, 11.35%, 0, 0, 3, 2823.93, 605933, 17108
8264, 0, 1924, 6115, 5685, 1696, 11.35%, 0, 0, 3, 2880.37, 621057, 17109
8269, 0, 1938, 6125, 5692, 1695, 11.35%, 0, 0, 3, 2891.20, 635868, 17109
8275, 0, 1972, 6136, 5693, 1689, 11.35%, 0, 0, 3, 2774.04, 650417, 17109
8465, 0, 2018, 6138, 5682, 1675, 11.36%, 0, 0, 3, 2.33, 663849, 17111
8471, 0, 2092, 6148, 5676, 1665, 11.36%, 0, 0, 3, 2895.10, 679243, 17112
8476, 0, 2163, 6167, 5678, 1658, 11.36%, 0, 0, 3, 2980.06, 694394, 17120
8481, 0, 2218, 6175, 5669, 1647, 11.37%, 0, 0, 3, 3021.45, 710242, 17130
8486, 0, 2260, 6185, 5661, 1638, 11.38%, 0, 0, 3, 2882.31, 725224, 17141
8491, 0, 2312, 6203, 5669, 1633, 11.38%, 0, 0, 3, 2565.52, 737641, 17151
8676, 0, 2331, 6210, 5671, 1632, 11.39%, 0, 0, 3, 1.44, 749747, 17156
