# relative_time, cycles_done, cur_item, corpus_count, pending_total, pending_favs, map_size, saved_crashes, saved_hangs, max_depth, execs_per_sec, total_execs, edges_found
155, 0, 0, 78, 78, 5, 3.19%, 0, 0, 2, 0.04, 763, 952
160, 0, 0, 108, 108, 5, 3.26%, 0, 0, 2, 90.55, 1229, 973
165, 0, 0, 126, 126, 5, 3.34%, 0, 0, 2, 83.73, 1625, 995
171, 0, 0, 148, 148, 5, 3.38%, 0, 0, 2, 98.90, 2146, 1007
176, 0, 0, 168, 168, 5, 3.53%, 0, 0, 2, 89.18, 2609, 1052
181, 0, 0, 178, 178, 5, 3.56%, 0, 0, 2, 77.82, 2989, 1062
4215, 0, 0, 185, 185, 5, 3.56%, 0, 0, 2, 0.00, 3312, 1062
4366, 0, 0, 185, 185, 5, 3.56%, 0, 0, 2, 0.07, 3323, 1062
4371, 0, 0, 190, 190, 5, 3.59%, 0, 0, 2, 51.82, 3607, 1070
4376, 0, 0, 194, 194, 5, 3.59%, 0, 0, 2, 60.84, 3922, 1072
4381, 0, 0, 200, 200, 5, 3.60%, 0, 0, 2, 67.35, 4277, 1073
4386, 0, 0, 213, 213, 5, 3.63%, 0, 0, 2, 79.25, 4679, 1084
4391, 0, 0, 223, 223, 5, 3.64%, 0, 0, 2, 74.10, 5048, 1087
4576, 0, 0, 225, 225, 5, 3.65%, 0, 0, 2, 0.05, 5394, 1090
4581, 0, 0, 229, 229, 5, 3.65%, 0, 0, 2, 53.72, 5664, 1090
4586, 0, 0, 233, 233, 5, 3.66%, 0, 0, 2, 61.66, 5998, 1092
4591, 0, 0, 240, 240, 5, 3.67%, 0, 0, 2, 80.16, 6395, 1094
4597, 0, 0, 245, 245, 5, 3.68%, 0, 0, 2, 75.38, 6762, 1097
4602, 0, 0, 248, 248, 5, 3.68%, 0, 0, 2, 71.34, 7107, 1099
4787, 0, 0, 253, 253, 5, 3.69%, 0, 0, 2, 0.07, 7412, 1102
4792, 0, 0, 258, 258, 5, 3.70%, 0, 0, 2, 67.65, 7744, 1105
4797, 0, 0, 260, 260, 5, 3.70%, 0, 0, 2, 66.08, 8079, 1105
4802, 0, 0, 262, 262, 5, 3.71%, 0, 0, 2, 72.27, 8455, 1107
4807, 0, 0, 263, 263, 5, 3.71%, 0, 0, 2, 69.79, 8816, 1108
4812, 0, 0, 267, 267, 5, 3.72%, 0, 0, 2, 65.91, 9161, 1109
4997, 0, 0, 271, 271, 5, 3.73%, 0, 0, 2, 0.02, 9454, 1114
5002, 0, 0, 273, 273, 5, 3.73%, 0, 0, 2, 62.75, 9794, 1114
5007, 0, 0, 274, 274, 5, 3.74%, 0, 0, 2, 67.71, 10150, 1115
5012, 0, 0, 275, 275, 5, 3.74%, 0, 0, 2, 69.40, 10510, 1116
5017, 0, 0, 276, 276, 5, 3.74%, 0, 0, 2, 74.61, 10892, 1116
5022, 0, 0, 277, 277, 5, 3.74%, 0, 0, 2, 68.09, 11226, 1116
5208, 0, 0, 278, 278, 5, 3.74%, 0, 0, 2, 0.04, 11538, 1117
5213, 0, 0, 282, 282, 5, 3.75%, 0, 0, 2, 57.70, 11855, 1119
5218, 0, 0, 282, 282, 5, 3.75%, 0, 0, 2, 61.57, 12171, 1119
5223, 0, 0, 285, 285, 5, 3.75%, 0, 0, 2, 76.84, 12550, 1120
5228, 0, 0, 286, 286, 5, 3.76%, 0, 0, 2, 77.76, 12956, 1121
5233, 0, 0, 289, 289, 5, 3.76%, 0, 0, 2, 74.41, 13351, 1122
5418, 0, 0, 289, 289, 5, 3.76%, 0, 0, 2, 0.03, 13702, 1122
5423, 0, 0, 291, 291, 5, 3.77%, 0, 0, 2, 65.46, 14061, 1125
5429, 0, 0, 292, 292, 5, 3.77%, 0, 0, 2, 61.72, 14369, 1125
5434, 0, 0, 294, 294, 5, 3.78%, 0, 0, 2, 75.00, 14768, 1127
5439, 0, 0, 294, 294, 5, 3.78%, 0, 0, 2, 78.66, 15156, 1127
5444, 0, 0, 296, 296, 5, 3.78%, 0, 0, 2, 67.90, 15485, 1129
5629, 0, 0, 298, 298, 5, 3.78%, 0, 0, 2, 0.04, 15793, 1129
5634, 0, 0, 299, 299, 5, 3.80%, 0, 0, 2, 67.23, 16142, 1133
5639, 0, 0, 301, 301, 5, 3.80%, 0, 0, 2, 59.90, 16441, 1134
5644, 0, 1, 691, 690, 4, 6.46%, 0, 0, 2, 686.01, 20183, 1928
5649, 0, 1, 1168, 1167, 4, 8.67%, 0, 0, 2, 796.10, 24367, 2587
5654, 0, 1, 1662, 1661, 4, 10.61%, 0, 0, 2, 762.55, 28403, 3166
5839, 0, 1, 2075, 2074, 4, 12.63%, 0, 0, 2, 0.31, 31724, 3768
5844, 0, 1, 2616, 2615, 4, 14.17%, 0, 0, 2, 837.02, 36063, 4227
5849, 0, 1, 3050, 3049, 4, 15.53%, 0, 0, 2, 700.23, 39542, 4631
5855, 0, 1, 3608, 3607, 4, 17.13%, 0, 0, 2, 849.12, 44010, 5111
5860, 0, 1, 4196, 4195, 4, 18.90%, 0, 0, 2, 946.56, 48732, 5639
5865, 0, 1, 4867, 4866, 4, 20.51%, 0, 0, 2, 1047.13, 54118, 6118
8426, 0, 1, 5444, 5443, 4, 22.25%, 0, 0, 2, 0.09, 58741, 6636
8577, 0, 1, 5461, 5460, 4, 22.29%, 0, 0, 2, 0.90, 58877, 6649
8582, 0, 14, 5770, 5769, 2205, 22.92%, 0, 0, 2, 71.43, 61482, 6836
8587, 0, 14, 5770, 5769, 2205, 22.92%, 0, 0, 2, 74.51, 61846, 6836
8592, 0, 14, 5770, 5769, 2205, 22.92%, 0, 0, 2, 73.41, 62215, 6836
8597, 0, 27, 5770, 5768, 2205, 22.92%, 0, 0, 2, 80.44, 62632, 6836
8602, 0, 27, 5770, 5768, 2205, 22.92%, 0, 0, 2, 70.47, 62974, 6836
8787, 0, 37, 5770, 5767, 2204, 22.92%, 0, 0, 2, 0.04, 63255, 6836
8792, 0, 37, 5770, 5767, 2204, 22.92%, 0, 0, 2, 81.71, 63643, 6836
8797, 0, 37, 5770, 5767, 2204, 22.92%, 0, 0, 2, 76.59, 64055, 6836
8803, 0, 78, 5770, 5765, 2202, 22.92%, 0, 0, 2, 78.14, 64474, 6836
8808, 0, 78, 5770, 5765, 2202, 22.92%, 0, 0, 2, 79.52, 64868, 6836
8813, 0, 91, 5770, 5764, 2201, 22.92%, 0, 0, 2, 74.60, 65229, 6836
8998, 0, 91, 5770, 5764, 2201, 22.92%, 0, 0, 2, 0.01, 65528, 6836
9003, 0, 91, 5770, 5764, 2201, 22.92%, 0, 0, 2, 78.26, 65948, 6836
9008, 0, 95, 5770, 5763, 2200, 22.92%, 0, 0, 2, 84.26, 66378, 6836
9013, 0, 95, 5770, 5763, 2200, 22.92%, 0, 0, 2, 68.37, 66719, 6836
9018, 0, 117, 5770, 5761, 2198, 22.92%, 0, 0, 2, 67.22, 67063, 6836
9023, 0, 117, 5770, 5761, 2198, 22.92%, 0, 0, 2, 74.07, 67454, 6836
9209, 0, 117, 5770, 5761, 2198, 22.92%, 0, 0, 2, 0.07, 67761, 6836
9214, 0, 138, 5770, 5759, 2196, 22.92%, 0, 0, 2, 82.10, 68161, 6836
9219, 0, 138, 5770, 5759, 2196, 22.92%, 0, 0, 2, 72.78, 68510, 6836
9224, 0, 138, 5770, 5759, 2196, 22.92%, 0, 0, 2, 70.33, 68851, 6836
9229, 0, 141, 5770, 5758, 2195, 22.92%, 0, 0, 2, 72.60, 69236, 6836
9235, 0, 141, 5770, 5758, 2195, 22.92%, 0, 0, 2, 77.77, 69654, 6836
9420, 0, 157, 5770, 5757, 2194, 22.92%, 0, 0, 2, 0.02, 69987, 6836
9425, 0, 157, 5771, 5758, 2194, 22.92%, 0, 0, 3, 78.65, 70362, 6836
9430, 0, 157, 5771, 5758, 2194, 22.92%, 0, 0, 3, 76.98, 70757, 6836
9435, 0, 157, 5771, 5758, 2194, 22.92%, 0, 0, 3, 75.47, 71136, 6836
9440, 0, 157, 5771, 5758, 2194, 22.92%, 0, 0, 3, 78.83, 71534, 6836
9445, 0, 177, 5771, 5757, 2194, 22.92%, 0, 0, 3, 69.86, 71885, 6836
9630, 0, 177, 5771, 5757, 2194, 22.92%, 0, 0, 3, 0.09, 72198, 6836
9635, 0, 177, 5771, 5757, 2194, 22.92%, 0, 0, 3, 59.40, 72526, 6836
9640, 0, 186, 5771, 5756, 2193, 22.92%, 0, 0, 3, 58.87, 72836, 6836
9645, 0, 186, 5771, 5756, 2193, 22.92%, 0, 0, 3, 65.77, 73164, 6836
9650, 0, 186, 5771, 5756, 2193, 22.92%, 0, 0, 3, 67.65, 73500, 6836
9655, 0, 187, 6089, 6073, 2192, 23.78%, 0, 0, 3, 544.26, 76376, 7093
9840, 0, 187, 6397, 6381, 2192, 24.38%, 0, 0, 3, 0.53, 79003, 7273
9846, 0, 187, 6966, 6950, 2192, 26.14%, 0, 0, 3, 892.11, 83568, 7797
9851, 0, 205, 7472, 7456, 2883, 27.29%, 0, 0, 3, 86.63, 87739, 8139
9856, 0, 205, 7472, 7456, 2883, 27.29%, 0, 0, 3, 75.55, 88110, 8139
9861, 0, 205, 7472, 7456, 2883, 27.29%, 0, 0, 3, 67.86, 88450, 8139
9866, 0, 221, 7472, 7455, 2882, 27.29%, 0, 0, 3, 63.39, 88773, 8139
10051, 0, 221, 7472, 7455, 2882, 27.29%, 0, 0, 3, 0.06, 89124, 8139
10056, 0, 229, 7472, 7454, 2881, 27.29%, 0, 0, 3, 72.92, 89488, 8139
10061, 0, 229, 7472, 7454, 2881, 27.29%, 0, 0, 3, 67.68, 89891, 8139
10066, 0, 229, 7472, 7454, 2881, 27.29%, 0, 0, 3, 71.04, 90238, 8139
10072, 0, 230, 7472, 7453, 2880, 27.29%, 0, 0, 3, 66.46, 90588, 8139
10077, 0, 230, 7472, 7453, 2880, 27.29%, 0, 0, 3, 67.15, 90931, 8139
10262, 0, 230, 7472, 7453, 2880, 27.29%, 0, 0, 3, 0.01, 91213, 8139
10267, 0, 239, 7472, 7451, 2878, 27.29%, 0, 0, 3, 69.42, 91551, 8139
10272, 0, 239, 7472, 7451, 2878, 27.29%, 0, 0, 3, 71.60, 91912, 8139
10277, 0, 247, 7472, 7450, 2877, 27.29%, 0, 0, 3, 77.96, 92299, 8139
10282, 0, 247, 7472, 7450, 2877, 27.29%, 0, 0, 3, 76.40, 92679, 8139
10287, 0, 247, 7472, 7450, 2877, 27.29%, 0, 0, 3, 77.26, 93076, 8139
10472, 0, 257, 7472, 7449, 2876, 27.29%, 0, 0, 3, 0.03, 93403, 8139
10477, 0, 257, 7472, 7449, 2876, 27.29%, 0, 0, 3, 59.36, 93717, 8139
10482, 0, 257, 7472, 7449, 2876, 27.29%, 0, 0, 3, 67.85, 94064, 8139
10487, 0, 265, 7472, 7448, 2875, 27.29%, 0, 0, 3, 63.68, 94382, 8139
10492, 0, 265, 7472, 7448, 2875, 27.29%, 0, 0, 3, 71.47, 94741, 8139
10497, 0, 269, 7472, 7447, 2874, 27.29%, 0, 0, 3, 64.66, 95065, 8139
12787, 0, 269, 7472, 7447, 2874, 27.29%, 0, 0, 3, 0.00, 95391, 8139
12792, 0, 274, 7472, 7446, 2873, 27.29%, 0, 0, 3, 60.65, 95710, 8139
12797, 0, 274, 7472, 7446, 2873, 27.29%, 0, 0, 3, 68.13, 96074, 8139
12803, 0, 274, 7472, 7446, 2873, 27.29%, 0, 0, 3, 60.04, 96352, 8139
12808, 0, 275, 7644, 7617, 2872, 27.81%, 0, 0, 3, 604.10, 98296, 8295
12813, 0, 275, 7688, 7661, 2960, 27.89%, 0, 0, 3, 61.30, 99249, 8320
12998, 0, 275, 7688, 7661, 2960, 27.89%, 0, 0, 3, 0.02, 99511, 8320
13003, 0, 279, 7688, 7660, 2959, 27.89%, 0, 0, 3, 52.51, 99791, 8320
13008, 0, 279, 7688, 7660, 2959, 27.89%, 0, 0, 3, 64.92, 100135, 8320
13013, 0, 279, 7688, 7660, 2959, 27.89%, 0, 0, 3, 70.56, 100478, 8320
13018, 0, 290, 7688, 7659, 2958, 27.89%, 0, 0, 3, 71.59, 100854, 8320
13023, 0, 290, 7688, 7659, 2958, 27.89%, 0, 0, 3, 69.82, 101216, 8320
13208, 0, 294, 7688, 7658, 2957, 27.89%, 0, 0, 3, 0.01, 101501, 8320
13213, 0, 294, 7688, 7658, 2957, 27.89%, 0, 0, 3, 65.31, 101826, 8320
13218, 0, 294, 7688, 7658, 2957, 27.89%, 0, 0, 3, 71.37, 102202, 8320
13223, 0, 299, 7688, 7657, 2956, 27.89%, 0, 0, 3, 65.88, 102519, 8320
13228, 0, 299, 7688, 7657, 2956, 27.89%, 0, 0, 3, 67.31, 102850, 8320
13233, 0, 301, 7688, 7656, 2955, 27.89%, 0, 0, 3, 90.93, 103306, 8320
13418, 0, 303, 7688, 7655, 2954, 27.89%, 0, 0, 3, 0.01, 104035, 8320
13423, 0, 307, 7688, 7653, 2952, 27.89%, 0, 0, 3, 182.52, 104948, 8320
13429, 0, 310, 7688, 7651, 2950, 27.89%, 0, 0, 3, 173.98, 105803, 8320
13434, 0, 318, 7688, 7649, 2948, 27.89%, 0, 0, 3, 159.52, 106652, 8320
13439, 0, 343, 7688, 7645, 2944, 27.89%, 0, 0, 3, 27.62, 107348, 8320
13444, 0, 348, 7688, 7644, 2943, 27.89%, 0, 0, 3, 71.32, 107771, 8320
13629, 0, 357, 7689, 7644, 2942, 27.89%, 0, 0, 3, 0.03, 108059, 8320
13634, 0, 357, 7692, 7647, 2942, 27.89%, 0, 0, 3, 118.41, 108549, 8320
13639, 0, 357, 7692, 7647, 2942, 27.89%, 0, 0, 3, 86.30, 108968, 8320
13644, 0, 357, 7692, 7647, 2942, 27.89%, 0, 0, 3, 90.85, 109422, 8320
13649, 0, 357, 7693, 7648, 2942, 27.89%, 0, 0, 3, 80.58, 109848, 8320
13654, 0, 357, 7694, 7649, 2942, 27.89%, 0, 0, 3, 95.67, 110360, 8320
13839, 0, 357, 7695, 7650, 2942, 27.89%, 0, 0, 3, 0.01, 110667, 8320
13844, 0, 357, 7695, 7650, 2942, 27.89%, 0, 0, 3, 71.19, 111034, 8320
13849, 0, 357, 7696, 7651, 2942, 27.89%, 0, 0, 3, 97.88, 111561, 8320
13855, 0, 357, 7696, 7651, 2942, 27.89%, 0, 0, 3, 118.50, 112085, 8320
13860, 0, 357, 7697, 7652, 2942, 27.89%, 0, 0, 3, 99.13, 112556, 8320
13865, 0, 357, 7697, 7652, 2942, 27.89%, 0, 0, 3, 107.15, 113108, 8320
14050, 0, 357, 7697, 7652, 2942, 27.89%, 0, 0, 3, 0.14, 113548, 8320
14055, 0, 357, 7698, 7653, 2942, 27.89%, 0, 0, 3, 106.18, 114077, 8320
14060, 0, 357, 7698, 7653, 2942, 27.89%, 0, 0, 3, 92.35, 114521, 8320
14065, 0, 357, 7699, 7654, 2942, 27.89%, 0, 0, 3, 86.35, 114936, 8320
14070, 0, 357, 7699, 7654, 2942, 27.89%, 0, 0, 3, 91.79, 115386, 8320
14075, 0, 357, 7699, 7654, 2942, 27.89%, 0, 0, 3, 105.72, 115914, 8320
14260, 0, 357, 7699, 7654, 2942, 27.89%, 0, 0, 3, 0.08, 116292, 8320
14265, 0, 357, 7699, 7654, 2942, 27.89%, 0, 0, 3, 81.58, 116733, 8320
14270, 0, 357, 7699, 7654, 2942, 27.89%, 0, 0, 3, 103.46, 117318, 8320
14275, 0, 357, 7699, 7654, 2942, 27.89%, 0, 0, 3, 99.27, 117824, 8320
14280, 0, 357, 7699, 7654, 2942, 27.89%, 0, 0, 3, 80.98, 118204, 8320
14285, 0, 357, 7699, 7654, 2942, 27.89%, 0, 0, 3, 92.43, 118714, 8320
14470, 0, 357, 7699, 7654, 2942, 27.89%, 0, 0, 3, 0.04, 119166, 8320
14475, 0, 357, 7699, 7654, 2942, 27.89%, 0, 0, 3, 105.16, 119672, 8320
14481, 0, 357, 7699, 7654, 2942, 27.89%, 0, 0, 3, 93.92, 120157, 8320
14486, 0, 357, 7699, 7654, 2942, 27.89%, 0, 0, 3, 109.70, 120750, 8320
14491, 0, 357, 7699, 7654, 2942, 27.89%, 0, 0, 3, 120.30, 121372, 8320
14496, 0, 357, 7699, 7654, 2942, 27.89%, 0, 0, 3, 107.33, 121880, 8320
14681, 0, 357, 7700, 7655, 2942, 27.89%, 0, 0, 3, 0.08, 122260, 8320
14686, 0, 357, 7700, 7655, 2942, 27.89%, 0, 0, 3, 94.06, 122744, 8320
14691, 0, 357, 7701, 7656, 2942, 27.89%, 0, 0, 3, 107.75, 123266, 8320
14696, 0, 357, 7701, 7656, 2942, 27.89%, 0, 0, 3, 116.60, 123852, 8320
14701, 0, 357, 7701, 7656, 2942, 27.89%, 0, 0, 3, 97.48, 124345, 8320
14706, 0, 357, 7701, 7656, 2942, 27.89%, 0, 0, 3, 91.28, 124801, 8320
16996, 0, 357, 7702, 7657, 2942, 27.89%, 0, 0, 3, 0.01, 125184, 8320
17001, 0, 357, 7702, 7657, 2942, 27.89%, 0, 0, 3, 119.52, 125749, 8320
17006, 0, 357, 7702, 7657, 2942, 27.89%, 0, 0, 3, 109.55, 126277, 8320
17011, 0, 357, 7702, 7657, 2942, 27.89%, 0, 0, 3, 117.74, 126857, 8320
17016, 0, 363, 7703, 7657, 2941, 27.89%, 0, 0, 3, 105.01, 127386, 8320
17021, 0, 364, 7713, 7666, 2941, 27.91%, 0, 0, 3, 558.44, 128013, 8324
17206, 0, 374, 7931, 7884, 3026, 28.40%, 0, 0, 3, 0.02, 130278, 8472
17211, 0, 374, 7932, 7885, 3026, 28.40%, 0, 0, 3, 74.13, 130695, 8472
17216, 0, 374, 7933, 7886, 3026, 28.40%, 0, 0, 3, 93.00, 131176, 8472
17222, 0, 374, 7934, 7887, 3026, 28.40%, 0, 0, 3, 127.41, 131866, 8472
17227, 0, 374, 7935, 7888, 3026, 28.40%, 0, 0, 3, 95.41, 132318, 8472
17232, 0, 374, 7935, 7888, 3026, 28.40%, 0, 0, 3, 111.42, 132873, 8472
17416, 0, 374, 7936, 7889, 3026, 28.40%, 0, 0, 3, 0.06, 133352, 8472
17421, 0, 374, 7936, 7889, 3026, 28.40%, 0, 0, 3, 86.71, 133812, 8472
17427, 0, 374, 7937, 7890, 3026, 28.40%, 0, 0, 3, 129.05, 134483, 8472
17432, 0, 374, 7937, 7890, 3026, 28.40%, 0, 0, 3, 138.70, 135199, 8472
17437, 0, 374, 7937, 7890, 3026, 28.40%, 0, 0, 3, 118.09, 135777, 8472
17442, 0, 374, 7937, 7890, 3026, 28.40%, 0, 0, 3, 103.75, 136293, 8472
17627, 0, 374, 7937, 7890, 3026, 28.40%, 0, 0, 3, 0.07, 136791, 8472
17632, 0, 374, 7937, 7890, 3026, 28.40%, 0, 0, 3, 106.61, 137289, 8472
17637, 0, 374, 7937, 7890, 3026, 28.40%, 0, 0, 3, 87.51, 137706, 8472
17642, 0, 374, 7937, 7890, 3026, 28.40%, 0, 0, 3, 88.93, 138167, 8472
17647, 0, 374, 7937, 7890, 3026, 28.40%, 0, 0, 3, 102.66, 138707, 8472
17652, 0, 374, 7937, 7890, 3026, 28.40%, 0, 0, 3, 108.23, 139283, 8472
17837, 0, 374, 7938, 7891, 3026, 28.40%, 0, 0, 3, 0.04, 139685, 8472
17842, 0, 374, 7938, 7891, 3026, 28.40%, 0, 0, 3, 85.91, 140151, 8472
17847, 0, 374, 7939, 7892, 3026, 28.40%, 0, 0, 3, 80.36, 140574, 8472
17852, 0, 374, 7939, 7892, 3026, 28.40%, 0, 0, 3, 113.92, 141179, 8472
17858, 0, 374, 7939, 7892, 3026, 28.40%, 0, 0, 3, 108.84, 141757, 8472
17863, 0, 374, 7939, 7892, 3026, 28.40%, 0, 0, 3, 111.72, 142373, 8472
21052, 0, 374, 7939, 7892, 3026, 28.40%, 0, 0, 3, 0.00, 142845, 8472
21203, 0, 374, 7939, 7892, 3026, 28.40%, 0, 0, 3, 0.25, 142883, 8472
21208, 0, 374, 7939, 7892, 3026, 28.40%, 0, 0, 3, 74.31, 143326, 8472
21213, 0, 374, 7939, 7892, 3026, 28.40%, 0, 0, 3, 101.09, 143808, 8472
21218, 0, 374, 7939, 7892, 3026, 28.40%, 0, 0, 3, 78.75, 144171, 8472
21223, 0, 374, 7939, 7892, 3026, 28.40%, 0, 0, 3, 111.44, 144779, 8472
21229, 0, 374, 7939, 7892, 3026, 28.40%, 0, 0, 3, 119.21, 145401, 8472
21414, 0, 374, 7940, 7893, 3026, 28.40%, 0, 0, 3, 0.09, 145860, 8472
21419, 0, 374, 7940, 7893, 3026, 28.40%, 0, 0, 3, 65.28, 146200, 8472
21424, 0, 374, 7940, 7893, 3026, 28.40%, 0, 0, 3, 84.53, 146652, 8472
21429, 0, 374, 7940, 7893, 3026, 28.40%, 0, 0, 3, 110.29, 147258, 8472
21434, 0, 374, 7940, 7893, 3026, 28.40%, 0, 0, 3, 51.31, 147762, 8472
21439, 0, 374, 7940, 7893, 3026, 28.40%, 0, 0, 3, 97.94, 148366, 8472
21624, 0, 374, 7940, 7893, 3026, 28.40%, 0, 0, 3, 0.09, 148902, 8472
21629, 0, 399, 7941, 7893, 3026, 28.40%, 0, 0, 3, 103.62, 149415, 8472
21634, 0, 399, 7942, 7894, 3026, 28.40%, 0, 0, 3, 111.70, 150016, 8472
21639, 0, 399, 7942, 7894, 3026, 28.40%, 0, 0, 3, 109.73, 150560, 8472
21644, 0, 399, 7943, 7895, 3026, 28.40%, 0, 0, 3, 104.16, 151107, 8472
21649, 0, 399, 7943, 7895, 3026, 28.40%, 0, 0, 3, 106.85, 151667, 8472
21834, 0, 399, 7943, 7895, 3026, 28.40%, 0, 0, 3, 0.06, 152135, 8472
21839, 0, 399, 7943, 7895, 3026, 28.40%, 0, 0, 3, 91.63, 152590, 8472
21844, 0, 399, 7943, 7895, 3026, 28.40%, 0, 0, 3, 106.91, 153175, 8472
21850, 0, 399, 7943, 7895, 3026, 28.40%, 0, 0, 3, 96.09, 153650, 8472
21856, 0, 400, 8025, 7976, 3025, 28.77%, 0, 1, 3, 5.83, 154833, 8581
22046, 0, 400, 8277, 8228, 3025, 29.69%, 0, 5, 3, 0.08, 156964, 8857
22054, 0, 400, 8464, 8415, 3025, 30.04%, 0, 7, 3, 8.30, 158578, 8961
22060, 0, 400, 8465, 8416, 3025, 30.04%, 0, 10, 3, 7.94, 158593, 8961
22070, 0, 400, 8468, 8419, 3025, 30.05%, 0, 14, 3, 7.71, 158634, 8963
22075, 0, 400, 8873, 8824, 3025, 30.82%, 0, 15, 3, 992.86, 162203, 9194
22255, 0, 400, 8878, 8829, 3025, 30.84%, 0, 15, 3, 0.23, 162244, 9198
22260, 0, 400, 9236, 9187, 3025, 31.85%, 0, 15, 3, 563.97, 165341, 9502
22265, 0, 403, 9355, 9306, 3507, 32.17%, 0, 15, 3, 94.44, 166811, 9595
22270, 0, 418, 9358, 9308, 3506, 32.17%, 0, 15, 3, 90.39, 167304, 9595
22276, 0, 418, 9358, 9308, 3506, 32.17%, 0, 15, 3, 80.17, 167705, 9595
22281, 0, 418, 9358, 9308, 3506, 32.17%, 0, 15, 3, 70.00, 168038, 9595
22466, 0, 418, 9358, 9308, 3506, 32.17%, 0, 15, 3, 0.06, 168350, 9595
22471, 0, 418, 9358, 9308, 3506, 32.17%, 0, 15, 3, 54.48, 168643, 9595
22476, 0, 418, 9358, 9308, 3506, 32.17%, 0, 15, 3, 64.86, 168986, 9595
22481, 0, 418, 9358, 9308, 3506, 32.17%, 0, 15, 3, 72.19, 169361, 9595
22486, 0, 418, 9359, 9309, 3506, 32.17%, 0, 15, 3, 75.77, 169760, 9595
22491, 0, 418, 9359, 9309, 3506, 32.17%, 0, 15, 3, 74.95, 170130, 9595
22676, 0, 418, 9359, 9309, 3506, 32.17%, 0, 15, 3, 0.01, 170479, 9595
22681, 0, 418, 9359, 9309, 3506, 32.17%, 0, 15, 3, 6.95, 170619, 9595
22687, 0, 418, 9360, 9310, 3506, 32.17%, 0, 15, 3, 1.46, 170725, 9595
22692, 0, 418, 9360, 9310, 3506, 32.17%, 0, 15, 3, 68.20, 171091, 9595
22697, 0, 418, 9360, 9310, 3506, 32.17%, 0, 15, 3, 71.52, 171452, 9595
22702, 0, 418, 9361, 9311, 3506, 32.17%, 0, 15, 3, 73.71, 171816, 9595
22887, 0, 418, 9361, 9311, 3506, 32.17%, 0, 15, 3, 0.07, 172116, 9595
22892, 0, 418, 9361, 9311, 3506, 32.17%, 0, 15, 3, 75.21, 172484, 9595
22897, 0, 418, 9361, 9311, 3506, 32.17%, 0, 15, 3, 70.29, 172836, 9595
22902, 0, 418, 9361, 9311, 3506, 32.17%, 0, 15, 3, 70.02, 173184, 9595
22907, 0, 418, 9361, 9311, 3506, 32.17%, 0, 15, 3, 68.62, 173533, 9595
22912, 0, 418, 9361, 9311, 3506, 32.17%, 0, 15, 3, 67.50, 173879, 9595
23097, 0, 418, 9361, 9311, 3506, 32.17%, 0, 15, 3, 0.04, 174255, 9595
23102, 0, 418, 9361, 9311, 3506, 32.17%, 0, 15, 3, 76.47, 174648, 9595
23107, 0, 418, 9361, 9311, 3506, 32.17%, 0, 15, 3, 75.27, 175031, 9595
23112, 0, 418, 9361, 9311, 3506, 32.17%, 0, 15, 3, 79.37, 175430, 9595
23117, 0, 418, 9361, 9311, 3506, 32.17%, 0, 15, 3, 80.95, 175859, 9595
23122, 0, 418, 9361, 9311, 3506, 32.17%, 0, 15, 3, 75.95, 176231, 9595
25411, 0, 418, 9361, 9311, 3506, 32.17%, 0, 15, 3, 0.01, 176529, 9595
25416, 0, 418, 9361, 9311, 3506, 32.17%, 0, 15, 3, 75.63, 176912, 9595
25421, 0, 418, 9361, 9311, 3506, 32.17%, 0, 15, 3, 77.21, 177301, 9595
25426, 0, 418, 9361, 9311, 3506, 32.17%, 0, 15, 3, 80.11, 177730, 9595
25431, 0, 418, 9361, 9311, 3506, 32.17%, 0, 15, 3, 66.89, 178072, 9595
25437, 0, 418, 9361, 9311, 3506, 32.17%, 0, 15, 3, 84.74, 178517, 9595
25621, 0, 418, 9361, 9311, 3506, 32.17%, 0, 15, 3, 0.05, 178847, 9595
25626, 0, 418, 9361, 9311, 3506, 32.17%, 0, 15, 3, 82.71, 179270, 9595
25631, 0, 418, 9361, 9311, 3506, 32.17%, 0, 15, 3, 78.05, 179641, 9595
25637, 0, 418, 9361, 9311, 3506, 32.17%, 0, 15, 3, 79.04, 180065, 9595
25642, 0, 418, 9361, 9311, 3506, 32.17%, 0, 15, 3, 78.83, 180451, 9595
25647, 0, 418, 9361, 9311, 3506, 32.17%, 0, 15, 3, 72.73, 180817, 9595
25832, 0, 418, 9361, 9311, 3506, 32.17%, 0, 15, 3, 0.03, 181148, 9595
25837, 0, 418, 9362, 9312, 3506, 32.17%, 0, 15, 3, 78.62, 181560, 9595
25842, 0, 418, 9362, 9312, 3506, 32.17%, 0, 15, 3, 84.08, 182009, 9595
25847, 0, 418, 9362, 9312, 3506, 32.17%, 0, 15, 3, 78.96, 182415, 9595
25852, 0, 418, 9362, 9312, 3506, 32.17%, 0, 15, 3, 68.92, 182758, 9595
25857, 0, 418, 9362, 9312, 3506, 32.17%, 0, 15, 3, 77.80, 183162, 9595
26042, 0, 418, 9362, 9312, 3506, 32.17%, 0, 15, 3, 0.08, 183502, 9595
26047, 0, 418, 9362, 9312, 3506, 32.17%, 0, 15, 3, 73.95, 183879, 9595
26052, 0, 418, 9362, 9312, 3506, 32.17%, 0, 15, 3, 75.07, 184272, 9595
26057, 0, 418, 9362, 9312, 3506, 32.17%, 0, 15, 3, 75.09, 184667, 9595
26063, 0, 418, 9362, 9312, 3506, 32.17%, 0, 15, 3, 78.03, 185096, 9595
26068, 0, 418, 9362, 9312, 3506, 32.17%, 0, 15, 3, 77.43, 185479, 9595
26252, 0, 418, 9362, 9312, 3506, 32.17%, 0, 15, 3, 0.01, 185796, 9595
26257, 0, 418, 9362, 9312, 3506, 32.17%, 0, 15, 3, 68.23, 186193, 9595
26262, 0, 429, 9363, 9312, 3506, 32.17%, 0, 15, 3, 78.65, 186581, 9595
26267, 0, 429, 9363, 9312, 3506, 32.17%, 0, 15, 3, 77.43, 186954, 9595
26273, 0, 429, 9363, 9312, 3506, 32.17%, 0, 15, 3, 78.20, 187350, 9595
26278, 0, 450, 9595, 9543, 3584, 32.71%, 0, 15, 3, 617.84, 189891, 9756
26463, 0, 461, 9595, 9541, 3582, 32.71%, 0, 15, 3, 0.04, 191047, 9756
26468, 0, 467, 9595, 9539, 3580, 32.71%, 0, 15, 3, 238.41, 192283, 9756
26473, 0, 469, 9595, 9537, 3578, 32.71%, 0, 15, 3, 219.65, 193435, 9756
26478, 0, 485, 9597, 9538, 3577, 32.71%, 0, 15, 3, 176.71, 194306, 9756
26483, 0, 485, 9597, 9538, 3577, 32.71%, 0, 15, 3, 155.26, 195047, 9756
26488, 0, 485, 9597, 9538, 3577, 32.71%, 0, 15, 3, 157.43, 195863, 9756
26673, 0, 490, 9597, 9536, 3576, 32.71%, 0, 15, 3, 0.07, 196905, 9756
26678, 0, 492, 9597, 9534, 3574, 32.71%, 0, 15, 3, 210.00, 197961, 9756
26683, 0, 502, 9597, 9532, 3572, 32.71%, 0, 15, 3, 239.53, 199233, 9756
26688, 0, 504, 9597, 9530, 3570, 32.71%, 0, 15, 3, 243.00, 200417, 9756
26693, 0, 508, 9597, 9528, 3568, 32.71%, 0, 15, 3, 276.29, 201863, 9756
26698, 0, 514, 9597, 9526, 3566, 32.71%, 0, 15, 3, 262.46, 203208, 9756
26883, 0, 517, 9597, 9524, 3564, 32.71%, 0, 15, 3, 0.13, 204305, 9756
26888, 0, 521, 9597, 9522, 3562, 32.71%, 0, 15, 3, 227.87, 205441, 9756
26893, 0, 526, 9597, 9520, 3560, 32.71%, 0, 15, 3, 247.31, 206733, 9756
26898, 0, 530, 9597, 9518, 3558, 32.71%, 0, 15, 3, 257.30, 208008, 9756
26904, 0, 536, 9598, 9517, 3556, 32.71%, 0, 15, 3, 261.94, 209335, 9756
26909, 0, 542, 9598, 9515, 3554, 32.71%, 0, 15, 3, 253.52, 210600, 9756
27094, 0, 547, 9598, 9513, 3552, 32.71%, 0, 15, 3, 0.09, 211644, 9756
27099, 0, 547, 9598, 9513, 3552, 32.71%, 0, 15, 3, 71.54, 212044, 9756
27104, 0, 550, 9598, 9511, 3550, 32.71%, 0, 15, 3, 179.23, 212937, 9756
27109, 0, 553, 9599, 9510, 3548, 32.71%, 0, 15, 3, 236.31, 214125, 9756
27114, 0, 555, 9599, 9508, 3547, 32.71%, 0, 15, 3, 268.89, 215482, 9756
27119, 0, 561, 9599, 9506, 3545, 32.71%, 0, 15, 3, 263.44, 216842, 9756
27304, 0, 567, 9599, 9504, 3543, 32.71%, 0, 15, 3, 0.16, 217851, 9756
27309, 0, 577, 9599, 9502, 3541, 32.71%, 0, 15, 3, 211.57, 218899, 9756
27314, 0, 584, 9599, 9500, 3539, 32.71%, 0, 15, 3, 197.98, 219949, 9756
27319, 0, 584, 9599, 9500, 3539, 32.71%, 0, 15, 3, 126.82, 220495, 9756
27324, 0, 584, 9600, 9501, 3539, 32.71%, 0, 15, 3, 105.15, 220998, 9756
27329, 0, 584, 9600, 9501, 3539, 32.71%, 0, 15, 3, 98.03, 221478, 9756
29618, 0, 584, 9601, 9502, 3539, 32.71%, 0, 15, 3, 0.01, 221931, 9756
29623, 0, 584, 9601, 9502, 3539, 32.71%, 0, 15, 3, 98.19, 222424, 9756
29628, 0, 584, 9601, 9502, 3539, 32.71%, 0, 15, 3, 97.08, 222921, 9756
29633, 0, 584, 9601, 9502, 3539, 32.71%, 0, 15, 3, 96.13, 223437, 9756
29638, 0, 600, 9601, 9501, 3539, 32.71%, 0, 15, 3, 94.35, 223917, 9756
29643, 0, 601, 9719, 9618, 3538, 32.75%, 0, 15, 3, 1030.29, 225369, 9770
29828, 0, 603, 9796, 9695, 3549, 32.82%, 0, 15, 3, 0.09, 226351, 9791
29833, 0, 603, 9797, 9696, 3549, 32.82%, 0, 15, 3, 100.61, 226900, 9791
29838, 0, 603, 9797, 9696, 3549, 32.82%, 0, 15, 3, 104.67, 227430, 9791
29843, 0, 622, 9797, 9695, 3548, 32.82%, 0, 15, 3, 102.71, 227942, 9791
29848, 0, 622, 9797, 9695, 3548, 32.82%, 0, 15, 3, 95.94, 228427, 9791
29854, 0, 635, 9797, 9694, 3547, 32.82%, 0, 15, 3, 175.82, 229291, 9791
30038, 0, 640, 9797, 9692, 3545, 32.82%, 0, 15, 3, 0.13, 230342, 9791
30043, 0, 643, 9798, 9690, 3542, 32.82%, 0, 15, 3, 236.73, 231547, 9791
30049, 0, 643, 9798, 9690, 3542, 32.82%, 0, 15, 3, 148.86, 232177, 9791
30054, 0, 645, 9798, 9689, 3542, 32.82%, 0, 15, 3, 134.15, 232821, 9791
30059, 0, 647, 9798, 9688, 3541, 32.82%, 0, 15, 3, 136.32, 233537, 9791
30064, 0, 650, 9798, 9687, 3540, 32.82%, 0, 15, 3, 124.62, 234147, 9791
30249, 0, 650, 9798, 9687, 3540, 32.82%, 0, 15, 3, 0.11, 234705, 9791
30254, 0, 656, 9799, 9687, 3539, 32.82%, 0, 15, 3, 131.50, 235406, 9791
30259, 0, 656, 9800, 9688, 3539, 32.82%, 0, 15, 3, 137.42, 236081, 9791
30264, 0, 656, 9800, 9688, 3539, 32.82%, 0, 15, 3, 139.06, 236765, 9791
30269, 0, 656, 9800, 9688, 3539, 32.82%, 0, 15, 3, 130.38, 237423, 9791
30274, 0, 656, 9800, 9688, 3539, 32.82%, 0, 15, 3, 125.46, 238047, 9791
30459, 0, 660, 9800, 9687, 3539, 32.82%, 0, 15, 3, 0.11, 238681, 9791
30464, 0, 660, 9801, 9688, 3539, 32.83%, 0, 15, 3, 146.10, 239402, 9792
30469, 0, 660, 9801, 9688, 3539, 32.83%, 0, 15, 3, 125.42, 239992, 9792
30474, 0, 662, 9801, 9687, 3538, 32.83%, 0, 15, 3, 135.80, 240706, 9792
30479, 0, 665, 9801, 9686, 3537, 32.83%, 0, 15, 3, 127.39, 241374, 9792
30485, 0, 668, 9802, 9686, 3536, 32.83%, 0, 15, 3, 122.08, 241995, 9792
30669, 0, 668, 9802, 9686, 3536, 32.83%, 0, 15, 3, 0.02, 242701, 9792
30674, 0, 689, 9802, 9685, 3536, 32.83%, 0, 15, 3, 140.46, 243465, 9792
30680, 0, 689, 9802, 9685, 3536, 32.83%, 0, 15, 3, 103.99, 243975, 9792
30685, 0, 693, 9802, 9684, 3535, 32.83%, 0, 15, 3, 96.66, 244470, 9792
30690, 0, 693, 9802, 9684, 3535, 32.83%, 0, 15, 3, 96.02, 244955, 9792
30695, 0, 711, 9803, 9684, 3534, 32.83%, 0, 15, 3, 106.78, 245482, 9792
30880, 0, 711, 9803, 9684, 3534, 32.83%, 0, 15, 3, 0.09, 246034, 9792
30885, 0, 719, 9804, 9684, 3534, 32.83%, 0, 15, 3, 138.93, 246691, 9792
30890, 0, 719, 9805, 9685, 3534, 32.83%, 0, 15, 3, 132.93, 247342, 9792
30895, 0, 719, 9805, 9685, 3534, 32.83%, 0, 15, 3, 116.91, 247962, 9792
30900, 0, 719, 9805, 9685, 3534, 32.83%, 0, 15, 3, 98.05, 248416, 9792
30905, 0, 723, 9806, 9685, 3533, 32.83%, 0, 15, 3, 106.29, 248985, 9792
31090, 0, 723, 9807, 9686, 3533, 32.83%, 0, 15, 3, 0.06, 249530, 9792
31095, 0, 723, 9807, 9686, 3533, 32.83%, 0, 15, 3, 147.41, 250264, 9792
31100, 0, 723, 9808, 9687, 3533, 32.83%, 0, 15, 3, 119.16, 250771, 9792
31105, 0, 723, 9808, 9687, 3533, 32.83%, 0, 15, 3, 129.17, 251451, 9792
31110, 0, 723, 9808, 9687, 3533, 32.83%, 0, 15, 3, 122.96, 252077, 9792
31116, 0, 723, 9808, 9687, 3533, 32.83%, 0, 15, 3, 112.79, 252673, 9792
31300, 0, 723, 9808, 9687, 3533, 32.83%, 0, 15, 3, 0.09, 253227, 9792
31305, 0, 730, 9811, 9689, 3533, 32.83%, 0, 15, 3, 124.86, 253876, 9792
31311, 0, 730, 9811, 9689, 3533, 32.83%, 0, 15, 3, 113.22, 254448, 9792
31316, 0, 730, 9811, 9689, 3533, 32.83%, 0, 15, 3, 106.10, 254994, 9792
31321, 0, 730, 9811, 9689, 3533, 32.83%, 0, 15, 3, 128.41, 255670, 9792
31326, 0, 730, 9811, 9689, 3533, 32.83%, 0, 15, 3, 136.01, 256354, 9792
31511, 0, 730, 9811, 9689, 3533, 32.83%, 0, 15, 3, 0.09, 256904, 9792
31516, 0, 730, 9811, 9689, 3533, 32.83%, 0, 15, 3, 114.14, 257526, 9792
31521, 0, 730, 9811, 9689, 3533, 32.83%, 0, 15, 3, 131.83, 258206, 9792
31526, 0, 734, 9812, 9689, 3533, 32.83%, 0, 15, 3, 112.81, 258753, 9792
31531, 0, 734, 9813, 9690, 3533, 32.83%, 0, 15, 3, 97.13, 259222, 9792
31536, 0, 734, 9813, 9690, 3533, 32.83%, 0, 15, 3, 116.34, 259808, 9792
33825, 0, 734, 9814, 9691, 3533, 32.83%, 0, 15, 3, 0.00, 260341, 9792
33831, 0, 734, 9814, 9691, 3533, 32.83%, 0, 15, 3, 122.44, 261037, 9792
33836, 0, 734, 9814, 9691, 3533, 32.83%, 0, 15, 3, 111.88, 261593, 9792
33841, 0, 734, 9814, 9691, 3533, 32.83%, 0, 15, 3, 102.94, 262151, 9792
33846, 0, 734, 9814, 9691, 3533, 32.83%, 0, 15, 3, 124.50, 262773, 9792
33851, 0, 740, 9815, 9691, 3532, 32.83%, 0, 15, 3, 125.75, 263412, 9792
34036, 0, 740, 9816, 9692, 3532, 32.83%, 0, 15, 3, 0.20, 263917, 9792
34041, 0, 740, 9817, 9693, 3532, 32.83%, 0, 15, 3, 105.32, 264528, 9792
34046, 0, 740, 9817, 9693, 3532, 32.83%, 0, 15, 3, 119.99, 265138, 9792
34051, 0, 740, 9817, 9693, 3532, 32.83%, 0, 15, 3, 123.27, 265782, 9792
34056, 0, 740, 9817, 9693, 3532, 32.83%, 0, 15, 3, 135.88, 266484, 9792
34061, 0, 740, 9817, 9693, 3532, 32.83%, 0, 15, 3, 126.17, 267094, 9792
34246, 0, 740, 9817, 9693, 3532, 32.83%, 0, 15, 3, 0.06, 267608, 9792
34251, 0, 741, 9941, 9816, 3531, 33.02%, 0, 15, 3, 871.29, 269188, 9850
34256, 0, 748, 10003, 9878, 3565, 33.10%, 0, 15, 3, 78.60, 270089, 9872
34261, 0, 752, 10003, 9877, 3564, 33.10%, 0, 15, 3, 82.13, 270502, 9872
34266, 0, 752, 10003, 9877, 3564, 33.10%, 0, 15, 3, 76.75, 270887, 9872
34272, 0, 755, 10003, 9876, 3563, 33.10%, 0, 15, 3, 77.75, 271283, 9872
34456, 0, 759, 10003, 9875, 3562, 33.10%, 0, 15, 3, 0.11, 271627, 9872
34461, 0, 759, 10003, 9875, 3562, 33.10%, 0, 15, 3, 86.25, 272038, 9872
34466, 0, 760, 10003, 9874, 3561, 33.10%, 0, 15, 3, 79.27, 272435, 9872
34472, 0, 765, 10003, 9873, 3560, 33.10%, 0, 15, 3, 75.16, 272832, 9872
34477, 0, 765, 10003, 9873, 3560, 33.10%, 0, 15, 3, 76.21, 273218, 9872
34482, 0, 772, 10004, 9873, 3559, 33.10%, 0, 15, 3, 83.58, 273651, 9872
34667, 0, 772, 10004, 9873, 3559, 33.10%, 0, 15, 3, 0.07, 274023, 9872
34672, 0, 772, 10004, 9873, 3559, 33.10%, 0, 15, 3, 81.10, 274442, 9872
34677, 0, 777, 10004, 9872, 3558, 33.10%, 0, 15, 3, 89.20, 274903, 9872
34682, 0, 781, 10004, 9871, 3557, 33.10%, 0, 15, 3, 86.47, 275338, 9872
34687, 0, 783, 10004, 9870, 3556, 33.10%, 0, 15, 3, 82.20, 275773, 9872
34692, 0, 783, 10005, 9871, 3556, 33.10%, 0, 15, 3, 77.16, 276154, 9872
34877, 0, 783, 10005, 9871, 3556, 33.10%, 0, 15, 3, 0.06, 276508, 9872
34882, 0, 795, 10005, 9870, 3556, 33.10%, 0, 15, 3, 93.74, 276961, 9872
34887, 0, 795, 10005, 9870, 3556, 33.10%, 0, 15, 3, 82.08, 277349, 9872
34892, 0, 805, 10007, 9871, 3555, 33.10%, 0, 15, 3, 81.19, 277744, 9872
34897, 0, 805, 10007, 9871, 3555, 33.10%, 0, 15, 3, 77.82, 278120, 9872
34902, 0, 805, 10007, 9871, 3555, 33.10%, 0, 15, 3, 77.32, 278510, 9872
35087, 0, 805, 10007, 9871, 3555, 33.10%, 0, 15, 3, 0.01, 278838, 9872
35092, 0, 805, 10007, 9871, 3555, 33.10%, 0, 15, 3, 81.55, 279258, 9872
35097, 0, 805, 10007, 9871, 3555, 33.10%, 0, 15, 3, 84.52, 279702, 9872
35103, 0, 820, 10007, 9869, 3554, 33.10%, 0, 15, 3, 177.50, 280561, 9872
35108, 0, 825, 10007, 9868, 3553, 33.10%, 0, 15, 3, 210.38, 281711, 9872
35113, 0, 837, 10007, 9865, 3550, 33.10%, 0, 15, 3, 255.18, 283041, 9872
35298, 0, 842, 10007, 9863, 3548, 33.10%, 0, 15, 3, 0.17, 284231, 9872
35303, 0, 848, 10007, 9861, 3546, 33.10%, 0, 15, 3, 272.01, 285721, 9872
35308, 0, 859, 10007, 9858, 3543, 33.10%, 0, 15, 3, 269.20, 287066, 9872
35313, 0, 862, 10007, 9856, 3541, 33.10%, 0, 15, 3, 257.07, 288371, 9872
35318, 0, 864, 10007, 9854, 3539, 33.10%, 0, 15, 3, 253.03, 289661, 9872
35323, 0, 871, 10007, 9852, 3537, 33.10%, 0, 15, 3, 261.52, 291026, 9872
35508, 0, 900, 10007, 9850, 3535, 33.10%, 0, 15, 3, 0.08, 291883, 9872
35513, 0, 902, 10007, 9848, 3534, 33.10%, 0, 15, 3, 197.44, 292849, 9872
35518, 0, 911, 10007, 9846, 3532, 33.10%, 0, 15, 3, 254.26, 294226, 9872
35523, 0, 917, 10007, 9844, 3531, 33.10%, 0, 15, 3, 248.05, 295491, 9872
35528, 0, 923, 10007, 9842, 3529, 33.10%, 0, 15, 3, 257.52, 296816, 9872
35533, 0, 928, 10007, 9840, 3527, 33.10%, 0, 15, 3, 234.15, 297991, 9872
35718, 0, 931, 10007, 9838, 3525, 33.10%, 0, 15, 3, 0.13, 299091, 9872
35723, 0, 933, 10007, 9836, 3523, 33.10%, 0, 15, 3, 257.92, 300441, 9872
35728, 0, 939, 10008, 9836, 3522, 33.10%, 0, 15, 3, 180.58, 301313, 9872
35734, 0, 939, 10009, 9837, 3522, 33.10%, 0, 15, 3, 141.94, 302025, 9872
35739, 0, 939, 10009, 9837, 3522, 33.10%, 0, 15, 3, 142.37, 302799, 9872
35744, 0, 948, 10009, 9835, 3520, 33.10%, 0, 15, 3, 205.08, 303845, 9872
38032, 0, 951, 10009, 9833, 3518, 33.10%, 0, 15, 3, 0.01, 305115, 9872
38037, 0, 960, 10164, 9986, 3562, 33.73%, 0, 15, 3, 188.98, 307454, 10062
38042, 0, 963, 10165, 9985, 3560, 33.74%, 0, 15, 3, 260.55, 308850, 10063
38047, 0, 970, 10165, 9984, 3560, 33.74%, 0, 15, 3, 247.62, 310130, 10063
38052, 0, 980, 10166, 9983, 3558, 33.74%, 0, 15, 3, 239.54, 311344, 10063
38057, 0, 983, 10166, 9982, 3557, 33.74%, 0, 15, 3, 216.83, 312456, 10063
42087, 0, 986, 10166, 9980, 3555, 33.74%, 0, 15, 3, 0.01, 313564, 10063
42238, 0, 986, 10166, 9980, 3555, 33.74%, 0, 15, 3, 0.32, 313612, 10063
42243, 0, 988, 10844, 10656, 3553, 34.53%, 0, 15, 3, 2117.26, 320186, 10300
42248, 0, 988, 11359, 11171, 3553, 35.13%, 0, 15, 3, 1044.07, 324558, 10480
42253, 0, 996, 11456, 11266, 3686, 35.21%, 0, 15, 3, 549.55, 326903, 10502
42258, 0, 999, 11456, 11263, 3683, 35.21%, 0, 15, 3, 387.81, 328595, 10502
42263, 0, 1002, 11456, 11261, 3681, 35.21%, 0, 15, 3, 297.70, 329916, 10502
42448, 0, 1006, 11456, 11259, 3679, 35.21%, 0, 15, 3, 0.11, 331086, 10502
42453, 0, 1020, 11456, 11256, 3676, 35.21%, 0, 15, 3, 310.32, 332690, 10502
42458, 0, 1024, 11456, 11253, 3673, 35.21%, 0, 15, 3, 322.11, 334406, 10502
42464, 0, 1028, 11456, 11251, 3671, 35.21%, 0, 15, 3, 302.11, 335924, 10502
42469, 0, 1031, 11456, 11248, 3668, 35.21%, 0, 15, 3, 312.06, 337526, 10502
42474, 0, 1035, 11456, 11245, 3665, 35.21%, 0, 15, 3, 307.28, 339062, 10502
42659, 0, 1037, 11456, 11243, 3663, 35.21%, 0, 15, 3, 0.23, 340610, 10502
42664, 0, 1041, 11456, 11240, 3660, 35.21%, 0, 15, 3, 318.29, 342194, 10502
42669, 0, 1042, 11457, 11240, 3659, 35.21%, 0, 15, 3, 316.35, 343845, 10502
42674, 0, 1045, 11457, 11237, 3656, 35.21%, 0, 15, 3, 323.31, 345459, 10502
42679, 0, 1048, 11457, 11234, 3653, 35.21%, 0, 15, 3, 317.59, 347049, 10502
42684, 0, 1051, 11457, 11232, 3651, 35.21%, 0, 15, 3, 312.03, 348627, 10502
42869, 0, 1055, 11457, 11229, 3648, 35.21%, 0, 15, 3, 0.23, 350019, 10502
42874, 0, 1064, 11457, 11226, 3645, 35.21%, 0, 15, 3, 337.47, 351747, 10502
42879, 0, 1068, 11457, 11225, 3644, 35.21%, 0, 15, 3, 186.86, 352482, 10502
42884, 0, 1069, 11457, 11224, 3643, 35.21%, 0, 15, 3, 169.97, 353271, 10502
42889, 0, 1069, 11458, 11225, 3643, 35.21%, 0, 15, 3, 141.14, 353978, 10502
42894, 0, 1071, 11458, 11223, 3641, 35.21%, 0, 15, 3, 153.77, 354745, 10502
43079, 0, 1075, 11458, 11222, 3640, 35.21%, 0, 15, 3, 0.07, 355838, 10502
43084, 0, 1084, 11458, 11219, 3637, 35.21%, 0, 15, 3, 319.05, 357586, 10502
43090, 0, 1099, 11459, 11217, 3634, 35.21%, 0, 15, 3, 350.47, 359567, 10502
43095, 0, 1106, 11459, 11215, 3632, 35.21%, 0, 15, 3, 316.01, 361109, 10502
43100, 0, 1118, 11459, 11212, 3629, 35.21%, 0, 15, 3, 322.74, 362759, 10502
43105, 0, 1130, 11459, 11210, 3627, 35.21%, 0, 15, 3, 215.16, 363897, 10502
43290, 0, 1130, 11459, 11210, 3627, 35.21%, 0, 15, 3, 0.08, 364405, 10502
43295, 0, 1131, 11460, 11210, 3626, 35.21%, 0, 15, 3, 110.97, 365000, 10502
43300, 0, 1131, 11460, 11210, 3626, 35.21%, 0, 15, 3, 114.47, 365566, 10502
43305, 0, 1131, 11460, 11210, 3626, 35.21%, 0, 15, 3, 111.63, 366130, 10502
43310, 0, 1135, 11460, 11208, 3624, 35.21%, 0, 15, 3, 222.63, 367268, 10502
43315, 0, 1149, 11460, 11206, 3622, 35.21%, 0, 15, 3, 198.67, 368388, 10502
43500, 0, 1149, 11460, 11206, 3622, 35.21%, 0, 15, 3, 0.11, 368920, 10502
43505, 0, 1152, 11460, 11205, 3621, 35.21%, 0, 15, 3, 119.75, 369504, 10502
43510, 0, 1154, 11461, 11205, 3621, 35.21%, 0, 15, 3, 174.47, 370276, 10502
43515, 0, 1163, 11461, 11203, 3620, 35.21%, 0, 15, 3, 308.75, 372103, 10502
43520, 0, 1171, 11461, 11202, 3619, 35.21%, 0, 15, 3, 166.07, 372874, 10502
43525, 0, 1172, 11461, 11201, 3618, 35.21%, 0, 15, 3, 114.60, 373373, 10502
43710, 0, 1172, 11461, 11201, 3618, 35.21%, 0, 15, 3, 0.13, 373839, 10502
43715, 0, 1175, 11461, 11200, 3617, 35.21%, 0, 15, 3, 110.34, 374393, 10502
43720, 0, 1175, 11462, 11201, 3617, 35.21%, 0, 15, 3, 114.32, 374982, 10502
43725, 0, 1175, 11462, 11201, 3617, 35.21%, 0, 15, 3, 108.75, 375516, 10502
43731, 0, 1181, 11462, 11200, 3617, 35.21%, 0, 15, 3, 112.07, 376088, 10502
43736, 0, 1181, 11462, 11200, 3617, 35.21%, 0, 15, 3, 101.37, 376602, 10502
43921, 0, 1184, 11463, 11200, 3616, 35.21%, 0, 15, 3, 0.06, 377155, 10502
43926, 0, 1184, 11463, 11200, 3616, 35.21%, 0, 15, 3, 99.24, 377657, 10502
43931, 0, 1184, 11464, 11201, 3616, 35.21%, 0, 15, 3, 152.57, 378440, 10502
43936, 0, 1184, 11464, 11201, 3616, 35.21%, 0, 15, 3, 152.56, 379254, 10502
43941, 0, 1209, 11464, 11199, 3615, 35.21%, 0, 15, 3, 157.00, 380128, 10502
43946, 0, 1213, 11464, 11198, 3614, 35.21%, 0, 15, 3, 146.84, 380776, 10502
44131, 0, 1222, 11464, 11197, 3613, 35.21%, 0, 15, 3, 0.08, 381360, 10502
44136, 0, 1232, 11464, 11196, 3612, 35.21%, 0, 15, 3, 175.25, 382132, 10502
44141, 0, 1252, 11466, 11197, 3611, 35.21%, 0, 15, 3, 139.60, 382834, 10502
44146, 0, 1252, 11466, 11197, 3611, 35.21%, 0, 15, 3, 133.24, 383500, 10502
44151, 0, 1252, 11466, 11197, 3611, 35.21%, 0, 15, 3, 143.67, 384226, 10502
44156, 0, 1253, 11466, 11196, 3611, 35.21%, 0, 15, 3, 120.55, 384832, 10502
46444, 0, 1254, 11467, 11196, 3610, 35.21%, 0, 15, 3, 0.00, 385594, 10502
46449, 0, 1254, 11467, 11196, 3610, 35.21%, 0, 15, 3, 112.57, 386143, 10502
46454, 0, 1255, 11468, 11196, 3610, 35.21%, 0, 15, 3, 123.84, 386750, 10502
46459, 0, 1255, 11469, 11197, 3610, 35.21%, 0, 15, 3, 126.38, 387387, 10502
46464, 0, 1255, 11469, 11197, 3610, 35.21%, 0, 15, 3, 117.89, 387939, 10502
46470, 0, 1255, 11469, 11197, 3610, 35.21%, 0, 15, 3, 121.09, 388543, 10502
46654, 0, 1270, 11618, 11345, 3631, 35.33%, 0, 15, 3, 0.17, 390379, 10540
46660, 0, 1288, 11621, 11346, 3629, 35.33%, 0, 15, 3, 229.75, 391575, 10540
46665, 0, 1288, 11621, 11346, 3629, 35.33%, 0, 15, 3, 251.75, 392950, 10540
46670, 0, 1288, 11621, 11346, 3629, 35.33%, 0, 15, 3, 269.53, 394365, 10540
46675, 0, 1288, 11621, 11346, 3629, 35.33%, 0, 15, 3, 274.33, 395715, 10540
46680, 0, 1290, 11622, 11346, 3628, 35.33%, 0, 15, 3, 273.18, 397072, 10540
46865, 0, 1295, 11624, 11347, 3627, 35.33%, 0, 15, 3, 0.11, 397916, 10540
46870, 0, 1295, 11624, 11347, 3627, 35.33%, 0, 15, 3, 176.29, 398824, 10540
46875, 0, 1295, 11624, 11347, 3627, 35.33%, 0, 15, 3, 147.20, 399577, 10540
46880, 0, 1295, 11624, 11347, 3627, 35.33%, 0, 15, 3, 167.63, 400351, 10540
46885, 0, 1309, 11624, 11346, 3627, 35.33%, 0, 15, 3, 174.52, 401284, 10540
46890, 0, 1315, 11625, 11345, 3625, 35.33%, 0, 15, 3, 187.43, 402305, 10540
47075, 0, 1315, 11625, 11345, 3625, 35.33%, 0, 15, 3, 0.05, 402926, 10540
47080, 0, 1320, 11625, 11343, 3623, 35.33%, 0, 15, 3, 211.98, 403939, 10540
47085, 0, 1323, 11625, 11341, 3621, 35.33%, 0, 15, 3, 300.68, 405583, 10540
47090, 0, 1331, 11625, 11338, 3618, 35.33%, 0, 15, 3, 303.96, 407113, 10540
47095, 0, 1347, 11625, 11335, 3615, 35.33%, 0, 15, 3, 317.60, 408737, 10540
47101, 0, 1350, 11625, 11333, 3613, 35.33%, 0, 15, 3, 323.28, 410381, 10540
47285, 0, 1356, 11625, 11330, 3610, 35.33%, 0, 15, 3, 0.27, 411941, 10540
47290, 0, 1365, 11625, 11327, 3607, 35.33%, 0, 15, 3, 316.94, 413525, 10540
47296, 0, 1372, 11625, 11325, 3605, 35.33%, 0, 15, 3, 276.67, 414918, 10540
47301, 0, 1381, 11625, 11323, 3603, 35.33%, 0, 15, 3, 264.11, 416253, 10540
47306, 0, 1394, 11625, 11320, 3600, 35.33%, 0, 15, 3, 305.98, 417883, 10540
47311, 0, 1397, 11625, 11318, 3598, 35.33%, 0, 15, 3, 299.85, 419423, 10540
47496, 0, 1406, 11625, 11316, 3596, 35.33%, 0, 15, 3, 0.22, 420468, 10540
47501, 0, 1410, 11625, 11313, 3593, 35.33%, 0, 15, 3, 323.42, 422105, 10540
47506, 0, 1414, 11625, 11311, 3591, 35.33%, 0, 15, 3, 315.71, 423647, 10540
47511, 0, 1424, 11625, 11308, 3588, 35.33%, 0, 15, 3, 298.10, 425171, 10540
47516, 0, 1432, 11625, 11305, 3585, 35.33%, 0, 15, 3, 318.74, 426725, 10540
47521, 0, 1433, 11626, 11305, 3584, 35.33%, 0, 15, 3, 350.09, 428466, 10540
47706, 0, 1441, 11626, 11302, 3581, 35.33%, 0, 15, 3, 0.17, 430050, 10540
47711, 0, 1445, 11626, 11299, 3578, 35.33%, 0, 15, 3, 302.47, 431565, 10540
47716, 0, 1472, 11626, 11297, 3576, 35.33%, 0, 15, 3, 296.85, 433032, 10540
47721, 0, 1481, 11626, 11294, 3573, 35.33%, 0, 15, 3, 322.74, 434598, 10540
47726, 0, 1484, 11626, 11292, 3571, 35.33%, 0, 15, 3, 304.82, 436182, 10540
47731, 0, 1499, 11626, 11289, 3568, 35.33%, 0, 15, 3, 343.50, 437861, 10540
47916, 0, 1505, 11628, 11290, 3567, 35.33%, 0, 15, 3, 0.07, 439268, 10540
47921, 0, 1507, 11628, 11289, 3567, 35.33%, 0, 15, 3, 269.74, 440634, 10540
47927, 0, 1510, 11628, 11287, 3566, 35.33%, 0, 15, 3, 305.62, 442232, 10540
47932, 0, 1513, 11629, 11285, 3563, 35.33%, 0, 15, 3, 327.72, 443889, 10540
47937, 0, 1514, 11631, 11286, 3563, 35.33%, 0, 15, 3, 325.92, 445475, 10540
47942, 0, 1514, 11632, 11287, 3563, 35.33%, 0, 15, 3, 302.63, 447012, 10540
48127, 0, 1514, 11632, 11287, 3563, 35.33%, 0, 15, 3, 0.23, 448650, 10540
48132, 0, 1525, 11632, 11285, 3561, 35.33%, 0, 15, 3, 280.99, 450222, 10540
48137, 0, 1527, 11632, 11283, 3559, 35.33%, 0, 15, 3, 297.00, 451767, 10540
48142, 0, 1532, 11632, 11280, 3556, 35.33%, 0, 15, 3, 295.99, 453217, 10540
48147, 0, 1540, 11632, 11278, 3554, 35.33%, 0, 15, 3, 298.40, 454727, 10540
48152, 0, 1542, 11632, 11276, 3552, 35.33%, 0, 15, 3, 247.19, 455996, 10540
48337, 0, 1545, 11633, 11276, 3551, 35.33%, 0, 15, 3, 0.06, 457189, 10540
48342, 0, 1550, 11633, 11273, 3549, 35.33%, 0, 15, 3, 320.53, 458731, 10540
48347, 0, 1554, 11633, 11271, 3547, 35.33%, 0, 15, 3, 304.02, 460309, 10540
48352, 0, 1561, 11633, 11267, 3543, 35.33%, 0, 15, 3, 250.26, 461679, 10540
48357, 0, 1562, 11633, 11266, 3542, 35.33%, 0, 15, 3, 216.54, 462495, 10540
48362, 0, 1568, 11633, 11263, 3539, 35.33%, 0, 15, 3, 268.16, 463919, 10540
50651, 0, 1571, 11633, 11261, 3537, 35.33%, 0, 15, 3, 0.02, 465379, 10540
50656, 0, 1574, 11762, 11387, 3558, 35.48%, 0, 15, 3, 254.85, 467903, 10582
50661, 0, 1577, 11762, 11385, 3556, 35.48%, 0, 15, 3, 304.03, 469474, 10582
50666, 0, 1598, 11762, 11382, 3553, 35.48%, 0, 15, 3, 312.89, 471117, 10582
50671, 0, 1606, 11762, 11379, 3550, 35.48%, 0, 15, 3, 315.67, 472683, 10582
50676, 0, 1608, 11762, 11377, 3548, 35.48%, 0, 15, 3, 308.19, 474231, 10582
50861, 0, 1612, 11762, 11374, 3545, 35.48%, 0, 15, 3, 0.08, 475609, 10582
50866, 0, 1614, 11762, 11372, 3543, 35.48%, 0, 15, 3, 221.67, 476749, 10582
50871, 0, 1619, 11762, 11370, 3541, 35.48%, 0, 15, 3, 272.79, 478329, 10582
50876, 0, 1621, 11762, 11368, 3539, 35.48%, 0, 15, 3, 267.81, 479674, 10582
50881, 0, 1628, 11762, 11365, 3536, 35.48%, 0, 15, 3, 292.08, 481204, 10582
50886, 0, 1630, 11762, 11363, 3534, 35.48%, 0, 15, 3, 284.79, 482674, 10582
51071, 0, 1635, 11762, 11360, 3531, 35.48%, 0, 15, 3, 0.17, 484299, 10582
51076, 0, 1639, 11762, 11357, 3528, 35.48%, 0, 15, 3, 338.76, 485877, 10582
51082, 0, 1643, 11762, 11355, 3526, 35.48%, 0, 15, 3, 327.72, 487497, 10582
51087, 0, 1647, 11763, 11353, 3523, 35.48%, 0, 15, 3, 300.90, 489028, 10582
51092, 0, 1650, 11763, 11351, 3521, 35.48%, 0, 15, 3, 301.72, 490566, 10582
51097, 0, 1657, 11763, 11349, 3519, 35.48%, 0, 15, 3, 296.74, 492016, 10582
51282, 0, 1660, 11763, 11347, 3517, 35.48%, 0, 15, 3, 0.12, 493432, 10582
51287, 0, 1666, 11764, 11345, 3514, 35.48%, 0, 15, 3, 277.43, 494873, 10582
51292, 0, 1666, 11765, 11346, 3514, 35.48%, 0, 15, 3, 306.45, 496410, 10582
51297, 0, 1672, 11765, 11344, 3513, 35.48%, 0, 15, 3, 303.34, 497940, 10582
51302, 0, 1680, 11765, 11341, 3510, 35.48%, 0, 15, 3, 256.71, 499310, 10582
51307, 0, 1681, 11765, 11340, 3509, 35.48%, 0, 15, 3, 173.48, 500079, 10582
51492, 0, 1684, 11765, 11339, 3508, 35.48%, 0, 15, 3, 0.04, 500616, 10582
51497, 0, 1684, 11766, 11340, 3508, 35.48%, 0, 15, 3, 118.41, 501241, 10582
51502, 0, 1704, 11767, 11340, 3508, 35.48%, 0, 15, 3, 209.65, 502302, 10582
51507, 0, 1725, 11767, 11338, 3506, 35.48%, 0, 15, 3, 262.94, 503669, 10582
51512, 0, 1741, 11767, 11335, 3503, 35.48%, 0, 15, 3, 284.62, 505124, 10582
51517, 0, 1748, 11767, 11333, 3501, 35.48%, 0, 15, 3, 297.18, 506669, 10582
51702, 0, 1755, 11767, 11330, 3498, 35.48%, 0, 15, 3, 0.07, 508286, 10582
51707, 0, 1766, 11767, 11327, 3495, 35.48%, 0, 15, 3, 344.41, 509906, 10582
51712, 0, 1774, 11767, 11325, 3493, 35.48%, 0, 15, 3, 298.85, 511370, 10582
51717, 0, 1781, 11767, 11322, 3490, 35.48%, 0, 15, 3, 283.83, 512869, 10582
51723, 0, 1791, 11767, 11320, 3488, 35.48%, 0, 15, 3, 284.27, 514299, 10582
51728, 0, 1816, 11767, 11318, 3486, 35.48%, 0, 15, 3, 284.43, 515689, 10582
51912, 0, 1823, 11767, 11315, 3483, 35.48%, 0, 15, 3, 0.28, 517079, 10582
51918, 0, 1830, 11768, 11315, 3483, 35.48%, 0, 15, 3, 330.62, 518667, 10582
51923, 0, 1835, 11768, 11312, 3480, 35.48%, 0, 15, 3, 311.51, 520197, 10582
51928, 0, 1838, 11768, 11310, 3478, 35.48%, 0, 15, 3, 297.62, 521681, 10582
51933, 0, 1841, 11768, 11307, 3475, 35.48%, 0, 15, 3, 267.82, 523001, 10582
51938, 0, 1847, 11768, 11305, 3473, 35.48%, 0, 15, 3, 303.79, 524547, 10582
52123, 0, 1864, 11768, 11302, 3470, 35.48%, 0, 15, 3, 0.21, 525987, 10582
52128, 0, 1866, 11769, 11302, 3470, 35.48%, 0, 15, 3, 281.29, 527483, 10582
52133, 0, 1877, 11769, 11299, 3467, 35.48%, 0, 15, 3, 317.62, 529168, 10582
52138, 0, 1881, 11769, 11297, 3465, 35.48%, 0, 15, 3, 289.10, 530638, 10582
52143, 0, 1884, 11769, 11294, 3463, 35.48%, 0, 15, 3, 279.63, 532063, 10582
52148, 0, 1892, 11769, 11292, 3461, 35.48%, 0, 15, 3, 268.19, 533418, 10582
52333, 0, 1904, 11769, 11290, 3459, 35.48%, 0, 15, 3, 0.03, 534832, 10582
52338, 0, 1910, 11769, 11287, 3456, 35.48%, 0, 15, 3, 309.73, 536284, 10582
52343, 0, 1912, 11769, 11285, 3454, 35.48%, 0, 15, 3, 305.58, 537838, 10582
52348, 0, 1918, 11769, 11282, 3451, 35.48%, 0, 15, 3, 279.66, 539213, 10582
52354, 0, 1925, 11769, 11281, 3450, 35.48%, 0, 15, 3, 187.99, 540130, 10582
52359, 0, 1940, 11769, 11280, 3449, 35.48%, 0, 15, 3, 141.82, 540794, 10582
52543, 0, 1952, 11769, 11277, 3446, 35.48%, 0, 15, 3, 0.19, 542258, 10582
52548, 0, 1960, 11769, 11274, 3443, 35.48%, 0, 15, 3, 318.02, 543940, 10582
52554, 0, 1965, 11769, 11272, 3441, 35.48%, 0, 15, 3, 315.74, 545494, 10582
52559, 0, 1978, 11769, 11269, 3438, 35.48%, 0, 15, 3, 312.33, 547096, 10582
52564, 0, 1981, 11769, 11266, 3435, 35.48%, 0, 15, 3, 324.41, 548764, 10582
52569, 0, 1985, 11769, 11264, 3433, 35.48%, 0, 15, 3, 262.96, 550033, 10582
54857, 0, 1988, 11769, 11262, 3431, 35.48%, 0, 15, 3, 0.00, 551318, 10582
54862, 0, 1993, 11911, 11402, 3452, 35.64%, 0, 15, 3, 501.13, 553768, 10631
54867, 0, 1997, 11911, 11399, 3449, 35.64%, 0, 15, 3, 342.44, 555262, 10631
54872, 0, 2002, 11912, 11399, 3448, 35.64%, 0, 15, 3, 262.39, 556530, 10631
54877, 0, 2011, 11912, 11397, 3447, 35.64%, 0, 15, 3, 256.50, 557755, 10631
54882, 0, 2012, 11913, 11397, 3447, 35.64%, 0, 15, 3, 283.23, 559182, 10631
55067, 0, 2014, 11913, 11395, 3445, 35.64%, 0, 15, 3, 0.33, 560517, 10631
55072, 0, 2018, 11914, 11393, 3442, 35.64%, 0, 15, 3, 326.95, 562207, 10631
55077, 0, 2020, 11914, 11391, 3441, 35.64%, 0, 15, 3, 303.92, 563743, 10631
55083, 0, 2022, 11914, 11389, 3439, 35.64%, 0, 15, 3, 288.16, 565229, 10631
55088, 0, 2027, 11914, 11386, 3436, 35.64%, 0, 15, 3, 273.16, 566594, 10631
55093, 0, 2031, 11914, 11383, 3433, 35.64%, 0, 15, 3, 268.53, 567949, 10631
55277, 0, 2034, 11914, 11381, 3431, 35.64%, 0, 15, 3, 0.19, 569204, 10631
55283, 0, 2043, 11914, 11379, 3429, 35.64%, 0, 15, 3, 327.50, 570877, 10631
55288, 0, 2049, 11914, 11376, 3426, 35.64%, 0, 15, 3, 340.19, 572503, 10631
55293, 0, 2064, 11914, 11373, 3423, 35.64%, 0, 15, 3, 301.02, 574027, 10631
55298, 0, 2071, 11914, 11370, 3420, 35.64%, 0, 15, 3, 343.28, 575755, 10631
55303, 0, 2073, 11914, 11368, 3418, 35.64%, 0, 15, 3, 307.86, 577224, 10631
58912, 0, 2075, 11915, 11367, 3416, 35.64%, 0, 15, 3, 0.01, 578656, 10632
59063, 0, 2075, 11915, 11367, 3416, 35.64%, 0, 15, 3, 0.21, 578687, 10632
59068, 0, 2081, 12640, 12090, 3555, 36.50%, 0, 15, 3, 327.05, 585421, 10889
59073, 0, 2097, 12640, 12087, 3552, 36.50%, 0, 15, 3, 332.86, 587161, 10889
59078, 0, 2107, 12640, 12086, 3551, 36.50%, 0, 15, 3, 192.36, 588013, 10889
59083, 0, 2131, 12640, 12083, 3548, 36.50%, 0, 15, 3, 291.53, 589431, 10889
59088, 0, 2146, 12640, 12082, 3547, 36.50%, 0, 15, 3, 198.31, 590461, 10889
59273, 0, 2153, 12640, 12080, 3545, 36.50%, 0, 15, 3, 0.13, 591593, 10889
59278, 0, 2179, 12640, 12078, 3543, 36.50%, 0, 15, 3, 239.35, 592769, 10889
59283, 0, 2187, 12640, 12076, 3541, 36.50%, 0, 15, 3, 220.34, 593769, 10889
59288, 0, 2189, 12640, 12074, 3539, 36.50%, 0, 15, 3, 295.91, 595361, 10889
59294, 0, 2192, 12640, 12071, 3536, 36.50%, 0, 15, 3, 292.23, 596851, 10889
59299, 0, 2208, 12640, 12068, 3533, 36.50%, 0, 15, 3, 322.55, 598423, 10889
59483, 0, 2219, 12640, 12066, 3531, 36.50%, 0, 15, 3, 0.10, 599851, 10889
59489, 0, 2220, 12640, 12065, 3530, 36.50%, 0, 15, 3, 168.61, 600619, 10889
59494, 0, 2229, 12641, 12065, 3529, 36.50%, 0, 15, 3, 175.49, 601373, 10889
59499, 0, 2233, 12642, 12065, 3528, 36.50%, 0, 15, 3, 279.47, 602905, 10889
59504, 0, 2235, 12643, 12065, 3527, 36.50%, 0, 15, 3, 322.58, 604600, 10889
59509, 0, 2240, 12644, 12064, 3527, 36.50%, 0, 15, 3, 304.59, 606239, 10889
59694, 0, 2244, 12644, 12062, 3525, 36.50%, 0, 15, 3, 0.08, 607509, 10889
59699, 0, 2252, 12644, 12061, 3524, 36.50%, 0, 15, 3, 220.95, 608485, 10889
59704, 0, 2278, 12644, 12059, 3522, 36.50%, 0, 15, 3, 160.71, 609224, 10889
59709, 0, 2280, 12644, 12058, 3521, 36.50%, 0, 15, 3, 115.57, 609815, 10889
59714, 0, 2281, 12644, 12057, 3520, 36.50%, 0, 15, 3, 114.19, 610327, 10889
59719, 0, 2281, 12645, 12058, 3520, 36.50%, 0, 15, 3, 84.92, 610703, 10889
59904, 0, 2281, 12645, 12058, 3520, 36.50%, 0, 15, 3, 0.12, 611121, 10889
59909, 0, 2281, 12646, 12059, 3520, 36.50%, 0, 15, 3, 103.15, 611599, 10889
59914, 0, 2281, 12646, 12059, 3520, 36.50%, 0, 15, 3, 96.95, 612098, 10889
59919, 0, 2281, 12646, 12059, 3520, 36.50%, 0, 15, 3, 89.63, 612541, 10889
59925, 0, 2286, 12646, 12058, 3520, 36.50%, 0, 15, 3, 88.35, 612971, 10889
59930, 0, 2289, 12646, 12057, 3519, 36.50%, 0, 15, 3, 87.91, 613435, 10889
60114, 0, 2289, 12646, 12057, 3519, 36.50%, 0, 15, 3, 0.07, 613806, 10889
60119, 0, 2302, 12646, 12056, 3519, 36.50%, 0, 15, 3, 86.20, 614247, 10889
60125, 0, 2308, 12647, 12055, 3517, 36.50%, 0, 15, 3, 406.51, 615264, 10889
60130, 0, 2309, 12647, 12054, 3517, 36.50%, 0, 15, 3, 292.62, 616605, 10889
60135, 0, 2324, 12647, 12052, 3516, 36.50%, 0, 15, 3, 271.77, 617975, 10889
60140, 0, 2325, 12649, 12053, 3515, 36.50%, 0, 15, 3, 296.34, 619489, 10889
60325, 0, 2327, 12649, 12052, 3515, 36.50%, 0, 15, 3, 0.06, 620819, 10889
60330, 0, 2334, 12649, 12050, 3514, 36.50%, 0, 15, 3, 264.54, 622279, 10889
60335, 0, 2343, 12649, 12047, 3511, 36.50%, 0, 15, 3, 308.24, 623836, 10889
60340, 0, 2360, 12650, 12046, 3509, 36.50%, 0, 15, 3, 289.04, 625341, 10889
60345, 0, 2363, 12650, 12045, 3508, 36.50%, 0, 15, 3, 205.82, 626381, 10889
60350, 0, 2383, 12650, 12044, 3507, 36.50%, 0, 15, 3, 178.09, 627089, 10889
60535, 0, 2384, 12651, 12044, 3506, 36.50%, 0, 15, 3, 0.42, 628320, 10889
60540, 0, 2395, 12651, 12041, 3503, 36.50%, 0, 15, 3, 303.65, 629898, 10889
60545, 0, 2398, 12651, 12039, 3501, 36.50%, 0, 15, 3, 310.50, 631476, 10889
60550, 0, 2401, 12651, 12036, 3498, 36.50%, 0, 15, 3, 299.85, 632918, 10889
60555, 0, 2403, 12651, 12034, 3496, 36.50%, 0, 15, 3, 282.29, 634303, 10889
60560, 0, 2405, 12651, 12032, 3494, 36.50%, 0, 15, 3, 288.03, 635798, 10889
60745, 0, 2407, 12651, 12030, 3492, 36.50%, 0, 15, 3, 0.22, 636988, 10889
60751, 0, 2412, 12651, 12027, 3489, 36.50%, 0, 15, 3, 276.28, 638468, 10889
60756, 0, 2418, 12651, 12024, 3486, 36.50%, 0, 15, 3, 284.45, 639913, 10889
60761, 0, 2421, 12651, 12022, 3484, 36.50%, 0, 15, 3, 304.68, 641428, 10889
60766, 0, 2428, 12651, 12019, 3481, 36.50%, 0, 15, 3, 305.57, 642894, 10889
60771, 0, 2441, 12651, 12016, 3478, 36.50%, 0, 15, 3, 294.98, 644433, 10889
60956, 0, 2443, 12651, 12014, 3476, 36.50%, 0, 15, 3, 0.17, 645683, 10889
60961, 0, 2459, 12651, 12011, 3473, 36.50%, 0, 15, 3, 323.55, 647400, 10889
60966, 0, 2462, 12651, 12009, 3471, 36.50%, 0, 15, 3, 318.38, 649056, 10889
60971, 0, 2491, 12651, 12006, 3469, 36.50%, 0, 15, 3, 311.76, 650634, 10889
60976, 0, 2510, 12651, 12004, 3467, 36.50%, 0, 15, 3, 310.43, 652152, 10889
60981, 0, 2524, 12651, 12001, 3464, 36.50%, 0, 15, 3, 276.83, 653538, 10889
63269, 0, 2529, 12651, 11999, 3462, 36.50%, 0, 15, 3, 0.02, 654853, 10889
63274, 0, 2534, 12734, 12079, 3482, 36.57%, 0, 15, 3, 329.97, 657166, 10909
63279, 0, 2542, 12734, 12077, 3480, 36.57%, 0, 15, 3, 331.09, 658798, 10909
63284, 0, 2551, 12734, 12074, 3477, 36.57%, 0, 15, 3, 334.08, 660544, 10909
63290, 0, 2557, 12734, 12071, 3474, 36.57%, 0, 15, 3, 288.53, 661960, 10909
63295, 0, 2564, 12734, 12069, 3472, 36.57%, 0, 15, 3, 285.64, 663430, 10909
63479, 0, 2569, 12734, 12067, 3470, 36.57%, 0, 15, 3, 0.30, 664888, 10909
63485, 0, 2581, 12734, 12064, 3467, 36.57%, 0, 15, 3, 325.76, 666634, 10909
63490, 0, 2587, 12734, 12061, 3466, 36.57%, 0, 15, 3, 348.06, 668411, 10909
63495, 0, 2599, 12735, 12059, 3463, 36.57%, 0, 15, 3, 335.14, 670079, 10909
63500, 0, 2599, 12736, 12060, 3463, 36.57%, 0, 15, 3, 326.24, 671706, 10909
63505, 0, 2603, 12737, 12059, 3462, 36.57%, 0, 15, 3, 312.87, 673309, 10909
63690, 0, 2603, 12738, 12060, 3462, 36.57%, 0, 15, 3, 0.43, 674756, 10909
63695, 0, 2614, 12738, 12057, 3459, 36.57%, 0, 15, 3, 309.18, 676364, 10909
63700, 0, 2614, 12740, 12059, 3459, 36.57%, 0, 15, 3, 309.21, 677956, 10909
63705, 0, 2619, 12741, 12059, 3459, 36.57%, 0, 15, 3, 326.72, 679691, 10909
63710, 0, 2636, 12741, 12056, 3457, 36.57%, 0, 15, 3, 323.42, 681389, 10909
63715, 0, 2641, 12741, 12053, 3454, 36.57%, 0, 15, 3, 319.18, 683069, 10909
63900, 0, 2645, 12741, 12051, 3452, 36.57%, 0, 15, 3, 0.17, 684575, 10909
63905, 0, 2652, 12741, 12048, 3449, 36.57%, 0, 15, 3, 325.23, 686261, 10909
63910, 0, 2661, 12741, 12045, 3446, 36.57%, 0, 15, 3, 334.35, 687911, 10909
63915, 0, 2665, 12741, 12043, 3444, 36.57%, 0, 15, 3, 303.90, 689417, 10909
63921, 0, 2670, 12741, 12040, 3441, 36.57%, 0, 15, 3, 279.40, 690759, 10909
63926, 0, 2673, 12742, 12039, 3439, 36.57%, 0, 15, 3, 326.35, 692460, 10909
64110, 0, 2683, 12742, 12037, 3438, 36.57%, 0, 15, 3, 0.10, 693984, 10909
64115, 0, 2689, 12742, 12035, 3436, 36.57%, 0, 15, 3, 272.07, 695461, 10909
64120, 0, 2693, 12742, 12032, 3433, 36.57%, 0, 15, 3, 290.13, 696996, 10909
64126, 0, 2696, 12742, 12029, 3430, 36.57%, 0, 15, 3, 319.34, 698592, 10909
64131, 0, 2707, 12742, 12027, 3428, 36.57%, 0, 15, 3, 311.34, 700116, 10909
64136, 0, 2750, 12742, 12024, 3425, 36.57%, 0, 15, 3, 305.25, 701688, 10909
64321, 0, 2751, 12743, 12024, 3424, 36.57%, 0, 15, 3, 0.53, 703237, 10909
64326, 0, 2773, 12743, 12021, 3421, 36.57%, 0, 15, 3, 303.66, 704773, 10909
64331, 0, 2777, 12743, 12018, 3418, 36.57%, 0, 15, 3, 326.64, 706459, 10909
64336, 0, 2781, 12743, 12015, 3415, 36.57%, 0, 15, 3, 331.13, 708175, 10909
64341, 0, 2786, 12743, 12013, 3413, 36.57%, 0, 15, 3, 319.17, 709831, 10909
64346, 0, 2792, 12743, 12010, 3411, 36.57%, 0, 15, 3, 301.76, 711361, 10909
64531, 0, 2796, 12743, 12008, 3410, 36.57%, 0, 15, 3, 0.10, 712651, 10909
64536, 0, 2804, 12743, 12005, 3407, 36.57%, 0, 15, 3, 344.07, 714343, 10909
64541, 0, 2807, 12743, 12003, 3405, 36.57%, 0, 15, 3, 312.38, 715903, 10909
64546, 0, 2816, 12743, 12000, 3402, 36.57%, 0, 15, 3, 333.78, 717529, 10909
64551, 0, 2833, 12743, 11997, 3399, 36.57%, 0, 15, 3, 295.95, 719058, 10909
64556, 0, 2835, 12743, 11995, 3397, 36.57%, 0, 15, 3, 298.34, 720618, 10909
64741, 0, 2839, 12743, 11992, 3394, 36.57%, 0, 15, 3, 0.30, 722197, 10909
64746, 0, 2844, 12743, 11989, 3391, 36.57%, 0, 15, 3, 375.71, 724134, 10909
64751, 0, 2876, 12743, 11986, 3388, 36.57%, 0, 15, 3, 341.19, 725815, 10909
64756, 0, 2883, 12743, 11984, 3386, 36.57%, 0, 15, 3, 298.89, 727225, 10909
64762, 0, 2892, 12743, 11981, 3384, 36.57%, 0, 15, 3, 341.30, 729115, 10909
64767, 0, 2898, 12744, 11979, 3381, 36.57%, 0, 15, 3, 334.28, 730814, 10909
64952, 0, 2901, 12744, 11977, 3379, 36.57%, 0, 15, 3, 0.20, 732338, 10909
64957, 0, 2916, 12745, 11977, 3378, 36.57%, 0, 15, 3, 341.70, 733971, 10909
64962, 0, 2920, 12746, 11976, 3377, 36.58%, 0, 15, 3, 269.07, 735269, 10910
64967, 0, 2932, 12746, 11974, 3375, 36.58%, 0, 15, 3, 235.96, 736524, 10910
64972, 0, 2932, 12747, 11975, 3375, 36.58%, 0, 15, 3, 161.90, 737264, 10910
64978, 0, 2948, 12747, 11973, 3374, 36.58%, 0, 15, 3, 239.84, 738435, 10910
65162, 0, 2962, 12748, 11972, 3372, 36.58%, 0, 15, 3, 0.22, 739768, 10910
65167, 0, 2962, 12749, 11973, 3372, 36.58%, 0, 15, 3, 269.91, 741145, 10910
65172, 0, 2966, 12749, 11971, 3370, 36.58%, 0, 15, 3, 332.01, 742867, 10910
65177, 0, 2973, 12749, 11968, 3367, 36.58%, 0, 15, 3, 306.34, 744325, 10910
65182, 0, 2984, 12750, 11967, 3365, 36.58%, 0, 15, 3, 350.32, 746120, 10910
65187, 0, 2991, 12750, 11964, 3362, 36.58%, 0, 15, 3, 359.67, 747896, 10910
66954, 0, 2997, 12750, 11962, 3360, 36.58%, 0, 15, 3, 0.01, 749228, 10910
66959, 0, 2999, 13081, 12291, 3358, 37.20%, 0, 15, 3, 879.58, 752964, 11097
66964, 0, 3006, 13254, 12462, 3464, 37.30%, 0, 15, 3, 281.18, 755661, 11126
66969, 0, 3014, 13254, 12460, 3462, 37.30%, 0, 15, 3, 277.67, 757081, 11126
66974, 0, 3022, 13254, 12458, 3460, 37.30%, 0, 15, 3, 288.21, 758486, 11126
66979, 0, 3043, 13254, 12455, 3457, 37.30%, 0, 15, 3, 306.06, 760081, 11126
66984, 0, 3057, 13254, 12452, 3455, 37.30%, 0, 15, 3, 308.08, 761689, 11126
66989, 0, 3058, 13255, 12452, 3454, 37.30%, 0, 15, 3, 262.79, 762903, 11126
66994, 0, 3066, 13255, 12450, 3452, 37.30%, 0, 15, 3, 276.35, 764398, 11126
66999, 0, 3091, 13255, 12447, 3450, 37.30%, 0, 15, 3, 299.78, 765943, 11126
67004, 0, 3096, 13255, 12445, 3448, 37.30%, 0, 15, 3, 279.80, 767403, 11126
67010, 0, 3101, 13255, 12442, 3446, 37.30%, 0, 15, 3, 303.44, 768974, 11126
67015, 0, 3103, 13255, 12440, 3444, 37.30%, 0, 15, 3, 291.42, 770443, 11126
67020, 0, 3113, 13255, 12438, 3442, 37.30%, 0, 15, 3, 281.49, 771788, 11126
67025, 0, 3141, 13255, 12435, 3439, 37.30%, 0, 15, 3, 302.56, 773348, 11126
67030, 0, 3151, 13255, 12432, 3436, 37.30%, 0, 15, 3, 285.95, 774848, 11126
67035, 0, 3155, 13255, 12430, 3434, 37.30%, 0, 15, 3, 283.48, 776253, 11126
67040, 0, 3157, 13255, 12428, 3432, 37.30%, 0, 15, 3, 265.93, 777578, 11126
67045, 0, 3159, 13255, 12426, 3430, 37.30%, 0, 15, 3, 270.34, 778933, 11126
67050, 0, 3165, 13255, 12423, 3427, 37.30%, 0, 15, 3, 323.41, 780578, 11126
67055, 0, 3167, 13256, 12422, 3425, 37.30%, 0, 15, 3, 291.51, 782085, 11126
67060, 0, 3171, 13256, 12420, 3423, 37.30%, 0, 15, 3, 301.29, 783621, 11126
67065, 0, 3188, 13256, 12417, 3420, 37.30%, 0, 15, 3, 296.00, 785050, 11126
67071, 0, 3194, 13256, 12415, 3418, 37.30%, 0, 15, 3, 269.95, 786425, 11126
67076, 0, 3196, 13256, 12413, 3416, 37.30%, 0, 15, 3, 286.60, 787885, 11126
67081, 0, 3199, 13256, 12410, 3413, 37.30%, 0, 15, 3, 278.03, 789270, 11126
67086, 0, 3201, 13257, 12410, 3412, 37.30%, 0, 15, 3, 247.51, 790500, 11126
67091, 0, 3201, 13258, 12411, 3412, 37.30%, 0, 15, 3, 262.11, 791899, 11126
67096, 0, 3204, 13258, 12409, 3410, 37.30%, 0, 15, 3, 240.14, 793063, 11126
67101, 0, 3206, 13258, 12407, 3408, 37.30%, 0, 15, 3, 240.27, 794267, 11126
67106, 0, 3208, 13258, 12405, 3406, 37.30%, 0, 15, 3, 243.37, 795471, 11126
67111, 0, 3210, 13258, 12403, 3404, 37.30%, 0, 15, 3, 262.78, 796829, 11126
67116, 0, 3215, 13258, 12400, 3401, 37.30%, 0, 15, 3, 291.60, 798409, 11126
67121, 0, 3218, 13258, 12398, 3399, 37.30%, 0, 15, 3, 266.84, 799729, 11126
67127, 0, 3221, 13258, 12396, 3397, 37.30%, 0, 15, 3, 296.52, 801238, 11126
67132, 0, 3226, 13258, 12393, 3394, 37.30%, 0, 15, 3, 275.16, 802639, 11126
67137, 0, 3228, 13258, 12391, 3392, 37.30%, 0, 15, 3, 290.20, 804094, 11126
67142, 0, 3242, 13258, 12389, 3390, 37.30%, 0, 15, 3, 213.89, 805245, 11126
67147, 0, 3253, 13259, 12389, 3389, 37.30%, 0, 15, 3, 142.88, 805886, 11126
67152, 0, 3253, 13260, 12390, 3389, 37.30%, 0, 15, 3, 156.71, 806725, 11126
67157, 0, 3253, 13260, 12390, 3389, 37.30%, 0, 15, 3, 130.43, 807403, 11126
67162, 0, 3272, 13260, 12389, 3389, 37.30%, 0, 15, 3, 136.33, 808125, 11126
67168, 0, 3283, 13260, 12387, 3387, 37.30%, 0, 15, 3, 240.38, 809391, 11126
67173, 0, 3290, 13260, 12384, 3384, 37.30%, 0, 15, 3, 289.79, 810903, 11126
67178, 0, 3315, 13260, 12382, 3382, 37.30%, 0, 15, 3, 281.21, 812418, 11126
67183, 0, 3332, 13260, 12379, 3379, 37.30%, 0, 15, 3, 336.73, 814189, 11126
67188, 0, 3341, 13260, 12376, 3376, 37.30%, 0, 15, 3, 281.27, 815568, 11126
67193, 0, 3345, 13260, 12374, 3374, 37.30%, 0, 15, 3, 265.36, 816928, 11126
67198, 0, 3352, 13260, 12372, 3372, 37.30%, 0, 15, 3, 276.81, 818443, 11126
67476, 0, 3355, 13260, 12370, 3370, 37.30%, 0, 15, 3, 0.05, 819263, 11126
67481, 0, 3358, 13260, 12368, 3368, 37.30%, 0, 15, 3, 286.52, 820818, 11126
67486, 0, 3361, 13260, 12365, 3365, 37.30%, 0, 15, 3, 315.68, 822529, 11126
67491, 0, 3363, 13260, 12363, 3363, 37.30%, 0, 15, 3, 266.83, 823863, 11126
67496, 0, 3366, 13260, 12361, 3361, 37.30%, 0, 15, 3, 199.00, 824883, 11126
67501, 0, 3369, 13260, 12359, 3359, 37.30%, 0, 15, 3, 269.67, 826178, 11126
67686, 0, 3379, 13260, 12356, 3356, 37.30%, 0, 15, 3, 0.17, 827513, 11126
67691, 0, 3382, 13261, 12355, 3354, 37.30%, 0, 15, 3, 321.29, 829292, 11126
67696, 0, 3390, 13261, 12353, 3352, 37.30%, 0, 15, 3, 322.81, 830936, 11126
67701, 0, 3398, 13261, 12350, 3350, 37.30%, 0, 15, 3, 308.18, 832442, 11126
67706, 0, 3410, 13261, 12348, 3348, 37.30%, 0, 15, 3, 330.54, 834092, 11126
67711, 0, 3419, 13261, 12345, 3345, 37.30%, 0, 15, 3, 298.61, 835580, 11126
67896, 0, 3423, 13261, 12343, 3343, 37.30%, 0, 15, 3, 0.30, 836920, 11126
67901, 0, 3431, 13262, 12340, 3340, 37.30%, 0, 15, 3, 337.46, 838480, 11127
67906, 0, 3433, 13262, 12338, 3338, 37.30%, 0, 15, 3, 332.89, 840202, 11127
67912, 0, 3437, 13263, 12336, 3335, 37.30%, 0, 15, 3, 308.17, 841700, 11127
67917, 0, 3445, 13263, 12334, 3333, 37.30%, 0, 15, 3, 308.81, 843395, 11127
67922, 0, 3447, 13263, 12332, 3331, 37.30%, 0, 15, 3, 322.42, 844877, 11127
68106, 0, 3454, 13264, 12331, 3330, 37.30%, 0, 15, 3, 0.27, 846312, 11127
68112, 0, 3460, 13264, 12329, 3328, 37.30%, 0, 15, 3, 308.39, 847950, 11127
68117, 0, 3477, 13264, 12327, 3327, 37.30%, 0, 15, 3, 254.57, 849217, 11127
68122, 0, 3488, 13264, 12324, 3324, 37.30%, 0, 15, 3, 282.09, 850632, 11127
68127, 0, 3499, 13264, 12321, 3321, 37.30%, 0, 15, 3, 298.01, 852210, 11127
68132, 0, 3514, 13264, 12319, 3319, 37.30%, 0, 15, 3, 223.65, 853252, 11127
68317, 0, 3522, 13264, 12317, 3317, 37.30%, 0, 15, 3, 0.36, 854647, 11127
68322, 0, 3531, 13266, 12318, 3316, 37.30%, 0, 15, 3, 324.67, 856190, 11127
68327, 0, 3553, 13266, 12317, 3315, 37.30%, 0, 15, 3, 258.17, 857531, 11127
68332, 0, 3558, 13266, 12316, 3314, 37.30%, 0, 15, 3, 177.60, 858266, 11127
68337, 0, 3562, 13266, 12315, 3313, 37.30%, 0, 15, 3, 127.39, 858880, 11127
68342, 0, 3564, 13266, 12314, 3312, 37.30%, 0, 15, 3, 135.65, 859636, 11127
68527, 0, 3575, 13266, 12311, 3309, 37.30%, 0, 15, 3, 0.28, 861076, 11127
68532, 0, 3590, 13267, 12311, 3308, 37.30%, 0, 15, 3, 118.47, 861999, 11127
68537, 0, 3597, 13267, 12310, 3308, 37.30%, 0, 15, 3, 137.19, 862727, 11127
68542, 0, 3602, 13267, 12309, 3307, 37.30%, 0, 15, 3, 123.99, 863385, 11127
68547, 0, 3605, 13268, 12309, 3306, 37.30%, 0, 15, 3, 197.38, 864328, 11127
68552, 0, 3605, 13269, 12310, 3306, 37.30%, 0, 15, 3, 299.20, 865972, 11127
68737, 0, 3615, 13269, 12308, 3305, 37.30%, 0, 15, 3, 0.10, 867455, 11127
68743, 0, 3648, 13269, 12305, 3302, 37.30%, 0, 15, 3, 329.67, 869087, 11127
68748, 0, 3655, 13269, 12302, 3299, 37.30%, 0, 15, 3, 322.24, 870665, 11127
68753, 0, 3666, 13270, 12301, 3297, 37.30%, 0, 15, 3, 313.63, 872202, 11127
68758, 0, 3668, 13270, 12300, 3296, 37.30%, 0, 15, 3, 225.44, 873422, 11127
68763, 0, 3671, 13270, 12297, 3293, 37.30%, 0, 15, 3, 314.32, 875148, 11127
68948, 0, 3674, 13271, 12296, 3291, 37.30%, 0, 15, 3, 0.10, 876607, 11127
68953, 0, 3678, 13271, 12293, 3288, 37.30%, 0, 15, 3, 362.50, 878407, 11127
68958, 0, 3680, 13271, 12291, 3286, 37.30%, 0, 15, 3, 327.56, 880080, 11127
68963, 0, 3685, 13271, 12288, 3283, 37.30%, 0, 15, 3, 331.90, 881779, 11127
68968, 0, 3693, 13271, 12285, 3281, 37.30%, 0, 15, 3, 314.15, 883381, 11127
68973, 0, 3740, 13271, 12282, 3278, 37.30%, 0, 15, 3, 309.22, 884875, 11127
69158, 0, 3746, 13271, 12280, 3276, 37.30%, 0, 15, 3, 0.33, 886226, 11127
69163, 0, 3758, 13271, 12277, 3273, 37.30%, 0, 15, 3, 371.39, 888193, 11127
69169, 0, 3769, 13271, 12274, 3270, 37.30%, 0, 15, 3, 305.53, 889711, 11127
69174, 0, 3820, 13271, 12271, 3267, 37.30%, 0, 15, 3, 325.81, 891379, 11127
69179, 0, 3823, 13271, 12269, 3266, 37.30%, 0, 15, 3, 309.73, 892921, 11127
69184, 0, 3826, 13272, 12268, 3264, 37.30%, 0, 15, 3, 310.33, 894602, 11127
69368, 0, 3830, 13273, 12267, 3262, 37.30%, 0, 15, 3, 0.07, 895953, 11127
69374, 0, 3835, 13273, 12265, 3260, 37.30%, 0, 15, 3, 291.54, 897530, 11127
69379, 0, 3846, 13273, 12262, 3257, 37.30%, 0, 15, 3, 322.19, 899193, 11127
69384, 0, 3860, 13273, 12260, 3255, 37.30%, 0, 15, 3, 321.05, 900759, 11127
69389, 0, 3861, 13273, 12259, 3254, 37.30%, 0, 15, 3, 159.54, 901389, 11127
69394, 0, 3870, 13274, 12259, 3253, 37.30%, 0, 15, 3, 242.65, 902560, 11127
71682, 0, 3879, 13274, 12257, 3252, 37.30%, 0, 15, 3, 0.02, 903817, 11127
71687, 0, 3887, 13340, 12320, 3255, 37.33%, 0, 15, 3, 328.27, 905795, 11135
71692, 0, 3891, 13340, 12319, 3254, 37.33%, 0, 15, 3, 324.27, 907397, 11135
71697, 0, 3906, 13340, 12316, 3251, 37.33%, 0, 15, 3, 323.29, 909143, 11135
71702, 0, 3911, 13340, 12313, 3249, 37.33%, 0, 15, 3, 291.91, 910620, 11135
71707, 0, 3916, 13340, 12311, 3247, 37.33%, 0, 15, 3, 334.11, 912233, 11135
71892, 0, 3920, 13340, 12308, 3244, 37.33%, 0, 15, 3, 0.53, 913769, 11135
71897, 0, 3927, 13340, 12305, 3241, 37.33%, 0, 15, 3, 352.92, 915522, 11135
71902, 0, 3946, 13340, 12302, 3238, 37.33%, 0, 15, 3, 344.32, 917207, 11135
71907, 0, 3953, 13340, 12300, 3236, 37.33%, 0, 15, 3, 291.16, 918677, 11135
71913, 0, 3962, 13340, 12297, 3233, 37.33%, 0, 15, 3, 315.32, 920231, 11135
71918, 0, 3964, 13340, 12295, 3231, 37.33%, 0, 15, 3, 277.07, 921595, 11135
72102, 0, 3967, 13340, 12293, 3229, 37.33%, 0, 15, 3, 0.04, 922915, 11135
72107, 0, 3971, 13340, 12290, 3226, 37.33%, 0, 15, 3, 308.03, 924443, 11135
72113, 0, 3973, 13340, 12288, 3224, 37.33%, 0, 15, 3, 307.82, 926081, 11135
72118, 0, 3977, 13341, 12287, 3222, 37.33%, 0, 15, 3, 294.46, 927582, 11135
72123, 0, 3981, 13341, 12285, 3220, 37.33%, 0, 15, 3, 267.08, 928882, 11135
72128, 0, 3984, 13341, 12283, 3218, 37.33%, 0, 15, 3, 272.77, 930222, 11135
72313, 0, 3990, 13341, 12281, 3216, 37.33%, 0, 15, 3, 0.08, 931402, 11135
72318, 0, 4001, 13341, 12278, 3213, 37.33%, 0, 15, 3, 344.34, 933210, 11135
72323, 0, 4010, 13341, 12275, 3210, 37.33%, 0, 15, 3, 369.77, 934974, 11135
72328, 0, 4017, 13341, 12272, 3207, 37.33%, 0, 15, 3, 296.18, 936367, 11135
72333, 0, 4019, 13342, 12271, 3205, 37.33%, 0, 15, 3, 276.01, 937819, 11135
72338, 0, 4019, 13343, 12272, 3205, 37.33%, 0, 15, 3, 299.62, 939476, 11136
72523, 0, 4021, 13343, 12270, 3204, 37.33%, 0, 15, 3, 0.33, 940621, 11136
72528, 0, 4026, 13346, 12272, 3203, 37.33%, 0, 15, 3, 344.11, 942341, 11136
72533, 0, 4026, 13346, 12272, 3203, 37.33%, 0, 15, 3, 371.93, 944171, 11136
72538, 0, 4026, 13346, 12272, 3203, 37.33%, 0, 15, 3, 345.35, 945815, 11136
72543, 0, 4034, 13346, 12269, 3201, 37.33%, 0, 15, 3, 327.21, 947405, 11136
72548, 0, 4036, 13346, 12267, 3199, 37.33%, 0, 15, 3, 308.96, 948946, 11136
72733, 0, 4040, 13347, 12266, 3197, 37.33%, 0, 15, 3, 0.03, 950279, 11136
72738, 0, 4046, 13348, 12265, 3195, 37.33%, 0, 15, 3, 300.94, 951886, 11136
72743, 0, 4065, 13348, 12263, 3194, 37.33%, 0, 15, 3, 270.76, 953216, 11136
72749, 0, 4073, 13349, 12262, 3192, 37.33%, 0, 15, 3, 345.42, 955004, 11136
72754, 0, 4083, 13349, 12260, 3191, 37.33%, 0, 15, 3, 351.10, 956700, 11136
72759, 0, 4093, 13349, 12257, 3188, 37.33%, 0, 15, 3, 317.86, 958280, 11136
72944, 0, 4099, 13349, 12255, 3186, 37.33%, 0, 15, 3, 0.17, 959643, 11136
72949, 0, 4102, 13349, 12252, 3183, 37.33%, 0, 15, 3, 304.70, 961218, 11136
72954, 0, 4107, 13349, 12249, 3180, 37.33%, 0, 15, 3, 307.66, 962798, 11136
72959, 0, 4110, 13349, 12247, 3178, 37.33%, 0, 15, 3, 300.53, 964334, 11136
72964, 0, 4116, 13349, 12245, 3176, 37.33%, 0, 15, 3, 278.54, 965763, 11136
72969, 0, 4127, 13350, 12243, 3173, 37.33%, 0, 15, 3, 296.62, 967270, 11136
73154, 0, 4133, 13350, 12242, 3173, 37.33%, 0, 15, 3, 0.37, 968733, 11136
73159, 0, 4140, 13350, 12239, 3170, 37.33%, 0, 15, 3, 270.13, 970045, 11136
73164, 0, 4147, 13350, 12237, 3168, 37.33%, 0, 15, 3, 293.80, 971480, 11136
73169, 0, 4151, 13350, 12234, 3165, 37.33%, 0, 15, 3, 287.49, 972980, 11136
73174, 0, 4154, 13350, 12232, 3163, 37.33%, 0, 15, 3, 312.69, 974667, 11136
73179, 0, 4157, 13350, 12229, 3160, 37.33%, 0, 15, 3, 303.59, 976203, 11136
73364, 0, 4159, 13350, 12227, 3158, 37.33%, 0, 15, 3, 0.06, 977465, 11136
73369, 0, 4161, 13350, 12225, 3156, 37.33%, 0, 15, 3, 297.96, 978927, 11136
73374, 0, 4164, 13350, 12223, 3154, 37.33%, 0, 15, 3, 222.35, 979863, 11136
73380, 0, 4168, 13350, 12220, 3151, 37.33%, 0, 15, 3, 296.96, 981380, 11136
73385, 0, 4170, 13350, 12218, 3149, 37.33%, 0, 15, 3, 320.56, 983115, 11136
73390, 0, 4175, 13350, 12215, 3146, 37.33%, 0, 15, 3, 299.22, 984620, 11136
73575, 0, 4186, 13350, 12213, 3144, 37.33%, 0, 15, 3, 0.17, 986010, 11136
73580, 0, 4195, 13350, 12210, 3141, 37.33%, 0, 15, 3, 276.96, 987450, 11136
73585, 0, 4198, 13350, 12208, 3139, 37.33%, 0, 15, 3, 289.11, 988915, 11136
73590, 0, 4209, 13351, 12206, 3136, 37.33%, 0, 15, 3, 305.32, 990454, 11136
73595, 0, 4210, 13351, 12205, 3135, 37.33%, 0, 15, 3, 311.05, 991924, 11136
73600, 0, 4217, 13351, 12203, 3133, 37.33%, 0, 15, 3, 296.40, 993357, 11136
75888, 0, 4228, 13353, 12203, 3131, 37.33%, 0, 15, 3, 0.01, 994676, 11136
75893, 0, 4228, 13353, 12203, 3131, 37.33%, 0, 15, 3, 288.69, 996136, 11136
75898, 0, 4238, 13428, 12276, 3149, 37.38%, 0, 15, 3, 362.48, 998115, 11150
75903, 0, 4242, 13428, 12273, 3146, 37.38%, 0, 15, 3, 298.05, 999535, 11150
75908, 0, 4244, 13428, 12271, 3145, 37.38%, 0, 15, 3, 299.18, 1001003, 11150
75913, 0, 4247, 13428, 12268, 3142, 37.38%, 0, 15, 3, 330.61, 1002659, 11150
76098, 0, 4249, 13429, 12268, 3141, 37.38%, 0, 15, 3, 0.17, 1004124, 11150
76103, 0, 4273, 13429, 12265, 3138, 37.38%, 0, 15, 3, 294.98, 1005607, 11150
76109, 0, 4275, 13429, 12263, 3136, 37.38%, 0, 15, 3, 293.99, 1007127, 11150
76114, 0, 4278, 13429, 12260, 3133, 37.38%, 0, 15, 3, 317.74, 1008828, 11150
76119, 0, 4286, 13429, 12257, 3130, 37.38%, 0, 15, 3, 315.94, 1010394, 11150
76124, 0, 4288, 13429, 12255, 3128, 37.38%, 0, 15, 3, 314.82, 1011966, 11150
76309, 0, 4292, 13429, 12252, 3125, 37.38%, 0, 15, 3, 0.07, 1013334, 11150
76314, 0, 4301, 13429, 12250, 3123, 37.38%, 0, 15, 3, 245.84, 1014572, 11150
76319, 0, 4303, 13430, 12249, 3121, 37.38%, 0, 15, 3, 280.19, 1016099, 11150
76324, 0, 4311, 13430, 12247, 3119, 37.38%, 0, 15, 3, 274.50, 1017489, 11150
76329, 0, 4315, 13430, 12245, 3117, 37.38%, 0, 15, 3, 243.89, 1018643, 11150
76334, 0, 4317, 13431, 12245, 3116, 37.38%, 0, 15, 3, 253.88, 1019911, 11150
76519, 0, 4323, 13431, 12243, 3114, 37.38%, 0, 15, 3, 0.31, 1021066, 11150
76524, 0, 4327, 13431, 12241, 3112, 37.38%, 0, 15, 3, 317.62, 1022672, 11150
76529, 0, 4333, 13431, 12238, 3109, 37.38%, 0, 15, 3, 300.47, 1024161, 11150
76534, 0, 4335, 13431, 12236, 3107, 37.38%, 0, 15, 3, 276.10, 1025516, 11150
76539, 0, 4338, 13431, 12234, 3105, 37.38%, 0, 15, 3, 283.91, 1026961, 11150
76544, 0, 4343, 13431, 12231, 3102, 37.38%, 0, 15, 3, 283.71, 1028446, 11150
76729, 0, 4346, 13431, 12229, 3100, 37.38%, 0, 15, 3, 0.19, 1029841, 11150
76734, 0, 4349, 13431, 12227, 3098, 37.38%, 0, 15, 3, 216.03, 1030922, 11150
76739, 0, 4357, 13431, 12225, 3096, 37.38%, 0, 15, 3, 43.68, 1032055, 11150
76745, 0, 4357, 13432, 12226, 3096, 37.38%, 0, 15, 3, 92.18, 1032582, 11150
76750, 0, 4363, 13432, 12225, 3096, 37.38%, 0, 15, 3, 161.85, 1033345, 11150
76755, 0, 4387, 13432, 12222, 3093, 37.38%, 0, 15, 3, 315.13, 1035111, 11150
76939, 0, 4396, 13432, 12220, 3092, 37.38%, 0, 15, 3, 0.10, 1036419, 11150
76945, 0, 4401, 13432, 12217, 3090, 37.38%, 0, 15, 3, 280.38, 1037883, 11150
76950, 0, 4403, 13432, 12215, 3088, 37.38%, 0, 15, 3, 281.01, 1039328, 11150
76955, 0, 4415, 13432, 12212, 3085, 37.38%, 0, 15, 3, 305.17, 1041033, 11150
76960, 0, 4417, 13432, 12210, 3083, 37.38%, 0, 15, 3, 284.94, 1042383, 11150
76965, 0, 4422, 13432, 12207, 3080, 37.38%, 0, 15, 3, 269.41, 1043768, 11150
77150, 0, 4426, 13432, 12206, 3079, 37.38%, 0, 15, 3, 0.22, 1044354, 11150
77155, 0, 4431, 13432, 12204, 3077, 37.38%, 0, 15, 3, 305.86, 1045821, 11150
77160, 0, 4434, 13433, 12202, 3074, 37.38%, 0, 15, 3, 323.53, 1047466, 11150
77165, 0, 4441, 13433, 12201, 3073, 37.38%, 0, 15, 3, 277.72, 1048855, 11150
77170, 0, 4442, 13434, 12201, 3072, 37.38%, 0, 15, 3, 140.24, 1049421, 11150
77175, 0, 4442, 13434, 12201, 3072, 37.38%, 0, 15, 3, 105.23, 1049925, 11150
77360, 0, 4443, 13434, 12200, 3071, 37.38%, 0, 15, 3, 0.20, 1050565, 11150
77365, 0, 4449, 13434, 12197, 3068, 37.38%, 0, 15, 3, 285.85, 1051962, 11150
77370, 0, 4455, 13434, 12194, 3065, 37.38%, 0, 15, 3, 282.90, 1053462, 11150
77375, 0, 4462, 13434, 12192, 3063, 37.38%, 0, 15, 3, 318.95, 1055099, 11150
77380, 0, 4470, 13435, 12190, 3060, 37.38%, 0, 15, 3, 338.39, 1056732, 11150
77386, 0, 4471, 13435, 12189, 3059, 37.38%, 0, 15, 3, 282.49, 1058084, 11150
77570, 0, 4473, 13436, 12188, 3057, 37.38%, 0, 15, 3, 0.06, 1059291, 11151
77575, 0, 4476, 13436, 12186, 3056, 37.38%, 0, 15, 3, 251.57, 1060606, 11151
77580, 0, 4479, 13436, 12184, 3054, 37.38%, 0, 15, 3, 298.04, 1062175, 11151
77585, 0, 4482, 13436, 12181, 3051, 37.38%, 0, 15, 3, 308.09, 1063777, 11151
77591, 0, 4486, 13436, 12178, 3048, 37.38%, 0, 15, 3, 306.27, 1065349, 11151
77596, 0, 4496, 13436, 12176, 3046, 37.38%, 0, 15, 3, 333.55, 1067101, 11151
77781, 0, 4506, 13436, 12173, 3043, 37.38%, 0, 15, 3, 0.25, 1068421, 11151
77786, 0, 4516, 13436, 12171, 3041, 37.38%, 0, 15, 3, 272.96, 1069701, 11151
77791, 0, 4519, 13436, 12168, 3039, 37.38%, 0, 15, 3, 284.96, 1071231, 11151
77796, 0, 4519, 13437, 12169, 3039, 37.38%, 0, 15, 3, 232.13, 1072348, 11151
77801, 0, 4523, 13439, 12169, 3037, 37.38%, 0, 15, 3, 302.58, 1073938, 11151
77806, 0, 4523, 13439, 12169, 3037, 37.38%, 0, 15, 3, 267.96, 1075327, 11151
80094, 0, 4531, 13440, 12168, 3035, 37.38%, 0, 15, 3, 0.02, 1076389, 11151
80099, 0, 4539, 13441, 12168, 3034, 37.38%, 0, 15, 3, 217.57, 1077512, 11151
80104, 0, 4539, 13442, 12169, 3034, 37.38%, 0, 15, 3, 154.79, 1078192, 11151
80109, 0, 4539, 13442, 12169, 3034, 37.38%, 0, 15, 3, 152.69, 1078945, 11151
80114, 0, 4539, 13442, 12169, 3034, 37.38%, 0, 15, 3, 126.14, 1079601, 11151
80119, 0, 4545, 13517, 12242, 3048, 37.54%, 0, 15, 3, 243.98, 1081314, 11198
80304, 0, 4551, 13518, 12241, 3047, 37.54%, 0, 15, 3, 0.30, 1082761, 11198
80310, 0, 4557, 13519, 12240, 3046, 37.54%, 0, 15, 3, 319.23, 1084490, 11199
80315, 0, 4566, 13519, 12238, 3044, 37.54%, 0, 15, 3, 314.49, 1086170, 11199
80320, 0, 4569, 13519, 12235, 3041, 37.54%, 0, 15, 3, 291.98, 1087750, 11199
80325, 0, 4589, 13519, 12232, 3038, 37.54%, 0, 15, 3, 359.00, 1089519, 11199
80330, 0, 4601, 13520, 12231, 3036, 37.54%, 0, 15, 3, 324.86, 1091265, 11199
80515, 0, 4615, 13520, 12229, 3034, 37.54%, 0, 15, 3, 0.07, 1092549, 11199
80520, 0, 4623, 13520, 12227, 3032, 37.54%, 0, 15, 3, 238.37, 1093795, 11199
80525, 0, 4631, 13520, 12225, 3030, 37.54%, 0, 15, 3, 247.10, 1095077, 11199
80530, 0, 4635, 13520, 12222, 3027, 37.54%, 0, 15, 3, 295.25, 1096567, 11199
80535, 0, 4661, 13520, 12220, 3025, 37.54%, 0, 15, 3, 282.90, 1098022, 11199
80540, 0, 4672, 13520, 12218, 3023, 37.54%, 0, 15, 3, 271.50, 1099347, 11199
80725, 0, 4682, 13520, 12215, 3020, 37.54%, 0, 15, 3, 0.37, 1100961, 11199
80730, 0, 4688, 13520, 12212, 3017, 37.54%, 0, 15, 3, 306.43, 1102581, 11199
80735, 0, 4695, 13521, 12211, 3015, 37.54%, 0, 15, 3, 353.91, 1104372, 11199
80740, 0, 4700, 13522, 12209, 3012, 37.54%, 0, 15, 3, 350.57, 1106105, 11199
80745, 0, 4700, 13524, 12211, 3012, 37.54%, 0, 15, 3, 339.18, 1107823, 11199
80750, 0, 4700, 13525, 12212, 3012, 37.54%, 0, 15, 3, 393.65, 1109707, 11199
80935, 0, 4700, 13525, 12212, 3012, 37.54%, 0, 15, 3, 0.04, 1111464, 11199
80940, 0, 4700, 13525, 12212, 3012, 37.54%, 0, 15, 3, 353.37, 1113298, 11199
80945, 0, 4700, 13525, 12212, 3012, 37.54%, 0, 15, 3, 334.14, 1114958, 11199
80951, 0, 4702, 13526, 12211, 3011, 37.54%, 0, 15, 3, 337.92, 1116693, 11199
80956, 0, 4704, 13526, 12209, 3010, 37.54%, 0, 15, 3, 328.17, 1118313, 11199
80961, 0, 4713, 13526, 12206, 3007, 37.54%, 0, 15, 3, 330.91, 1119921, 11199
81146, 0, 4715, 13526, 12204, 3005, 37.54%, 0, 15, 3, 0.25, 1121204, 11199
81151, 0, 4717, 13526, 12202, 3003, 37.54%, 0, 15, 3, 354.94, 1122897, 11199
81156, 0, 4720, 13526, 12199, 3001, 37.54%, 0, 15, 3, 356.96, 1124679, 11199
81161, 0, 4738, 13526, 12195, 2997, 37.54%, 0, 15, 3, 370.96, 1126558, 11199
81166, 0, 4757, 13527, 12194, 2995, 37.54%, 0, 15, 3, 284.14, 1127906, 11199
81171, 0, 4757, 13529, 12196, 2995, 37.54%, 0, 15, 3, 293.47, 1129435, 11199
81356, 0, 4757, 13529, 12196, 2995, 37.54%, 0, 15, 3, 0.23, 1130886, 11199
81361, 0, 4757, 13530, 12197, 2995, 37.54%, 0, 15, 3, 278.35, 1132227, 11199
81366, 0, 4757, 13531, 12198, 2995, 37.54%, 0, 15, 3, 306.63, 1133696, 11199
81371, 0, 4757, 13532, 12199, 2995, 37.54%, 0, 15, 3, 322.40, 1135353, 11199
81376, 0, 4757, 13532, 12199, 2995, 37.54%, 0, 15, 3, 352.01, 1137166, 11199
81381, 0, 4757, 13532, 12199, 2995, 37.54%, 0, 15, 3, 385.59, 1139084, 11199
81566, 0, 4757, 13532, 12199, 2995, 37.54%, 0, 15, 3, 0.10, 1140495, 11199
81571, 0, 4757, 13532, 12199, 2995, 37.54%, 0, 15, 3, 292.97, 1142031, 11199
81576, 0, 4757, 13532, 12199, 2995, 37.54%, 0, 15, 3, 278.56, 1143406, 11199
81581, 0, 4757, 13532, 12199, 2995, 37.54%, 0, 15, 3, 277.23, 1144821, 11199
81586, 0, 4757, 13532, 12199, 2995, 37.54%, 0, 15, 3, 271.30, 1146091, 11199
81591, 0, 4773, 13532, 12197, 2993, 37.54%, 0, 15, 3, 286.23, 1147606, 11199
81776, 0, 4775, 13532, 12195, 2991, 37.54%, 0, 15, 3, 0.25, 1148881, 11199
81782, 0, 4787, 13532, 12192, 2988, 37.54%, 0, 15, 3, 359.91, 1150607, 11199
81787, 0, 4792, 13532, 12190, 2986, 37.54%, 0, 15, 3, 304.22, 1152201, 11199
81792, 0, 4801, 13532, 12187, 2983, 37.54%, 0, 15, 3, 354.51, 1153929, 11199
81797, 0, 4833, 13532, 12184, 2980, 37.54%, 0, 15, 3, 320.66, 1155579, 11199
81802, 0, 4840, 13532, 12181, 2977, 37.54%, 0, 15, 3, 328.76, 1157271, 11199
81987, 0, 4850, 13532, 12179, 2975, 37.54%, 0, 15, 3, 0.07, 1158663, 11199
81992, 0, 4856, 13533, 12178, 2973, 37.54%, 0, 15, 3, 307.53, 1160212, 11199
81997, 0, 4859, 13533, 12176, 2971, 37.54%, 0, 15, 3, 325.63, 1161916, 11199
82002, 0, 4874, 13533, 12173, 2968, 37.54%, 0, 15, 3, 316.87, 1163566, 11199
82007, 0, 4883, 13533, 12170, 2965, 37.54%, 0, 15, 3, 323.70, 1165210, 11199
82012, 0, 4886, 13534, 12169, 2963, 37.54%, 0, 15, 3, 285.62, 1166690, 11199
83550, 0, 4886, 13535, 12170, 2963, 37.54%, 0, 15, 3, 0.02, 1168067, 11199
83555, 0, 4888, 13648, 12281, 2978, 37.58%, 0, 15, 3, 179.90, 1170296, 11210
83560, 0, 4891, 13648, 12278, 2975, 37.58%, 0, 15, 3, 306.64, 1172014, 11210
83565, 0, 4899, 13649, 12278, 2974, 37.58%, 0, 15, 3, 299.14, 1173684, 11210
83570, 0, 4909, 13649, 12275, 2971, 37.58%, 0, 15, 3, 310.63, 1175262, 11210
83575, 0, 4912, 13649, 12273, 2969, 37.58%, 0, 15, 3, 283.77, 1176716, 11210
83580, 0, 4917, 13649, 12270, 2966, 37.58%, 0, 15, 3, 244.31, 1177966, 11210
83585, 0, 4920, 13649, 12268, 2964, 37.58%, 0, 15, 3, 251.43, 1179254, 11210
83591, 0, 4923, 13649, 12266, 2962, 37.58%, 0, 15, 3, 238.25, 1180454, 11210
83596, 0, 4925, 13649, 12264, 2960, 37.58%, 0, 15, 3, 245.85, 1181690, 11210
83601, 0, 4937, 13649, 12262, 2958, 37.58%, 0, 15, 3, 295.50, 1183156, 11210
83606, 0, 4969, 13649, 12259, 2955, 37.58%, 0, 15, 3, 317.82, 1184754, 11210
83611, 0, 4988, 13649, 12256, 2952, 37.58%, 0, 15, 3, 321.99, 1186368, 11210
83616, 0, 4993, 13649, 12254, 2950, 37.58%, 0, 15, 3, 313.43, 1187940, 11210
83621, 0, 4998, 13649, 12251, 2948, 37.58%, 0, 15, 3, 312.46, 1189434, 11210
83626, 0, 5000, 13649, 12249, 2946, 37.58%, 0, 15, 3, 299.48, 1190976, 11210
83631, 0, 5026, 13649, 12246, 2943, 37.58%, 0, 15, 3, 294.41, 1192576, 11210
83636, 0, 5031, 13649, 12244, 2941, 37.58%, 0, 15, 3, 262.13, 1193856, 11210
83641, 0, 5037, 13649, 12242, 2939, 37.58%, 0, 15, 3, 273.26, 1195246, 11210
83646, 0, 5044, 13649, 12239, 2936, 37.58%, 0, 15, 3, 289.91, 1196836, 11210
83651, 0, 5048, 13649, 12236, 2933, 37.58%, 0, 15, 3, 324.09, 1198434, 11210
83657, 0, 5050, 13649, 12234, 2932, 37.58%, 0, 15, 3, 289.21, 1199961, 11210
83662, 0, 5057, 13649, 12231, 2929, 37.58%, 0, 15, 3, 287.20, 1201416, 11210
83667, 0, 5060, 13649, 12229, 2927, 37.58%, 0, 15, 3, 292.48, 1203018, 11210
83672, 0, 5066, 13649, 12227, 2925, 37.58%, 0, 15, 3, 180.87, 1203768, 11210
83677, 0, 5068, 13649, 12225, 2923, 37.58%, 0, 15, 3, 270.95, 1205316, 11210
83682, 0, 5072, 13649, 12222, 2920, 37.58%, 0, 15, 3, 298.00, 1206936, 11210
83687, 0, 5075, 13649, 12219, 2917, 37.58%, 0, 15, 3, 313.03, 1208550, 11210
83692, 0, 5077, 13649, 12217, 2915, 37.58%, 0, 15, 3, 284.23, 1209941, 11210
83697, 0, 5085, 13649, 12214, 2912, 37.58%, 0, 15, 3, 294.58, 1211592, 11210
83702, 0, 5085, 13649, 12214, 2912, 37.58%, 0, 15, 3, 58.99, 1211987, 11210
83707, 0, 5113, 13649, 12212, 2910, 37.58%, 0, 15, 3, 199.89, 1213053, 11210
83712, 0, 5126, 13649, 12210, 2908, 37.58%, 0, 15, 3, 274.35, 1214496, 11210
83717, 0, 5136, 13650, 12209, 2907, 37.58%, 0, 15, 3, 307.33, 1216039, 11210
83723, 0, 5139, 13650, 12207, 2906, 37.58%, 0, 15, 3, 291.37, 1217523, 11210
83728, 0, 5162, 13650, 12204, 2904, 37.58%, 0, 15, 3, 251.77, 1218757, 11210
83733, 0, 5167, 13650, 12202, 2902, 37.58%, 0, 15, 3, 294.68, 1220278, 11210
83738, 0, 5170, 13650, 12200, 2900, 37.58%, 0, 15, 3, 271.59, 1221718, 11210
83743, 0, 5177, 13650, 12197, 2897, 37.58%, 0, 15, 3, 266.15, 1223018, 11210
83748, 0, 5182, 13650, 12195, 2895, 37.58%, 0, 15, 3, 256.14, 1224368, 11210
83753, 0, 5188, 13650, 12193, 2893, 37.58%, 0, 15, 3, 281.46, 1225803, 11210
83758, 0, 5197, 13650, 12190, 2890, 37.58%, 0, 15, 3, 289.56, 1227323, 11210
83763, 0, 5203, 13650, 12189, 2889, 37.58%, 0, 15, 3, 190.52, 1228264, 11210
83768, 0, 5224, 13650, 12186, 2886, 37.58%, 0, 15, 3, 251.10, 1229693, 11210
83773, 0, 5226, 13651, 12185, 2884, 37.58%, 0, 15, 3, 325.79, 1231406, 11210
83778, 0, 5241, 13651, 12183, 2882, 37.58%, 0, 15, 3, 301.63, 1232990, 11210
83783, 0, 5255, 13652, 12182, 2880, 37.58%, 0, 15, 3, 305.32, 1234527, 11210
83788, 0, 5266, 13652, 12180, 2879, 37.58%, 0, 15, 3, 245.15, 1235663, 11210
83793, 0, 5278, 13653, 12179, 2877, 37.58%, 0, 15, 3, 326.66, 1237414, 11210
83799, 0, 5280, 13653, 12177, 2875, 37.58%, 0, 15, 3, 297.50, 1238929, 11210
83804, 0, 5289, 13654, 12176, 2874, 37.58%, 0, 15, 3, 322.91, 1240589, 11210
83809, 0, 5295, 13654, 12173, 2871, 37.58%, 0, 15, 3, 320.92, 1242161, 11210
83814, 0, 5306, 13654, 12171, 2869, 37.58%, 0, 15, 3, 307.62, 1243679, 11210
83819, 0, 5309, 13654, 12169, 2867, 37.58%, 0, 15, 3, 299.27, 1245119, 11210
83824, 0, 5314, 13654, 12166, 2864, 37.58%, 0, 15, 3, 260.51, 1246441, 11210
83829, 0, 5317, 13654, 12164, 2862, 37.58%, 0, 15, 3, 281.59, 1247871, 11210
83834, 0, 5319, 13654, 12162, 2860, 37.58%, 0, 15, 3, 284.08, 1249306, 11210
83839, 0, 5326, 13655, 12161, 2859, 37.58%, 0, 15, 3, 303.99, 1250886, 11210
83844, 0, 5331, 13655, 12158, 2856, 37.58%, 0, 15, 3, 331.48, 1252488, 11210
83849, 0, 5337, 13655, 12155, 2853, 37.58%, 0, 15, 3, 319.35, 1254156, 11210
84301, 0, 5339, 13655, 12154, 2852, 37.58%, 0, 15, 3, 0.11, 1254342, 11210
84306, 0, 5343, 13655, 12152, 2850, 37.58%, 0, 15, 3, 323.57, 1255824, 11210
84311, 0, 5345, 13655, 12150, 2848, 37.58%, 0, 15, 3, 280.32, 1257208, 11210
84316, 0, 5351, 13655, 12147, 2845, 37.58%, 0, 15, 3, 296.12, 1258753, 11210
84321, 0, 5368, 13655, 12144, 2842, 37.58%, 0, 15, 3, 310.08, 1260390, 11210
84326, 0, 5376, 13655, 12141, 2839, 37.58%, 0, 15, 3, 329.17, 1262130, 11210
84511, 0, 5380, 13655, 12139, 2837, 37.58%, 0, 15, 3, 0.10, 1263534, 11210
84516, 0, 5390, 13662, 12143, 2838, 37.59%, 0, 15, 3, 308.70, 1265217, 11214
84521, 0, 5398, 13662, 12141, 2836, 37.59%, 0, 15, 3, 296.38, 1266795, 11214
84526, 0, 5406, 13663, 12140, 2834, 37.59%, 0, 15, 3, 315.36, 1268446, 11214
84532, 0, 5412, 13663, 12137, 2832, 37.59%, 0, 15, 3, 331.77, 1270096, 11214
84537, 0, 5424, 13664, 12136, 2830, 37.59%, 0, 15, 3, 342.16, 1271807, 11214
84721, 0, 5426, 13665, 12135, 2828, 37.59%, 0, 15, 3, 0.17, 1273176, 11214
84726, 0, 5428, 13665, 12133, 2826, 37.59%, 0, 15, 3, 377.57, 1275083, 11214
84732, 0, 5433, 13666, 12132, 2824, 37.59%, 0, 15, 3, 332.76, 1276747, 11214
84737, 0, 5436, 13667, 12131, 2823, 37.59%, 0, 15, 3, 340.94, 1278428, 11214
84742, 0, 5445, 13667, 12128, 2820, 37.59%, 0, 15, 3, 304.85, 1279918, 11214
84747, 0, 5448, 13667, 12125, 2817, 37.59%, 0, 15, 3, 307.30, 1281472, 11214
84932, 0, 5454, 13667, 12123, 2815, 37.59%, 0, 15, 3, 0.40, 1283038, 11214
84937, 0, 5470, 13667, 12120, 2812, 37.59%, 0, 15, 3, 389.99, 1284815, 11214
84942, 0, 5473, 13667, 12118, 2810, 37.59%, 0, 15, 3, 286.52, 1286125, 11214
84947, 0, 5479, 13667, 12115, 2807, 37.59%, 0, 15, 3, 301.52, 1287720, 11214
84952, 0, 5484, 13667, 12113, 2806, 37.59%, 0, 15, 3, 292.73, 1289220, 11214
84957, 0, 5501, 13667, 12110, 2804, 37.59%, 0, 15, 3, 319.91, 1290802, 11214
86735, 0, 5512, 13667, 12108, 2802, 37.59%, 0, 15, 3, 0.03, 1292212, 11214
