# unix_time, cycles_done, cur_path, paths_total, pending_total, pending_favs, map_size, unique_crashes, unique_hangs, max_depth, execs_per_sec
1712481092, 0, 0, 5, 5, 5, 1.24%, 0, 0, 1, 1212.12
1712481274, 0, 0, 27, 27, 5, 1.43%, 0, 0, 2, 0.51
1712481279, 0, 0, 61, 61, 5, 1.51%, 0, 0, 2, 1034.36
1712481284, 0, 0, 64, 64, 5, 1.51%, 0, 0, 2, 1011.31
1712481289, 0, 0, 70, 70, 5, 1.51%, 0, 0, 2, 1015.77
1712481300, 0, 0, 74, 74, 5, 1.53%, 0, 0, 2, 1038.53
1712481305, 0, 0, 84, 84, 5, 1.60%, 0, 0, 2, 1014.97
1712485490, 0, 0, 86, 86, 5, 1.61%, 0, 0, 2, 1090.58
1712485495, 0, 0, 88, 88, 5, 1.61%, 0, 0, 2, 1053.14
1712485505, 0, 0, 91, 91, 5, 1.61%, 0, 0, 2, 1027.16
1712485510, 0, 0, 94, 94, 5, 1.62%, 0, 0, 2, 1057.07
1712485700, 0, 0, 96, 96, 5, 1.63%, 0, 0, 2, 1168.29
1712485711, 0, 0, 97, 97, 5, 1.63%, 0, 0, 2, 1124.71
1712485716, 0, 0, 100, 100, 5, 1.63%, 0, 0, 2, 1167.99
1712485721, 0, 0, 120, 120, 5, 1.73%, 0, 0, 2, 1161.33
1712485906, 0, 0, 145, 145, 5, 1.86%, 0, 0, 2, 0.49
1712485931, 0, 0, 147, 147, 5, 1.86%, 0, 0, 2, 1155.62
1712486758, 0, 0, 156, 156, 5, 1.98%, 0, 0, 2, 1010.03
1712486763, 0, 0, 157, 157, 5, 1.98%, 0, 0, 2, 1081.20
1712486968, 0, 0, 158, 158, 5, 1.98%, 0, 0, 2, 1186.70
1712489716, 0, 0, 160, 160, 5, 1.99%, 0, 0, 2, 1253.22
1712489906, 0, 0, 167, 167, 5, 2.00%, 0, 0, 2, 0.31
1712490338, 0, 0, 176, 176, 5, 2.01%, 0, 0, 2, 1079.93
1712490539, 0, 0, 176, 176, 5, 2.01%, 0, 1, 2, 0.30
1712490970, 0, 0, 178, 178, 5, 2.02%, 0, 1, 2, 1071.09
1712490980, 0, 0, 179, 179, 5, 2.02%, 0, 1, 2, 1424.77
1712490985, 0, 0, 180, 180, 5, 2.02%, 0, 1, 2, 1593.01
1712491170, 0, 0, 239, 239, 5, 2.08%, 0, 1, 2, 0.45
1712491175, 0, 0, 259, 259, 5, 2.13%, 0, 1, 2, 1049.91
1712491180, 0, 0, 276, 276, 5, 2.15%, 0, 1, 2, 1150.93
1712491185, 0, 0, 290, 290, 5, 2.16%, 0, 1, 2, 1186.18
1712491190, 0, 0, 299, 299, 5, 2.18%, 0, 1, 2, 1438.83
1712491196, 0, 0, 653, 652, 4, 5.53%, 0, 1, 2, 1150.18
1712491381, 0, 0, 1200, 1199, 4, 7.23%, 0, 1, 2, 0.01
1712491386, 0, 0, 1514, 1513, 4, 7.96%, 0, 1, 2, 549.77
1712491391, 0, 0, 1922, 1921, 4, 8.62%, 0, 1, 2, 734.29
1712491396, 0, 0, 2262, 2261, 4, 9.07%, 0, 1, 2, 628.52
1712491401, 0, 0, 2678, 2677, 4, 9.60%, 0, 1, 2, 812.83
1712491406, 0, 0, 3182, 3181, 4, 10.17%, 0, 1, 2, 921.65
1712491591, 0, 0, 3616, 3615, 4, 10.61%, 0, 1, 2, 1.03
1712491596, 0, 0, 3909, 3908, 4, 10.86%, 0, 1, 2, 566.33
1712491601, 0, 0, 4218, 4217, 4, 11.16%, 0, 1, 2, 596.58
1712491607, 0, 0, 4516, 4515, 4, 11.44%, 0, 1, 2, 576.37
1712491612, 0, 0, 4783, 4782, 4, 11.65%, 0, 1, 2, 580.40
1712491617, 0, 0, 5132, 5131, 4, 11.94%, 0, 1, 2, 681.60
1712491622, 0, 0, 5505, 5504, 4, 12.23%, 0, 1, 2, 722.63
1712493906, 0, 0, 5546, 5545, 4, 12.27%, 0, 1, 2, 0.03
1712493911, 0, 34, 5733, 5725, 2802, 12.42%, 0, 1, 2, 653.82
1712493922, 0, 34, 5734, 5726, 2802, 12.42%, 0, 1, 3, 817.15
1712494537, 0, 34, 5734, 5726, 2802, 12.42%, 0, 2, 3, 0.42
1712498751, 0, 76, 5734, 5724, 2801, 12.42%, 0, 2, 3, 1070.99
1712498756, 0, 76, 5735, 5725, 2801, 12.42%, 0, 2, 3, 1234.65
1712498772, 0, 76, 5736, 5726, 2801, 12.42%, 0, 2, 3, 2022.19
1712502764, 0, 76, 5738, 5728, 2801, 12.42%, 0, 2, 3, 1795.11
1712503820, 0, 111, 5738, 5722, 2799, 12.42%, 0, 2, 3, 1507.24
1712504006, 0, 130, 5738, 5713, 2790, 12.42%, 0, 2, 3, 1.42
1712504011, 0, 142, 5738, 5709, 2786, 12.42%, 0, 2, 3, 1540.74
1712507397, 0, 142, 5739, 5710, 2786, 12.43%, 0, 2, 3, 2062.44
1712508213, 0, 148, 5739, 5708, 2785, 12.43%, 0, 2, 3, 0.13
1712508448, 0, 148, 5740, 5709, 2785, 12.43%, 0, 2, 3, 1376.18
1712510742, 0, 148, 5741, 5710, 2785, 12.43%, 0, 2, 3, 1454.17
1712514950, 0, 148, 5742, 5711, 2785, 12.43%, 0, 2, 3, 1688.00
1712514955, 0, 156, 5742, 5708, 2784, 12.43%, 0, 2, 3, 1673.88
1712516642, 0, 156, 6003, 5968, 2783, 13.38%, 0, 2, 3, 1410.93
1712516647, 0, 156, 6419, 6384, 2783, 13.86%, 0, 4, 3, 1636.56
1712516653, 0, 156, 6716, 6681, 2783, 14.18%, 0, 5, 3, 206.93
1712516837, 0, 156, 6859, 6824, 2783, 14.29%, 0, 6, 3, 0.12
1712516843, 0, 156, 7071, 7036, 2783, 14.46%, 0, 7, 3, 103.84
1712516848, 0, 156, 7245, 7210, 2783, 14.60%, 0, 9, 3, 946.42
1712516854, 0, 156, 7509, 7474, 2783, 14.79%, 0, 10, 3, 105.85
1712516859, 0, 156, 7746, 7711, 2783, 14.95%, 0, 11, 3, 147.61
1712516865, 0, 156, 7893, 7858, 2783, 15.06%, 0, 12, 3, 25.34
1712519151, 0, 239, 7905, 7869, 3557, 15.07%, 0, 12, 3, 0.09
1712519166, 0, 270, 7905, 7868, 3556, 15.07%, 0, 12, 3, 1750.81
1712523357, 0, 278, 7905, 7867, 3555, 15.07%, 0, 12, 3, 1.07
1712524008, 0, 295, 7905, 7865, 3553, 15.07%, 0, 12, 3, 2120.57
1712524198, 0, 306, 7905, 7863, 3552, 15.07%, 0, 12, 3, 1.79
1712524208, 0, 306, 7906, 7864, 3552, 15.07%, 0, 12, 3, 1953.01
1712524213, 0, 306, 7907, 7865, 3552, 15.07%, 0, 12, 3, 1933.45
1712524839, 0, 306, 8480, 8437, 3551, 15.81%, 0, 12, 3, 1215.50
1712524845, 0, 306, 9077, 9034, 3551, 15.99%, 0, 12, 3, 1156.57
1712524850, 0, 308, 9223, 9180, 3752, 16.03%, 0, 12, 3, 1515.37
1712528214, 0, 309, 9223, 9179, 3751, 16.03%, 0, 12, 3, 2072.48
1712528430, 0, 310, 9224, 9179, 3750, 16.03%, 0, 12, 3, 2054.61
1712528640, 0, 310, 9225, 9180, 3750, 16.03%, 0, 12, 3, 1989.73
1712528825, 0, 315, 9226, 9180, 3750, 16.03%, 0, 12, 3, 2.14
1712528850, 0, 316, 9226, 9179, 3749, 16.03%, 0, 12, 3, 2185.50
1712529041, 0, 317, 9386, 9338, 3771, 16.08%, 0, 12, 3, 1754.92
1712529046, 0, 317, 9388, 9340, 3771, 16.09%, 0, 12, 3, 1574.91
1712529061, 0, 318, 9388, 9339, 3771, 16.09%, 0, 12, 3, 2113.22
1712529256, 0, 319, 9388, 9338, 3770, 16.09%, 0, 12, 3, 1949.54
1712529266, 0, 319, 9389, 9339, 3770, 16.09%, 0, 12, 3, 2054.93
1712529271, 0, 319, 9390, 9340, 3770, 16.09%, 0, 12, 3, 2128.59
1712529456, 0, 320, 9390, 9339, 3771, 16.09%, 0, 12, 3, 1.67
1712529461, 0, 320, 9391, 9340, 3771, 16.09%, 0, 12, 3, 1805.13
1712531454, 0, 323, 9391, 9339, 3771, 16.09%, 0, 12, 3, 1911.81
1712531479, 0, 323, 9718, 9665, 3770, 16.24%, 0, 12, 3, 1930.74
1712531484, 0, 330, 9718, 9665, 3809, 16.24%, 0, 12, 3, 1925.78
1712531500, 0, 337, 9718, 9664, 3808, 16.24%, 0, 12, 3, 2128.81
1712531515, 0, 340, 9718, 9663, 3807, 16.24%, 0, 12, 3, 2180.83
1712531530, 0, 341, 9718, 9662, 3806, 16.24%, 0, 12, 3, 2032.70
1712531555, 0, 343, 9718, 9661, 3805, 16.24%, 0, 12, 3, 1889.03
1712531570, 0, 345, 9718, 9660, 3804, 16.24%, 0, 12, 3, 1902.49
1712531586, 0, 351, 9718, 9659, 3804, 16.24%, 0, 12, 3, 2053.84
1712531775, 0, 353, 9718, 9657, 3803, 16.24%, 0, 12, 3, 2076.76
1712531790, 0, 357, 9718, 9655, 3801, 16.24%, 0, 12, 3, 2088.13
1712531995, 0, 357, 9719, 9656, 3801, 16.24%, 0, 12, 3, 1827.67
1712532826, 0, 357, 9720, 9657, 3801, 16.24%, 0, 12, 3, 1898.40
1712532847, 0, 360, 9720, 9656, 3801, 16.24%, 0, 12, 3, 2124.64
1712533042, 0, 369, 9720, 9655, 3800, 16.24%, 0, 12, 3, 2013.23
1712533052, 0, 369, 9721, 9656, 3800, 16.24%, 0, 12, 3, 2016.75
1712533057, 0, 377, 9721, 9655, 3800, 16.24%, 0, 12, 3, 2151.65
1712533247, 0, 380, 9721, 9654, 3799, 16.24%, 0, 12, 3, 1995.24
1712533267, 0, 384, 9721, 9653, 3798, 16.24%, 0, 12, 3, 2073.61
1712533462, 0, 389, 9721, 9652, 3797, 16.24%, 0, 12, 3, 1977.51
1712533467, 0, 389, 9722, 9653, 3797, 16.24%, 0, 12, 3, 1968.32
1712533668, 0, 390, 9722, 9652, 3797, 16.24%, 0, 12, 3, 1960.21
1712533673, 0, 390, 9723, 9653, 3797, 16.24%, 0, 12, 3, 1886.55
1712533688, 0, 391, 9723, 9652, 3797, 16.24%, 0, 12, 3, 1828.08
1712535986, 0, 394, 9723, 9651, 3796, 16.24%, 0, 12, 3, 1853.60
1712535991, 0, 394, 9725, 9653, 3796, 16.24%, 0, 12, 3, 1842.43
1712536407, 0, 395, 9725, 9652, 3795, 16.24%, 0, 12, 3, 2033.71
1712536417, 0, 396, 9725, 9651, 3794, 16.24%, 0, 12, 3, 2091.18
1712536422, 0, 396, 9727, 9653, 3794, 16.24%, 0, 12, 3, 2118.59
1712540001, 0, 396, 9728, 9654, 3794, 16.25%, 0, 12, 3, 0.02
1712540192, 0, 396, 9749, 9674, 3793, 16.36%, 0, 12, 3, 1967.32
1712540197, 0, 407, 10471, 10396, 3926, 16.68%, 0, 12, 3, 1622.98
1712540392, 0, 411, 10471, 10395, 3925, 16.68%, 0, 12, 3, 0.32
1712540397, 0, 411, 10472, 10396, 3925, 16.68%, 0, 12, 3, 2015.62
1712540418, 0, 414, 10472, 10395, 3925, 16.68%, 0, 12, 3, 2101.37
1712540613, 0, 419, 10472, 10393, 3922, 16.68%, 0, 12, 3, 1900.93
1712540823, 0, 420, 10472, 10392, 3921, 16.68%, 0, 12, 3, 1891.15
1712540838, 0, 422, 10472, 10390, 3919, 16.68%, 0, 12, 3, 2073.61
1712541034, 0, 428, 10472, 10389, 3918, 16.68%, 0, 12, 3, 1877.44
1712541234, 0, 433, 10472, 10387, 3916, 16.68%, 0, 12, 3, 1.77
1712541249, 0, 435, 10473, 10387, 3915, 16.68%, 0, 12, 3, 1854.83
1712541254, 0, 435, 10474, 10388, 3915, 16.68%, 0, 12, 3, 1977.04
1712541444, 0, 437, 10474, 10387, 3915, 16.68%, 0, 12, 3, 0.77
1712541454, 0, 437, 10475, 10388, 3915, 16.68%, 0, 12, 3, 1895.31
1712541459, 0, 438, 10475, 10387, 3915, 16.68%, 0, 12, 3, 1854.51
1712541464, 0, 438, 10476, 10388, 3915, 16.68%, 0, 12, 3, 1919.12
1712541664, 0, 438, 10477, 10389, 3915, 16.69%, 0, 12, 3, 1774.91
1712541669, 0, 440, 10477, 10388, 3916, 16.69%, 0, 12, 3, 1834.32
1712541875, 0, 441, 10477, 10387, 3915, 16.69%, 0, 12, 3, 1985.67
1712541880, 0, 441, 10478, 10388, 3915, 16.69%, 0, 12, 3, 2186.55
1712542075, 0, 443, 10478, 10387, 3915, 16.69%, 0, 12, 3, 0.24
1712542100, 0, 445, 10478, 10385, 3913, 16.69%, 0, 12, 3, 1894.16
1712544032, 0, 445, 10629, 10535, 3912, 16.72%, 0, 12, 3, 1668.98
1712544037, 0, 446, 10741, 10647, 3938, 16.74%, 0, 12, 3, 1571.90
1712544062, 0, 446, 10742, 10648, 3938, 16.74%, 0, 12, 3, 1796.69
1712544068, 0, 452, 10742, 10647, 3937, 16.74%, 0, 12, 3, 1819.85
1712544093, 0, 456, 10742, 10646, 3936, 16.74%, 0, 12, 3, 1774.85
1712544108, 0, 461, 10742, 10645, 3935, 16.74%, 0, 12, 3, 1815.74
1712544134, 0, 463, 10743, 10645, 3934, 16.74%, 0, 12, 3, 1819.35
1712544149, 0, 463, 10745, 10647, 3934, 16.74%, 0, 12, 3, 1824.80
1712544154, 0, 471, 10745, 10646, 3934, 16.74%, 0, 12, 3, 1814.75
1712544190, 0, 472, 10745, 10645, 3933, 16.74%, 0, 12, 3, 1726.19
1712544200, 0, 472, 10747, 10647, 3933, 16.74%, 0, 12, 3, 1945.88
1712544388, 0, 478, 10748, 10647, 3932, 16.74%, 0, 12, 3, 0.67
1712544408, 0, 481, 10748, 10646, 3931, 16.74%, 0, 12, 3, 1910.49
1712544599, 0, 481, 10749, 10647, 3931, 16.74%, 0, 12, 3, 0.91
1712544609, 0, 485, 10750, 10647, 3930, 16.74%, 0, 12, 3, 1813.31
1712544624, 0, 485, 10751, 10648, 3930, 16.74%, 0, 12, 3, 2017.21
1712544814, 0, 486, 10751, 10647, 3930, 16.74%, 0, 12, 3, 1716.10
1712544829, 0, 490, 10751, 10646, 3929, 16.74%, 0, 12, 3, 1949.24
1712545029, 0, 496, 10751, 10645, 3928, 16.74%, 0, 12, 3, 1862.44
1712545039, 0, 498, 10751, 10644, 3927, 16.74%, 0, 12, 3, 1689.53
1712545235, 0, 498, 10752, 10645, 3927, 16.74%, 0, 12, 3, 1560.01
1712545240, 0, 501, 10752, 10643, 3925, 16.74%, 0, 12, 3, 1733.31
1712545440, 0, 501, 10754, 10645, 3925, 16.75%, 0, 12, 3, 0.44
1712545445, 0, 503, 10755, 10645, 3926, 16.75%, 0, 12, 3, 1853.17
1712545455, 0, 503, 10756, 10646, 3926, 16.75%, 0, 12, 3, 1871.29
1712545660, 0, 504, 10756, 10645, 3926, 16.75%, 0, 12, 3, 1805.41
1712545675, 0, 504, 10757, 10646, 3926, 16.75%, 0, 12, 3, 1993.75
1712545881, 0, 504, 10758, 10647, 3926, 16.75%, 0, 12, 3, 1916.66
1712545886, 0, 505, 10758, 10646, 3925, 16.75%, 0, 12, 3, 1919.28
1712546301, 0, 509, 10758, 10644, 3923, 16.75%, 0, 12, 3, 1683.02
1712548600, 0, 511, 10758, 10643, 3922, 16.75%, 0, 12, 3, 1694.48
1712548810, 0, 513, 10874, 10758, 3933, 16.78%, 0, 12, 3, 1465.74
1712548815, 0, 513, 10875, 10759, 3933, 16.78%, 0, 12, 3, 1584.99
1712548825, 0, 513, 10876, 10760, 3933, 16.78%, 0, 12, 3, 1910.12
1712548830, 0, 516, 10876, 10759, 3933, 16.78%, 0, 12, 3, 2025.91
1712549025, 0, 517, 10876, 10758, 3932, 16.78%, 0, 12, 3, 1813.70
1712549040, 0, 518, 10876, 10757, 3931, 16.78%, 0, 12, 3, 2020.22
1712549246, 0, 525, 10876, 10755, 3929, 16.78%, 0, 12, 3, 1761.69
1712549251, 0, 525, 10877, 10756, 3929, 16.78%, 0, 12, 3, 1985.13
1712549456, 0, 526, 10877, 10755, 3929, 16.78%, 0, 12, 3, 1821.68
1712549657, 0, 527, 10877, 10754, 3928, 16.78%, 0, 12, 3, 1621.23
1712552816, 0, 527, 10878, 10755, 3928, 16.78%, 0, 12, 3, 1476.16
1712553227, 0, 527, 10879, 10756, 3928, 16.78%, 0, 12, 3, 1494.78
1712553873, 0, 527, 10880, 10757, 3928, 16.78%, 0, 12, 3, 1653.94
1712554719, 0, 527, 10881, 10758, 3928, 16.78%, 0, 12, 3, 1624.96
1712557222, 0, 527, 10886, 10763, 3928, 16.78%, 0, 12, 3, 1445.85
1712558700, 0, 527, 10887, 10764, 3928, 16.78%, 0, 12, 3, 1575.55
1712558920, 0, 527, 10888, 10765, 3928, 16.79%, 0, 12, 3, 1524.50
1712561229, 0, 527, 10889, 10766, 3928, 16.79%, 0, 12, 3, 1430.86
1712561869, 0, 527, 10890, 10767, 3928, 16.79%, 0, 12, 3, 1733.15
1712562054, 0, 527, 10891, 10768, 3928, 16.79%, 0, 12, 3, 0.19
1712562475, 0, 527, 10893, 10770, 3928, 16.79%, 0, 12, 3, 0.19
1712562896, 0, 532, 10893, 10769, 3931, 16.79%, 0, 12, 3, 2.11
1712562921, 0, 535, 10893, 10768, 3930, 16.79%, 0, 12, 3, 2033.41
1712563126, 0, 539, 10893, 10767, 3929, 16.79%, 0, 12, 3, 1717.76
1712564964, 0, 539, 11068, 10941, 3928, 16.95%, 0, 12, 3, 1638.02
1712564970, 0, 543, 11257, 11130, 3961, 17.02%, 0, 12, 3, 1627.79
1712564985, 0, 550, 11257, 11129, 3960, 17.02%, 0, 12, 3, 1764.85
1712565010, 0, 552, 11257, 11128, 3959, 17.02%, 0, 12, 3, 1782.17
1712565026, 0, 556, 11257, 11126, 3957, 17.02%, 0, 12, 3, 1780.04
1712565041, 0, 556, 11258, 11127, 3957, 17.02%, 0, 12, 3, 1721.51
1712565046, 0, 558, 11258, 11125, 3956, 17.02%, 0, 12, 3, 1760.46
1712565071, 0, 559, 11258, 11124, 3955, 17.02%, 0, 12, 3, 1782.32
1712565091, 0, 561, 11258, 11123, 3954, 17.02%, 0, 12, 3, 1744.20
1712565107, 0, 563, 11258, 11122, 3953, 17.02%, 0, 12, 3, 1700.28
1712565137, 0, 569, 11258, 11121, 3952, 17.02%, 0, 12, 3, 1711.32
1712565157, 0, 569, 11259, 11122, 3952, 17.02%, 0, 12, 3, 1674.73
1712565168, 0, 577, 11259, 11121, 3952, 17.02%, 0, 12, 3, 1643.47
1712565188, 0, 578, 11260, 11121, 3952, 17.02%, 0, 12, 3, 1770.57
1712565204, 0, 579, 11263, 11123, 3951, 17.02%, 0, 12, 3, 1748.61
1712565219, 0, 582, 11264, 11123, 3950, 17.02%, 0, 12, 3, 1823.51
1712565234, 0, 585, 11265, 11123, 3950, 17.02%, 0, 12, 3, 2026.44
1712565425, 0, 585, 11267, 11125, 3950, 17.03%, 0, 12, 3, 1801.90
1712565435, 0, 586, 11267, 11124, 3951, 17.03%, 0, 12, 3, 1678.82
1712565630, 0, 588, 11267, 11123, 3950, 17.03%, 0, 12, 3, 0.55
1712565651, 0, 597, 11267, 11122, 3949, 17.03%, 0, 12, 3, 1795.03
1712565851, 0, 601, 11267, 11121, 3948, 17.03%, 0, 12, 3, 1701.19
1712566066, 0, 606, 11267, 11120, 3947, 17.03%, 0, 12, 3, 1731.28
