# relative_time, cycles_done, cur_item, corpus_count, pending_total, pending_favs, map_size, saved_crashes, saved_hangs, max_depth, execs_per_sec, total_execs, edges_found
156, 0, 0, 33, 33, 5, 3.02%, 0, 0, 2, 0.08, 832, 901
161, 0, 0, 39, 39, 5, 3.05%, 0, 0, 2, 170.51, 1690, 911
166, 0, 0, 46, 46, 5, 3.07%, 0, 0, 2, 168.31, 2552, 915
171, 0, 0, 53, 53, 5, 3.09%, 0, 0, 2, 157.69, 3372, 921
176, 0, 0, 57, 57, 5, 3.11%, 0, 0, 2, 171.02, 4252, 927
182, 0, 0, 58, 58, 5, 3.16%, 0, 0, 2, 162.75, 5054, 942
4216, 0, 0, 58, 58, 5, 3.16%, 0, 0, 2, 0.01, 5855, 942
4367, 0, 0, 58, 58, 5, 3.16%, 0, 0, 2, 0.18, 5882, 942
4372, 0, 0, 61, 61, 5, 3.18%, 0, 0, 2, 195.52, 6845, 950
4377, 0, 0, 63, 63, 5, 3.19%, 0, 0, 2, 161.38, 7621, 951
4382, 0, 0, 64, 64, 5, 3.19%, 0, 0, 2, 144.26, 8363, 951
4387, 0, 0, 66, 66, 5, 3.20%, 0, 0, 2, 138.71, 9037, 955
4392, 0, 0, 67, 67, 5, 3.22%, 0, 0, 2, 140.39, 9752, 961
4577, 0, 0, 67, 67, 5, 3.22%, 0, 0, 2, 0.10, 10514, 961
4582, 0, 0, 67, 67, 5, 3.22%, 0, 0, 2, 190.55, 11501, 961
4587, 0, 0, 68, 68, 5, 3.23%, 0, 0, 2, 149.38, 12213, 963
4592, 0, 0, 69, 69, 5, 3.25%, 0, 0, 2, 144.78, 12930, 968
4597, 0, 0, 69, 69, 5, 3.25%, 0, 0, 2, 126.21, 13584, 968
4602, 0, 0, 69, 69, 5, 3.25%, 0, 0, 2, 140.72, 14300, 968
4787, 0, 0, 69, 69, 5, 3.25%, 0, 0, 2, 0.12, 14978, 968
4793, 0, 0, 69, 69, 5, 3.25%, 0, 0, 2, 166.29, 15862, 968
4798, 0, 0, 69, 69, 5, 3.25%, 0, 0, 2, 157.99, 16606, 968
4803, 0, 0, 72, 72, 5, 3.28%, 0, 0, 2, 159.00, 17446, 978
4808, 0, 0, 74, 74, 5, 3.28%, 0, 0, 2, 188.12, 18420, 978
4813, 0, 0, 75, 75, 5, 3.28%, 0, 0, 2, 182.46, 19315, 979
4998, 0, 1, 173, 172, 4, 3.66%, 0, 0, 2, 0.43, 20698, 1092
5003, 0, 1, 563, 562, 4, 4.95%, 0, 0, 2, 734.13, 24036, 1478
5008, 0, 1, 857, 856, 4, 5.99%, 0, 0, 2, 616.26, 26918, 1786
5013, 0, 1, 1241, 1240, 4, 7.38%, 0, 0, 2, 623.88, 30016, 2200
5018, 0, 1, 1660, 1659, 4, 8.95%, 0, 0, 2, 674.34, 33377, 2669
5023, 0, 1, 2196, 2195, 4, 10.62%, 0, 0, 2, 817.27, 37670, 3168
5208, 0, 1, 2662, 2661, 4, 11.91%, 0, 0, 2, 0.22, 41400, 3554
5214, 0, 1, 3081, 3080, 4, 12.88%, 0, 0, 2, 617.54, 44752, 3842
5219, 0, 1, 3501, 3500, 4, 13.96%, 0, 0, 2, 645.97, 48112, 4165
5224, 0, 1, 3838, 3837, 4, 14.84%, 0, 0, 2, 544.61, 50813, 4426
5229, 0, 1, 4269, 4268, 4, 16.19%, 0, 0, 2, 683.59, 54275, 4829
5234, 0, 1, 4821, 4820, 4, 17.95%, 0, 0, 2, 842.95, 58703, 5355
5419, 0, 14, 5094, 5090, 1612, 18.74%, 0, 0, 2, 0.20, 61378, 5590
5424, 0, 34, 5094, 5088, 1610, 18.74%, 0, 0, 2, 167.58, 62230, 5590
5429, 0, 58, 5094, 5084, 1606, 18.74%, 0, 0, 2, 201.93, 63294, 5590
5434, 0, 64, 5094, 5083, 1605, 18.74%, 0, 0, 2, 157.40, 64069, 5590
5439, 0, 67, 5094, 5081, 1604, 18.74%, 0, 0, 2, 222.10, 65162, 5590
5444, 0, 115, 5094, 5079, 1602, 18.74%, 0, 0, 2, 202.52, 66228, 5590
5629, 0, 139, 5094, 5077, 1600, 18.74%, 0, 0, 2, 0.29, 67196, 5590
5634, 0, 155, 5094, 5076, 1599, 18.74%, 0, 0, 2, 204.45, 68300, 5590
5639, 0, 182, 5094, 5073, 1597, 18.74%, 0, 0, 2, 25.03, 68687, 5590
5645, 0, 182, 5097, 5076, 1597, 18.74%, 0, 0, 2, 50.44, 69004, 5590
5650, 0, 182, 5098, 5077, 1597, 18.75%, 0, 0, 2, 59.31, 69309, 5592
5655, 0, 182, 5099, 5078, 1597, 18.75%, 0, 0, 2, 57.38, 69600, 5592
5840, 0, 182, 5100, 5079, 1597, 18.75%, 0, 0, 2, 0.02, 69850, 5592
5845, 0, 182, 5100, 5079, 1597, 18.75%, 0, 0, 2, 65.25, 70148, 5592
5850, 0, 182, 5102, 5081, 1597, 18.75%, 0, 0, 2, 63.41, 70474, 5592
5855, 0, 182, 5102, 5081, 1597, 18.75%, 0, 0, 2, 58.61, 70774, 5592
5860, 0, 182, 5102, 5081, 1597, 18.75%, 0, 0, 2, 50.53, 71049, 5592
5865, 0, 182, 5103, 5082, 1597, 18.75%, 0, 0, 2, 58.80, 71357, 5592
6050, 0, 182, 5103, 5082, 1597, 18.75%, 0, 0, 2, 0.07, 71629, 5592
6055, 0, 182, 5103, 5082, 1597, 18.75%, 0, 0, 2, 67.65, 71979, 5592
6060, 0, 182, 5103, 5082, 1597, 18.75%, 0, 0, 2, 62.57, 72295, 5592
6065, 0, 182, 5103, 5082, 1597, 18.75%, 0, 0, 2, 61.88, 72621, 5592
6071, 0, 182, 5103, 5082, 1597, 18.75%, 0, 0, 2, 55.30, 72899, 5592
6076, 0, 182, 5103, 5082, 1597, 18.75%, 0, 0, 2, 59.56, 73200, 5592
6260, 0, 182, 5103, 5082, 1597, 18.75%, 0, 0, 2, 0.02, 73458, 5592
6265, 0, 182, 5103, 5082, 1597, 18.75%, 0, 0, 2, 52.54, 73742, 5592
6271, 0, 182, 5103, 5082, 1597, 18.75%, 0, 0, 2, 52.77, 74019, 5592
6276, 0, 182, 5103, 5082, 1597, 18.75%, 0, 0, 2, 55.12, 74314, 5592
6281, 0, 182, 5103, 5082, 1597, 18.75%, 0, 0, 2, 65.45, 74652, 5592
6286, 0, 182, 5103, 5082, 1597, 18.75%, 0, 0, 2, 63.85, 75001, 5592
8400, 0, 182, 5103, 5082, 1597, 18.75%, 0, 0, 2, 0.00, 75199, 5592
8405, 0, 182, 5103, 5082, 1597, 18.75%, 0, 0, 2, 89.27, 75667, 5592
8410, 0, 182, 5103, 5082, 1597, 18.75%, 0, 0, 2, 93.65, 76157, 5592
8415, 0, 182, 5104, 5083, 1597, 18.75%, 0, 0, 2, 94.79, 76626, 5592
8420, 0, 182, 5104, 5083, 1597, 18.75%, 0, 0, 2, 88.45, 77072, 5592
8574, 0, 182, 5105, 5084, 1597, 18.75%, 0, 0, 2, 0.05, 77417, 5592
8579, 0, 182, 5106, 5085, 1597, 18.75%, 0, 0, 2, 90.14, 77849, 5592
8585, 0, 182, 5106, 5085, 1597, 18.75%, 0, 0, 2, 87.11, 78295, 5592
8590, 0, 182, 5106, 5085, 1597, 18.75%, 0, 0, 2, 85.85, 78733, 5592
8595, 0, 182, 5107, 5086, 1597, 18.75%, 0, 0, 2, 84.83, 79151, 5592
8600, 0, 182, 5107, 5086, 1597, 18.75%, 0, 0, 2, 87.60, 79603, 5592
8785, 0, 182, 5107, 5086, 1597, 18.75%, 0, 0, 2, 0.02, 80024, 5592
8790, 0, 182, 5107, 5086, 1597, 18.75%, 0, 0, 2, 81.05, 80451, 5592
