# unix_time, cycles_done, cur_path, paths_total, pending_total, pending_favs, map_size, unique_crashes, unique_hangs, max_depth, execs_per_sec
1712685913, 0, 0, 5, 5, 5, 1.24%, 0, 0, 1, 2500.00
1712686042, 0, 0, 61, 61, 5, 1.57%, 0, 0, 2, 2.77
1712686047, 0, 0, 84, 84, 5, 1.70%, 0, 0, 2, 1374.10
1712686053, 0, 0, 94, 94, 5, 1.75%, 0, 0, 2, 1653.85
1712690130, 0, 0, 105, 105, 5, 1.77%, 0, 0, 2, 0.04
1712690256, 0, 0, 110, 110, 5, 1.78%, 0, 0, 2, 2140.97
1712690266, 0, 0, 129, 129, 5, 1.80%, 0, 0, 2, 2146.95
1712690271, 0, 0, 139, 139, 5, 1.81%, 0, 0, 2, 2052.33
1712690276, 0, 0, 146, 146, 5, 1.82%, 0, 0, 2, 2016.27
1712690461, 0, 0, 319, 318, 4, 4.09%, 0, 0, 2, 0.11
1712690466, 0, 0, 1232, 1231, 4, 7.16%, 0, 0, 2, 1652.50
1712690471, 0, 0, 2081, 2080, 4, 8.44%, 0, 0, 2, 1586.63
1712690476, 0, 0, 2936, 2935, 4, 9.45%, 0, 0, 2, 1615.51
1712690481, 0, 0, 3752, 3751, 4, 10.17%, 0, 0, 2, 1582.51
1712690486, 0, 0, 4563, 4562, 4, 10.83%, 0, 0, 2, 1579.18
1712690671, 0, 0, 5346, 5345, 4, 11.42%, 0, 0, 2, 1.50
1712690676, 0, 162, 5442, 5441, 2604, 11.48%, 0, 0, 2, 1678.64
1712690681, 0, 165, 5442, 5440, 2603, 11.48%, 0, 0, 2, 1933.01
1712690696, 0, 173, 5443, 5440, 2602, 11.49%, 0, 0, 2, 2013.78
1712690887, 0, 218, 5443, 5439, 2602, 11.49%, 0, 0, 2, 2230.71
1712690892, 0, 218, 5444, 5440, 2602, 11.49%, 0, 0, 2, 2277.31
1712690897, 0, 264, 5444, 5439, 2602, 11.49%, 0, 0, 2, 2207.88
1712690907, 0, 290, 5444, 5438, 2601, 11.49%, 0, 0, 2, 2096.15
1712691092, 0, 290, 5445, 5439, 2601, 11.49%, 0, 0, 2, 2.33
1712691097, 0, 349, 5445, 5438, 2601, 11.49%, 0, 0, 2, 2207.79
1712691107, 0, 359, 5445, 5437, 2600, 11.49%, 0, 0, 2, 2083.98
1712691117, 0, 377, 5445, 5436, 2599, 11.49%, 0, 0, 2, 2104.50
1712691312, 0, 422, 5445, 5435, 2598, 11.49%, 0, 0, 2, 2071.21
1712691317, 0, 422, 5446, 5436, 2598, 11.49%, 0, 0, 2, 2102.07
1712691322, 0, 424, 5446, 5435, 2598, 11.49%, 0, 0, 2, 2013.43
1712691513, 0, 424, 5451, 5440, 2598, 11.50%, 0, 0, 2, 0.68
1712691518, 0, 440, 5451, 5439, 2602, 11.50%, 0, 0, 2, 2034.52
1712691523, 0, 549, 5451, 5438, 2600, 11.50%, 0, 0, 2, 1987.37
1712691538, 0, 584, 5453, 5439, 2599, 11.51%, 0, 0, 2, 2061.16
1712691723, 0, 601, 5453, 5438, 2599, 11.51%, 0, 0, 2, 0.43
1712691733, 0, 633, 5453, 5437, 2598, 11.51%, 0, 0, 2, 2012.45
1712691933, 0, 635, 5453, 5436, 2597, 11.51%, 0, 0, 2, 1.64
1712691938, 0, 635, 5454, 5437, 2597, 11.51%, 0, 0, 2, 2149.05
1712691958, 0, 635, 5461, 5444, 2597, 11.52%, 0, 0, 2, 2104.83
1712692143, 0, 635, 5462, 5445, 2597, 11.52%, 0, 0, 2, 0.89
1712692164, 0, 635, 5463, 5446, 2597, 11.52%, 0, 0, 2, 2196.85
1712692169, 0, 635, 5464, 5447, 2597, 11.52%, 0, 0, 2, 2166.93
1712693812, 0, 635, 5465, 5448, 2597, 11.52%, 0, 0, 2, 0.04
1712693817, 0, 635, 5467, 5450, 2597, 11.52%, 0, 0, 2, 1761.63
1712693822, 0, 635, 5469, 5452, 2597, 11.52%, 0, 0, 2, 1750.18
1712693827, 0, 659, 5469, 5451, 2604, 11.52%, 0, 0, 2, 1981.75
1712693837, 0, 679, 5474, 5455, 2603, 11.52%, 0, 0, 2, 1953.61
1712693842, 0, 679, 5475, 5456, 2603, 11.52%, 0, 0, 2, 2020.85
1712693847, 0, 687, 5476, 5456, 2603, 11.52%, 0, 0, 2, 2051.68
1712693858, 0, 687, 6160, 6139, 2602, 12.37%, 0, 0, 2, 1715.30
1712693863, 0, 719, 6675, 6654, 2978, 12.71%, 0, 0, 2, 1687.13
1712693873, 0, 756, 6675, 6653, 2977, 12.71%, 0, 0, 2, 1972.50
1712693883, 0, 797, 6675, 6652, 2976, 12.71%, 0, 0, 2, 2011.06
1712693893, 0, 808, 6675, 6651, 2975, 12.71%, 0, 0, 2, 2027.06
1712693908, 0, 808, 6677, 6653, 2975, 12.71%, 0, 0, 2, 2016.85
1712693913, 0, 817, 6678, 6653, 2977, 12.72%, 0, 0, 2, 1965.29
1712693923, 0, 829, 6678, 6652, 2976, 12.72%, 0, 0, 2, 2098.48
1712693933, 0, 829, 6679, 6653, 2976, 12.72%, 0, 0, 2, 2063.81
1712693948, 0, 883, 6679, 6652, 2977, 12.72%, 0, 0, 2, 1955.53
1712693958, 0, 917, 6679, 6651, 2976, 12.72%, 0, 0, 2, 1976.23
1712693974, 0, 944, 6679, 6650, 2975, 12.72%, 0, 0, 2, 1971.56
1712693984, 0, 1013, 6680, 6650, 2974, 12.72%, 0, 0, 2, 2068.20
1712693994, 0, 1026, 6682, 6651, 2976, 12.73%, 0, 0, 2, 2024.32
1712694009, 0, 1063, 6683, 6651, 2976, 12.73%, 0, 0, 2, 1898.82
1712694019, 0, 1113, 6683, 6650, 2975, 12.73%, 0, 0, 2, 1928.89
1712694029, 0, 1139, 6683, 6649, 2974, 12.73%, 0, 0, 2, 1953.74
1712694458, 0, 1139, 6683, 6649, 2974, 12.73%, 0, 1, 2, 0.84
1712694469, 0, 1168, 6683, 6648, 2973, 12.73%, 0, 1, 2, 1913.59
1712694679, 0, 1168, 6684, 6649, 2973, 12.73%, 0, 1, 2, 2340.58
1712694889, 0, 1254, 6685, 6649, 2971, 12.73%, 0, 1, 2, 2104.28
1712694894, 0, 1280, 6685, 6648, 2970, 12.73%, 0, 1, 2, 2069.56
1712694905, 0, 1287, 6685, 6647, 2969, 12.73%, 0, 1, 2, 1942.34
1712695089, 0, 1317, 6685, 6646, 2968, 12.73%, 0, 1, 2, 1.02
1712695094, 0, 1317, 6686, 6647, 2968, 12.73%, 0, 1, 2, 2122.80
1712695100, 0, 1317, 6687, 6648, 2968, 12.73%, 0, 1, 2, 2108.88
1712695110, 0, 1317, 6688, 6649, 2968, 12.73%, 0, 1, 2, 2022.89
1712695115, 0, 1380, 6689, 6649, 2967, 12.73%, 0, 1, 2, 1938.00
1712695315, 0, 1420, 6689, 6648, 2966, 12.73%, 0, 1, 2, 2158.57
1712695325, 0, 1427, 6690, 6648, 2965, 12.73%, 0, 1, 2, 2057.72
1712695515, 0, 1433, 6690, 6647, 2965, 12.73%, 0, 1, 2, 2005.82
1712695520, 0, 1433, 6691, 6648, 2965, 12.73%, 0, 1, 2, 2171.09
1712695525, 0, 1444, 6692, 6648, 2965, 12.73%, 0, 1, 2, 2120.79
1712695530, 0, 1476, 6693, 6648, 2966, 12.73%, 0, 1, 2, 2018.41
1712695720, 0, 1575, 6693, 6647, 2965, 12.73%, 0, 1, 2, 2.11
1712695726, 0, 1639, 6693, 6646, 2964, 12.73%, 0, 1, 2, 2016.42
1712695736, 0, 1724, 6693, 6645, 2963, 12.73%, 0, 1, 2, 2089.81
1712695741, 0, 1771, 6693, 6644, 2962, 12.73%, 0, 1, 2, 2036.99
1712695956, 0, 1798, 6693, 6643, 2961, 12.73%, 0, 1, 2, 2029.00
1712696146, 0, 1881, 6695, 6644, 2960, 12.75%, 0, 1, 2, 2117.64
1712696156, 0, 1949, 6696, 6644, 2961, 12.75%, 0, 1, 2, 2014.24
1712696357, 0, 2013, 6696, 6643, 2961, 12.75%, 0, 1, 2, 2027.26
1712696367, 0, 2035, 6696, 6642, 2960, 12.75%, 0, 1, 2, 1932.33
1712698356, 0, 2035, 6697, 6643, 2960, 12.75%, 0, 1, 2, 2158.34
1712698407, 0, 2035, 6699, 6645, 2960, 12.75%, 0, 1, 2, 1464.37
1712698412, 0, 2035, 6704, 6650, 2960, 12.75%, 0, 1, 2, 1356.82
1712698422, 0, 2057, 6704, 6649, 2959, 12.75%, 0, 1, 2, 1534.52
1712698438, 0, 2057, 6858, 6802, 2958, 13.01%, 0, 4, 2, 113.78
1712698443, 0, 2057, 7320, 7264, 2958, 13.27%, 0, 5, 2, 1264.78
1712698448, 0, 2057, 7506, 7450, 2958, 13.36%, 0, 9, 2, 172.41
1712698453, 0, 2058, 7605, 7549, 3214, 13.42%, 0, 10, 2, 1269.50
1712698892, 0, 2058, 7607, 7551, 3214, 13.42%, 0, 10, 2, 2042.72
1712699087, 0, 2125, 7609, 7552, 3212, 13.42%, 0, 10, 2, 1.49
1712699097, 0, 2147, 7609, 7551, 3211, 13.42%, 0, 10, 2, 2085.26
1712699107, 0, 2156, 7609, 7550, 3210, 13.42%, 0, 10, 2, 2017.22
1712699302, 0, 2184, 7609, 7549, 3209, 13.42%, 0, 10, 2, 2120.99
1712699312, 0, 2270, 7612, 7551, 3208, 13.42%, 0, 10, 2, 2023.97
1712699508, 0, 2336, 7612, 7550, 3207, 13.42%, 0, 10, 2, 2.01
1712699513, 0, 2336, 7613, 7551, 3207, 13.43%, 0, 10, 2, 2149.03
1712699523, 0, 2351, 7613, 7550, 3207, 13.43%, 0, 10, 2, 2069.11
1712699533, 0, 2361, 7613, 7549, 3206, 13.43%, 0, 10, 2, 1991.47
1712699728, 0, 2439, 7613, 7548, 3205, 13.43%, 0, 10, 2, 2150.68
1712699738, 0, 2488, 7613, 7547, 3204, 13.43%, 0, 10, 2, 2042.63
1712699928, 0, 2576, 7613, 7546, 3203, 13.43%, 0, 10, 2, 0.17
1712699939, 0, 2735, 7613, 7545, 3202, 13.43%, 0, 10, 2, 2062.76
1712700144, 0, 2736, 7614, 7545, 3201, 13.43%, 0, 10, 2, 2110.97
1712700149, 0, 2773, 7614, 7544, 3200, 13.43%, 0, 10, 2, 2210.79
1712700154, 0, 2773, 7615, 7545, 3200, 13.43%, 0, 10, 2, 2127.75
1712700159, 0, 2814, 7615, 7544, 3199, 13.43%, 0, 10, 2, 2027.61
1712700359, 0, 2819, 7615, 7543, 3198, 13.43%, 0, 10, 2, 1994.32
1712700369, 0, 2828, 7615, 7542, 3197, 13.43%, 0, 10, 2, 2030.71
1712700559, 0, 2828, 7615, 7542, 3197, 13.43%, 0, 11, 2, 0.68
1712700564, 0, 2833, 7615, 7541, 3195, 13.43%, 0, 11, 2, 2065.14
1712702371, 0, 2833, 7615, 7541, 3195, 13.43%, 0, 12, 2, 0.15
1712702406, 0, 2933, 7616, 7541, 3195, 13.43%, 0, 12, 2, 1883.53
1712702427, 0, 2933, 7845, 7769, 3194, 13.76%, 0, 12, 2, 1572.18
1712702432, 0, 2933, 8087, 8011, 3194, 13.94%, 0, 13, 2, 1165.86
1712702437, 0, 2968, 8211, 8135, 3398, 14.00%, 0, 13, 2, 1460.33
1712702447, 0, 3006, 8211, 8134, 3397, 14.00%, 0, 13, 2, 1854.73
1712702457, 0, 3008, 8211, 8133, 3396, 14.00%, 0, 13, 2, 1911.13
1712702472, 0, 3064, 8211, 8132, 3395, 14.00%, 0, 13, 2, 1837.88
1712702483, 0, 3079, 8211, 8131, 3394, 14.00%, 0, 13, 2, 1897.47
1712702493, 0, 3102, 8211, 8130, 3393, 14.00%, 0, 13, 2, 1913.76
1712702508, 0, 3119, 8211, 8129, 3392, 14.00%, 0, 13, 2, 1854.40
1712702518, 0, 3214, 8212, 8129, 3391, 14.00%, 0, 13, 2, 1896.80
1712702523, 0, 3214, 8213, 8130, 3391, 14.00%, 0, 13, 2, 2030.46
1712702528, 0, 3248, 8214, 8130, 3391, 14.00%, 0, 13, 2, 2008.85
1712702544, 0, 3264, 8216, 8131, 3390, 14.00%, 0, 13, 2, 2020.91
1712702554, 0, 3297, 8216, 8130, 3391, 14.00%, 0, 13, 2, 1936.34
1712702874, 0, 3322, 8216, 8129, 3390, 14.00%, 0, 13, 2, 0.53
1712702889, 0, 3363, 8216, 8128, 3389, 14.00%, 0, 13, 2, 2060.53
1712702899, 0, 3384, 8216, 8127, 3388, 14.00%, 0, 13, 2, 1950.43
1712703090, 0, 3436, 8216, 8126, 3387, 14.00%, 0, 13, 2, 2024.79
1712703100, 0, 3479, 8246, 8155, 3397, 14.02%, 0, 13, 2, 1899.80
1712703105, 0, 3479, 8247, 8156, 3397, 14.02%, 0, 13, 2, 2069.48
1712703310, 0, 3497, 8247, 8155, 3397, 14.02%, 0, 13, 2, 2120.00
1712703320, 0, 3501, 8247, 8154, 3396, 14.02%, 0, 13, 2, 2126.61
1712706961, 0, 3512, 8247, 8153, 3395, 14.02%, 0, 13, 2, 0.05
1712707087, 0, 3512, 8248, 8154, 3395, 14.02%, 0, 13, 2, 2019.13
1712707103, 0, 3554, 8248, 8153, 3394, 14.02%, 0, 13, 2, 1975.06
1712707303, 0, 3554, 8266, 8170, 3393, 14.36%, 0, 13, 2, 1945.66
1712707308, 0, 3554, 9037, 8941, 3393, 15.98%, 0, 13, 2, 1504.55
1712707313, 0, 3554, 9786, 9690, 3393, 16.41%, 0, 13, 2, 1408.79
1712707318, 0, 3629, 9919, 9823, 4052, 16.48%, 0, 13, 2, 1715.06
1712707508, 0, 3707, 9919, 9822, 4051, 16.48%, 0, 13, 2, 2137.57
1712707518, 0, 3748, 9919, 9821, 4050, 16.48%, 0, 13, 2, 2036.04
1712707523, 0, 3894, 9919, 9820, 4049, 16.48%, 0, 13, 2, 1965.96
1712707713, 0, 3923, 9919, 9819, 4048, 16.48%, 0, 13, 2, 0.42
1712707723, 0, 3984, 9919, 9818, 4047, 16.48%, 0, 13, 2, 1949.31
1712707739, 0, 4140, 9920, 9818, 4046, 16.48%, 0, 13, 2, 1951.03
1712707934, 0, 4237, 9920, 9817, 4046, 16.48%, 0, 13, 2, 2157.98
1712707944, 0, 4237, 9921, 9818, 4046, 16.49%, 0, 13, 2, 1964.16
1712707949, 0, 4237, 9923, 9820, 4046, 16.49%, 0, 13, 2, 2016.77
1712708359, 0, 4237, 9924, 9821, 4046, 16.49%, 0, 13, 2, 2132.71
1712708560, 0, 4237, 9925, 9822, 4046, 16.49%, 0, 13, 2, 2162.36
1712708770, 0, 4237, 9936, 9833, 4046, 16.49%, 0, 13, 2, 2113.08
1712708775, 0, 4237, 9938, 9835, 4046, 16.49%, 0, 13, 2, 1777.36
1712708780, 0, 4237, 9939, 9836, 4046, 16.49%, 0, 13, 2, 1798.94
1712708785, 0, 4246, 9939, 9835, 4046, 16.49%, 0, 13, 2, 1760.40
1712708975, 0, 4346, 9939, 9834, 4045, 16.49%, 0, 13, 2, 1.86
1712708986, 0, 4356, 9939, 9833, 4044, 16.49%, 0, 13, 2, 2014.91
1712709001, 0, 4356, 9940, 9834, 4044, 16.49%, 0, 13, 2, 1918.65
1712710727, 0, 4518, 9940, 9833, 4044, 16.49%, 0, 13, 2, 0.07
1712710742, 0, 4545, 9940, 9832, 4043, 16.49%, 0, 13, 2, 1868.90
1712710757, 0, 4612, 9941, 9832, 4042, 16.49%, 0, 13, 2, 1937.52
1712710767, 0, 4650, 9941, 9831, 4042, 16.49%, 0, 13, 2, 1972.52
1712710778, 0, 4650, 10272, 10161, 4041, 16.60%, 0, 13, 2, 1340.49
1712710783, 0, 4693, 10368, 10257, 4089, 16.63%, 0, 13, 2, 1593.12
1712710793, 0, 4811, 10368, 10256, 4088, 16.63%, 0, 13, 2, 1863.69
1712710828, 0, 4858, 10368, 10255, 4087, 16.63%, 0, 13, 2, 2002.68
1712710833, 0, 4944, 10368, 10254, 4086, 16.63%, 0, 13, 2, 1875.76
1712710848, 0, 5004, 10368, 10253, 4085, 16.63%, 0, 13, 2, 1994.37
1712710859, 0, 5006, 10368, 10252, 4084, 16.63%, 0, 13, 2, 1938.74
1712710874, 0, 5068, 10368, 10251, 4083, 16.63%, 0, 13, 2, 2000.65
1712710879, 0, 5093, 10368, 10250, 4082, 16.63%, 0, 13, 2, 1979.97
1712710889, 0, 5147, 10368, 10249, 4081, 16.63%, 0, 13, 2, 1948.80
1712710899, 0, 5212, 10368, 10248, 4080, 16.63%, 0, 13, 2, 1966.97
1712710909, 0, 5236, 10368, 10247, 4079, 16.63%, 0, 13, 2, 1898.00
1712710919, 0, 5267, 10368, 10246, 4078, 16.63%, 0, 13, 2, 1834.44
1712710935, 0, 5278, 10368, 10245, 4077, 16.63%, 0, 13, 2, 1863.65
1712711295, 0, 5338, 10368, 10244, 4076, 16.63%, 0, 13, 2, 2003.47
1712711316, 0, 5376, 10368, 10243, 4075, 16.63%, 0, 13, 2, 1972.76
1712711506, 0, 5379, 10383, 10257, 4075, 16.63%, 0, 13, 2, 1980.84
1712711521, 0, 5397, 10383, 10256, 4074, 16.63%, 0, 13, 2, 2127.25
1712711526, 0, 5397, 10384, 10257, 4074, 16.64%, 0, 13, 2, 2074.21
1712711711, 0, 5409, 10384, 10256, 4074, 16.64%, 0, 13, 2, 0.57
1712711721, 0, 5426, 10384, 10255, 4073, 16.64%, 0, 13, 2, 2037.72
1712711731, 0, 5507, 10384, 10254, 4072, 16.64%, 0, 13, 2, 1939.80
1712711922, 0, 5507, 10385, 10255, 4072, 16.64%, 0, 13, 2, 1.77
1712711927, 0, 5523, 10385, 10254, 4072, 16.64%, 0, 13, 2, 1912.76
1712712137, 0, 5572, 10386, 10254, 4071, 16.64%, 0, 13, 2, 1840.01
1712712147, 0, 5573, 10386, 10253, 4071, 16.64%, 0, 13, 2, 2013.10
1712712158, 0, 5592, 10386, 10252, 4069, 16.64%, 0, 13, 2, 1988.23
1712712357, 0, 5649, 10386, 10251, 4068, 16.64%, 0, 13, 2, 1924.93
1712712367, 0, 5665, 10386, 10250, 4066, 16.64%, 0, 13, 2, 1880.19
1712712558, 0, 5686, 10386, 10249, 4065, 16.64%, 0, 13, 2, 1983.91
1712712568, 0, 5688, 10386, 10248, 4064, 16.64%, 0, 13, 2, 1975.84
1712712763, 0, 5721, 10386, 10247, 4063, 16.64%, 0, 13, 2, 0.62
1712712778, 0, 5728, 10386, 10246, 4062, 16.64%, 0, 13, 2, 1919.94
1712712978, 0, 5740, 10386, 10245, 4061, 16.64%, 0, 13, 2, 1956.17
1712712988, 0, 5748, 10388, 10246, 4061, 16.64%, 0, 13, 2, 1933.07
1712713184, 0, 5815, 10388, 10245, 4061, 16.64%, 0, 13, 2, 0.65
1712713199, 0, 5837, 10388, 10244, 4059, 16.64%, 0, 13, 2, 1853.95
1712715354, 0, 5857, 10388, 10243, 4058, 16.64%, 0, 13, 2, 1944.16
1712715364, 0, 5857, 10535, 10389, 4057, 16.72%, 0, 14, 2, 1318.27
1712715370, 0, 5862, 10655, 10509, 4097, 16.76%, 0, 15, 2, 1453.11
1712715503, 0, 5898, 10655, 10508, 4096, 16.76%, 0, 15, 2, 1950.59
1712715513, 0, 5937, 10655, 10507, 4095, 16.76%, 0, 15, 2, 2010.03
1712715714, 0, 5940, 10655, 10506, 4094, 16.76%, 0, 15, 2, 2096.88
1712715729, 0, 5960, 10655, 10505, 4093, 16.76%, 0, 15, 2, 2141.64
1712715919, 0, 5963, 10655, 10504, 4092, 16.76%, 0, 15, 2, 1.47
1712716129, 0, 6040, 10655, 10503, 4091, 16.76%, 0, 15, 2, 2.16
1712716144, 0, 6078, 10655, 10502, 4090, 16.76%, 0, 15, 2, 1999.17
1712716149, 0, 6078, 10656, 10503, 4090, 16.76%, 0, 15, 2, 2077.44
1712716360, 0, 6127, 10656, 10502, 4090, 16.76%, 0, 15, 2, 2050.48
1712716550, 0, 6131, 10656, 10501, 4089, 16.76%, 0, 15, 2, 0.43
1712716560, 0, 6265, 10656, 10500, 4088, 16.76%, 0, 15, 2, 2053.55
1712716575, 0, 6296, 10657, 10500, 4087, 16.76%, 0, 15, 2, 2051.25
1712716760, 0, 6296, 10657, 10500, 4087, 16.76%, 0, 16, 2, 2.22
1712716775, 0, 6303, 10657, 10499, 4087, 16.76%, 0, 16, 2, 2135.88
1712716781, 0, 6401, 10657, 10498, 4086, 16.76%, 0, 16, 2, 1921.00
1712716971, 0, 6419, 10658, 10498, 4085, 16.76%, 0, 16, 2, 1.37
1712716981, 0, 6456, 10658, 10497, 4085, 16.76%, 0, 16, 2, 1985.62
1712716991, 0, 6521, 10658, 10496, 4084, 16.76%, 0, 16, 2, 2007.23
1712717391, 0, 6551, 10658, 10495, 4083, 16.76%, 0, 16, 2, 0.48
1712717401, 0, 6605, 10658, 10494, 4082, 16.76%, 0, 16, 2, 2014.63
1712719462, 0, 6621, 10658, 10493, 4081, 16.76%, 0, 16, 2, 0.14
1712719472, 0, 6621, 10861, 10695, 4080, 16.86%, 0, 16, 2, 1672.34
1712719477, 0, 6649, 11034, 10868, 4146, 16.90%, 0, 17, 2, 1432.11
1712719487, 0, 6666, 11034, 10867, 4145, 16.90%, 0, 17, 2, 1884.23
1712719503, 0, 6677, 11035, 10867, 4144, 16.90%, 0, 17, 3, 1897.94
1712719523, 0, 6689, 11035, 10866, 4144, 16.90%, 0, 17, 3, 1878.03
1712719538, 0, 6692, 11035, 10865, 4143, 16.90%, 0, 17, 3, 1980.70
1712719543, 0, 6728, 11035, 10864, 4142, 16.90%, 0, 17, 3, 1931.19
1712719553, 0, 6737, 11035, 10863, 4141, 16.90%, 0, 17, 3, 1764.19
1712719568, 0, 6744, 11035, 10862, 4140, 16.90%, 0, 17, 3, 1698.36
1712719716, 0, 6765, 11035, 10861, 4139, 16.90%, 0, 17, 3, 1891.11
1712719721, 0, 6765, 11036, 10862, 4139, 16.90%, 0, 17, 3, 2070.46
1712719727, 0, 6782, 11036, 10861, 4139, 16.90%, 0, 17, 3, 2066.12
1712719916, 0, 6792, 11036, 10860, 4138, 16.90%, 0, 17, 3, 1.40
1712719942, 0, 6840, 11036, 10859, 4137, 16.90%, 0, 17, 3, 1976.58
1712720132, 0, 6871, 11036, 10858, 4136, 16.90%, 0, 17, 3, 2012.63
1712720137, 0, 6903, 11037, 10858, 4135, 16.90%, 0, 17, 3, 1961.25
1712720147, 0, 6923, 11037, 10857, 4135, 16.90%, 0, 17, 3, 2028.22
1712720342, 0, 6950, 11037, 10856, 4134, 16.90%, 0, 17, 3, 1957.30
1712720357, 0, 7035, 11037, 10855, 4133, 16.90%, 0, 17, 3, 2072.26
1712720568, 0, 7056, 11037, 10854, 4131, 16.90%, 0, 17, 3, 1972.95
1712720763, 0, 7072, 11037, 10853, 4130, 16.90%, 0, 17, 3, 1961.19
1712720778, 0, 7100, 11037, 10852, 4129, 16.90%, 0, 17, 3, 2005.22
1712720973, 0, 7107, 11037, 10851, 4128, 16.90%, 0, 17, 3, 1887.77
1712721179, 0, 7136, 11037, 10850, 4127, 16.90%, 0, 17, 3, 2.11
1712721189, 0, 7146, 11037, 10849, 4126, 16.90%, 0, 17, 3, 1892.09
1712721204, 0, 7207, 11037, 10848, 4125, 16.90%, 0, 17, 3, 2062.59
1712721394, 0, 7212, 11037, 10847, 4124, 16.90%, 0, 17, 3, 1968.39
1712721409, 0, 7221, 11037, 10846, 4123, 16.90%, 0, 17, 3, 1974.98
1712721599, 0, 7232, 11037, 10845, 4122, 16.90%, 0, 17, 3, 1.47
1712721609, 0, 7264, 11037, 10844, 4121, 16.90%, 0, 17, 3, 1937.69
1712721624, 0, 7316, 11037, 10843, 4120, 16.90%, 0, 17, 3, 1989.98
1712723913, 0, 7356, 11037, 10842, 4119, 16.90%, 0, 17, 3, 0.02
1712723929, 0, 7393, 11184, 10988, 4131, 16.94%, 0, 17, 3, 1639.17
1712724134, 0, 7409, 11185, 10988, 4130, 16.94%, 0, 17, 3, 1948.12
1712724144, 0, 7433, 11185, 10987, 4130, 16.94%, 0, 17, 3, 1878.16
1712724344, 0, 7476, 11185, 10986, 4129, 16.94%, 0, 17, 3, 1880.74
1712724359, 0, 7496, 11185, 10985, 4128, 16.94%, 0, 17, 3, 1983.04
1712724549, 0, 7527, 11185, 10984, 4127, 16.94%, 0, 17, 3, 2003.32
1712724555, 0, 7527, 11186, 10985, 4127, 16.95%, 0, 17, 3, 2188.12
1712724560, 0, 7535, 11186, 10984, 4127, 16.95%, 0, 17, 3, 2132.37
1712724765, 0, 7550, 11186, 10983, 4126, 16.95%, 0, 17, 3, 2018.20
1712724775, 0, 7674, 11186, 10982, 4125, 16.95%, 0, 17, 3, 1893.18
1712724970, 0, 7677, 11186, 10981, 4124, 16.95%, 0, 17, 3, 1924.15
1712724975, 0, 7677, 11187, 10982, 4124, 16.95%, 0, 17, 3, 1894.93
1712724991, 0, 7678, 11187, 10981, 4124, 16.95%, 0, 17, 3, 1923.91
1712725181, 0, 7681, 11187, 10980, 4123, 16.95%, 0, 17, 3, 1976.82
1712725196, 0, 7718, 11187, 10979, 4122, 16.95%, 0, 17, 3, 2132.57
1712725386, 0, 7778, 11188, 10979, 4121, 16.95%, 0, 17, 3, 0.86
1712725596, 0, 7799, 11189, 10979, 4121, 16.95%, 0, 17, 3, 0.98
1712725612, 0, 7803, 11189, 10978, 4120, 16.95%, 0, 17, 3, 1968.46
1712725817, 0, 7812, 11190, 10978, 4120, 16.95%, 0, 17, 3, 1915.76
1712726667, 0, 7844, 11190, 10977, 4119, 16.95%, 0, 17, 3, 1966.83
1712726677, 0, 7844, 11193, 10980, 4119, 16.95%, 0, 17, 3, 2020.43
1712726682, 0, 7910, 11193, 10979, 4121, 16.95%, 0, 17, 3, 1910.16
1712726697, 0, 7926, 11193, 10978, 4120, 16.95%, 0, 17, 3, 1987.09
1712726718, 0, 7932, 11367, 11151, 4150, 17.01%, 0, 17, 3, 1792.51
1712726738, 0, 8032, 11367, 11150, 4149, 17.01%, 0, 17, 3, 2075.42
1712726743, 0, 8096, 11367, 11149, 4148, 17.01%, 0, 17, 3, 1936.21
1712726764, 0, 8127, 11367, 11148, 4147, 17.01%, 0, 17, 3, 2124.93
1712726779, 0, 8168, 11367, 11147, 4145, 17.01%, 0, 17, 3, 1947.94
1712726809, 0, 8199, 11367, 11146, 4144, 17.01%, 0, 17, 3, 2034.80
1712726820, 0, 8220, 11367, 11145, 4143, 17.01%, 0, 17, 3, 1955.10
1712726840, 0, 8235, 11367, 11144, 4142, 17.01%, 0, 17, 3, 2039.49
1712726865, 0, 8257, 11367, 11143, 4141, 17.01%, 0, 17, 3, 1910.08
1712726886, 0, 8346, 11367, 11142, 4139, 17.01%, 0, 17, 3, 1905.49
1712726906, 0, 8384, 11367, 11141, 4138, 17.01%, 0, 17, 3, 2033.95
1712726921, 0, 8411, 11367, 11140, 4137, 17.01%, 0, 17, 3, 2008.13
1712726946, 0, 8442, 11367, 11139, 4136, 17.01%, 0, 17, 3, 1848.31
1712726951, 0, 8442, 11368, 11140, 4136, 17.01%, 0, 17, 3, 1956.46
1712726961, 0, 8545, 11368, 11139, 4136, 17.01%, 0, 17, 3, 1869.61
1712726977, 0, 8591, 11368, 11138, 4135, 17.01%, 0, 17, 3, 1941.64
1712727012, 0, 8641, 11368, 11137, 4134, 17.01%, 0, 17, 3, 1935.54
1712727017, 0, 8676, 11368, 11136, 4133, 17.01%, 0, 17, 3, 2061.20
1712727032, 0, 8676, 11369, 11137, 4133, 17.01%, 0, 17, 3, 1867.45
1712727037, 0, 8693, 11369, 11136, 4132, 17.01%, 0, 17, 3, 1978.48
1712727047, 0, 8734, 11369, 11135, 4131, 17.01%, 0, 17, 3, 1937.47
1712727062, 0, 8771, 11369, 11134, 4129, 17.01%, 0, 17, 3, 1880.85
1712727078, 0, 8801, 11369, 11133, 4128, 17.01%, 0, 17, 3, 1946.48
1712727093, 0, 8891, 11369, 11132, 4127, 17.01%, 0, 17, 3, 1871.51
1712727108, 0, 8920, 11369, 11131, 4126, 17.01%, 0, 17, 3, 1999.91
1712727123, 0, 9026, 11369, 11130, 4124, 17.01%, 0, 17, 3, 1827.19
1712727133, 0, 9160, 11369, 11129, 4123, 17.01%, 0, 17, 3, 1887.55
1712727149, 0, 9260, 11369, 11128, 4122, 17.01%, 0, 17, 3, 1919.85
1712727169, 0, 9281, 11369, 11127, 4118, 17.01%, 0, 17, 3, 1814.13
1712727184, 0, 9305, 11369, 11126, 4117, 17.01%, 0, 17, 3, 1909.98
1712727194, 0, 9448, 11369, 11125, 4116, 17.01%, 0, 17, 3, 1996.95
1712727209, 0, 9494, 11369, 11124, 4115, 17.01%, 0, 17, 3, 1929.44
1712727214, 0, 9553, 11369, 11123, 4114, 17.01%, 0, 17, 3, 1939.95
1712727235, 0, 9647, 11369, 11122, 4113, 17.01%, 0, 17, 3, 1944.73
1712728141, 0, 9717, 11369, 11121, 4112, 17.01%, 0, 17, 3, 1939.77
1712732338, 0, 9794, 11369, 11120, 4111, 17.01%, 0, 17, 3, 2048.52
1712732343, 0, 9834, 11369, 11119, 4110, 17.01%, 0, 17, 3, 1997.88
1712732353, 0, 9834, 11429, 11178, 4109, 17.04%, 0, 17, 3, 2022.82
1712732538, 0, 9877, 11809, 11558, 4146, 17.13%, 0, 17, 3, 0.53
1712732548, 0, 9913, 11809, 11557, 4145, 17.13%, 0, 17, 3, 2034.17
1712732563, 0, 9940, 11809, 11556, 4144, 17.13%, 0, 17, 3, 2118.11
1712732748, 0, 9977, 11810, 11556, 4144, 17.13%, 0, 17, 3, 1.37
1712732758, 0, 10025, 11810, 11555, 4143, 17.13%, 0, 17, 3, 1927.71
1712732773, 0, 10130, 11811, 11555, 4142, 17.14%, 0, 17, 3, 1928.23
1712732969, 0, 10130, 11812, 11556, 4142, 17.14%, 0, 17, 3, 1860.24
1712732974, 0, 10242, 11813, 11556, 4141, 17.14%, 0, 17, 3, 1931.56
1712733395, 0, 10242, 11814, 11557, 4141, 17.14%, 0, 17, 3, 1957.58
1712733400, 0, 10248, 11816, 11558, 4139, 17.14%, 0, 17, 3, 1863.69
1712734226, 0, 10248, 11817, 11559, 4139, 17.14%, 0, 17, 3, 1862.12
1712736395, 0, 10248, 11818, 11560, 4139, 17.14%, 0, 17, 3, 1894.40
1712738429, 0, 10248, 11818, 11560, 4139, 17.14%, 0, 18, 3, 1.60
1712745166, 0, 10248, 11819, 11561, 4139, 17.14%, 0, 18, 3, 1593.90
1712746008, 0, 10248, 11821, 11563, 4139, 17.14%, 0, 18, 3, 1696.26
1712754428, 0, 10251, 11821, 11562, 4139, 17.14%, 0, 18, 3, 1519.85
1712754844, 0, 10251, 11822, 11563, 4139, 17.14%, 0, 18, 3, 2057.83
1712754859, 0, 10304, 11822, 11562, 4139, 17.14%, 0, 18, 3, 1873.06
1712755049, 0, 10304, 12279, 12018, 4138, 17.90%, 0, 18, 3, 0.58
1712755055, 0, 10304, 12788, 12527, 4138, 18.08%, 0, 19, 3, 59.94
1712755060, 0, 10304, 13289, 13028, 4138, 18.21%, 0, 20, 3, 1226.99
1712755065, 0, 10384, 13406, 13145, 4411, 18.24%, 0, 20, 3, 1563.65
1712755076, 0, 10419, 13406, 13144, 4410, 18.24%, 0, 20, 3, 2000.24
1712755275, 0, 10460, 13407, 13144, 4409, 18.24%, 0, 20, 3, 1818.96
1712755285, 0, 10503, 13407, 13143, 4408, 18.24%, 0, 20, 3, 1735.53
1712756937, 0, 10534, 13407, 13142, 4407, 18.24%, 0, 20, 3, 1792.35
1712756948, 0, 10545, 13504, 13238, 4416, 18.26%, 0, 20, 3, 1573.21
1712756993, 0, 10558, 13504, 13237, 4415, 18.26%, 0, 20, 3, 1964.18
1712757018, 0, 10637, 13504, 13236, 4414, 18.26%, 0, 20, 3, 1645.03
1712757039, 0, 10656, 13504, 13235, 4413, 18.26%, 0, 20, 3, 1999.47
1712757054, 0, 10688, 13504, 13234, 4412, 18.26%, 0, 20, 3, 2059.36
1712757064, 0, 10780, 13504, 13233, 4411, 18.26%, 0, 20, 3, 1974.40
1712757089, 0, 10780, 13505, 13234, 4411, 18.26%, 0, 20, 3, 1867.69
1712757094, 0, 10793, 13506, 13234, 4410, 18.26%, 0, 20, 3, 1906.64
1712757100, 0, 10819, 13507, 13234, 4410, 18.26%, 0, 20, 3, 1908.80
1712757110, 0, 10864, 13507, 13233, 4410, 18.26%, 0, 20, 3, 1924.66
1712757130, 0, 10866, 13507, 13232, 4409, 18.26%, 0, 20, 3, 1582.23
1712757140, 0, 10989, 13507, 13231, 4408, 18.26%, 0, 20, 3, 1802.61
1712757161, 0, 10992, 13507, 13230, 4407, 18.26%, 0, 20, 3, 1722.12
1712757181, 0, 11028, 13507, 13229, 4406, 18.26%, 0, 20, 3, 1721.35
1712757191, 0, 11032, 13507, 13228, 4405, 18.26%, 0, 20, 3, 1723.61
1712757206, 0, 11062, 13507, 13227, 4404, 18.26%, 0, 20, 3, 1884.62
1712757231, 0, 11111, 13507, 13226, 4403, 18.26%, 0, 20, 3, 1870.76
1712757257, 0, 11184, 13507, 13225, 4402, 18.26%, 0, 20, 3, 1770.40
1712757267, 0, 11206, 13507, 13224, 4401, 18.26%, 0, 20, 3, 1899.93
1712757277, 0, 11242, 13507, 13223, 4399, 18.26%, 0, 20, 3, 2020.20
1712757287, 0, 11289, 13507, 13222, 4398, 18.26%, 0, 20, 3, 1851.20
1712757313, 0, 11314, 13508, 13222, 4397, 18.26%, 0, 20, 3, 1777.14
1712757328, 0, 11351, 13508, 13221, 4397, 18.26%, 0, 20, 3, 1814.69
1712757338, 0, 11354, 13508, 13220, 4396, 18.26%, 0, 20, 3, 1798.66
1712757348, 0, 11385, 13509, 13220, 4396, 18.26%, 0, 20, 3, 1868.75
1712757358, 0, 11387, 13509, 13219, 4395, 18.26%, 0, 20, 3, 1733.48
1712757368, 0, 11402, 13509, 13218, 4394, 18.26%, 0, 20, 3, 1750.39
1712757378, 0, 11426, 13509, 13217, 4393, 18.26%, 0, 20, 3, 1813.84
1712757394, 0, 11434, 13509, 13216, 4392, 18.26%, 0, 20, 3, 1788.75
1712757404, 0, 11591, 13509, 13215, 4391, 18.26%, 0, 20, 3, 1787.97
1712757414, 0, 11672, 13509, 13214, 4390, 18.26%, 0, 20, 3, 1945.40
1712757424, 0, 11680, 13509, 13213, 4389, 18.26%, 0, 20, 3, 1890.81
1712757429, 0, 11696, 13509, 13212, 4388, 18.26%, 0, 20, 3, 1766.05
1712757439, 0, 11792, 13509, 13211, 4387, 18.26%, 0, 20, 3, 1933.33
1712757444, 0, 11794, 13509, 13210, 4386, 18.26%, 0, 20, 3, 1833.28
1712757449, 0, 11809, 13509, 13209, 4385, 18.26%, 0, 20, 3, 1844.09
1712757579, 0, 11810, 13509, 13208, 4384, 18.26%, 0, 20, 3, 1988.95
1712757584, 0, 11810, 13511, 13210, 4384, 18.26%, 0, 20, 3, 1904.88
1712757599, 0, 11823, 13511, 13209, 4385, 18.26%, 0, 20, 3, 1680.65
1712757794, 0, 11836, 13529, 13226, 4383, 18.28%, 0, 20, 3, 1864.40
1712757799, 0, 11836, 13544, 13241, 4383, 18.30%, 0, 20, 3, 1881.26
1712757804, 0, 11946, 13547, 13243, 4400, 18.30%, 0, 20, 3, 1877.14
1712757809, 0, 11964, 13549, 13244, 4401, 18.30%, 0, 20, 3, 1727.15
1712757994, 0, 11964, 13550, 13245, 4401, 18.31%, 0, 20, 3, 0.94
1712758020, 0, 12005, 13551, 13245, 4403, 18.31%, 0, 20, 3, 1799.57
1712758220, 0, 12005, 13552, 13246, 4403, 18.31%, 0, 20, 3, 1994.14
1712758225, 0, 12006, 13568, 13261, 4403, 18.31%, 0, 20, 3, 1848.64
1712758230, 0, 12006, 13574, 13267, 4403, 18.32%, 0, 20, 3, 1804.41
1712758420, 0, 12006, 13579, 13272, 4403, 18.32%, 0, 20, 3, 1946.22
1712758626, 0, 12006, 13580, 13273, 4403, 18.32%, 0, 20, 3, 0.19
1712758631, 0, 12006, 13584, 13277, 4403, 18.32%, 0, 20, 3, 2047.75
1712758646, 0, 12025, 13592, 13284, 4409, 18.32%, 0, 20, 3, 1822.97
1712758651, 0, 12025, 13594, 13286, 4409, 18.33%, 0, 20, 3, 1977.89
1712758836, 0, 12046, 13595, 13286, 4412, 18.33%, 0, 20, 3, 0.15
1712758851, 0, 12077, 13595, 13285, 4412, 18.33%, 0, 20, 3, 1939.20
1712758861, 0, 12098, 13595, 13284, 4411, 18.33%, 0, 20, 3, 1914.57
1712759056, 0, 12129, 13598, 13286, 4410, 18.33%, 0, 20, 3, 2059.65
1712759071, 0, 12132, 13598, 13285, 4410, 18.33%, 0, 20, 3, 1889.52
1712759262, 0, 12203, 13598, 13284, 4409, 18.33%, 0, 20, 3, 2109.04
1712759277, 0, 12217, 13598, 13283, 4408, 18.33%, 0, 20, 3, 1881.17
1712759467, 0, 12366, 13598, 13282, 4407, 18.33%, 0, 20, 3, 1.53
1712759482, 0, 12385, 13598, 13281, 4406, 18.33%, 0, 20, 3, 1955.14
1712759563, 0, 12424, 13598, 13280, 4405, 18.33%, 0, 20, 3, 1651.33
1712759578, 0, 12480, 13598, 13279, 4404, 18.33%, 0, 20, 3, 1718.31
1712759598, 0, 12490, 13598, 13278, 4403, 18.33%, 0, 20, 3, 1754.14
1712759619, 0, 12524, 13650, 13329, 4412, 18.34%, 0, 20, 3, 1635.36
1712759639, 0, 12571, 13651, 13329, 4411, 18.34%, 0, 20, 3, 1744.74
1712759644, 0, 12571, 13652, 13330, 4411, 18.34%, 0, 20, 3, 1788.03
1712759669, 0, 12588, 13660, 13337, 4410, 18.35%, 0, 20, 3, 1667.68
1712759674, 0, 12588, 13665, 13342, 4410, 18.36%, 0, 20, 3, 1770.94
1712759679, 0, 12588, 13666, 13343, 4410, 18.36%, 0, 20, 3, 1781.66
1712759689, 0, 12594, 13668, 13344, 4418, 18.36%, 0, 20, 3, 1774.88
1712759704, 0, 12603, 13668, 13343, 4417, 18.36%, 0, 20, 3, 1778.88
1712759720, 0, 12625, 13668, 13342, 4416, 18.36%, 0, 20, 3, 1684.24
1712759735, 0, 12734, 13668, 13341, 4415, 18.36%, 0, 20, 3, 1720.07
1712759750, 0, 12762, 13676, 13348, 4414, 18.36%, 0, 20, 3, 1760.23
1712759770, 0, 12885, 13676, 13347, 4413, 18.36%, 0, 20, 3, 1787.45
1712759781, 0, 12889, 13676, 13346, 4412, 18.36%, 0, 20, 3, 1788.95
1712759796, 0, 12917, 13676, 13345, 4411, 18.36%, 0, 20, 3, 1841.65
1712759811, 0, 12924, 13676, 13344, 4410, 18.36%, 0, 20, 3, 1813.00
1712759836, 0, 12983, 13676, 13343, 4409, 18.36%, 0, 20, 3, 1749.92
1712759872, 0, 12985, 13676, 13342, 4408, 18.36%, 0, 20, 3, 1781.09
1712759887, 0, 13072, 13676, 13341, 4407, 18.36%, 0, 20, 3, 1777.93
1712759908, 0, 13105, 13676, 13340, 4406, 18.36%, 0, 20, 3, 1915.57
1712759918, 0, 13129, 13676, 13339, 4405, 18.36%, 0, 20, 3, 1891.08
1712759928, 0, 13184, 13676, 13338, 4404, 18.36%, 0, 20, 3, 1824.91
1712759933, 0, 13184, 13677, 13339, 4404, 18.36%, 0, 20, 3, 1864.71
1712759948, 0, 13252, 13677, 13338, 4404, 18.36%, 0, 20, 3, 1867.51
1712759963, 0, 13307, 13679, 13339, 4403, 18.36%, 0, 20, 3, 1810.15
1712759984, 0, 13394, 13679, 13338, 4402, 18.36%, 0, 20, 3, 1776.95
1712760004, 0, 13437, 13679, 13337, 4401, 18.36%, 0, 20, 3, 1865.87
1712760014, 0, 13449, 13679, 13336, 4400, 18.36%, 0, 20, 3, 1844.11
1712760020, 0, 13453, 13679, 13335, 4399, 18.36%, 0, 20, 3, 1911.41
1712760045, 0, 13484, 13679, 13334, 4396, 18.36%, 0, 20, 3, 1566.69
1712760070, 0, 13505, 13679, 13333, 4395, 18.36%, 0, 20, 3, 1795.82
1712760081, 0, 13506, 13679, 13332, 4394, 18.36%, 0, 20, 3, 1820.44
1712760091, 0, 13507, 13679, 13331, 4393, 18.36%, 0, 20, 3, 1826.44
1712760111, 0, 13509, 13679, 13330, 4392, 18.36%, 0, 20, 3, 1566.18
1712760116, 0, 13509, 13681, 13332, 4392, 18.36%, 0, 20, 4, 1511.32
1712760136, 0, 13521, 13684, 13334, 4391, 18.37%, 0, 20, 4, 1822.70
1712760141, 0, 13530, 13685, 13334, 4391, 18.37%, 0, 20, 4, 1795.95
1712760152, 0, 13530, 13688, 13337, 4391, 18.37%, 0, 20, 4, 1865.01
1712760162, 0, 13531, 13688, 13336, 4392, 18.37%, 0, 20, 4, 1905.53
1712760172, 0, 13532, 13688, 13335, 4391, 18.37%, 0, 20, 4, 1917.85
1712760177, 0, 13535, 13688, 13334, 4390, 18.37%, 0, 20, 4, 1860.18
1712760187, 0, 13546, 13688, 13333, 4389, 18.37%, 0, 20, 4, 1920.81
1712760192, 0, 13550, 13689, 13333, 4389, 18.37%, 0, 20, 4, 1797.93
1712760218, 0, 13598, 13689, 13332, 4388, 18.37%, 0, 20, 4, 1796.08
1712760233, 0, 13622, 13691, 13333, 4387, 18.37%, 0, 20, 4, 1903.04
1712760243, 0, 13642, 13693, 13334, 4386, 18.37%, 0, 20, 4, 1817.11
1712760268, 0, 13681, 13694, 13334, 4386, 18.37%, 0, 20, 4, 1858.28
1712760278, 0, 13690, 13694, 13333, 4386, 18.37%, 0, 20, 4, 1903.29
1712760288, 0, 13692, 13696, 13334, 4385, 18.38%, 0, 20, 4, 1973.33
1712760314, 0, 13693, 13697, 13334, 4386, 18.38%, 0, 20, 5, 1941.81
1712760319, 0, 13694, 13697, 13333, 4386, 18.38%, 0, 20, 5, 1928.75
1712760324, 0, 13694, 13699, 13335, 4386, 18.38%, 0, 20, 5, 1884.67
1712760344, 0, 13695, 13699, 13334, 4387, 18.38%, 0, 20, 5, 1849.69
1712760349, 0, 13695, 13700, 13335, 4387, 18.38%, 0, 20, 5, 1892.68
1712760369, 0, 13696, 13701, 13335, 4387, 18.38%, 0, 20, 6, 1829.50
1712760379, 0, 13697, 13701, 13334, 4387, 18.38%, 0, 20, 6, 1883.76
1712760410, 0, 13699, 13701, 13333, 4386, 18.38%, 0, 20, 6, 1791.03
1712760435, 0, 13700, 13702, 13333, 4385, 18.39%, 0, 20, 7, 1881.94
1712760445, 0, 13701, 13706, 13336, 4385, 18.39%, 0, 20, 8, 1935.36
1712760455, 1, 164, 13706, 13335, 4384, 18.39%, 0, 20, 8, 1924.56
1712760465, 1, 164, 13708, 13337, 4384, 18.39%, 0, 20, 8, 1865.07
1712760470, 1, 175, 13710, 13338, 4384, 18.39%, 0, 20, 8, 1862.40
1712760481, 1, 189, 13710, 13337, 4385, 18.39%, 0, 20, 8, 1858.33
1712760506, 1, 213, 13710, 13336, 4384, 18.39%, 0, 20, 8, 1902.36
1712760521, 1, 219, 13710, 13335, 4383, 18.39%, 0, 20, 8, 1900.22
1712760531, 1, 219, 13711, 13336, 4383, 18.39%, 0, 20, 8, 1914.85
1712760536, 1, 256, 13711, 13335, 4382, 18.39%, 0, 20, 8, 1960.90
1712760546, 1, 314, 13711, 13334, 4381, 18.39%, 0, 20, 8, 1879.68
1712760572, 1, 339, 13711, 13333, 4380, 18.39%, 0, 20, 8, 1897.35
1712760582, 1, 352, 13711, 13332, 4379, 18.39%, 0, 20, 8, 1873.09
1712760602, 1, 355, 13711, 13331, 4378, 18.39%, 0, 20, 8, 1909.35
1712760612, 1, 421, 13711, 13330, 4377, 18.39%, 0, 20, 8, 1918.25
1712760632, 1, 473, 13712, 13330, 4377, 18.39%, 0, 20, 8, 1881.55
1712760648, 1, 488, 13712, 13329, 4376, 18.39%, 0, 20, 8, 1797.59
1712760673, 1, 488, 13713, 13330, 4376, 18.39%, 0, 20, 8, 1661.72
1712760678, 1, 571, 13713, 13329, 4375, 18.39%, 0, 20, 8, 1844.04
1712760688, 1, 638, 13713, 13328, 4374, 18.39%, 0, 20, 8, 1792.67
1712760703, 1, 699, 13713, 13327, 4373, 18.39%, 0, 20, 8, 1818.85
1712760708, 1, 828, 13714, 13327, 4372, 18.39%, 0, 20, 8, 1710.34
1712760723, 1, 838, 13714, 13326, 4371, 18.39%, 0, 20, 8, 1877.29
1712760728, 1, 838, 13715, 13327, 4371, 18.39%, 0, 20, 8, 1928.80
1712760744, 1, 838, 13716, 13328, 4371, 18.39%, 0, 20, 8, 1903.12
1712760749, 1, 878, 13716, 13327, 4371, 18.39%, 0, 20, 8, 1871.94
1712760759, 1, 1009, 13716, 13326, 4370, 18.39%, 0, 20, 8, 1853.37
1712760794, 1, 1017, 13716, 13325, 4369, 18.39%, 0, 20, 8, 1898.85
1712760804, 1, 1039, 13716, 13324, 4368, 18.39%, 0, 20, 8, 1858.16
1712761792, 1, 1081, 13716, 13323, 4367, 18.39%, 0, 20, 8, 1865.90
1712761992, 1, 1081, 13716, 13323, 4367, 18.39%, 0, 21, 8, 1.55
1712762002, 1, 1085, 13716, 13322, 4366, 18.39%, 0, 21, 8, 1856.58
1712762017, 1, 1160, 13717, 13322, 4365, 18.39%, 0, 21, 8, 1791.29
1712762208, 1, 1160, 13741, 13345, 4364, 18.41%, 0, 22, 8, 81.06
1712762213, 1, 1231, 13759, 13363, 4377, 18.41%, 0, 23, 8, 1046.06
1712762228, 1, 1297, 13759, 13362, 4376, 18.41%, 0, 23, 8, 1842.52
1712762438, 1, 1301, 13760, 13362, 4375, 18.42%, 0, 23, 8, 1477.10
1712762628, 1, 1301, 13761, 13363, 4375, 18.42%, 0, 23, 8, 1760.08
1712762633, 1, 1378, 13761, 13362, 4376, 18.42%, 0, 23, 8, 1931.58
1712762643, 1, 1438, 13761, 13361, 4375, 18.42%, 0, 23, 8, 1835.60
1712762833, 1, 1506, 13761, 13360, 4374, 18.42%, 0, 23, 8, 1.85
1712762849, 1, 1611, 13761, 13359, 4373, 18.42%, 0, 23, 8, 1703.74
1712763049, 1, 1631, 13761, 13358, 4372, 18.42%, 0, 23, 8, 1823.34
1712763059, 1, 1658, 13762, 13358, 4372, 18.42%, 0, 23, 8, 1751.07
1712763269, 1, 1780, 13762, 13357, 4371, 18.42%, 0, 23, 8, 1782.48
1712763465, 1, 1787, 13762, 13356, 4370, 18.42%, 0, 23, 8, 1.19
1712763490, 1, 1824, 13762, 13355, 4369, 18.42%, 0, 23, 8, 1697.81
1712763680, 1, 1824, 13763, 13356, 4369, 18.42%, 0, 23, 8, 2131.41
1712763685, 1, 1826, 13763, 13355, 4368, 18.42%, 0, 23, 8, 1920.05
1712763771, 1, 1845, 13763, 13354, 4367, 18.42%, 0, 23, 8, 1779.19
1712763781, 1, 1865, 13763, 13353, 4366, 18.42%, 0, 23, 8, 1752.99
1712763796, 1, 1947, 13820, 13409, 4372, 18.44%, 0, 24, 8, 1557.04
1712763821, 1, 1950, 13821, 13409, 4371, 18.44%, 0, 24, 8, 1662.00
1712763846, 1, 1987, 13821, 13408, 4370, 18.44%, 0, 24, 8, 1943.45
1712763856, 1, 2126, 13822, 13408, 4369, 18.44%, 0, 24, 8, 1677.47
1712763892, 1, 2188, 13822, 13407, 4368, 18.44%, 0, 24, 8, 1924.45
1712763907, 1, 2234, 13822, 13406, 4367, 18.44%, 0, 24, 8, 1899.79
1712763922, 1, 2234, 13823, 13407, 4367, 18.44%, 0, 24, 8, 1961.86
1712763927, 1, 2318, 13823, 13406, 4366, 18.44%, 0, 24, 8, 1863.76
1712763947, 1, 2396, 13823, 13405, 4365, 18.44%, 0, 24, 8, 1649.09
1712763962, 1, 2449, 13824, 13405, 4364, 18.44%, 0, 24, 8, 1948.03
1712763993, 1, 2509, 13824, 13404, 4363, 18.44%, 0, 24, 8, 1939.58
1712764003, 1, 2564, 13824, 13403, 4362, 18.44%, 0, 24, 8, 2030.30
1712764018, 1, 2606, 13824, 13402, 4361, 18.44%, 0, 24, 8, 1972.31
1712764049, 1, 2627, 13824, 13401, 4360, 18.44%, 0, 24, 8, 2066.09
1712764064, 1, 2700, 13824, 13400, 4359, 18.44%, 0, 24, 8, 1901.42
1712764079, 1, 2718, 13825, 13400, 4358, 18.44%, 0, 24, 8, 1922.11
1712764094, 1, 2824, 13825, 13399, 4357, 18.44%, 0, 24, 8, 1993.56
1712764104, 1, 2844, 13825, 13398, 4356, 18.44%, 0, 24, 8, 1911.04
1712764124, 1, 2876, 13825, 13397, 4355, 18.44%, 0, 24, 8, 1855.60
1712764145, 1, 2927, 13825, 13396, 4354, 18.44%, 0, 24, 8, 1914.14
1712764175, 1, 2934, 13825, 13395, 4353, 18.44%, 0, 24, 8, 1874.45
1712764190, 1, 3005, 13826, 13395, 4352, 18.44%, 0, 24, 8, 1832.34
1712764201, 1, 3011, 13826, 13394, 4351, 18.44%, 0, 24, 8, 1895.16
1712764231, 1, 3030, 13826, 13393, 4350, 18.44%, 0, 24, 8, 1881.74
1712764236, 1, 3030, 13827, 13394, 4350, 18.44%, 0, 24, 8, 1986.35
1712764241, 1, 3100, 13827, 13393, 4350, 18.44%, 0, 24, 8, 1960.48
1712764272, 1, 3100, 13828, 13394, 4350, 18.44%, 0, 24, 8, 1960.80
1712764277, 1, 3109, 13828, 13393, 4349, 18.44%, 0, 24, 8, 1847.40
1712764292, 1, 3170, 13828, 13392, 4348, 18.44%, 0, 24, 8, 1699.54
1712764307, 1, 3180, 13828, 13391, 4347, 18.44%, 0, 24, 8, 1776.30
1712764322, 1, 3213, 13828, 13390, 4346, 18.44%, 0, 24, 8, 1862.11
1712764342, 1, 3282, 13828, 13389, 4345, 18.44%, 0, 24, 8, 1671.64
1712764353, 1, 3343, 13828, 13388, 4344, 18.44%, 0, 24, 8, 1889.55
1712764368, 1, 3373, 13828, 13387, 4343, 18.44%, 0, 24, 8, 1675.03
1712764383, 1, 3386, 13828, 13386, 4342, 18.44%, 0, 24, 8, 1789.20
1712764388, 1, 3386, 13829, 13387, 4342, 18.44%, 0, 24, 8, 1925.97
1712764403, 1, 3389, 13829, 13386, 4342, 18.44%, 0, 24, 8, 1880.20
1712764414, 1, 3475, 13829, 13385, 4341, 18.44%, 0, 24, 8, 1792.93
1712764434, 1, 3490, 13829, 13384, 4340, 18.44%, 0, 24, 8, 1929.64
1712764444, 1, 3498, 13829, 13383, 4339, 18.44%, 0, 24, 8, 1875.01
1712764464, 1, 3529, 13829, 13382, 4338, 18.44%, 0, 24, 8, 1828.42
1712764479, 1, 3640, 13829, 13381, 4337, 18.44%, 0, 24, 8, 1882.82
1712764490, 1, 3727, 13829, 13380, 4336, 18.44%, 0, 24, 8, 1856.58
1712764510, 1, 3773, 13829, 13379, 4335, 18.44%, 0, 24, 8, 1938.17
1712764525, 1, 3797, 13829, 13378, 4334, 18.44%, 0, 24, 8, 2021.82
1712764535, 1, 3827, 13829, 13377, 4333, 18.44%, 0, 24, 8, 1846.50
1712764550, 1, 4106, 13829, 13376, 4332, 18.44%, 0, 24, 8, 1807.89
1712764576, 1, 4126, 13829, 13375, 4331, 18.44%, 0, 24, 8, 2027.22
1712764596, 1, 4147, 13829, 13374, 4330, 18.44%, 0, 24, 8, 1959.41
1712764606, 1, 4188, 13829, 13373, 4329, 18.44%, 0, 24, 8, 1943.78
1712764632, 1, 4214, 13829, 13372, 4328, 18.44%, 0, 24, 8, 1917.47
1712764647, 1, 4253, 13829, 13371, 4327, 18.44%, 0, 24, 8, 1897.26
1712764667, 1, 4257, 13829, 13370, 4326, 18.44%, 0, 24, 8, 1998.38
1712764677, 1, 4278, 13829, 13369, 4325, 18.44%, 0, 24, 8, 1912.24
1712764692, 1, 4282, 13829, 13368, 4324, 18.44%, 0, 24, 8, 1881.32
1712764717, 1, 4321, 13829, 13367, 4323, 18.44%, 0, 24, 8, 2031.13
1712764728, 1, 4366, 13829, 13366, 4322, 18.44%, 0, 24, 8, 1848.06
1712764743, 1, 4402, 13829, 13365, 4321, 18.44%, 0, 24, 8, 1620.83
1712764768, 1, 4442, 13829, 13364, 4320, 18.44%, 0, 24, 8, 2010.30
1712764783, 1, 4491, 13829, 13363, 4319, 18.44%, 0, 24, 8, 2091.78
1712764799, 1, 4513, 13829, 13362, 4318, 18.44%, 0, 24, 8, 2017.13
1712764809, 1, 4546, 13829, 13361, 4317, 18.44%, 0, 24, 8, 1885.80
1712765994, 1, 4647, 13829, 13360, 4316, 18.44%, 0, 24, 8, 1822.31
1712766015, 1, 4663, 13829, 13359, 4315, 18.44%, 0, 24, 8, 1670.06
1712766225, 1, 4736, 14002, 13531, 4377, 18.60%, 0, 24, 8, 1459.35
1712766420, 1, 4772, 14002, 13530, 4376, 18.60%, 0, 24, 8, 1945.71
1712766430, 1, 4796, 14003, 13530, 4376, 18.60%, 0, 24, 8, 1745.98
1712766626, 1, 4845, 14003, 13529, 4375, 18.60%, 0, 24, 8, 2051.67
1712766636, 1, 4845, 14004, 13530, 4375, 18.60%, 0, 24, 8, 1982.24
1712766641, 1, 4996, 14004, 13529, 4374, 18.60%, 0, 24, 8, 1874.37
1712766836, 1, 5007, 14004, 13528, 4373, 18.60%, 0, 24, 8, 1909.49
1712766851, 1, 5071, 14004, 13527, 4372, 18.60%, 0, 24, 8, 1871.61
1712767041, 1, 5082, 14004, 13526, 4371, 18.60%, 0, 24, 8, 1.88
1712767052, 1, 5098, 14004, 13525, 4370, 18.60%, 0, 24, 8, 2057.87
1712767062, 1, 5104, 14004, 13524, 4369, 18.60%, 0, 24, 8, 1799.10
1712767257, 1, 5123, 14004, 13523, 4368, 18.60%, 0, 24, 8, 1879.08
1712767267, 1, 5123, 14005, 13524, 4368, 18.60%, 0, 24, 8, 2073.34
1712767272, 1, 5145, 14005, 13523, 4368, 18.60%, 0, 24, 8, 2010.90
1712767462, 1, 5166, 14005, 13522, 4367, 18.60%, 0, 24, 8, 2.20
1712767477, 1, 5320, 14005, 13521, 4366, 18.60%, 0, 24, 8, 2007.56
1712767678, 1, 5427, 14005, 13520, 4365, 18.60%, 0, 24, 8, 1906.67
1712767693, 1, 5617, 14006, 13520, 4364, 18.60%, 0, 24, 8, 2088.57
1712767698, 1, 5680, 14006, 13519, 4364, 18.60%, 0, 24, 8, 1889.93
1712767893, 1, 5710, 14006, 13518, 4363, 18.60%, 0, 24, 8, 1927.24
1712767908, 1, 5797, 14006, 13517, 4362, 18.60%, 0, 24, 8, 1873.72
1712769380, 1, 5797, 14007, 13518, 4362, 18.61%, 0, 24, 8, 1926.50
1712769386, 1, 5840, 14007, 13517, 4362, 18.61%, 0, 24, 8, 1827.27
1712769406, 1, 5840, 14083, 13592, 4361, 18.61%, 0, 24, 8, 1715.61
1712769411, 1, 5982, 14113, 13622, 4366, 18.61%, 0, 24, 8, 1780.69
1712769436, 1, 6033, 14114, 13622, 4365, 18.62%, 0, 24, 8, 1803.13
1712769467, 1, 6152, 14114, 13621, 4365, 18.62%, 0, 24, 8, 1853.40
1712769477, 1, 6175, 14114, 13620, 4364, 18.62%, 0, 24, 8, 1827.73
1712769487, 1, 6268, 14114, 13619, 4363, 18.62%, 0, 24, 8, 1807.22
1712769502, 1, 6269, 14114, 13618, 4362, 18.62%, 0, 24, 8, 1844.25
1712769508, 1, 6311, 14114, 13617, 4361, 18.62%, 0, 24, 8, 1797.84
1712769518, 1, 6350, 14114, 13616, 4360, 18.62%, 0, 24, 8, 1765.86
1712769533, 1, 6412, 14114, 13615, 4359, 18.62%, 0, 24, 8, 1587.75
1712769548, 1, 6495, 14114, 13614, 4358, 18.62%, 0, 24, 8, 1515.69
1712769563, 1, 6631, 14114, 13613, 4357, 18.62%, 0, 24, 8, 1535.58
1712769573, 1, 6763, 14114, 13612, 4356, 18.62%, 0, 24, 8, 1670.67
1712769588, 1, 6795, 14114, 13611, 4355, 18.62%, 0, 24, 8, 1753.12
1712769604, 1, 6796, 14114, 13610, 4354, 18.62%, 0, 24, 8, 1767.87
1712769614, 1, 6805, 14115, 13610, 4353, 18.62%, 0, 24, 8, 1766.28
1712769624, 1, 6805, 14116, 13611, 4353, 18.62%, 0, 24, 8, 1753.83
1712769629, 1, 6838, 14116, 13610, 4353, 18.62%, 0, 24, 8, 1776.86
1712769639, 1, 6960, 14116, 13609, 4352, 18.62%, 0, 24, 8, 1783.05
1712769654, 1, 6961, 14116, 13608, 4351, 18.62%, 0, 24, 8, 1786.88
1712769674, 1, 7064, 14116, 13607, 4350, 18.62%, 0, 24, 8, 1730.15
1712769684, 1, 7098, 14116, 13606, 4349, 18.62%, 0, 24, 8, 1728.62
1712769700, 1, 7106, 14116, 13605, 4348, 18.62%, 0, 24, 8, 1745.38
1712769745, 1, 7125, 14116, 13604, 4347, 18.62%, 0, 24, 8, 1634.12
1712769760, 1, 7147, 14116, 13603, 4346, 18.62%, 0, 24, 8, 1640.88
1712769771, 1, 7169, 14116, 13602, 4345, 18.62%, 0, 24, 8, 1480.07
1712769801, 1, 7205, 14116, 13601, 4344, 18.62%, 0, 24, 8, 1653.78
1712769821, 1, 7234, 14116, 13600, 4343, 18.62%, 0, 24, 8, 1749.38
1712769832, 1, 7235, 14116, 13599, 4342, 18.62%, 0, 24, 8, 1876.07
1712769847, 1, 7254, 14116, 13598, 4341, 18.62%, 0, 24, 8, 1820.32
1712769862, 1, 7380, 14116, 13597, 4340, 18.62%, 0, 24, 8, 1798.88
1712769877, 1, 7404, 14116, 13596, 4339, 18.62%, 0, 24, 8, 1898.40
1712769892, 1, 7405, 14116, 13595, 4338, 18.62%, 0, 24, 8, 1788.47
1712769943, 1, 7424, 14116, 13594, 4337, 18.62%, 0, 24, 8, 1841.00
1712769953, 1, 7428, 14116, 13593, 4336, 18.62%, 0, 24, 8, 1888.37
1712769968, 1, 7563, 14116, 13592, 4335, 18.62%, 0, 24, 8, 1980.52
1712769973, 1, 7581, 14116, 13591, 4334, 18.62%, 0, 24, 8, 1845.06
1712769994, 1, 7588, 14116, 13590, 4333, 18.62%, 0, 24, 8, 1795.35
1712770019, 1, 7645, 14117, 13590, 4332, 18.62%, 0, 24, 8, 2007.23
1712770034, 1, 7650, 14117, 13589, 4331, 18.62%, 0, 24, 8, 1959.32
1712770049, 1, 7665, 14117, 13588, 4330, 18.62%, 0, 24, 8, 1765.55
1712770075, 1, 7668, 14117, 13587, 4329, 18.62%, 0, 24, 8, 1906.42
1712770207, 1, 7752, 14118, 13587, 4328, 18.62%, 0, 24, 8, 1873.60
