# relative_time, cycles_done, cur_item, corpus_count, pending_total, pending_favs, map_size, saved_crashes, saved_hangs, max_depth, execs_per_sec, total_execs, edges_found
4230, 0, 52, 501, 496, 170, 4.61%, 0, 0, 3, 0.01, 37681, 1375
4236, 0, 60, 882, 875, 168, 5.97%, 0, 0, 3, 950.64, 41810, 1782
4241, 0, 60, 1301, 1294, 168, 7.60%, 0, 0, 3, 914.29, 45955, 2268
4246, 0, 60, 1862, 1855, 168, 9.36%, 0, 0, 3, 984.13, 51230, 2792
4251, 0, 60, 2489, 2482, 168, 11.02%, 0, 0, 3, 1099.58, 57101, 3286
4256, 0, 60, 3046, 3039, 168, 12.44%, 0, 0, 3, 1084.82, 62343, 3711
4261, 0, 60, 3656, 3649, 168, 13.87%, 0, 0, 3, 1081.95, 68155, 4138
4442, 0, 60, 3726, 3719, 168, 14.11%, 0, 0, 3, 1.26, 68833, 4210
4447, 0, 60, 4302, 4295, 168, 15.39%, 0, 0, 3, 1114.75, 74317, 4591
4452, 0, 60, 4945, 4938, 168, 16.65%, 0, 0, 3, 1161.22, 80282, 4967
4457, 0, 285, 5088, 5061, 1520, 17.07%, 0, 0, 3, 1305.88, 87048, 5091
4463, 0, 465, 5092, 5043, 1500, 17.08%, 0, 0, 4, 1367.25, 94325, 5096
4468, 0, 564, 5101, 5033, 1488, 17.17%, 0, 0, 4, 1283.15, 100889, 5121
4653, 0, 604, 5151, 5075, 1520, 17.72%, 0, 0, 4, 0.39, 106563, 5285
4657, 0, 693, 5155, 5059, 1504, 17.73%, 0, 0, 4, 1315.41, 113322, 5288
4663, 0, 707, 5171, 5065, 1507, 17.86%, 0, 0, 4, 1384.03, 120598, 5327
4668, 0, 719, 5174, 5059, 1498, 17.92%, 0, 0, 4, 1341.47, 127615, 5345
4673, 0, 806, 5176, 5043, 1481, 17.92%, 0, 0, 4, 1436.04, 134932, 5346
4678, 0, 917, 5176, 5017, 1457, 17.92%, 0, 0, 4, 1380.05, 142083, 5346
4864, 0, 1002, 5179, 5003, 1441, 17.93%, 0, 0, 4, 0.75, 148135, 5347
4869, 0, 1052, 5180, 4991, 1428, 17.93%, 0, 0, 4, 1281.36, 154738, 5347
4874, 0, 1139, 5181, 4978, 1414, 17.93%, 0, 0, 4, 1377.33, 161905, 5347
4879, 0, 1147, 5181, 4972, 1408, 17.93%, 0, 0, 4, 1402.38, 169217, 5347
4884, 0, 1175, 5183, 4969, 1404, 17.93%, 0, 0, 4, 1332.52, 176160, 5348
4889, 0, 1294, 5185, 4947, 1382, 17.93%, 0, 0, 4, 1324.33, 182946, 5348
4894, 0, 1398, 5185, 4923, 1360, 17.93%, 0, 0, 4, 1315.04, 189698, 5348
4899, 0, 1414, 5186, 4919, 1355, 17.93%, 0, 0, 4, 1430.93, 197267, 5348
4904, 0, 1483, 5187, 4896, 1332, 17.93%, 0, 0, 4, 1350.15, 204019, 5348
4910, 0, 1509, 5189, 4883, 1317, 17.93%, 0, 0, 4, 1292.24, 210791, 5348
4915, 0, 1509, 5189, 4883, 1317, 17.93%, 0, 0, 4, 1299.68, 217481, 5348
4920, 0, 1509, 5189, 4883, 1317, 17.93%, 0, 0, 4, 1329.53, 224455, 5348
4925, 0, 1509, 5190, 4884, 1317, 17.93%, 0, 0, 4, 1301.57, 231146, 5349
4930, 0, 1509, 5191, 4885, 1317, 17.97%, 0, 0, 4, 1327.94, 238114, 5361
4935, 0, 1509, 5193, 4887, 1317, 17.99%, 0, 0, 4, 1321.25, 244792, 5366
4940, 0, 1532, 5194, 4878, 1311, 17.99%, 0, 0, 4, 1312.64, 251710, 5366
4946, 0, 1548, 5194, 4873, 1306, 17.99%, 0, 0, 4, 1304.29, 258443, 5366
4951, 0, 1621, 5195, 4855, 1287, 17.99%, 0, 0, 4, 1259.39, 264904, 5366
4956, 0, 1673, 5196, 4846, 1277, 17.99%, 0, 0, 4, 1233.15, 271181, 5366
4961, 0, 1717, 5197, 4834, 1264, 17.99%, 0, 0, 4, 1239.58, 277585, 5366
4966, 0, 1797, 5197, 4819, 1249, 17.99%, 0, 0, 4, 1213.02, 283620, 5366
4971, 0, 1858, 5197, 4807, 1237, 17.99%, 0, 0, 4, 1229.21, 290064, 5366
4977, 0, 1874, 5197, 4799, 1229, 17.99%, 0, 0, 4, 1276.31, 296585, 5366
4982, 0, 1946, 5201, 4782, 1212, 18.00%, 0, 0, 4, 1272.44, 302968, 5368
4987, 0, 1981, 5202, 4765, 1195, 18.00%, 0, 0, 4, 1195.83, 308984, 5368
4992, 0, 2057, 5207, 4752, 1181, 18.00%, 0, 0, 4, 1196.81, 315016, 5370
4997, 0, 2075, 5209, 4745, 1175, 18.02%, 0, 0, 4, 1257.62, 321470, 5375
5002, 0, 2098, 5210, 4729, 1158, 18.02%, 0, 0, 4, 1249.50, 327783, 5376
5007, 0, 2099, 5211, 4729, 1159, 18.03%, 0, 0, 4, 1146.86, 333840, 5378
5013, 0, 2100, 5211, 4728, 1158, 18.03%, 0, 0, 4, 1132.70, 339694, 5378
5018, 0, 2104, 5211, 4726, 1156, 18.03%, 0, 0, 4, 1213.60, 346011, 5378
5023, 0, 2125, 5218, 4727, 1157, 18.06%, 0, 0, 4, 1243.81, 352362, 5387
5028, 0, 2148, 5227, 4727, 1149, 18.06%, 0, 0, 4, 947.72, 356651, 5387
5033, 0, 2162, 5228, 4722, 1143, 18.06%, 0, 0, 4, 1234.83, 363459, 5387
5038, 0, 2162, 5228, 4722, 1143, 18.06%, 0, 0, 4, 1317.19, 370429, 5387
5043, 0, 2164, 5228, 4720, 1141, 18.06%, 0, 0, 4, 1339.20, 377152, 5387
5048, 0, 2164, 5228, 4720, 1141, 18.06%, 0, 0, 4, 1343.97, 384003, 5387
5053, 0, 2164, 5228, 4720, 1141, 18.06%, 0, 0, 4, 1295.72, 390852, 5387
5059, 0, 2166, 5229, 4720, 1140, 18.06%, 0, 0, 4, 1347.13, 397741, 5387
5064, 0, 2167, 5229, 4719, 1139, 18.06%, 0, 0, 4, 1281.96, 404200, 5387
5069, 0, 2168, 5229, 4718, 1138, 18.06%, 0, 0, 4, 1392.43, 411475, 5387
5074, 0, 2168, 5229, 4718, 1138, 18.06%, 0, 0, 4, 1449.54, 418805, 5387
5079, 0, 2168, 5229, 4718, 1138, 18.06%, 0, 0, 4, 1424.11, 426131, 5387
5084, 0, 2180, 5235, 4719, 1137, 18.08%, 0, 0, 4, 1358.28, 432924, 5393
5089, 0, 2248, 5237, 4709, 1127, 18.08%, 0, 0, 4, 1396.27, 440250, 5394
5095, 0, 2319, 5240, 4696, 1114, 18.09%, 0, 0, 4, 1416.88, 447381, 5396
5100, 0, 2342, 5243, 4693, 1109, 18.12%, 0, 0, 4, 1393.30, 454616, 5405
5105, 0, 2373, 5244, 4681, 1096, 18.12%, 0, 0, 4, 1466.95, 462196, 5405
5110, 0, 2376, 5244, 4678, 1093, 18.12%, 0, 0, 4, 1510.74, 469996, 5405
5115, 0, 2383, 5246, 4675, 1090, 18.13%, 0, 0, 4, 1476.36, 477263, 5407
5120, 0, 2433, 5247, 4659, 1074, 18.13%, 0, 0, 4, 1394.63, 484423, 5408
5125, 0, 2507, 5248, 4637, 1052, 18.13%, 0, 0, 4, 1357.49, 491265, 5409
5130, 0, 2570, 5254, 4623, 1034, 18.14%, 0, 0, 4, 1332.91, 498060, 5410
5135, 0, 2587, 5254, 4608, 1019, 18.14%, 0, 0, 4, 1389.36, 505072, 5410
5140, 0, 2589, 5254, 4606, 1017, 18.14%, 0, 0, 4, 1427.30, 512333, 5410
5146, 0, 2590, 5255, 4606, 1016, 18.14%, 0, 0, 4, 1418.12, 519741, 5411
5151, 0, 2593, 5255, 4603, 1014, 18.14%, 0, 0, 4, 1279.78, 526003, 5411
5156, 0, 2596, 5255, 4600, 1011, 18.14%, 0, 0, 4, 1235.75, 532042, 5411
5161, 0, 2599, 5255, 4597, 1008, 18.14%, 0, 0, 4, 1217.09, 538138, 5411
5166, 0, 2603, 5256, 4597, 1008, 18.14%, 0, 0, 4, 1195.43, 544382, 5412
5171, 0, 2609, 5274, 4614, 1007, 18.15%, 0, 0, 4, 1311.73, 551379, 5413
5177, 0, 2620, 5274, 4608, 1017, 18.21%, 0, 0, 4, 1229.14, 557397, 5431
5182, 0, 2620, 5277, 4611, 1017, 18.25%, 0, 0, 4, 1147.72, 563021, 5443
5187, 0, 2621, 5277, 4610, 1018, 18.25%, 0, 0, 4, 1088.41, 568412, 5443
5192, 0, 2621, 5277, 4610, 1018, 18.25%, 0, 0, 4, 1065.83, 573939, 5443
5197, 0, 2621, 5277, 4610, 1018, 18.25%, 0, 0, 4, 1115.95, 579880, 5443
5202, 0, 2621, 5278, 4611, 1018, 18.25%, 0, 0, 4, 1132.37, 585614, 5443
5207, 0, 2622, 5280, 4612, 1018, 18.27%, 0, 0, 4, 1164.86, 591594, 5450
5212, 0, 2622, 5283, 4615, 1018, 18.27%, 0, 0, 4, 1331.97, 598861, 5451
5218, 0, 2623, 5283, 4614, 1019, 18.27%, 0, 0, 4, 1166.29, 604071, 5451
5223, 0, 2623, 5285, 4616, 1019, 18.28%, 0, 0, 4, 1153.32, 609982, 5453
5228, 0, 2623, 5285, 4616, 1019, 18.28%, 0, 0, 4, 1151.53, 615895, 5453
5233, 0, 2631, 5285, 4615, 1019, 18.28%, 0, 0, 4, 1135.35, 621652, 5453
5238, 0, 2631, 5285, 4615, 1019, 18.28%, 0, 0, 4, 1127.78, 627505, 5453
5243, 0, 2631, 5285, 4615, 1019, 18.28%, 0, 0, 4, 1068.42, 632623, 5453
5248, 0, 2631, 5286, 4616, 1019, 18.29%, 0, 0, 4, 1051.20, 637922, 5455
5254, 0, 2635, 5286, 4615, 1019, 18.29%, 0, 0, 4, 1124.34, 643800, 5455
5259, 0, 2635, 5287, 4616, 1019, 18.29%, 0, 0, 4, 1116.21, 649317, 5456
5264, 0, 2636, 5288, 4616, 1019, 18.33%, 0, 0, 4, 1100.42, 654891, 5467
5269, 0, 2638, 5289, 4616, 1020, 18.36%, 0, 0, 4, 1052.37, 660192, 5477
5274, 0, 2638, 5292, 4619, 1020, 18.37%, 0, 0, 4, 1154.51, 666324, 5480
5279, 0, 2638, 5295, 4622, 1020, 18.38%, 0, 0, 4, 1168.84, 672278, 5483
5284, 0, 2639, 5296, 4622, 1024, 18.38%, 0, 0, 4, 1240.72, 678823, 5483
5289, 0, 2639, 5300, 4626, 1024, 18.39%, 0, 0, 4, 1335.33, 685710, 5487
5294, 0, 2656, 5302, 4623, 1024, 18.39%, 0, 0, 4, 1381.76, 692695, 5487
5300, 0, 2656, 5302, 4623, 1024, 18.39%, 0, 0, 4, 1382.44, 699668, 5487
5305, 0, 2656, 5302, 4623, 1024, 18.39%, 0, 0, 4, 1432.15, 707033, 5487
5310, 0, 2675, 5305, 4620, 1021, 18.40%, 0, 0, 4, 1312.49, 713706, 5488
5315, 0, 2687, 5309, 4618, 1016, 18.41%, 0, 0, 4, 1278.43, 720154, 5491
5320, 0, 2757, 5309, 4602, 1002, 18.41%, 0, 0, 4, 1370.86, 727010, 5491
5325, 0, 2816, 5309, 4586, 987, 18.41%, 0, 0, 4, 1306.28, 733774, 5491
5330, 0, 2817, 5309, 4585, 986, 18.41%, 0, 0, 4, 1301.95, 740415, 5491
5335, 0, 2818, 5309, 4584, 985, 18.41%, 0, 0, 4, 1311.01, 747549, 5491
5341, 0, 2828, 5309, 4582, 983, 18.41%, 0, 0, 4, 1279.05, 754375, 5491
5346, 0, 2832, 5309, 4578, 979, 18.41%, 0, 0, 4, 1271.51, 761109, 5491
5351, 0, 2869, 5310, 4569, 971, 18.41%, 0, 0, 4, 1280.75, 767579, 5491
5356, 0, 2869, 5310, 4569, 971, 18.41%, 0, 0, 4, 1239.48, 774114, 5491
5361, 0, 2871, 5319, 4576, 969, 18.45%, 0, 0, 4, 1202.94, 780460, 5504
5366, 0, 2900, 5381, 4624, 976, 18.52%, 0, 0, 4, 1041.80, 785555, 5524
5372, 0, 2910, 5384, 4621, 970, 18.52%, 0, 0, 4, 1073.01, 791119, 5524
5377, 0, 2938, 5385, 4612, 962, 18.52%, 0, 0, 4, 1021.82, 796122, 5525
5382, 0, 2946, 5386, 4607, 957, 18.53%, 0, 0, 4, 1096.03, 801843, 5526
5387, 0, 2950, 5387, 4604, 954, 18.53%, 0, 0, 4, 974.20, 806835, 5527
5393, 0, 2953, 5387, 4601, 951, 18.53%, 0, 0, 4, 1053.30, 812463, 5527
5398, 0, 2958, 5387, 4596, 946, 18.53%, 0, 0, 4, 1191.46, 818733, 5527
5403, 0, 2961, 5388, 4594, 944, 18.53%, 0, 0, 4, 1180.66, 824862, 5528
5408, 0, 2964, 5388, 4592, 942, 18.53%, 0, 0, 4, 1270.23, 831559, 5528
5413, 0, 2972, 5389, 4587, 937, 18.54%, 0, 0, 4, 1247.45, 837778, 5529
5418, 0, 2985, 5389, 4584, 934, 18.54%, 0, 0, 4, 1391.27, 845138, 5529
5423, 0, 2985, 5389, 4584, 934, 18.54%, 0, 0, 4, 1467.96, 852639, 5529
5428, 0, 2987, 5390, 4584, 933, 18.56%, 0, 0, 4, 1278.55, 859071, 5537
5433, 0, 2996, 5390, 4581, 931, 18.56%, 0, 0, 4, 1262.95, 865265, 5537
5439, 0, 3005, 5391, 4574, 924, 18.57%, 0, 0, 4, 1277.64, 871898, 5538
5444, 0, 3021, 5392, 4562, 912, 18.57%, 0, 0, 4, 1283.92, 878187, 5539
5449, 0, 3042, 5393, 4557, 907, 18.57%, 0, 0, 4, 1159.60, 883981, 5539
5454, 0, 3140, 5393, 4535, 885, 18.57%, 0, 0, 4, 1294.78, 890592, 5539
5459, 0, 3177, 5402, 4531, 874, 18.58%, 0, 0, 4, 1258.35, 897204, 5541
5464, 0, 3212, 5403, 4526, 868, 18.61%, 0, 0, 4, 1236.67, 903541, 5550
5469, 0, 3212, 5411, 4534, 868, 18.70%, 0, 0, 4, 1274.58, 910151, 5577
5474, 0, 3237, 5416, 4528, 866, 18.70%, 0, 0, 4, 1284.99, 916887, 5579
5480, 0, 3239, 5417, 4527, 865, 18.71%, 0, 0, 4, 1270.00, 923347, 5580
5485, 0, 3253, 5421, 4523, 860, 18.72%, 0, 0, 4, 1306.53, 930156, 5584
5490, 0, 3274, 5429, 4523, 857, 18.74%, 0, 0, 4, 1263.14, 936486, 5589
5495, 0, 3339, 5429, 4517, 851, 18.74%, 0, 0, 4, 1350.38, 943568, 5589
5500, 0, 3347, 5429, 4513, 847, 18.74%, 0, 0, 4, 1401.57, 950944, 5589
5505, 0, 3371, 5429, 4505, 839, 18.74%, 0, 0, 4, 1567.48, 959050, 5589
5510, 0, 3387, 5429, 4499, 833, 18.74%, 0, 0, 4, 1596.45, 967268, 5589
5515, 0, 3395, 5429, 4495, 829, 18.74%, 0, 0, 4, 1649.79, 975794, 5589
5520, 0, 3403, 5430, 4494, 827, 18.74%, 0, 0, 4, 1633.34, 984100, 5590
5525, 0, 3428, 5430, 4484, 818, 18.74%, 0, 0, 4, 1527.57, 991615, 5590
5531, 0, 3437, 5431, 4482, 815, 18.75%, 0, 0, 4, 1661.73, 1000276, 5592
5536, 0, 3442, 5433, 4481, 813, 18.75%, 0, 0, 4, 1539.35, 1007814, 5593
5541, 0, 3445, 5433, 4479, 812, 18.75%, 0, 0, 4, 1456.90, 1014895, 5593
5546, 0, 3445, 5433, 4479, 812, 18.75%, 0, 0, 4, 1443.17, 1021993, 5593
5551, 0, 3446, 5433, 4478, 811, 18.75%, 0, 0, 4, 1505.45, 1029695, 5593
5556, 0, 3447, 5433, 4477, 810, 18.75%, 0, 0, 4, 1487.84, 1037342, 5593
5561, 0, 3447, 5433, 4477, 810, 18.75%, 0, 0, 4, 1466.81, 1044703, 5593
5566, 0, 3448, 5433, 4476, 809, 18.75%, 0, 0, 4, 1375.23, 1051870, 5593
5571, 0, 3455, 5439, 4478, 805, 18.81%, 0, 0, 4, 1380.86, 1059126, 5611
5577, 0, 3502, 5440, 4474, 805, 18.81%, 0, 0, 4, 1427.73, 1066571, 5611
5582, 0, 3509, 5440, 4471, 802, 18.81%, 0, 0, 4, 1352.72, 1073309, 5611
5587, 0, 3531, 5441, 4463, 793, 18.81%, 0, 0, 4, 1363.90, 1080368, 5611
5592, 0, 3543, 5441, 4455, 785, 18.81%, 0, 0, 4, 1349.65, 1087105, 5611
5597, 0, 3562, 5441, 4447, 777, 18.81%, 0, 0, 4, 1271.81, 1093500, 5611
5602, 0, 3635, 5444, 4435, 765, 18.83%, 0, 0, 4, 1317.07, 1100731, 5617
5608, 0, 3640, 5445, 4434, 764, 18.83%, 0, 0, 4, 1262.54, 1107133, 5617
5613, 0, 3665, 5445, 4426, 756, 18.83%, 0, 0, 4, 1325.67, 1113998, 5617
5618, 0, 3669, 5445, 4424, 754, 18.83%, 0, 0, 4, 1349.01, 1121224, 5617
5623, 0, 3680, 5445, 4422, 752, 18.83%, 0, 0, 4, 1352.21, 1127949, 5617
5628, 0, 3685, 5455, 4429, 754, 18.86%, 0, 0, 4, 1408.17, 1135215, 5626
5633, 0, 3698, 5456, 4423, 748, 18.86%, 0, 0, 4, 1449.83, 1142499, 5627
5638, 0, 3703, 5456, 4420, 745, 18.86%, 0, 0, 4, 1324.46, 1149017, 5627
5644, 0, 3712, 5456, 4418, 743, 18.86%, 0, 0, 4, 1285.55, 1155762, 5627
5649, 0, 3720, 5459, 4417, 739, 18.86%, 0, 0, 4, 1248.58, 1162075, 5627
5654, 0, 3727, 5459, 4415, 737, 18.86%, 0, 0, 4, 1213.41, 1168329, 5627
5659, 0, 3730, 5460, 4414, 735, 18.87%, 0, 0, 4, 1207.91, 1174546, 5628
5664, 0, 3771, 5460, 4403, 725, 18.87%, 0, 0, 4, 1168.33, 1180413, 5628
5669, 0, 3789, 5462, 4399, 720, 18.87%, 0, 0, 4, 1263.96, 1187225, 5628
5674, 0, 3816, 5465, 4394, 712, 18.87%, 0, 0, 4, 1218.74, 1193363, 5628
5680, 0, 3839, 5465, 4388, 706, 18.87%, 0, 0, 4, 1268.55, 1200080, 5628
5685, 0, 3842, 5465, 4386, 704, 18.87%, 0, 0, 4, 1225.45, 1206156, 5628
5690, 0, 3850, 5465, 4384, 702, 18.87%, 0, 0, 4, 1178.59, 1212148, 5628
5695, 0, 3861, 5465, 4380, 698, 18.87%, 0, 0, 4, 1279.97, 1219033, 5628
5700, 0, 3864, 5465, 4377, 695, 18.87%, 0, 0, 4, 1303.84, 1225817, 5628
5705, 0, 3867, 5465, 4374, 692, 18.87%, 0, 0, 4, 1325.23, 1232673, 5628
5711, 0, 3886, 5465, 4365, 683, 18.87%, 0, 0, 4, 1352.43, 1239603, 5628
5716, 0, 3901, 5468, 4360, 676, 18.87%, 0, 0, 4, 1527.10, 1247554, 5628
5721, 0, 3910, 5470, 4359, 678, 18.87%, 0, 0, 4, 1608.87, 1255788, 5630
5726, 0, 3913, 5470, 4357, 676, 18.87%, 0, 0, 4, 1558.55, 1263730, 5630
5731, 0, 3919, 5471, 4354, 673, 18.88%, 0, 0, 4, 1635.69, 1272100, 5631
5736, 0, 3925, 5471, 4351, 670, 18.88%, 0, 0, 4, 1532.29, 1280043, 5631
5741, 0, 3947, 5471, 4343, 662, 18.88%, 0, 0, 4, 1670.64, 1288660, 5631
5746, 0, 3962, 5474, 4338, 657, 18.89%, 0, 0, 4, 1473.54, 1295731, 5634
5752, 0, 3991, 5478, 4335, 651, 18.89%, 0, 0, 4, 1424.84, 1303017, 5635
5757, 0, 3995, 5478, 4332, 649, 18.89%, 0, 0, 4, 1425.80, 1310247, 5635
5762, 0, 4002, 5478, 4329, 646, 18.89%, 0, 0, 4, 1438.17, 1317545, 5635
5767, 0, 4010, 5478, 4324, 641, 18.89%, 0, 0, 4, 1454.93, 1325016, 5635
5772, 0, 4025, 5478, 4316, 633, 18.89%, 0, 0, 4, 1467.22, 1332770, 5635
5777, 0, 4032, 5478, 4314, 631, 18.89%, 0, 0, 4, 1496.63, 1340380, 5635
5782, 0, 4038, 5478, 4311, 628, 18.89%, 0, 0, 4, 1474.42, 1347929, 5635
5787, 0, 4047, 5478, 4310, 627, 18.89%, 0, 0, 4, 1580.76, 1356254, 5635
5792, 0, 4058, 5479, 4308, 625, 18.89%, 0, 0, 4, 1469.92, 1363605, 5636
5797, 0, 4061, 5480, 4306, 622, 18.89%, 0, 0, 4, 1459.51, 1370970, 5636
5802, 0, 4064, 5480, 4304, 620, 18.89%, 0, 0, 4, 1406.67, 1377941, 5636
5807, 0, 4064, 5480, 4304, 620, 18.89%, 0, 0, 4, 1526.22, 1385920, 5636
5813, 0, 4066, 5487, 4309, 618, 18.90%, 0, 0, 4, 1331.10, 1392649, 5637
5818, 0, 4066, 5495, 4317, 618, 18.90%, 0, 0, 4, 1365.65, 1399507, 5638
5823, 0, 4080, 5498, 4316, 619, 18.90%, 0, 0, 4, 1202.90, 1405556, 5639
5828, 0, 4082, 5498, 4315, 618, 18.90%, 0, 0, 4, 1221.63, 1411884, 5639
5833, 0, 4082, 5499, 4316, 618, 18.90%, 0, 0, 4, 1264.72, 1418416, 5639
5838, 0, 4083, 5499, 4315, 617, 18.90%, 0, 0, 4, 1355.76, 1425405, 5639
5843, 0, 4083, 5499, 4315, 617, 18.90%, 0, 0, 4, 1406.67, 1432588, 5639
5848, 0, 4085, 5500, 4315, 617, 18.91%, 0, 0, 4, 1404.02, 1439785, 5640
5853, 0, 4085, 5501, 4316, 617, 18.91%, 0, 0, 4, 1339.31, 1446560, 5640
5858, 0, 4086, 5501, 4315, 616, 18.91%, 0, 0, 4, 1377.06, 1453777, 5640
5864, 0, 4086, 5501, 4315, 616, 18.91%, 0, 0, 4, 1315.94, 1460531, 5640
5869, 0, 4090, 5501, 4314, 615, 18.91%, 0, 0, 4, 1309.74, 1467255, 5640
5874, 0, 4090, 5501, 4314, 615, 18.91%, 0, 0, 4, 1305.61, 1473825, 5640
5879, 0, 4090, 5501, 4314, 615, 18.91%, 0, 0, 4, 1293.05, 1480249, 5640
5884, 0, 4091, 5502, 4314, 614, 18.91%, 0, 0, 4, 1312.03, 1486877, 5641
5889, 0, 4091, 5502, 4314, 614, 18.91%, 0, 0, 4, 1320.28, 1493558, 5641
5894, 0, 4095, 5502, 4311, 612, 18.91%, 0, 0, 4, 1317.47, 1500161, 5641
5899, 0, 4107, 5504, 4306, 606, 18.92%, 0, 0, 4, 1385.87, 1507216, 5643
5904, 0, 4117, 5504, 4301, 603, 18.92%, 0, 0, 4, 1437.90, 1514653, 5643
5909, 0, 4126, 5506, 4301, 602, 18.92%, 0, 0, 4, 1432.45, 1521835, 5644
5915, 0, 4131, 5506, 4298, 599, 18.92%, 0, 0, 4, 1484.45, 1529689, 5644
5920, 0, 4135, 5506, 4294, 595, 18.92%, 0, 0, 4, 1423.32, 1537002, 5644
5925, 0, 4146, 5507, 4291, 591, 18.92%, 0, 0, 4, 1510.07, 1545069, 5645
5930, 0, 4162, 5508, 4285, 587, 18.93%, 0, 0, 4, 1587.36, 1553508, 5646
5935, 0, 4166, 5509, 4284, 585, 18.93%, 0, 0, 4, 1710.19, 1562441, 5646
5940, 0, 4173, 5509, 4281, 582, 18.93%, 0, 0, 4, 1814.72, 1571670, 5646
5946, 0, 4175, 5509, 4279, 580, 18.93%, 0, 0, 4, 1748.32, 1580741, 5646
5951, 0, 4180, 5509, 4277, 578, 18.93%, 0, 0, 4, 1740.13, 1589546, 5646
5956, 0, 4188, 5510, 4276, 577, 18.93%, 0, 0, 4, 1601.93, 1597425, 5646
5961, 0, 4199, 5510, 4272, 573, 18.93%, 0, 0, 4, 1543.61, 1605247, 5646
5966, 0, 4205, 5515, 4274, 572, 18.94%, 0, 0, 4, 1561.42, 1613265, 5649
5971, 0, 4205, 5516, 4275, 572, 18.94%, 0, 0, 4, 1558.86, 1621050, 5649
5976, 0, 4206, 5516, 4274, 571, 18.94%, 0, 0, 4, 1496.12, 1628769, 5649
5982, 0, 4206, 5516, 4274, 571, 18.94%, 0, 0, 4, 1590.28, 1636866, 5649
5987, 0, 4207, 5516, 4273, 570, 18.94%, 0, 0, 4, 1514.39, 1644420, 5649
5992, 0, 4208, 5516, 4272, 570, 18.94%, 0, 0, 4, 1557.74, 1651923, 5649
5997, 0, 4208, 5516, 4272, 570, 18.94%, 0, 0, 4, 1452.58, 1659100, 5649
6002, 0, 4209, 5516, 4271, 569, 18.94%, 0, 0, 4, 1437.62, 1666493, 5649
6007, 0, 4209, 5516, 4271, 569, 18.94%, 0, 0, 4, 1381.94, 1673716, 5649
6012, 0, 4211, 5516, 4270, 568, 18.94%, 0, 0, 4, 1431.82, 1681254, 5649
6017, 0, 4211, 5516, 4270, 568, 18.94%, 0, 0, 4, 1431.37, 1688454, 5649
6023, 0, 4212, 5516, 4269, 567, 18.94%, 0, 0, 4, 1409.65, 1695733, 5649
6028, 0, 4212, 5516, 4269, 567, 18.94%, 0, 0, 4, 1292.23, 1702265, 5649
6033, 0, 4213, 5516, 4268, 566, 18.94%, 0, 0, 4, 1305.86, 1708895, 5649
6038, 0, 4213, 5516, 4268, 566, 18.94%, 0, 0, 4, 1381.53, 1715946, 5649
6043, 0, 4213, 5516, 4268, 566, 18.94%, 0, 0, 4, 1389.97, 1722846, 5649
6048, 0, 4215, 5516, 4267, 565, 18.94%, 0, 0, 4, 1356.14, 1729645, 5649
6053, 0, 4215, 5516, 4267, 565, 18.94%, 0, 0, 4, 1391.43, 1736827, 5649
6058, 0, 4217, 5517, 4266, 564, 18.94%, 0, 0, 4, 1442.73, 1744274, 5649
6063, 0, 4217, 5517, 4266, 564, 18.94%, 0, 0, 4, 1412.28, 1751465, 5649
6068, 0, 4220, 5517, 4264, 562, 18.94%, 0, 0, 4, 1333.59, 1758109, 5649
6074, 0, 4220, 5517, 4264, 562, 18.94%, 0, 0, 4, 1392.93, 1765425, 5649
6079, 0, 4221, 5517, 4263, 561, 18.94%, 0, 0, 4, 1398.83, 1772677, 5649
6084, 0, 4221, 5518, 4264, 561, 18.94%, 0, 0, 4, 1367.38, 1779514, 5649
6089, 0, 4223, 5519, 4264, 561, 18.94%, 0, 0, 4, 1386.92, 1786525, 5650
6094, 0, 4223, 5520, 4265, 561, 18.96%, 0, 0, 4, 1376.31, 1793427, 5655
6099, 0, 4230, 5521, 4265, 561, 18.96%, 0, 0, 4, 1387.80, 1800337, 5655
6104, 0, 4247, 5525, 4264, 559, 18.97%, 0, 0, 4, 1308.48, 1806851, 5658
6109, 0, 4254, 5526, 4262, 556, 18.99%, 0, 0, 4, 1324.08, 1813374, 5664
6114, 0, 4263, 5528, 4257, 553, 19.00%, 0, 0, 4, 1378.81, 1820121, 5667
6119, 0, 4265, 5528, 4255, 551, 19.00%, 0, 0, 4, 1406.20, 1827101, 5667
6124, 0, 4275, 5529, 4251, 546, 19.00%, 0, 0, 4, 1422.12, 1834264, 5668
6129, 0, 4280, 5529, 4247, 543, 19.00%, 0, 0, 4, 1424.51, 1841391, 5668
6135, 0, 4281, 5529, 4246, 542, 19.00%, 0, 0, 4, 1584.13, 1849297, 5668
6140, 0, 4303, 5529, 4234, 531, 19.00%, 0, 0, 4, 1707.89, 1858054, 5668
6145, 0, 4314, 5529, 4230, 527, 19.00%, 0, 0, 4, 1693.11, 1866735, 5668
6150, 0, 4328, 5529, 4224, 521, 19.00%, 0, 0, 4, 1689.77, 1875225, 5668
6155, 0, 4334, 5537, 4229, 518, 19.04%, 0, 0, 4, 1639.27, 1883623, 5680
6160, 0, 4343, 5540, 4225, 519, 19.05%, 0, 0, 4, 1700.02, 1892408, 5681
6166, 0, 4359, 5540, 4222, 516, 19.05%, 0, 0, 4, 1528.64, 1900176, 5681
6171, 0, 4379, 5542, 4221, 513, 19.05%, 0, 0, 4, 1479.38, 1907790, 5683
6176, 0, 4383, 5543, 4219, 513, 19.05%, 0, 0, 4, 1456.08, 1915358, 5683
6181, 0, 4386, 5544, 4218, 512, 19.06%, 0, 0, 4, 1480.49, 1923134, 5684
6186, 0, 4388, 5544, 4216, 510, 19.06%, 0, 0, 4, 1522.10, 1930705, 5684
6191, 0, 4398, 5545, 4212, 506, 19.06%, 0, 0, 4, 1422.71, 1937728, 5685
6196, 0, 4408, 5545, 4209, 503, 19.06%, 0, 0, 4, 1347.38, 1944513, 5685
6201, 0, 4408, 5545, 4209, 503, 19.06%, 0, 0, 4, 1326.80, 1951447, 5685
6207, 0, 4419, 5547, 4207, 501, 19.07%, 0, 0, 4, 1346.59, 1958297, 5687
6212, 0, 4430, 5547, 4203, 497, 19.07%, 0, 0, 4, 1340.02, 1965165, 5687
6217, 0, 4432, 5547, 4201, 495, 19.07%, 0, 0, 4, 1449.99, 1972661, 5687
6222, 0, 4440, 5548, 4198, 492, 19.07%, 0, 0, 4, 1373.14, 1979745, 5688
6227, 0, 4445, 5549, 4194, 488, 19.07%, 0, 0, 4, 1293.77, 1986279, 5689
6232, 0, 4456, 5553, 4188, 481, 19.09%, 0, 0, 4, 1323.19, 1993055, 5694
6237, 0, 4490, 5557, 4186, 478, 19.09%, 0, 0, 4, 1261.46, 1999471, 5694
6242, 0, 4509, 5560, 4175, 467, 19.10%, 0, 0, 4, 1337.08, 2006535, 5697
6247, 0, 4523, 5561, 4166, 459, 19.10%, 0, 0, 4, 1263.16, 2013075, 5698
6252, 0, 4528, 5562, 4164, 457, 19.11%, 0, 0, 4, 1306.03, 2019830, 5699
6257, 0, 4535, 5566, 4162, 453, 19.12%, 0, 0, 4, 1311.50, 2026526, 5702
6263, 0, 4547, 5573, 4163, 450, 19.13%, 0, 0, 4, 1381.39, 2033458, 5707
6268, 0, 4557, 5574, 4157, 445, 19.14%, 0, 0, 4, 1339.08, 2040482, 5708
6273, 0, 4573, 5575, 4156, 445, 19.14%, 0, 0, 4, 1370.31, 2047712, 5708
6278, 0, 4620, 5576, 4150, 438, 19.14%, 0, 0, 4, 1260.00, 2054367, 5708
6283, 0, 4622, 5577, 4150, 437, 19.14%, 0, 0, 4, 1384.21, 2061662, 5708
6288, 0, 4749, 5578, 4139, 426, 19.14%, 0, 0, 4, 1240.03, 2067951, 5708
6294, 0, 4772, 5578, 4133, 421, 19.14%, 0, 0, 4, 1191.30, 2074200, 5708
6299, 0, 4796, 5578, 4124, 412, 19.14%, 0, 0, 4, 1266.50, 2081048, 5708
6304, 0, 4810, 5578, 4114, 402, 19.14%, 0, 0, 4, 1250.82, 2087359, 5708
6309, 0, 4862, 5580, 4105, 391, 19.14%, 0, 0, 4, 1212.36, 2093442, 5708
6314, 0, 4935, 5580, 4089, 375, 19.14%, 0, 0, 4, 1270.71, 2100000, 5708
6319, 0, 4986, 5580, 4075, 362, 19.14%, 0, 0, 4, 1311.61, 2106758, 5708
6324, 0, 4998, 5581, 4069, 356, 19.14%, 0, 0, 4, 1371.18, 2113811, 5708
6329, 0, 5022, 5582, 4063, 352, 19.14%, 0, 0, 4, 1312.97, 2120302, 5709
6335, 0, 5038, 5582, 4056, 345, 19.14%, 0, 0, 4, 1381.21, 2127610, 5709
6340, 0, 5058, 5583, 4049, 337, 19.14%, 0, 0, 4, 1392.14, 2134651, 5710
6345, 0, 5064, 5590, 4051, 337, 19.18%, 0, 0, 4, 1363.19, 2141359, 5720
6350, 0, 5083, 5597, 4047, 333, 19.22%, 0, 0, 4, 1461.51, 2149187, 5734
6355, 0, 5087, 5598, 4046, 331, 19.23%, 0, 0, 4, 1331.89, 2155589, 5735
6360, 0, 5094, 5615, 4057, 341, 19.43%, 0, 0, 5, 1422.71, 2162859, 5795
6365, 0, 5095, 5626, 4067, 340, 19.44%, 0, 0, 5, 1651.43, 2171872, 5800
6370, 0, 5119, 5641, 4067, 337, 19.60%, 0, 0, 5, 1490.84, 2179444, 5846
6375, 0, 5139, 5658, 4070, 338, 19.81%, 0, 0, 5, 1519.94, 2187199, 5910
6381, 0, 5142, 5687, 4096, 335, 19.84%, 0, 0, 5, 1664.23, 2195633, 5918
6386, 0, 5146, 5698, 4105, 341, 19.86%, 0, 0, 5, 1744.59, 2204668, 5925
6391, 0, 5146, 5709, 4116, 341, 19.93%, 0, 0, 5, 1641.66, 2212890, 5945
6396, 0, 5159, 5711, 4107, 343, 19.95%, 0, 0, 5, 1582.72, 2221127, 5950
6401, 0, 5170, 5721, 4107, 341, 20.01%, 0, 0, 5, 1507.44, 2228771, 5969
6406, 0, 5179, 5749, 4129, 346, 20.06%, 0, 0, 5, 1418.78, 2236098, 5985
6411, 0, 5179, 5751, 4131, 346, 20.06%, 0, 0, 5, 1407.69, 2243450, 5985
6416, 0, 5189, 5753, 4129, 346, 20.07%, 0, 0, 5, 1487.61, 2251290, 5988
6421, 0, 5190, 5753, 4128, 345, 20.07%, 0, 0, 5, 1477.64, 2258825, 5988
6426, 0, 5191, 5754, 4128, 345, 20.08%, 0, 0, 5, 1475.51, 2266325, 5990
6432, 0, 5191, 5754, 4128, 345, 20.08%, 0, 0, 5, 1579.42, 2274570, 5990
6437, 0, 5192, 5755, 4128, 345, 20.08%, 0, 0, 5, 1559.33, 2282700, 5991
6442, 0, 5199, 5755, 4126, 343, 20.08%, 0, 0, 5, 1566.01, 2290484, 5991
6447, 0, 5215, 5762, 4118, 330, 20.09%, 0, 0, 5, 1564.88, 2298546, 5993
6452, 0, 5235, 5765, 4112, 322, 20.09%, 0, 0, 5, 1486.42, 2305924, 5993
6457, 0, 5257, 5773, 4107, 312, 20.12%, 0, 0, 5, 1509.10, 2313653, 6003
6462, 0, 5267, 5777, 4101, 306, 20.15%, 0, 0, 5, 1356.89, 2320347, 6010
6467, 0, 5274, 5790, 4108, 301, 20.17%, 0, 0, 5, 1422.48, 2327749, 6017
6472, 0, 5274, 5797, 4115, 301, 20.21%, 0, 0, 5, 1481.19, 2335565, 6028
6477, 0, 5283, 5803, 4117, 312, 20.23%, 0, 0, 5, 1501.70, 2343445, 6035
6483, 0, 5289, 5821, 4130, 322, 20.30%, 0, 0, 5, 1537.64, 2351141, 6055
6488, 0, 5292, 5821, 4127, 319, 20.30%, 0, 0, 5, 1484.15, 2358782, 6055
6493, 0, 5308, 5822, 4120, 312, 20.30%, 0, 0, 5, 1508.85, 2366506, 6056
6498, 0, 5309, 5822, 4119, 311, 20.30%, 0, 0, 5, 1529.55, 2374650, 6056
6503, 0, 5317, 5837, 4130, 316, 20.34%, 0, 0, 5, 1462.34, 2381553, 6068
6509, 0, 5330, 5838, 4129, 315, 20.34%, 0, 0, 5, 1462.82, 2389135, 6068
6514, 0, 5337, 5838, 4126, 312, 20.34%, 0, 0, 5, 1483.09, 2396476, 6068
6519, 0, 5341, 5838, 4123, 309, 20.34%, 0, 0, 5, 1585.22, 2404536, 6068
6524, 0, 5388, 5846, 4113, 300, 20.36%, 0, 0, 5, 1535.88, 2412163, 6073
6529, 0, 5402, 5866, 4127, 297, 20.42%, 0, 0, 5, 1489.78, 2419761, 6090
6534, 0, 5402, 5874, 4135, 297, 20.42%, 0, 0, 5, 1395.27, 2426570, 6091
6539, 0, 5403, 5899, 4159, 306, 20.45%, 0, 0, 5, 1538.25, 2434211, 6100
6544, 0, 5403, 5907, 4167, 306, 20.45%, 0, 0, 5, 1421.44, 2440889, 6101
6549, 0, 5407, 5910, 4167, 312, 20.48%, 0, 0, 5, 1381.39, 2448239, 6108
6554, 0, 5409, 5910, 4165, 309, 20.48%, 0, 0, 5, 1429.08, 2455525, 6108
6560, 0, 5412, 5912, 4164, 306, 20.48%, 0, 0, 5, 1445.73, 2463130, 6109
6565, 0, 5427, 5915, 4157, 296, 20.48%, 0, 0, 5, 1399.40, 2469856, 6109
6570, 0, 5435, 5917, 4154, 292, 20.49%, 0, 0, 5, 1434.51, 2477753, 6111
6575, 0, 5435, 5919, 4156, 292, 20.49%, 0, 0, 5, 1447.90, 2484948, 6113
6580, 0, 5438, 5956, 4191, 299, 20.75%, 0, 0, 5, 1489.48, 2492528, 6191
6585, 0, 5438, 5964, 4199, 299, 20.77%, 0, 0, 5, 1407.91, 2499270, 6194
6590, 0, 5448, 5966, 4195, 310, 20.77%, 0, 0, 5, 1369.12, 2506416, 6196
6595, 0, 5455, 5970, 4196, 310, 20.79%, 0, 0, 5, 1379.66, 2513387, 6200
6601, 0, 5463, 5973, 4196, 309, 20.80%, 0, 0, 5, 1164.82, 2519145, 6203
6606, 0, 5473, 5975, 4190, 302, 20.80%, 0, 0, 5, 882.71, 2524276, 6204
6611, 0, 5499, 5975, 4183, 295, 20.80%, 0, 0, 5, 1072.06, 2529993, 6204
6616, 0, 5501, 5976, 4183, 295, 20.80%, 0, 0, 5, 1127.11, 2535501, 6205
6621, 0, 5509, 5978, 4180, 290, 20.80%, 0, 0, 5, 876.21, 2539820, 6205
6626, 0, 5517, 5980, 4178, 286, 20.80%, 0, 0, 5, 977.97, 2544190, 6205
6632, 0, 5518, 5981, 4178, 285, 20.81%, 0, 0, 5, 832.40, 2547439, 6206
6637, 0, 5519, 5983, 4179, 286, 20.82%, 0, 0, 5, 479.50, 2550327, 6210
6642, 0, 5519, 5988, 4184, 286, 20.84%, 0, 0, 5, 99.42, 2552121, 6217
6647, 0, 5519, 5990, 4186, 286, 20.87%, 0, 0, 5, 609.80, 2555358, 6225
6653, 0, 5519, 5991, 4187, 286, 20.87%, 0, 0, 5, 453.24, 2558486, 6225
6658, 0, 5519, 5991, 4187, 286, 20.87%, 0, 0, 5, 506.02, 2560324, 6225
6663, 0, 5519, 5992, 4188, 286, 20.89%, 0, 0, 5, 284.44, 2563190, 6232
6668, 0, 5523, 5993, 4187, 290, 20.89%, 0, 0, 5, 110.23, 2564626, 6232
6673, 0, 5528, 5994, 4183, 286, 20.90%, 0, 0, 5, 208.69, 2566437, 6233
6679, 0, 5530, 5998, 4185, 288, 20.91%, 0, 0, 5, 1288.35, 2569881, 6237
6684, 0, 5531, 5999, 4185, 287, 20.91%, 0, 0, 5, 434.25, 2572101, 6237
6690, 0, 5531, 5999, 4185, 287, 20.91%, 0, 0, 5, 459.95, 2574158, 6237
6695, 0, 5532, 5999, 4184, 286, 20.91%, 0, 0, 5, 797.96, 2576991, 6237
6700, 0, 5533, 5999, 4183, 285, 20.91%, 0, 0, 5, 659.11, 2579137, 6237
6705, 0, 5535, 5999, 4182, 284, 20.91%, 0, 0, 5, 575.86, 2581056, 6237
6710, 0, 5537, 6000, 4182, 283, 20.91%, 0, 0, 5, 59.52, 2583761, 6238
6716, 0, 5539, 6000, 4181, 283, 20.91%, 0, 0, 5, 850.17, 2586042, 6238
6723, 0, 5541, 6000, 4179, 281, 20.91%, 0, 0, 5, 950.24, 2588383, 6238
6729, 0, 5542, 6001, 4179, 280, 20.91%, 0, 0, 5, 518.97, 2589997, 6238
6733, 0, 5543, 6001, 4178, 280, 20.91%, 0, 0, 5, 542.51, 2591570, 6238
6738, 0, 5545, 6002, 4177, 279, 20.92%, 0, 0, 5, 432.56, 2593418, 6239
6743, 0, 5545, 6002, 4177, 279, 20.92%, 0, 0, 5, 662.56, 2596343, 6239
6748, 0, 5545, 6002, 4177, 279, 20.92%, 0, 0, 5, 615.91, 2598813, 6239
6754, 0, 5547, 6005, 4178, 278, 20.92%, 0, 0, 5, 255.26, 2602523, 6240
6759, 0, 5551, 6005, 4174, 275, 20.92%, 0, 0, 5, 42.31, 2605064, 6240
6765, 0, 5553, 6006, 4173, 273, 20.92%, 0, 0, 5, 437.02, 2607612, 6240
6770, 0, 5555, 6011, 4177, 272, 20.92%, 0, 0, 5, 38.46, 2609066, 6240
6775, 0, 5555, 6013, 4179, 272, 20.92%, 0, 0, 5, 134.17, 2611426, 6240
6780, 0, 5555, 6014, 4180, 272, 20.92%, 0, 0, 5, 253.27, 2612754, 6240
6785, 0, 5555, 6017, 4183, 272, 20.92%, 0, 0, 5, 357.10, 2614704, 6240
6791, 0, 5555, 6018, 4184, 272, 20.92%, 0, 0, 5, 950.50, 2615916, 6240
6796, 0, 5555, 6021, 4187, 272, 20.92%, 0, 0, 5, 654.70, 2618468, 6240
6801, 0, 5555, 6021, 4187, 272, 20.92%, 0, 0, 5, 546.57, 2621105, 6240
6806, 0, 5562, 6022, 4182, 267, 20.92%, 0, 0, 5, 131.21, 2624231, 6241
6811, 0, 5565, 6022, 4180, 265, 20.92%, 0, 0, 5, 888.93, 2626735, 6241
6816, 0, 5573, 6025, 4179, 262, 20.93%, 0, 0, 5, 1607.19, 2632735, 6242
6822, 0, 5582, 6025, 4174, 257, 20.93%, 0, 0, 5, 1293.86, 2638689, 6242
6827, 0, 5584, 6032, 4179, 257, 20.94%, 0, 0, 5, 1188.70, 2643977, 6247
6832, 0, 5589, 6036, 4181, 259, 20.96%, 0, 0, 5, 776.56, 2647025, 6251
6837, 0, 5593, 6041, 4182, 260, 20.98%, 0, 0, 5, 833.87, 2651461, 6257
6842, 0, 5597, 6050, 4188, 265, 21.06%, 0, 0, 5, 778.57, 2655027, 6281
6847, 0, 5598, 6053, 4190, 264, 21.08%, 0, 0, 6, 648.14, 2657479, 6287
6852, 0, 5599, 6059, 4195, 269, 21.09%, 0, 0, 6, 890.57, 2659730, 6292
6857, 0, 5600, 6066, 4201, 273, 21.12%, 0, 0, 6, 205.81, 2663509, 6301
6862, 0, 5602, 6067, 4201, 273, 21.13%, 0, 0, 6, 250.68, 2664928, 6302
6868, 0, 5602, 6068, 4202, 273, 21.13%, 0, 0, 6, 366.15, 2667031, 6303
6873, 0, 5602, 6073, 4207, 273, 21.15%, 0, 0, 6, 87.19, 2668079, 6308
6878, 0, 5603, 6073, 4206, 276, 21.15%, 0, 0, 6, 193.89, 2670772, 6308
6884, 0, 5603, 6073, 4206, 276, 21.15%, 0, 0, 6, 67.86, 2671845, 6308
6889, 0, 5604, 6074, 4206, 275, 21.15%, 0, 0, 6, 366.67, 2674271, 6309
6894, 0, 5604, 6076, 4208, 275, 21.15%, 0, 0, 6, 9.06, 2675201, 6310
6900, 0, 5608, 6079, 4210, 277, 21.17%, 0, 0, 6, 636.15, 2676954, 6314
6905, 0, 5608, 6079, 4210, 277, 21.17%, 0, 0, 6, 107.12, 2678140, 6314
6910, 0, 5609, 6082, 4212, 281, 21.19%, 0, 0, 6, 58.32, 2679968, 6320
6915, 0, 5609, 6082, 4212, 281, 21.19%, 0, 0, 6, 804.60, 2682155, 6320
6921, 0, 5611, 6086, 4215, 284, 21.23%, 0, 0, 6, 376.95, 2684448, 6334
6926, 0, 5611, 6086, 4215, 284, 21.23%, 0, 0, 6, 452.54, 2687176, 6334
6931, 0, 5613, 6095, 4222, 289, 21.27%, 0, 0, 6, 60.34, 2690874, 6346
6936, 0, 5613, 6095, 4222, 289, 21.27%, 0, 0, 6, 590.82, 2691966, 6346
6942, 0, 5613, 6095, 4222, 289, 21.27%, 0, 0, 6, 654.03, 2694150, 6346
6947, 0, 5614, 6097, 4223, 289, 21.27%, 0, 0, 6, 17.67, 2695633, 6346
6953, 0, 5625, 6099, 4222, 287, 21.27%, 0, 0, 6, 1335.00, 2697932, 6346
6958, 0, 5629, 6111, 4231, 286, 21.28%, 0, 0, 6, 55.12, 2699699, 6349
6963, 0, 5629, 6122, 4242, 286, 21.29%, 0, 0, 6, 599.56, 2701409, 6350
6968, 0, 5629, 6123, 4243, 286, 21.30%, 0, 0, 6, 181.70, 2702845, 6355
6973, 0, 5629, 6124, 4244, 286, 21.31%, 0, 0, 6, 104.31, 2704446, 6356
6979, 0, 5629, 6125, 4245, 286, 21.31%, 0, 0, 6, 83.53, 2706068, 6356
6984, 0, 5629, 6125, 4245, 286, 21.31%, 0, 0, 6, 149.31, 2707367, 6356
6989, 0, 5629, 6126, 4246, 286, 21.31%, 0, 0, 6, 133.57, 2709375, 6356
6994, 0, 5629, 6127, 4247, 286, 21.31%, 0, 0, 6, 410.00, 2710411, 6357
6999, 0, 5629, 6127, 4247, 286, 21.31%, 0, 0, 6, 2060.00, 2712213, 6357
7005, 0, 5634, 6129, 4247, 290, 21.31%, 0, 0, 6, 542.21, 2714409, 6358
7010, 0, 5634, 6130, 4248, 290, 21.31%, 0, 0, 6, 175.70, 2715477, 6358
7016, 0, 5634, 6130, 4248, 290, 21.31%, 0, 0, 6, 297.67, 2717310, 6358
7021, 0, 5637, 6134, 4250, 292, 21.38%, 0, 0, 6, 466.17, 2718998, 6378
7026, 0, 5640, 6139, 4252, 290, 21.39%, 0, 0, 6, 132.37, 2720881, 6380
7031, 0, 5643, 6148, 4258, 292, 21.44%, 0, 0, 6, 608.35, 2723417, 6396
7036, 0, 5643, 6189, 4299, 292, 21.63%, 0, 0, 6, 625.86, 2725919, 6451
7041, 0, 5643, 6193, 4303, 292, 21.64%, 0, 0, 6, 951.64, 2729009, 6456
7046, 0, 5645, 6208, 4316, 333, 21.69%, 0, 0, 6, 1278.76, 2736315, 6469
7052, 0, 5645, 6210, 4318, 333, 21.69%, 0, 0, 6, 1360.22, 2742182, 6470
7057, 0, 5645, 6210, 4318, 333, 21.69%, 0, 0, 6, 1176.22, 2747267, 6470
7062, 0, 5645, 6246, 4354, 333, 21.70%, 0, 0, 6, 1256.71, 2753742, 6474
7067, 0, 5645, 6253, 4361, 333, 21.71%, 0, 0, 6, 1128.18, 2759686, 6475
7072, 0, 5648, 6263, 4368, 346, 21.75%, 0, 0, 6, 1069.44, 2764592, 6489
7077, 0, 5652, 6268, 4371, 348, 21.77%, 0, 0, 6, 1018.24, 2769714, 6495
7082, 0, 5660, 6275, 4372, 349, 21.86%, 0, 0, 6, 1121.91, 2775419, 6521
7088, 0, 5695, 6278, 4365, 342, 21.87%, 0, 0, 6, 1164.62, 2781541, 6525
7093, 0, 5698, 6278, 4364, 341, 21.87%, 0, 0, 6, 1347.27, 2788511, 6525
7098, 0, 5700, 6278, 4363, 340, 21.87%, 0, 0, 6, 1194.92, 2793970, 6525
7103, 0, 5709, 6285, 4363, 336, 21.90%, 0, 0, 6, 1297.86, 2800360, 6533
7108, 0, 5717, 6295, 4366, 340, 21.95%, 0, 0, 6, 1246.91, 2806495, 6547
7113, 0, 5717, 6311, 4382, 340, 22.05%, 0, 0, 6, 1407.64, 2813380, 6576
7118, 0, 5717, 6314, 4385, 340, 22.05%, 0, 0, 6, 1352.88, 2820092, 6578
7123, 0, 5718, 6334, 4404, 354, 22.15%, 0, 0, 6, 1431.73, 2827165, 6607
7129, 0, 5718, 6336, 4406, 354, 22.16%, 0, 0, 6, 1138.30, 2832587, 6611
7134, 0, 5731, 6340, 4402, 367, 22.16%, 0, 0, 6, 1143.99, 2838240, 6611
7139, 0, 5742, 6342, 4397, 361, 22.17%, 0, 0, 6, 742.40, 2842465, 6613
7144, 0, 5753, 6343, 4393, 359, 22.17%, 0, 0, 6, 933.08, 2847104, 6614
7149, 0, 5753, 6343, 4393, 359, 22.17%, 0, 0, 6, 889.52, 2851040, 6614
7154, 0, 5753, 6343, 4393, 359, 22.17%, 0, 0, 6, 1079.18, 2856696, 6614
7159, 0, 5771, 6347, 4390, 353, 22.18%, 0, 0, 6, 968.67, 2861171, 6617
7164, 0, 5777, 6350, 4387, 351, 22.20%, 0, 0, 6, 1349.03, 2865574, 6621
7169, 0, 5787, 6353, 4386, 347, 22.20%, 0, 0, 6, 1080.84, 2869294, 6622
7175, 0, 5792, 6357, 4387, 349, 22.22%, 0, 0, 6, 454.71, 2873239, 6629
7180, 0, 5798, 6362, 4386, 347, 22.24%, 0, 0, 6, 814.62, 2877806, 6634
7185, 0, 5803, 6366, 4386, 345, 22.24%, 0, 0, 6, 235.15, 2882322, 6635
7190, 0, 5807, 6367, 4384, 343, 22.25%, 0, 0, 6, 579.58, 2885964, 6638
7195, 0, 5808, 6367, 4383, 342, 22.25%, 0, 0, 6, 726.64, 2889389, 6638
7200, 0, 5810, 6367, 4382, 341, 22.25%, 0, 0, 6, 737.83, 2892751, 6638
7206, 0, 5813, 6368, 4381, 340, 22.26%, 0, 0, 6, 1013.70, 2896115, 6639
7211, 0, 5816, 6369, 4380, 339, 22.26%, 0, 0, 6, 994.22, 2900534, 6640
7216, 0, 5822, 6370, 4376, 335, 22.27%, 0, 0, 6, 635.83, 2903631, 6642
7221, 0, 5826, 6370, 4373, 332, 22.27%, 0, 0, 6, 1006.49, 2907138, 6642
7226, 0, 5828, 6372, 4374, 332, 22.28%, 0, 0, 6, 28.00, 2909112, 6645
7231, 0, 5831, 6375, 4375, 333, 22.28%, 0, 0, 6, 632.90, 2912003, 6647
7236, 0, 5834, 6377, 4375, 332, 22.29%, 0, 0, 6, 765.18, 2915847, 6648
7242, 0, 5837, 6377, 4373, 330, 22.29%, 0, 0, 6, 875.66, 2919431, 6648
7247, 0, 5840, 6377, 4370, 327, 22.29%, 0, 0, 6, 788.35, 2922525, 6648
7252, 0, 5845, 6377, 4365, 322, 22.29%, 0, 0, 6, 1000.00, 2925952, 6648
7257, 0, 5847, 6378, 4364, 321, 22.30%, 0, 0, 6, 1061.44, 2929455, 6651
7262, 0, 5850, 6380, 4364, 320, 22.30%, 0, 0, 6, 771.38, 2932638, 6651
7267, 0, 5851, 6380, 4363, 319, 22.30%, 0, 0, 6, 862.47, 2936699, 6651
7272, 0, 5853, 6380, 4362, 318, 22.30%, 0, 0, 6, 761.68, 2939713, 6651
7277, 0, 5855, 6383, 4364, 317, 22.30%, 0, 0, 6, 1129.13, 2943943, 6652
7283, 0, 5856, 6384, 4364, 317, 22.30%, 0, 0, 6, 1110.52, 2947584, 6652
7288, 0, 5858, 6384, 4363, 316, 22.30%, 0, 0, 6, 1075.46, 2950991, 6652
7293, 0, 5860, 6384, 4362, 315, 22.30%, 0, 0, 6, 871.85, 2953676, 6652
7298, 0, 5862, 6386, 4363, 316, 22.31%, 0, 0, 6, 785.59, 2956903, 6654
7303, 0, 5864, 6386, 4362, 315, 22.31%, 0, 0, 6, 723.64, 2959943, 6654
7308, 0, 5870, 6387, 4362, 314, 22.31%, 0, 0, 6, 630.81, 2962686, 6654
7313, 0, 5870, 6387, 4362, 314, 22.31%, 0, 0, 6, 528.14, 2964255, 6654
7319, 0, 5875, 6389, 4363, 314, 22.31%, 0, 0, 6, 586.74, 2967446, 6655
7324, 0, 5879, 6389, 4362, 313, 22.31%, 0, 0, 6, 648.92, 2970358, 6655
7329, 0, 5891, 6390, 4362, 312, 22.31%, 0, 0, 6, 877.12, 2973190, 6655
7334, 0, 5896, 6394, 4365, 311, 22.31%, 0, 0, 6, 326.47, 2976036, 6655
7339, 0, 5899, 6394, 4364, 311, 22.31%, 0, 0, 6, 473.37, 2978677, 6655
7344, 0, 5903, 6395, 4364, 310, 22.31%, 0, 0, 6, 545.83, 2981317, 6655
7349, 0, 5903, 6396, 4365, 310, 22.31%, 0, 0, 6, 164.09, 2983921, 6655
7355, 0, 5906, 6396, 4364, 309, 22.31%, 0, 0, 6, 347.35, 2986649, 6655
7360, 0, 5909, 6396, 4363, 308, 22.31%, 0, 0, 6, 146.94, 2989119, 6655
7365, 0, 5916, 6397, 4362, 307, 22.32%, 0, 0, 6, 993.23, 2991942, 6659
7370, 0, 5918, 6399, 4363, 307, 22.33%, 0, 0, 6, 308.09, 2994604, 6660
7375, 0, 5918, 6399, 4363, 307, 22.33%, 0, 0, 6, 440.16, 2996797, 6660
7380, 0, 5920, 6406, 4369, 305, 22.36%, 0, 0, 6, 435.67, 2998639, 6669
7385, 0, 5921, 6410, 4372, 312, 22.36%, 0, 0, 6, 585.62, 3001350, 6671
7390, 0, 5922, 6414, 4375, 315, 22.39%, 0, 0, 6, 4.35, 3003295, 6679
7395, 0, 5922, 6414, 4375, 315, 22.39%, 0, 0, 6, 656.98, 3005631, 6679
7401, 0, 5923, 6416, 4376, 315, 22.39%, 0, 0, 6, 635.13, 3008906, 6680
7406, 0, 5923, 6421, 4381, 315, 22.42%, 0, 0, 6, 107.27, 3011005, 6688
7411, 0, 5923, 6423, 4383, 315, 22.44%, 0, 0, 6, 1640.00, 3014249, 6693
7416, 0, 5923, 6425, 4385, 315, 22.44%, 0, 0, 6, 1496.54, 3019301, 6693
7421, 0, 5925, 6435, 4394, 316, 22.47%, 0, 0, 6, 1177.34, 3026426, 6703
7426, 0, 5928, 6439, 4396, 322, 22.49%, 0, 0, 6, 1013.96, 3030953, 6708
7431, 0, 5931, 6439, 4394, 320, 22.49%, 0, 0, 6, 1017.34, 3035724, 6708
7437, 0, 5932, 6440, 4394, 319, 22.49%, 0, 0, 6, 1010.89, 3040468, 6708
7442, 0, 5934, 6452, 4405, 318, 22.50%, 0, 0, 6, 888.13, 3044196, 6712
7447, 0, 5934, 6464, 4417, 318, 22.52%, 0, 0, 6, 793.76, 3047675, 6716
7452, 0, 5934, 6466, 4419, 318, 22.52%, 0, 0, 6, 398.58, 3050663, 6716
7457, 0, 5934, 6468, 4421, 318, 22.52%, 0, 0, 6, 596.87, 3054359, 6718
7462, 0, 5934, 6470, 4423, 318, 22.53%, 0, 0, 6, 599.67, 3057143, 6719
7467, 0, 5936, 6473, 4425, 327, 22.53%, 0, 0, 6, 597.23, 3059919, 6719
7472, 0, 5936, 6474, 4426, 327, 22.53%, 0, 0, 6, 763.55, 3063590, 6719
7478, 0, 5936, 6474, 4426, 327, 22.53%, 0, 0, 6, 731.69, 3066912, 6719
7483, 0, 5936, 6474, 4426, 327, 22.53%, 0, 0, 6, 825.90, 3070724, 6719
7488, 0, 5936, 6474, 4426, 327, 22.53%, 0, 0, 6, 303.91, 3072814, 6719
7494, 0, 5936, 6474, 4426, 327, 22.53%, 0, 0, 6, 571.27, 3076380, 6719
7499, 0, 5936, 6474, 4426, 327, 22.53%, 0, 0, 6, 398.83, 3079580, 6719
7505, 0, 5936, 6474, 4426, 327, 22.53%, 0, 0, 6, 557.15, 3082530, 6719
7510, 0, 5936, 6474, 4426, 327, 22.53%, 0, 0, 6, 497.31, 3086714, 6719
7515, 0, 5936, 6474, 4426, 327, 22.53%, 0, 0, 6, 573.93, 3089666, 6719
7520, 0, 5936, 6474, 4426, 327, 22.53%, 0, 0, 6, 577.33, 3092247, 6719
7525, 0, 5938, 6475, 4426, 326, 22.53%, 0, 0, 6, 232.75, 3096301, 6719
7531, 0, 5938, 6475, 4426, 326, 22.53%, 0, 0, 6, 374.88, 3098605, 6719
7536, 0, 5938, 6475, 4426, 326, 22.53%, 0, 0, 6, 288.71, 3101523, 6719
7541, 0, 5938, 6475, 4426, 326, 22.53%, 0, 0, 6, 483.55, 3104453, 6719
7547, 0, 5938, 6475, 4426, 326, 22.53%, 0, 0, 6, 530.24, 3107370, 6719
7552, 0, 5938, 6475, 4426, 326, 22.53%, 0, 0, 6, 685.41, 3111342, 6719
7557, 0, 5938, 6475, 4426, 326, 22.53%, 0, 0, 6, 900.51, 3115516, 6719
7562, 0, 5938, 6475, 4426, 326, 22.53%, 0, 0, 6, 313.34, 3117890, 6719
7568, 0, 5951, 6476, 4425, 325, 22.53%, 0, 0, 6, 795.49, 3121614, 6720
7573, 0, 5959, 6477, 4425, 324, 22.54%, 0, 0, 6, 825.68, 3123294, 6722
7578, 0, 5959, 6477, 4425, 324, 22.54%, 0, 0, 6, 189.44, 3124629, 6722
7583, 0, 5960, 6478, 4425, 325, 22.54%, 0, 0, 6, 1086.01, 3126392, 6723
7589, 0, 5961, 6488, 4434, 324, 22.54%, 0, 0, 6, 206.98, 3128307, 6723
7594, 0, 5962, 6489, 4434, 324, 22.54%, 0, 0, 6, 479.87, 3131170, 6723
7600, 0, 5965, 6489, 4433, 323, 22.54%, 0, 0, 6, 558.24, 3133760, 6723
7605, 0, 5965, 6490, 4434, 323, 22.54%, 0, 0, 6, 542.23, 3135910, 6723
7610, 0, 5967, 6493, 4435, 322, 22.54%, 0, 0, 6, 484.64, 3138098, 6724
7615, 0, 5969, 6494, 4434, 322, 22.55%, 0, 0, 6, 513.60, 3140854, 6725
7620, 0, 5971, 6496, 4435, 321, 22.55%, 0, 0, 6, 409.89, 3142079, 6726
7625, 0, 5971, 6497, 4436, 321, 22.55%, 0, 0, 6, 329.11, 3143241, 6727
7631, 0, 5972, 6498, 4436, 322, 22.56%, 0, 0, 6, 410.29, 3145116, 6729
7636, 0, 5980, 6499, 4435, 322, 22.57%, 0, 0, 6, 394.90, 3146634, 6732
7641, 0, 5980, 6499, 4435, 322, 22.57%, 0, 0, 6, 394.34, 3148732, 6732
7646, 0, 5981, 6500, 4435, 321, 22.57%, 0, 0, 6, 500.69, 3151212, 6733
7652, 0, 5981, 6500, 4435, 321, 22.57%, 0, 0, 6, 507.29, 3153690, 6733
7657, 0, 5984, 6505, 4438, 324, 22.60%, 0, 0, 6, 516.05, 3155843, 6740
7662, 0, 5993, 6510, 4440, 324, 22.61%, 0, 0, 6, 646.28, 3158454, 6745
7667, 0, 5996, 6511, 4438, 322, 22.62%, 0, 0, 6, 318.98, 3161455, 6746
7673, 0, 5998, 6511, 4437, 321, 22.62%, 0, 0, 6, 376.24, 3163415, 6746
7678, 0, 6000, 6512, 4436, 319, 22.62%, 0, 0, 6, 753.54, 3165334, 6746
7683, 0, 6002, 6512, 4434, 317, 22.62%, 0, 0, 6, 342.76, 3167249, 6746
7688, 0, 6002, 6512, 4434, 317, 22.62%, 0, 0, 6, 139.21, 3169345, 6746
7697, 0, 6002, 6512, 4434, 317, 22.62%, 0, 0, 6, 139.74, 3170193, 6746
7702, 0, 6002, 6512, 4434, 317, 22.62%, 0, 0, 6, 154.74, 3171027, 6746
7707, 0, 6002, 6512, 4434, 317, 22.62%, 0, 0, 6, 6.02, 3171666, 6746
7712, 0, 6002, 6512, 4434, 317, 22.62%, 0, 0, 6, 463.05, 3172246, 6746
7718, 0, 6002, 6512, 4434, 317, 22.62%, 0, 0, 6, 12.88, 3172712, 6746
7723, 0, 6002, 6512, 4434, 317, 22.62%, 0, 0, 6, 118.22, 3172983, 6746
7729, 0, 6002, 6513, 4435, 317, 22.62%, 0, 0, 6, 83.03, 3173529, 6746
7734, 0, 6002, 6513, 4435, 317, 22.62%, 0, 0, 6, 3.40, 3173561, 6746
7739, 0, 6002, 6513, 4435, 317, 22.62%, 0, 0, 6, 5.13, 3173598, 6746
7744, 0, 6002, 6513, 4435, 317, 22.62%, 0, 0, 6, 34.50, 3173778, 6746
7750, 0, 6002, 6513, 4435, 317, 22.62%, 0, 0, 6, 12.28, 3173862, 6746
7755, 0, 6004, 6513, 4434, 316, 22.62%, 0, 0, 6, 0.40, 3173978, 6746
7760, 0, 6004, 6513, 4434, 316, 22.62%, 0, 0, 6, 17.61, 3174135, 6746
7765, 0, 6004, 6513, 4434, 316, 22.62%, 0, 0, 6, 2.70, 3174184, 6746
7776, 0, 6004, 6513, 4434, 316, 22.62%, 0, 0, 6, 22.74, 3174514, 6746
7798, 0, 6004, 6513, 4434, 316, 22.62%, 0, 0, 6, 4.58, 3174700, 6746
7803, 0, 6004, 6513, 4434, 316, 22.62%, 0, 0, 6, 14.52, 3174797, 6746
7808, 0, 6004, 6513, 4434, 316, 22.62%, 0, 0, 6, 5.21, 3175118, 6746
7817, 0, 6007, 6513, 4433, 315, 22.62%, 0, 0, 6, 0.21, 3175163, 6746
7823, 0, 6007, 6513, 4433, 315, 22.62%, 0, 0, 6, 3.45, 3175330, 6746
7828, 0, 6007, 6513, 4433, 315, 22.62%, 0, 0, 6, 41.53, 3175402, 6746
7833, 0, 6021, 6513, 4432, 315, 22.62%, 0, 0, 6, 26.93, 3175539, 6746
7838, 0, 6021, 6513, 4432, 315, 22.62%, 0, 0, 6, 24.11, 3175577, 6746
7844, 0, 6021, 6513, 4432, 315, 22.62%, 0, 0, 6, 37.43, 3175625, 6746
7849, 0, 6021, 6513, 4432, 315, 22.62%, 0, 0, 6, 3.22, 3175684, 6746
7854, 0, 6021, 6513, 4432, 315, 22.62%, 0, 0, 6, 3.51, 3175771, 6746
7859, 0, 6021, 6513, 4432, 315, 22.62%, 0, 0, 6, 3.93, 3175892, 6746
7865, 0, 6021, 6513, 4432, 315, 22.62%, 0, 0, 6, 1.29, 3175936, 6746
7870, 0, 6021, 6513, 4432, 315, 22.62%, 0, 0, 6, 3.98, 3175961, 6746
7876, 0, 6021, 6513, 4432, 315, 22.62%, 0, 0, 6, 6.44, 3176009, 6746
7881, 0, 6021, 6513, 4432, 315, 22.62%, 0, 0, 6, 0.93, 3176067, 6746
7886, 0, 6021, 6513, 4432, 315, 22.62%, 0, 0, 6, 5.08, 3176086, 6746
7892, 0, 6022, 6513, 4431, 314, 22.62%, 0, 0, 6, 0.88, 3176137, 6746
7897, 0, 6022, 6513, 4431, 314, 22.62%, 0, 0, 6, 0.87, 3176158, 6746
7903, 0, 6022, 6513, 4431, 314, 22.62%, 0, 0, 6, 6.38, 3176245, 6746
7908, 0, 6022, 6513, 4431, 314, 22.62%, 0, 0, 6, 5.80, 3176325, 6746
7913, 0, 6022, 6513, 4431, 314, 22.62%, 0, 0, 6, 4.22, 3176335, 6746
7918, 0, 6022, 6513, 4431, 314, 22.62%, 0, 0, 6, 8.27, 3176351, 6746
7923, 0, 6022, 6513, 4431, 314, 22.62%, 0, 1, 6, 0.90, 3176358, 6746
7929, 0, 6022, 6513, 4431, 314, 22.62%, 0, 1, 6, 1.56, 3176368, 6746
7938, 0, 6022, 6513, 4431, 314, 22.62%, 0, 1, 6, 0.21, 3176429, 6746
7943, 0, 6022, 6513, 4431, 314, 22.62%, 0, 1, 6, 2.22, 3176439, 6746
7948, 0, 6022, 6513, 4431, 314, 22.62%, 0, 1, 6, 2.08, 3176447, 6746
7954, 0, 6022, 6513, 4431, 314, 22.62%, 0, 1, 6, 1.81, 3176473, 6746
7960, 0, 6022, 6513, 4431, 314, 22.62%, 0, 1, 6, 2.42, 3176486, 6746
7965, 0, 6022, 6513, 4431, 314, 22.62%, 0, 1, 6, 2.59, 3176498, 6746
7970, 0, 6022, 6513, 4431, 314, 22.62%, 0, 1, 6, 2.97, 3176514, 6746
7976, 0, 6024, 6513, 4430, 313, 22.62%, 0, 1, 6, 2.15, 3176606, 6746
7981, 0, 6024, 6513, 4430, 313, 22.62%, 0, 1, 6, 2.12, 3176617, 6746
7987, 0, 6024, 6513, 4430, 313, 22.62%, 0, 1, 6, 2.33, 3176628, 6746
7992, 0, 6024, 6513, 4430, 313, 22.62%, 0, 1, 6, 2.06, 3176635, 6746
7999, 0, 6024, 6513, 4430, 313, 22.62%, 0, 1, 6, 0.18, 3176640, 6746
8004, 0, 6030, 6517, 4430, 310, 22.62%, 0, 1, 6, 1516.09, 3184680, 6747
8009, 0, 6038, 6526, 4432, 306, 22.65%, 0, 1, 6, 1434.33, 3192035, 6756
8014, 0, 6041, 6536, 4440, 311, 22.67%, 0, 1, 6, 1592.82, 3200419, 6762
8020, 0, 6041, 6563, 4467, 311, 22.74%, 0, 1, 6, 1563.33, 3208652, 6782
8025, 0, 6047, 6574, 4473, 326, 22.79%, 0, 1, 6, 1565.81, 3217005, 6798
8030, 0, 6053, 6575, 4468, 321, 22.79%, 0, 1, 7, 1507.88, 3224823, 6799
8035, 0, 6054, 6583, 4475, 320, 22.80%, 0, 1, 7, 1635.29, 3233159, 6802
8040, 0, 6059, 6585, 4475, 321, 22.80%, 0, 1, 7, 1602.68, 3241740, 6802
8045, 0, 6064, 6588, 4473, 318, 22.82%, 0, 1, 7, 1575.71, 3249540, 6807
8050, 0, 6071, 6600, 4479, 320, 22.86%, 0, 1, 7, 1480.00, 3257419, 6819
8055, 0, 6076, 6601, 4477, 320, 22.87%, 0, 1, 7, 1606.83, 3265628, 6821
8060, 0, 6084, 6613, 4481, 314, 22.88%, 0, 1, 7, 1710.65, 3274840, 6825
8065, 0, 6084, 6617, 4485, 314, 22.95%, 0, 1, 7, 1781.73, 3284169, 6846
8071, 0, 6088, 6617, 4481, 316, 22.95%, 0, 1, 7, 1647.53, 3292742, 6846
8076, 0, 6093, 6620, 4480, 313, 22.96%, 0, 1, 7, 1677.18, 3301258, 6848
8081, 0, 6112, 6624, 4480, 312, 22.96%, 0, 1, 7, 1601.82, 3309612, 6850
8086, 0, 6130, 6644, 4494, 308, 22.98%, 0, 1, 7, 1675.21, 3318071, 6856
8091, 0, 6130, 6653, 4503, 308, 23.00%, 0, 1, 7, 1598.48, 3326318, 6860
8096, 0, 6138, 6658, 4503, 312, 23.00%, 0, 1, 7, 1545.65, 3334371, 6862
8101, 0, 6140, 6681, 4525, 312, 23.04%, 0, 1, 7, 1501.90, 3342312, 6874
8106, 0, 6142, 6684, 4527, 322, 23.05%, 0, 1, 7, 1666.25, 3350932, 6876
8111, 0, 6150, 6694, 4531, 320, 23.08%, 0, 1, 7, 1432.82, 3357990, 6885
8116, 0, 6151, 6706, 4542, 328, 23.11%, 0, 1, 7, 1845.83, 3366486, 6894
8121, 0, 6154, 6708, 4541, 326, 23.11%, 0, 1, 7, 1761.30, 3375478, 6894
8127, 0, 6159, 6712, 4540, 322, 23.12%, 0, 1, 7, 1774.87, 3384592, 6896
8132, 0, 6166, 6725, 4548, 322, 23.14%, 0, 1, 7, 1639.56, 3392819, 6901
8137, 0, 6167, 6728, 4550, 322, 23.15%, 0, 1, 7, 1704.09, 3401715, 6904
8142, 0, 6169, 6728, 4548, 322, 23.15%, 0, 1, 7, 1750.99, 3410816, 6904
8147, 0, 6172, 6734, 4551, 319, 23.15%, 0, 1, 7, 1778.45, 3419734, 6904
8152, 0, 6172, 6735, 4552, 319, 23.15%, 0, 1, 7, 1623.03, 3427990, 6904
8157, 0, 6173, 6735, 4551, 320, 23.15%, 0, 1, 7, 1684.46, 3436539, 6904
8163, 0, 6176, 6737, 4550, 317, 23.15%, 0, 1, 7, 1576.54, 3444787, 6904
8168, 0, 6176, 6737, 4550, 317, 23.15%, 0, 1, 7, 1718.61, 3454047, 6904
8173, 0, 6180, 6741, 4550, 316, 23.16%, 0, 1, 7, 1544.55, 3461977, 6909
8178, 0, 6180, 6741, 4550, 316, 23.16%, 0, 1, 7, 1570.01, 3469909, 6909
8183, 0, 6186, 6743, 4548, 313, 23.17%, 0, 1, 7, 1526.00, 3477859, 6910
8188, 0, 6186, 6744, 4549, 313, 23.17%, 0, 1, 7, 1621.71, 3486359, 6910
8194, 0, 6191, 6746, 4550, 312, 23.17%, 0, 1, 7, 1619.29, 3494708, 6910
8199, 0, 6191, 6746, 4550, 312, 23.17%, 0, 1, 7, 1697.02, 3503630, 6910
8204, 0, 6192, 6747, 4550, 311, 23.17%, 0, 1, 7, 1633.76, 3511696, 6911
8209, 0, 6193, 6747, 4549, 311, 23.17%, 0, 1, 7, 1699.81, 3520656, 6911
8214, 0, 6193, 6748, 4550, 311, 23.17%, 0, 1, 7, 1606.89, 3529006, 6911
8219, 0, 6194, 6748, 4549, 311, 23.17%, 0, 1, 7, 1711.25, 3537803, 6911
8224, 0, 6194, 6748, 4549, 311, 23.17%, 0, 1, 7, 1626.92, 3546083, 6911
8229, 0, 6196, 6753, 4552, 312, 23.18%, 0, 1, 7, 1639.44, 3554250, 6915
8234, 0, 6196, 6753, 4552, 312, 23.18%, 0, 1, 7, 1575.26, 3562062, 6915
8240, 0, 6197, 6753, 4551, 312, 23.18%, 0, 1, 7, 1679.91, 3570916, 6915
8245, 0, 6197, 6753, 4551, 312, 23.18%, 0, 1, 7, 1626.84, 3579242, 6915
8250, 0, 6205, 6756, 4552, 310, 23.18%, 0, 1, 7, 1726.07, 3588381, 6915
8255, 0, 6205, 6756, 4552, 310, 23.18%, 0, 1, 7, 1630.19, 3596423, 6915
8260, 0, 6206, 6757, 4552, 309, 23.18%, 0, 1, 7, 1603.10, 3604617, 6915
8265, 0, 6206, 6757, 4552, 309, 23.18%, 0, 1, 7, 1558.37, 3612267, 6915
8270, 0, 6208, 6761, 4555, 310, 23.20%, 0, 1, 7, 1634.14, 3620479, 6921
8275, 0, 6223, 6763, 4556, 310, 23.20%, 0, 1, 7, 1602.66, 3628322, 6921
8280, 0, 6223, 6763, 4556, 310, 23.20%, 0, 1, 7, 1658.21, 3636862, 6921
8285, 0, 6225, 6765, 4557, 309, 23.20%, 0, 1, 7, 1579.89, 3644653, 6921
8291, 0, 6225, 6765, 4557, 309, 23.20%, 0, 1, 7, 1743.91, 3654103, 6921
8296, 0, 6230, 6766, 4556, 307, 23.20%, 0, 1, 7, 1586.64, 3662061, 6921
8301, 0, 6233, 6766, 4555, 306, 23.20%, 0, 1, 7, 1631.09, 3670725, 6921
8306, 0, 6233, 6766, 4555, 306, 23.20%, 0, 1, 7, 1715.67, 3679308, 6921
8311, 0, 6242, 6768, 4556, 305, 23.20%, 0, 1, 7, 1695.07, 3688194, 6921
8316, 0, 6242, 6768, 4556, 305, 23.20%, 0, 1, 7, 1675.83, 3696727, 6921
8322, 0, 6251, 6769, 4555, 303, 23.20%, 0, 1, 7, 1598.22, 3704731, 6921
8327, 0, 6259, 6773, 4555, 302, 23.22%, 0, 1, 7, 1637.82, 3713102, 6927
8332, 0, 6268, 6794, 4570, 298, 23.31%, 0, 1, 7, 1630.84, 3721677, 6952
8337, 0, 6268, 6802, 4578, 298, 23.31%, 0, 1, 7, 1601.49, 3729527, 6954
8342, 0, 6269, 6825, 4600, 307, 23.38%, 0, 1, 7, 1654.88, 3737923, 6973
8347, 0, 6269, 6830, 4605, 307, 23.38%, 0, 1, 7, 1623.89, 3745930, 6974
8352, 0, 6270, 6845, 4619, 316, 23.41%, 0, 1, 7, 1512.90, 3753482, 6983
8357, 0, 6270, 6849, 4623, 316, 23.41%, 0, 1, 7, 1496.18, 3760924, 6984
8362, 0, 6277, 6864, 4632, 325, 23.52%, 0, 1, 7, 1505.39, 3768509, 7015
8367, 0, 6285, 6873, 4634, 325, 23.54%, 0, 1, 7, 1414.89, 3775415, 7021
8372, 0, 6294, 6877, 4633, 324, 23.55%, 0, 1, 7, 1509.88, 3783194, 7025
8377, 0, 6301, 6882, 4632, 321, 23.56%, 0, 1, 7, 1469.73, 3790592, 7029
8382, 0, 6310, 6894, 4637, 322, 23.59%, 0, 1, 7, 1477.48, 3798169, 7038
8388, 0, 6319, 6902, 4638, 319, 23.62%, 0, 1, 7, 1456.06, 3805403, 7046
8393, 0, 6334, 6906, 4630, 311, 23.63%, 0, 1, 7, 1497.99, 3813288, 7050
8398, 0, 6339, 6907, 4629, 309, 23.63%, 0, 1, 7, 1545.89, 3820964, 7050
8403, 0, 6346, 6912, 4629, 306, 23.65%, 0, 1, 7, 1464.31, 3828388, 7056
8408, 0, 6354, 6916, 4627, 304, 23.70%, 0, 1, 7, 1477.32, 3835998, 7068
8413, 0, 6359, 6922, 4628, 304, 23.73%, 0, 1, 7, 1466.37, 3843470, 7078
8418, 0, 6367, 6923, 4624, 300, 23.73%, 0, 1, 7, 1335.92, 3849839, 7079
8423, 0, 6374, 6925, 4620, 295, 23.74%, 0, 1, 7, 1365.12, 3856898, 7082
8428, 0, 6379, 6935, 4627, 296, 23.75%, 0, 1, 7, 1424.89, 3863693, 7085
8434, 0, 6380, 6937, 4628, 296, 23.75%, 0, 1, 7, 1535.97, 3871611, 7085
8439, 0, 6380, 6942, 4633, 296, 23.76%, 0, 1, 7, 1398.23, 3878733, 7086
8444, 0, 6382, 6943, 4633, 296, 23.76%, 0, 1, 7, 1682.24, 3884772, 7086
8449, 0, 6392, 6943, 4629, 292, 23.76%, 0, 1, 7, 1530.67, 3892311, 7086
8454, 0, 6398, 6945, 4628, 290, 23.79%, 0, 1, 7, 1464.11, 3899450, 7096
8459, 0, 6400, 6948, 4629, 288, 23.79%, 0, 1, 7, 1276.55, 3905721, 7097
8464, 0, 6404, 6951, 4629, 288, 23.80%, 0, 1, 7, 1338.22, 3912745, 7099
8469, 0, 6409, 6952, 4627, 285, 23.80%, 0, 1, 7, 1421.07, 3920069, 7099
