# relative_time, cycles_done, cur_item, corpus_count, pending_total, pending_favs, map_size, saved_crashes, saved_hangs, max_depth, execs_per_sec, total_execs, edges_found
156, 0, 0, 65, 65, 5, 3.05%, 0, 0, 2, 0.18, 671, 911
161, 0, 0, 85, 85, 5, 3.09%, 0, 0, 2, 108.68, 1176, 921
166, 0, 0, 103, 103, 5, 3.10%, 0, 0, 2, 99.99, 1668, 925
171, 0, 0, 115, 115, 5, 3.14%, 0, 0, 2, 93.98, 2133, 937
176, 0, 0, 126, 126, 5, 3.16%, 0, 0, 2, 90.68, 2596, 943
182, 0, 0, 138, 138, 5, 3.16%, 0, 0, 2, 94.01, 3093, 943
4212, 0, 0, 148, 148, 5, 3.19%, 0, 0, 2, 0.00, 3522, 953
4362, 0, 0, 148, 148, 5, 3.19%, 0, 0, 2, 0.08, 3534, 953
4368, 0, 0, 153, 153, 5, 3.23%, 0, 0, 2, 79.30, 3961, 962
4373, 0, 0, 153, 153, 5, 3.23%, 0, 0, 2, 85.48, 4384, 962
4378, 0, 0, 157, 157, 5, 3.24%, 0, 0, 2, 79.40, 4802, 965
4383, 0, 0, 161, 161, 5, 3.24%, 0, 0, 2, 91.37, 5240, 966
4388, 0, 0, 164, 164, 5, 3.27%, 0, 0, 2, 84.90, 5684, 976
8420, 0, 0, 165, 165, 5, 3.27%, 0, 0, 2, 0.00, 6065, 976
8571, 0, 0, 165, 165, 5, 3.27%, 0, 0, 2, 0.05, 6072, 976
8576, 0, 0, 167, 167, 5, 3.29%, 0, 0, 2, 79.50, 6503, 982
8581, 0, 0, 169, 169, 5, 3.29%, 0, 0, 2, 82.44, 6921, 982
8586, 0, 0, 171, 171, 5, 3.31%, 0, 0, 2, 78.75, 7324, 986
8591, 0, 0, 173, 173, 5, 3.31%, 0, 0, 2, 73.83, 7673, 987
8596, 0, 0, 174, 174, 5, 3.31%, 0, 0, 2, 78.42, 8064, 988
8782, 0, 0, 175, 175, 5, 3.31%, 0, 0, 2, 0.12, 8491, 988
8787, 0, 0, 180, 180, 5, 3.34%, 0, 0, 2, 90.49, 8948, 995
8792, 0, 0, 183, 183, 5, 3.34%, 0, 0, 2, 80.17, 9359, 996
8797, 0, 0, 183, 183, 5, 3.34%, 0, 0, 2, 72.61, 9720, 996
8802, 0, 0, 185, 185, 5, 3.34%, 0, 0, 2, 78.51, 10139, 996
8807, 0, 0, 185, 185, 5, 3.34%, 0, 0, 2, 79.16, 10534, 996
8992, 0, 0, 185, 185, 5, 3.34%, 0, 0, 2, 0.02, 10869, 996
8997, 0, 0, 186, 186, 5, 3.34%, 0, 0, 2, 75.68, 11260, 997
9002, 0, 0, 188, 188, 5, 3.34%, 0, 0, 2, 80.39, 11692, 997
9007, 0, 0, 189, 189, 5, 3.34%, 0, 0, 2, 82.24, 12120, 997
9012, 0, 0, 189, 189, 5, 3.34%, 0, 0, 2, 77.80, 12516, 997
9017, 0, 0, 190, 190, 5, 3.34%, 0, 0, 2, 88.28, 12958, 997
9202, 0, 0, 193, 193, 5, 3.36%, 0, 0, 2, 0.08, 13320, 1001
9207, 0, 0, 194, 194, 5, 3.36%, 0, 0, 2, 71.79, 13729, 1001
9213, 0, 0, 194, 194, 5, 3.36%, 0, 0, 2, 74.48, 14126, 1001
9218, 0, 0, 194, 194, 5, 3.36%, 0, 0, 2, 71.18, 14485, 1001
9223, 0, 0, 195, 195, 5, 3.36%, 0, 0, 2, 85.16, 14950, 1002
9228, 0, 0, 195, 195, 5, 3.36%, 0, 0, 2, 77.35, 15344, 1002
9413, 0, 0, 198, 198, 5, 3.36%, 0, 0, 2, 0.04, 15704, 1003
9418, 0, 0, 199, 199, 5, 3.36%, 0, 0, 2, 78.78, 16134, 1003
9423, 0, 0, 199, 199, 5, 3.36%, 0, 0, 2, 81.72, 16549, 1003
9428, 0, 0, 199, 199, 5, 3.36%, 0, 0, 2, 82.88, 16974, 1003
9433, 0, 0, 200, 200, 5, 3.39%, 0, 0, 2, 78.52, 17378, 1010
9438, 0, 0, 201, 201, 5, 3.39%, 0, 0, 2, 78.16, 17771, 1011
9623, 0, 0, 201, 201, 5, 3.39%, 0, 0, 2, 0.01, 18151, 1011
9628, 0, 0, 203, 203, 5, 3.41%, 0, 0, 2, 89.15, 18589, 1017
9633, 0, 0, 204, 204, 5, 3.41%, 0, 0, 2, 86.31, 19022, 1017
9638, 0, 0, 204, 204, 5, 3.41%, 0, 0, 2, 83.10, 19425, 1017
9643, 0, 0, 204, 204, 5, 3.41%, 0, 0, 2, 81.36, 19837, 1017
9649, 0, 0, 206, 206, 5, 3.41%, 0, 0, 2, 80.56, 20250, 1017
9833, 0, 0, 207, 207, 5, 3.41%, 0, 0, 2, 0.08, 20561, 1017
9838, 0, 0, 209, 209, 5, 3.42%, 0, 0, 2, 79.76, 20990, 1020
9843, 0, 0, 209, 209, 5, 3.42%, 0, 0, 2, 78.08, 21379, 1020
9849, 0, 0, 210, 210, 5, 3.42%, 0, 0, 2, 81.30, 21795, 1021
9854, 0, 0, 210, 210, 5, 3.42%, 0, 0, 2, 78.41, 22191, 1021
9859, 0, 0, 210, 210, 5, 3.42%, 0, 0, 2, 79.67, 22594, 1021
10044, 0, 0, 211, 211, 5, 3.43%, 0, 0, 2, 0.06, 22986, 1023
10049, 0, 0, 212, 212, 5, 3.43%, 0, 0, 2, 83.72, 23396, 1023
10054, 0, 0, 213, 213, 5, 3.43%, 0, 0, 2, 94.10, 23878, 1023
10059, 0, 0, 215, 215, 5, 3.44%, 0, 0, 2, 87.17, 24332, 1026
10064, 0, 0, 216, 216, 5, 3.44%, 0, 0, 2, 85.73, 24772, 1026
10069, 0, 0, 216, 216, 5, 3.44%, 0, 0, 2, 78.99, 25182, 1026
10254, 0, 0, 217, 217, 5, 3.44%, 0, 0, 2, 0.03, 25542, 1027
10259, 0, 0, 218, 218, 5, 3.45%, 0, 0, 2, 75.57, 25955, 1028
10264, 0, 0, 218, 218, 5, 3.45%, 0, 0, 2, 74.88, 26334, 1028
10269, 0, 0, 220, 220, 5, 3.45%, 0, 0, 2, 80.95, 26748, 1030
10274, 0, 0, 221, 221, 5, 3.45%, 0, 0, 2, 80.66, 27140, 1030
10279, 0, 1, 880, 879, 4, 6.22%, 0, 0, 2, 1117.72, 33380, 1855
10464, 0, 1, 1746, 1745, 4, 9.98%, 0, 0, 2, 1.41, 40456, 2976
10469, 0, 1, 2342, 2341, 4, 12.01%, 0, 0, 2, 908.85, 45371, 3582
10474, 0, 1, 3113, 3112, 4, 15.23%, 0, 0, 2, 1130.61, 51590, 4542
10479, 0, 1, 3883, 3882, 4, 17.60%, 0, 0, 2, 1226.88, 57774, 5249
10485, 0, 1, 4725, 4724, 4, 20.41%, 0, 0, 2, 1349.26, 64527, 6089
10490, 0, 1, 5622, 5621, 4, 23.50%, 0, 0, 2, 1389.39, 71720, 7010
12779, 0, 1, 6356, 6355, 4, 25.87%, 0, 0, 2, 0.02, 77607, 7718
12784, 0, 1, 6818, 6817, 4, 27.18%, 0, 0, 2, 739.01, 81306, 8107
12789, 0, 1, 7371, 7370, 4, 29.04%, 0, 0, 2, 847.87, 85741, 8661
12794, 0, 1, 8098, 8097, 4, 30.88%, 0, 0, 2, 1093.39, 91569, 9212
12799, 0, 10, 8115, 8114, 3309, 30.95%, 0, 0, 2, 80.90, 92115, 9232
12804, 0, 14, 8115, 8113, 3309, 30.95%, 0, 0, 2, 91.33, 92590, 9232
12989, 0, 28, 8115, 8112, 3309, 30.95%, 0, 0, 2, 0.01, 92945, 9232
12994, 0, 33, 8115, 8111, 3308, 30.95%, 0, 0, 2, 79.57, 93364, 9232
12999, 0, 91, 8115, 8110, 3307, 30.95%, 0, 0, 2, 82.50, 93776, 9232
13004, 0, 106, 8115, 8108, 3305, 30.95%, 0, 0, 2, 78.32, 94171, 9232
13009, 0, 108, 8115, 8107, 3304, 30.95%, 0, 0, 2, 81.01, 94584, 9232
13014, 0, 108, 8115, 8107, 3304, 30.95%, 0, 0, 2, 86.64, 95030, 9232
13199, 0, 114, 8115, 8106, 3303, 30.95%, 0, 0, 2, 0.02, 95438, 9232
13205, 0, 119, 8115, 8105, 3302, 30.95%, 0, 0, 2, 66.88, 95805, 9232
13210, 0, 134, 8117, 8106, 3301, 30.95%, 0, 0, 3, 77.33, 96211, 9232
13215, 0, 134, 8118, 8107, 3301, 30.95%, 0, 0, 3, 84.73, 96668, 9232
13220, 0, 134, 8118, 8107, 3301, 30.95%, 0, 0, 3, 81.09, 97075, 9232
13225, 0, 134, 8118, 8107, 3301, 30.95%, 0, 0, 3, 79.92, 97486, 9232
13410, 0, 134, 8118, 8107, 3301, 30.95%, 0, 0, 3, 0.04, 97823, 9232
13415, 0, 134, 8118, 8107, 3301, 30.95%, 0, 0, 3, 72.64, 98200, 9232
13420, 0, 134, 8118, 8107, 3301, 30.95%, 0, 0, 3, 76.34, 98595, 9232
13425, 0, 134, 8118, 8107, 3301, 30.95%, 0, 0, 3, 83.21, 99031, 9232
13430, 0, 134, 8118, 8107, 3301, 30.95%, 0, 0, 3, 82.79, 99443, 9232
13435, 0, 134, 8119, 8108, 3301, 30.95%, 0, 0, 3, 80.25, 99838, 9232
13620, 0, 134, 8119, 8108, 3301, 30.95%, 0, 0, 3, 0.01, 100220, 9232
13625, 0, 134, 8119, 8108, 3301, 30.95%, 0, 0, 3, 77.87, 100651, 9232
13630, 0, 134, 8119, 8108, 3301, 30.95%, 0, 0, 3, 87.20, 101121, 9232
13635, 0, 134, 8119, 8108, 3301, 30.95%, 0, 0, 3, 84.80, 101529, 9232
13640, 0, 134, 8119, 8108, 3301, 30.95%, 0, 0, 3, 82.33, 101966, 9232
13646, 0, 134, 8119, 8108, 3301, 30.95%, 0, 0, 3, 76.05, 102355, 9232
13830, 0, 134, 8119, 8108, 3301, 30.95%, 0, 0, 3, 0.03, 102701, 9232
13835, 0, 134, 8119, 8108, 3301, 30.95%, 0, 0, 3, 67.87, 103078, 9232
13841, 0, 134, 8119, 8108, 3301, 30.95%, 0, 0, 3, 85.32, 103542, 9232
13846, 0, 134, 8119, 8108, 3301, 30.95%, 0, 0, 3, 85.30, 103985, 9232
13851, 0, 134, 8119, 8108, 3301, 30.95%, 0, 0, 3, 81.06, 104399, 9232
13856, 0, 134, 8119, 8108, 3301, 30.95%, 0, 0, 3, 75.48, 104795, 9232
14041, 0, 134, 8119, 8108, 3301, 30.95%, 0, 0, 3, 0.06, 105143, 9232
14046, 0, 147, 8119, 8107, 3301, 30.95%, 0, 0, 3, 74.46, 105538, 9232
14051, 0, 147, 8119, 8107, 3301, 30.95%, 0, 0, 3, 75.61, 105935, 9232
14056, 0, 148, 8467, 8454, 3300, 31.65%, 0, 0, 3, 1080.56, 108928, 9440
14061, 0, 155, 8594, 8581, 3444, 31.81%, 0, 0, 3, 59.59, 110738, 9488
14066, 0, 163, 8594, 8580, 3443, 31.81%, 0, 0, 3, 73.94, 111134, 9488
14251, 0, 163, 8594, 8580, 3443, 31.81%, 0, 0, 3, 0.08, 111510, 9488
14256, 0, 171, 8594, 8579, 3442, 31.81%, 0, 0, 3, 86.52, 111933, 9488
14261, 0, 191, 8594, 8578, 3441, 31.81%, 0, 0, 3, 82.09, 112332, 9488
14266, 0, 191, 8594, 8578, 3441, 31.81%, 0, 0, 3, 75.75, 112711, 9488
14271, 0, 199, 8594, 8577, 3440, 31.81%, 0, 0, 3, 82.72, 113143, 9488
14276, 0, 202, 8594, 8576, 3439, 31.81%, 0, 0, 3, 84.14, 113565, 9488
14461, 0, 202, 8594, 8576, 3439, 31.81%, 0, 0, 3, 0.01, 113930, 9488
14466, 0, 301, 8594, 8574, 3437, 31.81%, 0, 0, 3, 85.08, 114333, 9488
14471, 0, 301, 8598, 8578, 3437, 31.81%, 0, 0, 3, 95.10, 114811, 9488
14476, 0, 301, 8600, 8580, 3437, 31.81%, 0, 0, 3, 108.57, 115378, 9488
14482, 0, 301, 8600, 8580, 3437, 31.81%, 0, 0, 3, 104.95, 115914, 9488
14487, 0, 301, 8600, 8580, 3437, 31.81%, 0, 0, 3, 109.25, 116462, 9488
14672, 0, 301, 8600, 8580, 3437, 31.81%, 0, 0, 3, 0.07, 116950, 9488
14677, 0, 301, 8600, 8580, 3437, 31.81%, 0, 0, 3, 100.00, 117460, 9488
14682, 0, 301, 8600, 8580, 3437, 31.81%, 0, 0, 3, 89.53, 117916, 9488
14687, 0, 301, 8600, 8580, 3437, 31.81%, 0, 0, 3, 90.91, 118380, 9488
14692, 0, 301, 8600, 8580, 3437, 31.81%, 0, 0, 3, 100.07, 118887, 9488
14697, 0, 301, 8600, 8580, 3437, 31.81%, 0, 0, 3, 102.93, 119394, 9488
16986, 0, 301, 8600, 8580, 3437, 31.81%, 0, 0, 3, 0.00, 119868, 9488
16991, 0, 301, 8600, 8580, 3437, 31.81%, 0, 0, 3, 83.06, 120311, 9488
16997, 0, 301, 8600, 8580, 3437, 31.81%, 0, 0, 3, 96.86, 120831, 9488
17002, 0, 301, 8600, 8580, 3437, 31.81%, 0, 0, 3, 98.09, 121349, 9488
17007, 0, 301, 8601, 8581, 3437, 31.81%, 0, 0, 3, 107.49, 121895, 9488
17012, 0, 301, 8601, 8581, 3437, 31.81%, 0, 0, 3, 102.08, 122431, 9488
17197, 0, 301, 8601, 8581, 3437, 31.81%, 0, 0, 3, 0.02, 122814, 9488
17202, 0, 301, 8601, 8581, 3437, 31.81%, 0, 0, 3, 96.20, 123311, 9488
17207, 0, 301, 8601, 8581, 3437, 31.81%, 0, 0, 3, 89.73, 123779, 9488
17212, 0, 301, 8601, 8581, 3437, 31.81%, 0, 0, 3, 97.72, 124283, 9488
17217, 0, 301, 8601, 8581, 3437, 31.81%, 0, 0, 3, 99.77, 124806, 9488
17222, 0, 301, 8601, 8581, 3437, 31.81%, 0, 0, 3, 94.48, 125296, 9488
17407, 0, 301, 8601, 8581, 3437, 31.81%, 0, 0, 3, 0.01, 125717, 9488
17412, 0, 301, 8601, 8581, 3437, 31.81%, 0, 0, 3, 82.02, 126165, 9488
17417, 0, 301, 8601, 8581, 3437, 31.81%, 0, 0, 3, 90.14, 126630, 9488
17422, 0, 301, 8601, 8581, 3437, 31.81%, 0, 0, 3, 95.15, 127127, 9488
17427, 0, 301, 8601, 8581, 3437, 31.81%, 0, 0, 3, 96.81, 127615, 9488
17433, 0, 301, 8601, 8581, 3437, 31.81%, 0, 0, 3, 102.05, 128147, 9488
17617, 0, 301, 8601, 8581, 3437, 31.81%, 0, 0, 3, 0.01, 128579, 9488
17622, 0, 321, 8601, 8580, 3437, 31.81%, 0, 0, 3, 99.34, 129062, 9488
17627, 0, 321, 8601, 8580, 3437, 31.81%, 0, 0, 3, 98.25, 129562, 9488
17632, 0, 329, 8923, 8901, 3517, 32.44%, 0, 0, 3, 90.98, 132907, 9676
17638, 0, 329, 8923, 8901, 3517, 32.44%, 0, 0, 3, 97.79, 133424, 9676
17643, 0, 332, 8923, 8900, 3516, 32.44%, 0, 0, 3, 101.06, 133951, 9676
17827, 0, 332, 8923, 8900, 3516, 32.44%, 0, 0, 3, 0.13, 134425, 9676
17833, 0, 359, 8923, 8894, 3510, 32.44%, 0, 0, 3, 664.93, 136281, 9676
17838, 0, 370, 8923, 8890, 3506, 32.44%, 0, 0, 3, 95.69, 138057, 9676
17843, 0, 384, 8924, 8890, 3505, 32.44%, 0, 0, 3, 86.31, 138490, 9676
17848, 0, 384, 8925, 8891, 3505, 32.44%, 0, 0, 3, 80.68, 138902, 9676
17853, 0, 384, 8925, 8891, 3505, 32.44%, 0, 0, 3, 81.57, 139332, 9676
18038, 0, 384, 8925, 8891, 3505, 32.44%, 0, 0, 3, 0.06, 139710, 9676
18043, 0, 384, 8925, 8891, 3505, 32.44%, 0, 0, 3, 69.52, 140072, 9676
18048, 0, 384, 8925, 8891, 3505, 32.44%, 0, 0, 3, 81.86, 140481, 9676
18053, 0, 385, 8927, 8892, 3505, 32.44%, 0, 0, 3, 78.67, 140886, 9676
18058, 0, 385, 8927, 8892, 3505, 32.44%, 0, 0, 3, 76.62, 141277, 9676
18064, 0, 385, 8927, 8892, 3505, 32.44%, 0, 0, 3, 76.69, 141657, 9676
18248, 0, 385, 8927, 8892, 3505, 32.44%, 0, 0, 3, 0.01, 142030, 9676
18253, 0, 385, 8927, 8892, 3505, 32.44%, 0, 0, 3, 75.19, 142401, 9676
18258, 0, 385, 8927, 8892, 3505, 32.44%, 0, 0, 3, 74.91, 142789, 9676
18263, 0, 386, 8928, 8892, 3505, 32.44%, 0, 0, 3, 81.61, 143180, 9677
18268, 0, 386, 8928, 8892, 3505, 32.44%, 0, 0, 3, 84.10, 143609, 9677
18274, 0, 386, 8928, 8892, 3505, 32.44%, 0, 0, 3, 80.79, 144024, 9677
18459, 0, 388, 8928, 8891, 3505, 32.44%, 0, 0, 3, 0.06, 144407, 9677
18464, 0, 388, 8929, 8892, 3505, 32.44%, 0, 0, 3, 88.49, 144868, 9677
18469, 0, 388, 8929, 8892, 3505, 32.44%, 0, 0, 3, 77.56, 145264, 9677
18474, 0, 424, 8935, 8897, 3504, 32.44%, 0, 0, 3, 463.46, 147216, 9677
18479, 0, 424, 8938, 8900, 3504, 32.44%, 0, 0, 3, 408.21, 149189, 9677
18484, 0, 424, 8938, 8900, 3504, 32.44%, 0, 0, 3, 441.60, 151462, 9677
18669, 0, 424, 8938, 8900, 3504, 32.44%, 0, 0, 3, 0.04, 153294, 9677
18674, 0, 424, 8938, 8900, 3504, 32.44%, 0, 0, 3, 349.19, 155016, 9677
18679, 0, 424, 8938, 8900, 3504, 32.44%, 0, 0, 3, 344.80, 156618, 9677
18684, 0, 424, 8938, 8900, 3504, 32.44%, 0, 0, 3, 333.01, 158298, 9677
18689, 0, 424, 8939, 8901, 3504, 32.44%, 0, 0, 3, 419.33, 160429, 9677
18694, 0, 424, 8939, 8901, 3504, 32.44%, 0, 0, 3, 446.53, 162709, 9677
18879, 0, 426, 8942, 8903, 3504, 32.44%, 0, 0, 3, 0.27, 164698, 9677
18885, 0, 468, 8943, 8903, 3503, 32.44%, 0, 0, 3, 237.42, 165937, 9677
18890, 0, 472, 8944, 8903, 3503, 32.44%, 0, 0, 3, 142.40, 166608, 9677
18895, 0, 472, 8944, 8903, 3503, 32.44%, 0, 0, 3, 89.91, 166996, 9677
18900, 0, 472, 8944, 8903, 3503, 32.44%, 0, 0, 3, 82.38, 167391, 9677
18905, 0, 473, 8944, 8902, 3503, 32.44%, 0, 0, 3, 81.41, 167797, 9677
21194, 0, 473, 8945, 8903, 3503, 32.44%, 0, 0, 3, 0.01, 168147, 9677
21199, 0, 473, 8945, 8903, 3503, 32.44%, 0, 0, 3, 86.56, 168608, 9677
21204, 0, 474, 8945, 8902, 3502, 32.44%, 0, 0, 3, 80.50, 169004, 9677
21209, 0, 474, 8945, 8902, 3502, 32.44%, 0, 0, 3, 79.67, 169397, 9677
21214, 0, 475, 9283, 9239, 3565, 33.23%, 0, 0, 3, 99.52, 172402, 9912
21219, 0, 475, 9283, 9239, 3565, 33.23%, 0, 0, 3, 90.42, 172844, 9912
21404, 0, 489, 9283, 9238, 3564, 33.23%, 0, 0, 3, 0.01, 173170, 9912
21409, 0, 492, 9284, 9238, 3563, 33.23%, 0, 0, 3, 82.25, 173649, 9912
21415, 0, 492, 9284, 9238, 3563, 33.23%, 0, 0, 3, 76.42, 174040, 9912
21420, 0, 492, 9284, 9238, 3563, 33.23%, 0, 0, 3, 71.60, 174409, 9912
21425, 0, 502, 9284, 9237, 3563, 33.23%, 0, 0, 3, 69.98, 174770, 9912
21430, 0, 502, 9284, 9237, 3563, 33.23%, 0, 0, 3, 75.28, 175157, 9912
21615, 0, 514, 9284, 9236, 3562, 33.23%, 0, 0, 3, 0.03, 175482, 9912
21620, 0, 516, 9284, 9235, 3561, 33.23%, 0, 0, 3, 103.27, 175976, 9912
21625, 0, 518, 9285, 9235, 3560, 33.23%, 0, 0, 3, 202.02, 177179, 9912
21630, 0, 527, 9285, 9234, 3559, 33.23%, 0, 0, 3, 145.49, 177938, 9912
21635, 0, 527, 9286, 9235, 3559, 33.23%, 0, 0, 3, 106.51, 178421, 9912
21640, 0, 527, 9286, 9235, 3559, 33.23%, 0, 0, 3, 106.89, 178955, 9912
21825, 0, 527, 9286, 9235, 3559, 33.23%, 0, 0, 3, 0.03, 179413, 9912
21830, 0, 527, 9287, 9236, 3559, 33.23%, 0, 0, 3, 97.67, 179923, 9912
21835, 0, 527, 9287, 9236, 3559, 33.23%, 0, 0, 3, 103.51, 180466, 9912
21840, 0, 527, 9287, 9236, 3559, 33.23%, 0, 0, 3, 104.21, 180984, 9912
21845, 0, 553, 9287, 9235, 3559, 33.23%, 0, 0, 3, 99.54, 181487, 9912
21851, 0, 553, 9287, 9235, 3559, 33.23%, 0, 0, 3, 100.92, 182000, 9912
22035, 0, 566, 9287, 9234, 3558, 33.23%, 0, 0, 3, 0.03, 182440, 9912
22041, 0, 566, 9287, 9234, 3558, 33.23%, 0, 0, 3, 95.02, 182957, 9912
22046, 0, 569, 9287, 9233, 3557, 33.23%, 0, 0, 3, 96.30, 183479, 9912
22051, 0, 569, 9287, 9233, 3557, 33.23%, 0, 0, 3, 94.46, 183957, 9912
22056, 0, 575, 9287, 9232, 3556, 33.23%, 0, 0, 3, 92.59, 184455, 9912
22061, 0, 578, 9287, 9231, 3555, 33.23%, 0, 0, 3, 95.73, 184970, 9912
22246, 0, 578, 9287, 9231, 3555, 33.23%, 0, 0, 3, 0.11, 185424, 9912
22251, 0, 587, 9287, 9230, 3554, 33.23%, 0, 0, 3, 87.70, 185909, 9912
22256, 0, 587, 9287, 9230, 3554, 33.23%, 0, 0, 3, 103.31, 186472, 9912
22261, 0, 597, 9287, 9229, 3553, 33.23%, 0, 0, 3, 102.38, 187004, 9912
22266, 0, 597, 9287, 9229, 3553, 33.23%, 0, 0, 3, 105.54, 187548, 9912
22271, 0, 609, 9287, 9227, 3551, 33.23%, 0, 0, 3, 148.97, 188446, 9912
22456, 0, 609, 9287, 9227, 3551, 33.23%, 0, 0, 3, 0.02, 188912, 9912
22461, 0, 612, 9287, 9226, 3550, 33.23%, 0, 0, 3, 95.41, 189434, 9912
22466, 0, 612, 9287, 9226, 3550, 33.23%, 0, 0, 3, 104.62, 189978, 9912
22471, 0, 616, 9287, 9225, 3549, 33.23%, 0, 0, 3, 98.19, 190468, 9912
22477, 0, 620, 9288, 9225, 3548, 33.23%, 0, 0, 3, 104.04, 190999, 9912
22482, 0, 620, 9288, 9225, 3548, 33.23%, 0, 0, 3, 104.67, 191529, 9912
22666, 0, 620, 9288, 9225, 3548, 33.23%, 0, 0, 3, 0.10, 191993, 9912
22671, 0, 620, 9288, 9225, 3548, 33.23%, 0, 0, 3, 89.99, 192458, 9912
22677, 0, 625, 9288, 9224, 3547, 33.23%, 0, 0, 3, 101.66, 192979, 9912
22682, 0, 625, 9288, 9224, 3547, 33.23%, 0, 0, 3, 104.54, 193519, 9912
22687, 0, 626, 9288, 9223, 3546, 33.23%, 0, 0, 3, 99.23, 193999, 9912
22692, 0, 626, 9288, 9223, 3546, 33.23%, 0, 0, 3, 95.99, 194484, 9912
22877, 0, 645, 9289, 9223, 3545, 33.23%, 0, 0, 3, 0.13, 195702, 9912
22882, 0, 649, 9291, 9223, 3543, 33.23%, 0, 0, 3, 234.60, 197056, 9912
22887, 0, 649, 9292, 9224, 3543, 33.23%, 0, 0, 3, 258.30, 198399, 9912
22892, 0, 657, 9292, 9223, 3542, 33.23%, 0, 0, 3, 249.71, 199654, 9912
22897, 0, 661, 9292, 9221, 3540, 33.23%, 0, 0, 3, 271.17, 201044, 9912
22902, 0, 668, 9293, 9220, 3539, 33.23%, 0, 0, 3, 258.84, 202416, 9912
23087, 0, 668, 9296, 9223, 3539, 33.23%, 0, 0, 3, 0.11, 203752, 9912
23092, 0, 668, 9296, 9223, 3539, 33.23%, 0, 0, 3, 225.27, 204959, 9912
23097, 0, 668, 9296, 9223, 3539, 33.23%, 0, 0, 3, 215.56, 206051, 9912
23102, 0, 672, 9296, 9222, 3538, 33.23%, 0, 0, 3, 235.55, 207307, 9912
23107, 0, 676, 9297, 9221, 3536, 33.23%, 0, 0, 3, 261.55, 208589, 9912
23113, 0, 676, 9298, 9222, 3536, 33.23%, 0, 0, 3, 287.15, 209996, 9912
25402, 0, 684, 9298, 9220, 3535, 33.23%, 0, 0, 3, 0.01, 211381, 9912
25407, 0, 684, 9298, 9220, 3535, 33.23%, 0, 0, 3, 95.07, 211912, 9912
25413, 0, 686, 9298, 9219, 3534, 33.23%, 0, 0, 3, 96.24, 212406, 9912
25418, 0, 686, 9298, 9219, 3534, 33.23%, 0, 0, 3, 104.23, 212959, 9912
25423, 0, 687, 9490, 9410, 3567, 33.47%, 0, 0, 3, 108.05, 214906, 9985
25428, 0, 687, 9490, 9410, 3567, 33.47%, 0, 0, 3, 93.15, 215347, 9985
25613, 0, 690, 9490, 9409, 3566, 33.47%, 0, 0, 3, 0.06, 215776, 9985
25618, 0, 690, 9491, 9410, 3566, 33.48%, 0, 0, 3, 88.69, 216274, 9986
25623, 0, 690, 9491, 9410, 3566, 33.48%, 0, 0, 3, 95.04, 216770, 9986
25628, 0, 690, 9491, 9410, 3566, 33.48%, 0, 0, 3, 98.43, 217263, 9986
25633, 0, 694, 9491, 9409, 3566, 33.48%, 0, 0, 3, 100.83, 217793, 9986
25638, 0, 694, 9492, 9410, 3566, 33.48%, 0, 0, 3, 107.01, 218346, 9987
25823, 0, 694, 9492, 9410, 3566, 33.48%, 0, 0, 3, 0.02, 218814, 9987
25828, 0, 701, 9492, 9409, 3566, 33.48%, 0, 0, 3, 103.45, 219324, 9987
25833, 0, 701, 9492, 9409, 3566, 33.48%, 0, 0, 3, 101.44, 219848, 9987
25838, 0, 704, 9492, 9408, 3565, 33.48%, 0, 0, 3, 102.41, 220376, 9987
25843, 0, 704, 9492, 9408, 3565, 33.48%, 0, 0, 3, 103.24, 220894, 9987
25848, 0, 710, 9492, 9407, 3564, 33.48%, 0, 0, 3, 105.10, 221414, 9987
26033, 0, 710, 9492, 9407, 3564, 33.48%, 0, 0, 3, 0.03, 221864, 9987
26039, 0, 717, 9492, 9406, 3563, 33.48%, 0, 0, 3, 97.81, 222403, 9987
26044, 0, 724, 9492, 9405, 3562, 33.48%, 0, 0, 3, 143.89, 223080, 9987
26049, 0, 735, 9492, 9404, 3561, 33.48%, 0, 0, 3, 143.74, 223894, 9987
26054, 0, 739, 9492, 9402, 3559, 33.48%, 0, 0, 3, 164.14, 224723, 9987
26059, 0, 770, 9493, 9401, 3558, 33.48%, 0, 0, 3, 348.33, 226566, 9987
26244, 0, 780, 9494, 9400, 3556, 33.48%, 0, 0, 3, 0.16, 228149, 9987
26249, 0, 791, 9496, 9400, 3554, 33.48%, 0, 0, 3, 416.42, 230386, 9987
26254, 0, 795, 9498, 9401, 3554, 33.48%, 0, 0, 3, 440.02, 232608, 9987
26259, 0, 797, 9499, 9401, 3553, 33.48%, 0, 0, 3, 433.89, 234823, 9987
26264, 0, 824, 9499, 9396, 3549, 33.48%, 0, 0, 3, 408.72, 236767, 9987
26269, 0, 840, 9501, 9396, 3548, 33.48%, 0, 0, 3, 373.98, 238697, 9987
29459, 0, 841, 9502, 9396, 3547, 33.48%, 0, 0, 3, 0.02, 240310, 9987
29610, 0, 841, 9502, 9396, 3547, 33.48%, 0, 0, 3, 0.64, 240407, 9987
29615, 0, 844, 9602, 9494, 3545, 34.11%, 0, 0, 3, 522.16, 242878, 10174
29620, 0, 844, 10244, 10136, 3545, 35.44%, 0, 0, 3, 891.47, 248240, 10570
29625, 0, 844, 10468, 10360, 3801, 35.66%, 0, 0, 3, 578.67, 250946, 10636
29631, 0, 867, 10469, 10358, 3798, 35.66%, 0, 0, 3, 466.00, 253211, 10636
29636, 0, 886, 10470, 10357, 3797, 35.66%, 0, 0, 3, 377.11, 255079, 10636
29820, 0, 887, 10471, 10357, 3797, 35.66%, 0, 0, 3, 0.47, 256687, 10636
29826, 0, 928, 10471, 10355, 3796, 35.66%, 0, 0, 3, 213.56, 257701, 10636
29831, 0, 936, 10471, 10354, 3795, 35.66%, 0, 0, 3, 137.50, 258297, 10636
29836, 0, 978, 10472, 10352, 3792, 35.66%, 0, 0, 3, 354.54, 260228, 10636
29841, 0, 982, 10474, 10352, 3790, 35.66%, 0, 0, 3, 408.60, 262448, 10636
29846, 0, 1031, 10474, 10350, 3789, 35.66%, 0, 0, 3, 59.64, 263966, 10636
30031, 0, 1032, 10474, 10349, 3788, 35.66%, 0, 0, 3, 0.04, 264620, 10636
30036, 0, 1036, 10474, 10348, 3787, 35.66%, 0, 0, 3, 97.69, 265146, 10636
30041, 0, 1039, 10474, 10347, 3786, 35.66%, 0, 0, 3, 113.85, 265768, 10636
30046, 0, 1059, 10474, 10345, 3784, 35.66%, 0, 0, 3, 82.19, 266551, 10636
30051, 0, 1081, 10476, 10345, 3782, 35.66%, 0, 0, 3, 268.78, 267893, 10636
30056, 0, 1081, 10477, 10346, 3782, 35.66%, 0, 0, 3, 428.03, 270181, 10636
30241, 0, 1081, 10478, 10347, 3782, 35.66%, 0, 0, 3, 0.39, 271918, 10636
30246, 0, 1081, 10478, 10347, 3782, 35.66%, 0, 0, 3, 394.83, 273876, 10636
30251, 0, 1081, 10478, 10347, 3782, 35.66%, 0, 0, 3, 347.42, 275594, 10636
30257, 0, 1090, 10479, 10347, 3781, 35.66%, 0, 0, 3, 388.87, 277535, 10636
30262, 0, 1112, 10480, 10347, 3780, 35.66%, 0, 0, 3, 370.24, 279543, 10636
30267, 0, 1116, 10480, 10346, 3779, 35.66%, 0, 0, 3, 181.45, 280141, 10636
30452, 0, 1118, 10480, 10344, 3777, 35.66%, 0, 0, 3, 0.06, 281531, 10636
30457, 0, 1127, 10480, 10342, 3775, 35.66%, 0, 0, 3, 215.65, 282506, 10636
30462, 0, 1133, 10480, 10340, 3773, 35.66%, 0, 0, 3, 47.78, 283806, 10636
30467, 0, 1134, 10480, 10339, 3772, 35.66%, 0, 0, 3, 101.83, 284378, 10636
30472, 0, 1144, 10480, 10338, 3771, 35.66%, 0, 0, 3, 128.99, 284990, 10636
30477, 0, 1152, 10480, 10335, 3768, 35.66%, 0, 0, 3, 296.98, 286774, 10636
30662, 0, 1162, 10481, 10334, 3766, 35.66%, 0, 0, 3, 0.10, 288323, 10636
30667, 0, 1167, 10481, 10333, 3765, 35.66%, 0, 0, 3, 229.91, 289513, 10636
30672, 0, 1184, 10481, 10330, 3762, 35.66%, 0, 0, 3, 243.18, 290828, 10636
30677, 0, 1195, 10481, 10327, 3760, 35.66%, 0, 0, 3, 271.43, 292188, 10636
30682, 0, 1197, 10481, 10325, 3758, 35.66%, 0, 0, 3, 279.45, 293603, 10636
30687, 0, 1200, 10481, 10322, 3755, 35.66%, 0, 0, 3, 287.41, 295088, 10636
30872, 0, 1205, 10481, 10319, 3752, 35.66%, 0, 0, 3, 0.08, 296468, 10636
30877, 0, 1212, 10481, 10317, 3750, 35.66%, 0, 0, 3, 201.89, 297605, 10636
30882, 0, 1227, 10483, 10318, 3749, 35.66%, 0, 0, 3, 237.38, 298895, 10636
30887, 0, 1228, 10483, 10317, 3748, 35.66%, 0, 0, 3, 257.82, 300159, 10636
30893, 0, 1236, 10483, 10314, 3745, 35.66%, 0, 0, 3, 270.20, 301602, 10636
30898, 0, 1262, 10483, 10311, 3742, 35.66%, 0, 0, 3, 275.48, 303072, 10636
31083, 0, 1270, 10483, 10309, 3740, 35.66%, 0, 0, 3, 0.06, 304402, 10636
31088, 0, 1272, 10483, 10307, 3738, 35.66%, 0, 0, 3, 295.76, 305992, 10636
31093, 0, 1275, 10483, 10304, 3735, 35.66%, 0, 0, 3, 287.95, 307427, 10636
31098, 0, 1279, 10484, 10303, 3733, 35.66%, 0, 0, 3, 48.31, 308811, 10636
31103, 0, 1279, 10484, 10303, 3733, 35.66%, 0, 0, 3, 78.32, 309247, 10636
31108, 0, 1280, 10484, 10302, 3732, 35.66%, 0, 0, 3, 78.01, 309683, 10636
31293, 0, 1281, 10485, 10302, 3731, 35.66%, 0, 0, 3, 0.10, 310043, 10636
31298, 0, 1281, 10486, 10303, 3731, 35.66%, 0, 0, 3, 89.24, 310514, 10636
31303, 0, 1281, 10486, 10303, 3731, 35.66%, 0, 0, 3, 88.95, 310947, 10636
31308, 0, 1281, 10486, 10303, 3731, 35.66%, 0, 0, 3, 91.20, 311428, 10636
31313, 0, 1281, 10486, 10303, 3731, 35.66%, 0, 0, 3, 83.41, 311845, 10636
31318, 0, 1281, 10486, 10303, 3731, 35.66%, 0, 0, 3, 83.67, 312258, 10636
31503, 0, 1284, 10487, 10303, 3731, 35.66%, 0, 0, 3, 0.07, 312603, 10636
31508, 0, 1284, 10487, 10303, 3731, 35.66%, 0, 0, 3, 87.93, 313067, 10636
31514, 0, 1284, 10488, 10304, 3731, 35.66%, 0, 0, 3, 95.84, 313574, 10636
31519, 0, 1284, 10488, 10304, 3731, 35.66%, 0, 0, 3, 96.07, 314056, 10636
31524, 0, 1284, 10488, 10304, 3731, 35.66%, 0, 0, 3, 81.94, 314421, 10636
31529, 0, 1287, 10488, 10303, 3730, 35.66%, 0, 0, 3, 77.98, 314823, 10636
33818, 0, 1287, 10488, 10303, 3730, 35.66%, 0, 0, 3, 0.00, 315230, 10636
33823, 0, 1288, 10488, 10302, 3729, 35.66%, 0, 0, 3, 83.83, 315636, 10636
33828, 0, 1288, 10489, 10303, 3729, 35.66%, 0, 0, 3, 78.60, 316041, 10636
33833, 0, 1288, 10489, 10303, 3729, 35.66%, 0, 0, 3, 85.12, 316442, 10636
33838, 0, 1289, 10616, 10429, 3762, 35.83%, 0, 0, 3, 63.36, 317808, 10689
33843, 0, 1290, 10616, 10428, 3761, 35.83%, 0, 0, 3, 84.95, 318263, 10689
34028, 0, 1290, 10617, 10429, 3761, 35.83%, 0, 0, 3, 0.08, 318633, 10689
34033, 0, 1290, 10617, 10429, 3761, 35.83%, 0, 0, 3, 62.42, 319002, 10689
34038, 0, 1290, 10617, 10429, 3761, 35.83%, 0, 0, 3, 75.06, 319379, 10689
34043, 0, 1296, 10617, 10428, 3760, 35.83%, 0, 0, 3, 87.04, 319818, 10689
34048, 0, 1296, 10618, 10429, 3760, 35.83%, 0, 0, 3, 89.82, 320271, 10689
34053, 0, 1299, 10618, 10428, 3760, 35.83%, 0, 0, 3, 82.26, 320692, 10689
34238, 0, 1299, 10618, 10428, 3760, 35.83%, 0, 0, 3, 0.03, 321079, 10689
34244, 0, 1300, 10618, 10427, 3759, 35.83%, 0, 0, 3, 79.07, 321499, 10689
34249, 0, 1301, 10618, 10426, 3758, 35.83%, 0, 0, 3, 81.70, 321915, 10689
34254, 0, 1301, 10620, 10428, 3758, 35.83%, 0, 0, 3, 85.69, 322351, 10689
34259, 0, 1301, 10620, 10428, 3758, 35.83%, 0, 0, 3, 83.24, 322775, 10689
34264, 0, 1301, 10620, 10428, 3758, 35.83%, 0, 0, 3, 82.33, 323189, 10689
34449, 0, 1301, 10620, 10428, 3758, 35.83%, 0, 0, 3, 0.08, 323583, 10689
34454, 0, 1301, 10620, 10428, 3758, 35.83%, 0, 0, 3, 76.57, 323999, 10689
34459, 0, 1324, 10620, 10425, 3755, 35.83%, 0, 0, 3, 674.00, 325563, 10689
34464, 0, 1333, 10620, 10421, 3751, 35.83%, 0, 0, 3, 574.24, 328382, 10689
34469, 0, 1336, 10621, 10419, 3748, 35.83%, 0, 0, 3, 487.87, 330587, 10689
34474, 0, 1357, 10621, 10416, 3745, 35.83%, 0, 0, 3, 312.95, 332174, 10689
34659, 0, 1374, 10621, 10414, 3743, 35.83%, 0, 0, 3, 0.14, 333297, 10689
34664, 0, 1375, 10621, 10413, 3742, 35.83%, 0, 0, 3, 183.92, 334274, 10689
34669, 0, 1375, 10622, 10414, 3742, 35.83%, 0, 0, 3, 147.93, 334985, 10689
34674, 0, 1376, 10623, 10414, 3742, 35.83%, 0, 0, 3, 171.45, 335878, 10689
34680, 0, 1376, 10623, 10414, 3742, 35.83%, 0, 0, 3, 188.58, 336874, 10689
34685, 0, 1378, 10623, 10413, 3742, 35.83%, 0, 0, 3, 181.96, 337783, 10689
34869, 0, 1379, 10623, 10412, 3741, 35.83%, 0, 0, 3, 0.05, 338623, 10689
34875, 0, 1382, 10623, 10411, 3740, 35.83%, 0, 0, 3, 163.11, 339490, 10689
34880, 0, 1382, 10624, 10412, 3740, 35.83%, 0, 0, 3, 177.64, 340385, 10689
34885, 0, 1385, 10625, 10412, 3739, 35.83%, 0, 0, 3, 177.32, 341283, 10689
34890, 0, 1385, 10626, 10413, 3739, 35.83%, 0, 0, 3, 167.65, 342136, 10689
34895, 0, 1385, 10626, 10413, 3739, 35.83%, 0, 0, 3, 173.05, 343030, 10689
35080, 0, 1385, 10626, 10413, 3739, 35.83%, 0, 0, 3, 0.18, 343774, 10689
35085, 0, 1385, 10626, 10413, 3739, 35.83%, 0, 0, 3, 132.46, 344513, 10689
35090, 0, 1387, 10626, 10412, 3739, 35.83%, 0, 0, 3, 177.37, 345445, 10689
35095, 0, 1389, 10626, 10411, 3738, 35.83%, 0, 0, 3, 194.02, 346441, 10689
35100, 0, 1391, 10626, 10410, 3737, 35.83%, 0, 0, 3, 194.47, 347398, 10689
35105, 0, 1392, 10627, 10410, 3736, 35.83%, 0, 0, 3, 178.58, 348290, 10689
35290, 0, 1392, 10627, 10410, 3736, 35.83%, 0, 0, 3, 0.13, 349049, 10689
35295, 0, 1395, 10627, 10409, 3735, 35.83%, 0, 0, 3, 128.69, 349754, 10689
35300, 0, 1396, 10627, 10408, 3734, 35.83%, 0, 0, 3, 140.08, 350452, 10689
35305, 0, 1396, 10628, 10409, 3734, 35.83%, 0, 0, 3, 176.81, 351396, 10689
35311, 0, 1397, 10629, 10409, 3734, 35.83%, 0, 0, 3, 190.27, 352405, 10689
35316, 0, 1397, 10629, 10409, 3734, 35.83%, 0, 0, 3, 184.34, 353320, 10689
35500, 0, 1398, 10630, 10409, 3733, 35.83%, 0, 0, 3, 0.07, 354152, 10689
35505, 0, 1398, 10630, 10409, 3733, 35.83%, 0, 0, 3, 170.99, 355058, 10689
35510, 0, 1399, 10631, 10409, 3733, 35.83%, 0, 0, 3, 169.96, 355887, 10689
35516, 0, 1399, 10631, 10409, 3733, 35.83%, 0, 0, 3, 181.49, 356814, 10689
35521, 0, 1400, 10631, 10408, 3733, 35.83%, 0, 0, 3, 143.12, 357536, 10689
35526, 0, 1402, 10631, 10407, 3732, 35.83%, 0, 0, 3, 159.81, 358362, 10689
35711, 0, 1403, 10631, 10406, 3731, 35.83%, 0, 0, 3, 0.06, 359151, 10689
35716, 0, 1403, 10631, 10406, 3731, 35.83%, 0, 0, 3, 146.69, 359976, 10689
35721, 0, 1404, 10631, 10405, 3730, 35.83%, 0, 0, 3, 157.26, 360798, 10689
35726, 0, 1413, 10631, 10404, 3729, 35.83%, 0, 0, 3, 169.55, 361671, 10689
35731, 0, 1423, 10631, 10403, 3728, 35.83%, 0, 0, 3, 173.94, 362568, 10689
35736, 0, 1425, 10631, 10402, 3727, 35.83%, 0, 0, 3, 200.79, 363641, 10689
38025, 0, 1427, 10631, 10401, 3726, 35.83%, 0, 0, 3, 0.00, 364440, 10689
38030, 0, 1431, 10631, 10400, 3725, 35.83%, 0, 0, 3, 145.49, 365284, 10689
38035, 0, 1433, 10762, 10530, 3756, 36.07%, 0, 0, 3, 172.41, 366973, 10758
38040, 0, 1437, 10763, 10530, 3755, 36.07%, 0, 0, 3, 174.59, 367841, 10758
38045, 0, 1437, 10763, 10530, 3755, 36.07%, 0, 0, 3, 174.64, 368726, 10758
38050, 0, 1452, 10763, 10529, 3755, 36.07%, 0, 0, 3, 176.64, 369623, 10758
38235, 0, 1459, 10763, 10528, 3754, 36.07%, 0, 0, 3, 0.20, 370445, 10758
38241, 0, 1460, 10763, 10527, 3753, 36.07%, 0, 0, 3, 155.06, 371258, 10758
38246, 0, 1466, 10763, 10526, 3752, 36.07%, 0, 0, 3, 169.91, 372185, 10758
38251, 0, 1468, 10763, 10525, 3751, 36.07%, 0, 0, 3, 180.70, 373121, 10758
38256, 0, 1477, 10763, 10524, 3750, 36.07%, 0, 0, 3, 179.38, 374015, 10758
38261, 0, 1477, 10764, 10525, 3750, 36.07%, 0, 0, 3, 202.30, 375059, 10758
38446, 0, 1484, 10764, 10523, 3749, 36.07%, 0, 0, 3, 0.17, 376243, 10758
38451, 0, 1491, 10764, 10521, 3748, 36.07%, 0, 0, 3, 259.49, 377688, 10758
38456, 0, 1497, 10764, 10519, 3746, 36.07%, 0, 0, 3, 314.81, 379311, 10758
38461, 0, 1505, 10764, 10517, 3744, 36.07%, 0, 0, 3, 311.57, 380823, 10758
38466, 0, 1511, 10765, 10517, 3743, 36.07%, 0, 0, 3, 353.45, 382643, 10759
38471, 0, 1511, 10766, 10518, 3743, 36.07%, 0, 0, 3, 364.20, 384561, 10759
38656, 0, 1515, 10766, 10516, 3742, 36.07%, 0, 0, 3, 0.03, 386177, 10759
38661, 0, 1517, 10767, 10516, 3741, 36.07%, 0, 0, 3, 346.81, 387792, 10759
38666, 0, 1519, 10767, 10515, 3740, 36.07%, 0, 0, 3, 317.29, 389262, 10759
38671, 0, 1522, 10767, 10513, 3738, 36.07%, 0, 0, 3, 354.35, 391041, 10759
38677, 0, 1523, 10772, 10517, 3737, 36.07%, 0, 0, 3, 354.68, 392837, 10759
38682, 0, 1523, 10773, 10518, 3737, 36.07%, 0, 0, 3, 365.65, 394671, 10759
38867, 0, 1523, 10774, 10519, 3737, 36.07%, 0, 0, 3, 0.04, 396358, 10759
38872, 0, 1523, 10775, 10520, 3737, 36.07%, 0, 0, 3, 288.56, 397960, 10759
38877, 0, 1523, 10775, 10520, 3737, 36.07%, 0, 0, 3, 311.25, 399572, 10759
38882, 0, 1523, 10775, 10520, 3737, 36.07%, 0, 0, 3, 299.10, 401174, 10759
38887, 0, 1523, 10775, 10520, 3737, 36.07%, 0, 0, 3, 331.59, 402836, 10759
38892, 0, 1523, 10775, 10520, 3737, 36.07%, 0, 0, 3, 329.00, 404492, 10759
39077, 0, 1524, 10775, 10519, 3736, 36.07%, 0, 0, 3, 0.19, 406061, 10759
39082, 0, 1526, 10776, 10519, 3736, 36.07%, 0, 0, 3, 293.61, 407607, 10759
39087, 0, 1529, 10776, 10517, 3734, 36.07%, 0, 0, 3, 304.28, 409287, 10759
39092, 0, 1536, 10777, 10516, 3732, 36.07%, 0, 0, 3, 350.24, 411041, 10759
39098, 0, 1541, 10777, 10515, 3731, 36.07%, 0, 0, 3, 339.09, 412762, 10759
39103, 0, 1545, 10780, 10517, 3730, 36.07%, 0, 0, 3, 390.23, 414724, 10760
39287, 0, 1545, 10780, 10517, 3730, 36.07%, 0, 0, 3, 0.02, 416579, 10760
39292, 0, 1548, 10780, 10516, 3731, 36.07%, 0, 0, 3, 344.84, 418327, 10760
39298, 0, 1549, 10781, 10516, 3731, 36.07%, 0, 0, 3, 288.47, 419737, 10760
39303, 0, 1558, 10781, 10514, 3729, 36.07%, 0, 0, 3, 312.06, 421268, 10760
39308, 0, 1558, 10782, 10515, 3729, 36.07%, 0, 0, 3, 299.98, 422814, 10760
39313, 0, 1561, 10783, 10515, 3728, 36.07%, 0, 0, 3, 285.65, 424286, 10760
39498, 0, 1562, 10783, 10514, 3728, 36.07%, 0, 0, 3, 0.50, 425456, 10760
39503, 0, 1569, 10784, 10514, 3727, 36.07%, 0, 0, 3, 295.08, 426938, 10760
39508, 0, 1575, 10785, 10513, 3725, 36.07%, 0, 0, 3, 270.35, 428265, 10760
39513, 0, 1575, 10787, 10515, 3725, 36.07%, 0, 0, 3, 246.98, 429440, 10760
39518, 0, 1575, 10787, 10515, 3725, 36.07%, 0, 0, 3, 247.13, 430676, 10760
39523, 0, 1576, 10787, 10514, 3724, 36.07%, 0, 0, 3, 274.79, 432054, 10760
39708, 0, 1584, 10787, 10512, 3722, 36.07%, 0, 0, 3, 0.39, 433369, 10760
39713, 0, 1589, 10787, 10510, 3720, 36.07%, 0, 0, 3, 345.87, 435152, 10760
39718, 0, 1618, 10787, 10507, 3718, 36.07%, 0, 0, 3, 282.11, 436729, 10760
39724, 0, 1618, 10787, 10507, 3718, 36.07%, 0, 0, 3, 149.09, 437312, 10760
39729, 0, 1621, 10788, 10507, 3717, 36.07%, 0, 0, 3, 119.44, 437867, 10760
39734, 0, 1621, 10788, 10507, 3717, 36.07%, 0, 0, 3, 111.04, 438417, 10760
39919, 0, 1621, 10788, 10507, 3717, 36.07%, 0, 0, 3, 0.09, 438923, 10760
39924, 0, 1623, 10788, 10506, 3716, 36.07%, 0, 0, 3, 112.26, 439469, 10760
39929, 0, 1623, 10788, 10506, 3716, 36.07%, 0, 0, 3, 113.59, 440041, 10760
39934, 0, 1624, 10788, 10505, 3715, 36.07%, 0, 0, 3, 109.78, 440609, 10760
39939, 0, 1631, 10788, 10504, 3714, 36.07%, 0, 0, 3, 101.23, 441123, 10760
39944, 0, 1631, 10788, 10504, 3714, 36.07%, 0, 0, 3, 112.76, 441697, 10760
42233, 0, 1632, 10788, 10503, 3713, 36.07%, 0, 0, 3, 0.00, 442243, 10760
42238, 0, 1632, 10788, 10503, 3713, 36.07%, 0, 0, 3, 87.70, 442738, 10760
42243, 0, 1634, 10788, 10502, 3712, 36.07%, 0, 0, 3, 91.85, 443205, 10760
42248, 0, 1634, 10788, 10502, 3712, 36.07%, 0, 0, 3, 111.85, 443789, 10760
42253, 0, 1635, 10813, 10526, 3711, 36.09%, 0, 3, 3, 109.20, 444017, 10766
42259, 0, 1636, 10957, 10670, 3750, 36.28%, 0, 3, 3, 123.12, 445621, 10822
42443, 0, 1636, 10957, 10670, 3750, 36.28%, 0, 3, 3, 0.13, 446077, 10822
42448, 0, 1640, 10957, 10669, 3749, 36.28%, 0, 3, 3, 108.20, 446609, 10822
42453, 0, 1644, 10957, 10668, 3748, 36.28%, 0, 3, 3, 100.76, 447089, 10822
42458, 0, 1644, 10957, 10668, 3748, 36.28%, 0, 3, 3, 112.11, 447661, 10822
42463, 0, 1645, 10957, 10667, 3747, 36.28%, 0, 3, 3, 105.89, 448195, 10822
42468, 0, 1645, 10957, 10667, 3747, 36.28%, 0, 3, 3, 111.13, 448759, 10822
42653, 0, 1669, 10957, 10664, 3744, 36.28%, 0, 3, 3, 0.35, 450491, 10822
42659, 0, 1674, 10957, 10661, 3741, 36.28%, 0, 3, 3, 309.36, 452183, 10822
42664, 0, 1684, 10957, 10658, 3738, 36.28%, 0, 3, 3, 363.13, 454104, 10822
42669, 0, 1691, 10957, 10654, 3734, 36.28%, 0, 3, 3, 386.39, 456049, 10822
42674, 0, 1698, 10957, 10651, 3731, 36.28%, 0, 3, 3, 368.33, 457828, 10822
42679, 0, 1701, 10958, 10650, 3729, 36.28%, 0, 3, 3, 361.98, 459700, 10823
42864, 0, 1715, 10958, 10647, 3727, 36.28%, 0, 3, 3, 0.38, 461421, 10823
42869, 0, 1722, 10958, 10645, 3725, 36.28%, 0, 3, 3, 305.45, 463020, 10823
42874, 0, 1733, 10958, 10642, 3722, 36.28%, 0, 3, 3, 350.40, 464814, 10823
42879, 0, 1740, 10958, 10639, 3719, 36.28%, 0, 3, 3, 392.45, 466781, 10823
42884, 0, 1762, 10958, 10635, 3715, 36.28%, 0, 3, 3, 399.53, 468810, 10823
42889, 0, 1765, 10958, 10632, 3712, 36.28%, 0, 3, 3, 385.49, 470813, 10823
43074, 0, 1775, 10958, 10630, 3710, 36.28%, 0, 3, 3, 0.03, 472090, 10823
43079, 0, 1781, 10958, 10628, 3708, 36.28%, 0, 3, 3, 232.01, 473384, 10823
43084, 0, 1784, 10958, 10626, 3706, 36.28%, 0, 3, 3, 221.77, 474492, 10823
43089, 0, 1803, 10961, 10623, 3700, 36.28%, 0, 3, 3, 596.67, 477981, 10823
43095, 0, 1805, 10961, 10622, 3700, 36.28%, 0, 3, 3, 325.73, 479205, 10823
43100, 0, 1811, 10962, 10620, 3697, 36.28%, 0, 3, 3, 395.57, 481425, 10823
43284, 0, 1814, 10964, 10620, 3695, 36.28%, 0, 3, 3, 0.31, 483200, 10823
43290, 0, 1819, 10965, 10619, 3693, 36.28%, 0, 3, 3, 447.36, 485855, 10823
43295, 0, 1820, 10966, 10619, 3692, 36.28%, 0, 3, 3, 400.93, 487856, 10823
43300, 0, 1821, 10968, 10620, 3692, 36.28%, 0, 3, 3, 331.76, 489478, 10823
43305, 0, 1821, 10969, 10621, 3692, 36.28%, 0, 3, 3, 366.69, 491422, 10823
43310, 0, 1822, 10970, 10621, 3692, 36.28%, 0, 3, 3, 370.20, 493373, 10823
43495, 0, 1823, 10971, 10621, 3691, 36.28%, 0, 3, 3, 0.27, 495028, 10823
43500, 0, 1824, 10973, 10622, 3690, 36.28%, 0, 3, 3, 339.32, 496749, 10823
43505, 0, 1824, 10974, 10623, 3690, 36.28%, 0, 3, 3, 368.89, 498657, 10823
43510, 0, 1825, 10975, 10623, 3689, 36.28%, 0, 3, 3, 337.96, 500405, 10823
43515, 0, 1826, 10976, 10623, 3688, 36.28%, 0, 3, 3, 361.36, 502256, 10823
43520, 0, 1828, 10978, 10623, 3686, 36.28%, 0, 3, 3, 370.95, 504068, 10823
43705, 0, 1828, 10979, 10624, 3686, 36.28%, 0, 3, 3, 0.19, 505958, 10823
43710, 0, 1830, 10981, 10624, 3684, 36.28%, 0, 3, 3, 392.97, 507990, 10823
43715, 0, 1833, 10983, 10624, 3682, 36.28%, 0, 3, 3, 357.61, 509781, 10823
43720, 0, 1833, 10985, 10626, 3682, 36.28%, 0, 3, 3, 394.93, 511860, 10823
43726, 0, 1833, 10985, 10626, 3682, 36.28%, 0, 3, 3, 397.66, 513911, 10823
43731, 0, 1833, 10987, 10628, 3682, 36.28%, 0, 3, 3, 397.53, 515899, 10823
43916, 0, 1833, 10988, 10629, 3682, 36.28%, 0, 3, 3, 0.27, 517733, 10823
43921, 0, 1833, 10988, 10629, 3682, 36.28%, 0, 3, 3, 401.14, 519672, 10823
43926, 0, 1833, 10988, 10629, 3682, 36.28%, 0, 3, 3, 379.45, 521541, 10823
43931, 0, 1833, 10988, 10629, 3682, 36.28%, 0, 3, 3, 381.20, 523438, 10823
43936, 0, 1833, 10988, 10629, 3682, 36.28%, 0, 3, 3, 372.71, 525286, 10823
43941, 0, 1833, 10988, 10629, 3682, 36.28%, 0, 3, 3, 395.86, 527316, 10823
44126, 0, 1834, 10989, 10629, 3681, 36.28%, 0, 3, 3, 0.16, 529009, 10823
44131, 0, 1834, 10990, 10630, 3681, 36.28%, 0, 3, 3, 411.44, 531118, 10823
44136, 0, 1835, 10992, 10631, 3680, 36.28%, 0, 3, 3, 398.36, 533196, 10823
44141, 0, 1836, 10993, 10631, 3679, 36.28%, 0, 3, 3, 355.26, 534911, 10823
44147, 0, 1839, 10996, 10631, 3677, 36.28%, 0, 3, 3, 385.64, 536963, 10823
44152, 0, 1839, 10996, 10631, 3677, 36.28%, 0, 3, 3, 370.56, 538853, 10823
46440, 0, 1841, 10997, 10630, 3676, 36.28%, 0, 3, 3, 0.03, 540465, 10823
46445, 0, 1842, 10999, 10631, 3676, 36.28%, 0, 3, 3, 288.66, 542132, 10823
46451, 0, 1843, 11064, 10695, 3675, 36.32%, 0, 4, 3, 315.66, 543371, 10833
46456, 0, 1845, 11179, 10809, 3718, 36.49%, 0, 4, 3, 362.92, 545565, 10886
46461, 0, 1846, 11181, 10810, 3718, 36.49%, 0, 4, 3, 361.28, 547423, 10886
46466, 0, 1848, 11182, 10809, 3716, 36.49%, 0, 4, 3, 348.52, 549269, 10886
46650, 0, 1849, 11184, 10810, 3715, 36.49%, 0, 4, 3, 0.16, 550750, 10886
46656, 0, 1850, 11185, 10810, 3715, 36.49%, 0, 4, 3, 263.21, 552153, 10886
46661, 0, 1851, 11186, 10810, 3714, 36.49%, 0, 4, 3, 315.50, 553875, 10886
46666, 0, 1856, 11186, 10807, 3711, 36.49%, 0, 4, 3, 329.33, 555507, 10886
46671, 0, 1862, 11186, 10804, 3708, 36.49%, 0, 4, 3, 364.37, 557413, 10886
46676, 0, 1869, 11187, 10802, 3705, 36.49%, 0, 4, 3, 397.75, 559404, 10886
46861, 0, 1870, 11188, 10802, 3704, 36.49%, 0, 4, 3, 0.13, 560903, 10886
46866, 0, 1873, 11188, 10799, 3701, 36.49%, 0, 4, 3, 300.91, 562511, 10886
46871, 0, 1875, 11188, 10797, 3699, 36.49%, 0, 4, 3, 303.85, 564041, 10886
46876, 0, 1882, 11188, 10794, 3696, 36.49%, 0, 4, 3, 297.68, 565534, 10886
46881, 0, 1884, 11188, 10792, 3694, 36.49%, 0, 4, 3, 317.98, 567155, 10886
46886, 0, 1887, 11188, 10789, 3691, 36.49%, 0, 4, 3, 338.56, 568871, 10886
50497, 0, 1890, 11188, 10786, 3688, 36.49%, 0, 4, 3, 0.02, 570191, 10886
50647, 0, 1890, 11188, 10786, 3688, 36.49%, 0, 4, 3, 0.31, 570238, 10886
50655, 0, 1892, 11206, 10802, 3686, 36.50%, 0, 6, 3, 13.31, 571526, 10889
50660, 0, 1892, 11728, 11324, 3686, 37.01%, 0, 6, 3, 928.67, 575719, 11041
50665, 0, 1893, 11831, 11426, 3778, 37.05%, 0, 6, 3, 465.50, 577684, 11052
50670, 0, 1897, 11831, 11423, 3775, 37.05%, 0, 6, 3, 380.24, 579420, 11052
50675, 0, 1902, 11831, 11420, 3772, 37.05%, 0, 6, 3, 335.70, 581026, 11052
50858, 0, 1903, 11831, 11419, 3771, 37.05%, 0, 6, 3, 0.40, 581656, 11052
50863, 0, 1924, 11831, 11416, 3768, 37.05%, 0, 6, 3, 237.64, 583046, 11052
50868, 0, 1930, 11831, 11415, 3767, 37.05%, 0, 6, 3, 228.29, 583998, 11052
50873, 0, 1934, 11832, 11415, 3766, 37.05%, 0, 6, 3, 183.05, 584915, 11052
50878, 0, 1934, 11833, 11416, 3766, 37.05%, 0, 6, 3, 152.15, 585666, 11052
50883, 0, 1934, 11833, 11416, 3766, 37.05%, 0, 6, 3, 155.36, 586473, 11052
51068, 0, 1936, 11836, 11418, 3765, 37.05%, 0, 6, 3, 0.19, 587924, 11052
51073, 0, 1936, 11836, 11418, 3765, 37.05%, 0, 6, 3, 288.44, 589559, 11052
51078, 0, 1949, 11836, 11415, 3763, 37.05%, 0, 6, 3, 376.29, 591534, 11052
51083, 0, 1967, 11837, 11414, 3762, 37.05%, 0, 6, 3, 395.33, 593604, 11052
51088, 0, 1976, 11837, 11411, 3759, 37.05%, 0, 6, 3, 319.74, 594904, 11052
51093, 0, 1984, 11837, 11410, 3758, 37.05%, 0, 6, 3, 195.54, 595729, 11052
51278, 0, 1985, 11837, 11409, 3757, 37.05%, 0, 6, 3, 0.02, 596413, 11052
51283, 0, 2009, 11837, 11408, 3756, 37.05%, 0, 6, 3, 161.15, 597244, 11052
51288, 0, 2022, 11837, 11406, 3755, 37.05%, 0, 6, 3, 162.79, 598072, 11052
51294, 0, 2025, 11837, 11405, 3754, 37.05%, 0, 6, 3, 171.73, 598942, 11052
51299, 0, 2034, 11837, 11403, 3752, 37.05%, 0, 6, 3, 157.62, 599728, 11052
51304, 0, 2039, 11837, 11402, 3751, 37.05%, 0, 6, 3, 220.98, 600790, 11052
51489, 0, 2053, 11838, 11401, 3749, 37.05%, 0, 6, 3, 0.07, 601843, 11052
51494, 0, 2064, 11838, 11398, 3746, 37.05%, 0, 6, 3, 375.05, 603848, 11052
51499, 0, 2075, 11839, 11396, 3744, 37.05%, 0, 6, 3, 423.32, 606048, 11052
51504, 0, 2088, 11839, 11393, 3741, 37.05%, 0, 6, 3, 373.63, 607836, 11052
51509, 0, 2092, 11841, 11393, 3739, 37.05%, 0, 6, 3, 386.02, 609738, 11052
51514, 0, 2094, 11842, 11392, 3737, 37.05%, 0, 6, 3, 393.03, 611727, 11052
51699, 0, 2103, 11843, 11391, 3735, 37.05%, 0, 6, 3, 0.31, 613762, 11052
51704, 0, 2107, 11844, 11390, 3733, 37.05%, 0, 6, 3, 386.62, 615640, 11052
51709, 0, 2110, 11846, 11390, 3731, 37.05%, 0, 6, 3, 389.23, 617610, 11052
51714, 0, 2111, 11846, 11389, 3730, 37.05%, 0, 6, 3, 336.12, 619249, 11052
51719, 0, 2119, 11846, 11386, 3727, 37.05%, 0, 6, 3, 352.59, 620998, 11052
51725, 0, 2124, 11846, 11382, 3723, 37.05%, 0, 6, 3, 381.56, 623090, 11052
51909, 0, 2127, 11846, 11380, 3721, 37.05%, 0, 6, 3, 0.04, 624794, 11052
51914, 0, 2138, 11846, 11377, 3718, 37.05%, 0, 6, 3, 296.65, 626369, 11052
51920, 0, 2143, 11846, 11373, 3714, 37.05%, 0, 6, 3, 390.06, 628400, 11052
51925, 0, 2149, 11846, 11370, 3711, 37.05%, 0, 6, 3, 287.62, 629684, 11052
51930, 0, 2153, 11846, 11368, 3709, 37.05%, 0, 6, 3, 244.06, 630831, 11052
51935, 0, 2158, 11846, 11366, 3707, 37.05%, 0, 6, 3, 255.87, 632119, 11052
52120, 0, 2163, 11846, 11365, 3706, 37.05%, 0, 6, 3, 0.12, 633100, 11052
52125, 0, 2182, 11846, 11361, 3702, 37.05%, 0, 6, 3, 373.11, 635125, 11052
52130, 0, 2205, 11846, 11358, 3699, 37.05%, 0, 6, 3, 335.42, 636835, 11052
52135, 0, 2215, 11846, 11355, 3696, 37.05%, 0, 6, 3, 306.09, 638311, 11052
52140, 0, 2218, 11846, 11353, 3694, 37.05%, 0, 6, 3, 315.93, 639948, 11052
52145, 0, 2220, 11847, 11352, 3692, 37.05%, 0, 6, 3, 291.44, 641411, 11052
52330, 0, 2223, 11847, 11350, 3690, 37.05%, 0, 6, 3, 0.10, 642824, 11052
52335, 0, 2233, 11847, 11347, 3687, 37.05%, 0, 6, 3, 270.67, 644261, 11052
52340, 0, 2236, 11847, 11345, 3685, 37.05%, 0, 6, 3, 288.17, 645796, 11052
52346, 0, 2244, 11847, 11342, 3682, 37.05%, 0, 6, 3, 294.34, 647336, 11052
52351, 0, 2249, 11847, 11339, 3679, 37.05%, 0, 6, 3, 325.47, 648914, 11052
52356, 0, 2251, 11847, 11337, 3677, 37.05%, 0, 6, 3, 318.32, 650510, 11052
52541, 0, 2257, 11847, 11335, 3675, 37.05%, 0, 6, 3, 0.07, 651348, 11052
52546, 0, 2262, 11847, 11333, 3674, 37.05%, 0, 6, 3, 221.44, 652396, 11052
52551, 0, 2269, 11848, 11332, 3672, 37.05%, 0, 6, 3, 342.80, 654291, 11052
52556, 0, 2274, 11848, 11329, 3669, 37.05%, 0, 6, 3, 340.02, 655977, 11052
52561, 0, 2298, 11848, 11325, 3665, 37.05%, 0, 6, 3, 445.00, 658375, 11052
52566, 0, 2303, 11848, 11322, 3662, 37.05%, 0, 6, 3, 379.45, 660273, 11052
54855, 0, 2308, 11850, 11322, 3660, 37.05%, 0, 6, 3, 0.01, 662149, 11053
54860, 0, 2308, 11851, 11323, 3660, 37.05%, 0, 6, 3, 333.70, 663930, 11053
54865, 0, 2308, 11852, 11324, 3660, 37.05%, 0, 6, 3, 389.88, 665939, 11053
54870, 0, 2308, 11852, 11324, 3660, 37.05%, 0, 6, 3, 409.72, 668003, 11053
54875, 0, 2308, 11852, 11324, 3660, 37.05%, 0, 6, 3, 430.16, 670219, 11053
54880, 0, 2310, 11855, 11326, 3661, 37.05%, 0, 6, 3, 351.67, 671955, 11053
55065, 0, 2310, 11855, 11326, 3661, 37.05%, 0, 6, 3, 0.14, 673187, 11053
55070, 0, 2310, 11856, 11327, 3661, 37.06%, 0, 6, 3, 244.56, 674547, 11054
55075, 0, 2310, 11856, 11327, 3661, 37.06%, 0, 6, 3, 288.30, 676039, 11054
55080, 0, 2310, 11856, 11327, 3661, 37.06%, 0, 6, 3, 294.98, 677474, 11054
55085, 0, 2310, 11856, 11327, 3661, 37.06%, 0, 6, 3, 236.85, 678571, 11054
55090, 0, 2310, 11856, 11327, 3661, 37.06%, 0, 6, 3, 262.06, 679934, 11054
55275, 0, 2311, 11995, 11465, 3672, 37.12%, 0, 6, 3, 0.23, 682671, 11072
55280, 0, 2318, 11995, 11462, 3670, 37.12%, 0, 6, 3, 330.95, 684498, 11072
55285, 0, 2323, 11995, 11459, 3667, 37.12%, 0, 6, 3, 315.66, 686124, 11072
55291, 0, 2326, 11995, 11457, 3665, 37.12%, 0, 6, 3, 283.62, 687539, 11072
55296, 0, 2336, 11995, 11454, 3662, 37.12%, 0, 6, 3, 296.35, 689009, 11072
55301, 0, 2344, 11995, 11451, 3659, 37.12%, 0, 6, 3, 338.65, 690744, 11072
55486, 0, 2347, 11995, 11449, 3657, 37.12%, 0, 6, 3, 0.08, 692004, 11072
55491, 0, 2349, 11995, 11448, 3656, 37.12%, 0, 6, 3, 157.92, 692817, 11072
55496, 0, 2351, 11996, 11448, 3655, 37.12%, 0, 6, 3, 167.21, 693667, 11072
55501, 0, 2351, 11997, 11449, 3655, 37.12%, 0, 6, 3, 163.92, 694511, 11072
55506, 0, 2351, 11997, 11449, 3655, 37.12%, 0, 6, 3, 181.08, 695414, 11072
55511, 0, 2359, 11998, 11447, 3652, 37.12%, 0, 6, 3, 305.05, 697055, 11072
55696, 0, 2359, 12000, 11449, 3652, 37.12%, 0, 6, 3, 0.16, 698839, 11072
55701, 0, 2359, 12002, 11451, 3652, 37.12%, 0, 6, 3, 323.27, 700567, 11072
55706, 0, 2359, 12003, 11452, 3652, 37.12%, 0, 6, 3, 381.50, 702500, 11072
55711, 0, 2359, 12005, 11454, 3652, 37.12%, 0, 6, 3, 355.23, 704222, 11072
55716, 0, 2359, 12005, 11454, 3652, 37.12%, 0, 6, 3, 354.94, 705952, 11072
55721, 0, 2359, 12005, 11454, 3652, 37.12%, 0, 6, 3, 410.65, 708094, 11072
55906, 0, 2359, 12005, 11454, 3652, 37.12%, 0, 6, 3, 0.09, 709998, 11072
55911, 0, 2359, 12005, 11454, 3652, 37.12%, 0, 6, 3, 383.52, 711922, 11072
55917, 0, 2359, 12005, 11454, 3652, 37.12%, 0, 6, 3, 340.73, 713698, 11072
55922, 0, 2359, 12007, 11456, 3652, 37.12%, 0, 6, 3, 337.44, 715458, 11072
55927, 0, 2362, 12007, 11454, 3650, 37.12%, 0, 6, 3, 336.05, 717288, 11072
55932, 0, 2370, 12007, 11452, 3648, 37.12%, 0, 6, 3, 263.32, 718663, 11072
56117, 0, 2376, 12007, 11449, 3645, 37.12%, 0, 6, 3, 0.12, 720381, 11072
56122, 0, 2379, 12008, 11448, 3643, 37.12%, 0, 6, 3, 358.29, 722328, 11072
56127, 0, 2385, 12009, 11446, 3640, 37.12%, 0, 6, 3, 376.07, 724296, 11072
56132, 0, 2385, 12011, 11448, 3640, 37.12%, 0, 6, 3, 422.52, 726522, 11072
56137, 0, 2388, 12011, 11447, 3640, 37.12%, 0, 6, 3, 444.58, 728770, 11072
56142, 0, 2392, 12016, 11451, 3640, 37.12%, 0, 6, 3, 483.47, 731280, 11073
56327, 0, 2392, 12016, 11451, 3640, 37.12%, 0, 6, 3, 0.17, 733165, 11073
56332, 0, 2392, 12016, 11451, 3640, 37.12%, 0, 6, 3, 307.60, 734979, 11073
56337, 0, 2393, 12018, 11452, 3640, 37.12%, 0, 6, 3, 352.41, 736863, 11073
56343, 0, 2395, 12019, 11452, 3639, 37.12%, 0, 6, 3, 362.82, 738738, 11073
56348, 0, 2397, 12021, 11453, 3638, 37.12%, 0, 6, 3, 392.88, 740757, 11073
56353, 0, 2398, 12022, 11453, 3637, 37.12%, 0, 6, 3, 430.96, 742927, 11073
56537, 0, 2403, 12025, 11454, 3635, 37.12%, 0, 6, 3, 0.35, 744884, 11073
56543, 0, 2403, 12026, 11455, 3635, 37.12%, 0, 6, 3, 392.40, 746852, 11073
56548, 0, 2403, 12026, 11455, 3635, 37.12%, 0, 6, 3, 376.23, 748679, 11073
56553, 0, 2403, 12027, 11456, 3635, 37.12%, 0, 6, 3, 384.32, 750632, 11073
56558, 0, 2403, 12027, 11456, 3635, 37.12%, 0, 6, 3, 477.89, 753026, 11073
56563, 0, 2407, 12028, 11455, 3634, 37.12%, 0, 6, 3, 445.38, 755313, 11073
56748, 0, 2410, 12029, 11454, 3632, 37.12%, 0, 6, 3, 0.34, 757296, 11073
56753, 0, 2419, 12029, 11450, 3628, 37.12%, 0, 6, 3, 341.68, 759190, 11073
56758, 0, 2423, 12030, 11449, 3626, 37.12%, 0, 6, 3, 386.20, 761221, 11073
56763, 0, 2425, 12031, 11448, 3624, 37.12%, 0, 6, 3, 394.37, 763172, 11073
56768, 0, 2426, 12033, 11449, 3623, 37.12%, 0, 6, 3, 273.74, 764220, 11073
56773, 0, 2427, 12034, 11449, 3622, 37.12%, 0, 6, 3, 366.48, 766175, 11073
58611, 0, 2428, 12037, 11451, 3621, 37.12%, 0, 6, 3, 0.00, 768246, 11073
58616, 0, 2428, 12037, 11451, 3621, 37.12%, 0, 6, 3, 425.97, 770406, 11073
58622, 0, 2428, 12038, 11452, 3621, 37.12%, 0, 6, 3, 470.85, 772888, 11073
58627, 0, 2428, 12038, 11452, 3621, 37.12%, 0, 6, 3, 453.58, 775061, 11073
58632, 0, 2429, 12039, 11452, 3620, 37.12%, 0, 6, 3, 407.56, 777036, 11073
58637, 0, 2431, 12354, 11766, 3663, 37.34%, 0, 6, 3, 694.17, 780902, 11138
58642, 0, 2431, 12356, 11768, 3663, 37.34%, 0, 6, 3, 518.59, 783392, 11138
58647, 0, 2437, 12357, 11767, 3661, 37.34%, 0, 6, 3, 444.53, 785698, 11138
58652, 0, 2437, 12359, 11769, 3661, 37.34%, 0, 6, 3, 347.02, 787233, 11138
58657, 0, 2437, 12360, 11770, 3661, 37.34%, 0, 6, 3, 311.23, 788704, 11138
58662, 0, 2437, 12360, 11770, 3661, 37.34%, 0, 6, 3, 171.91, 789484, 11138
58667, 0, 2437, 12360, 11770, 3661, 37.34%, 0, 6, 3, 42.25, 790006, 11138
58672, 0, 2437, 12360, 11770, 3661, 37.34%, 0, 6, 3, 257.82, 791175, 11138
58678, 0, 2437, 12360, 11770, 3661, 37.34%, 0, 6, 3, 245.43, 792272, 11138
58683, 0, 2437, 12360, 11770, 3661, 37.34%, 0, 6, 3, 302.20, 793865, 11138
58688, 0, 2449, 12360, 11769, 3660, 37.34%, 0, 6, 3, 55.18, 795267, 11138
58693, 0, 2449, 12360, 11769, 3660, 37.34%, 0, 6, 3, 86.09, 795738, 11138
58698, 0, 2455, 12360, 11766, 3658, 37.34%, 0, 6, 3, 278.10, 797210, 11138
58703, 0, 2469, 12360, 11763, 3655, 37.34%, 0, 6, 3, 357.90, 799086, 11138
58708, 0, 2477, 12360, 11760, 3652, 37.34%, 0, 6, 3, 354.97, 800879, 11138
58713, 0, 2486, 12360, 11757, 3649, 37.34%, 0, 6, 3, 387.16, 802875, 11138
58718, 0, 2496, 12360, 11753, 3645, 37.34%, 0, 6, 3, 413.82, 804980, 11138
58723, 0, 2512, 12360, 11750, 3642, 37.34%, 0, 6, 3, 423.94, 807140, 11138
58728, 0, 2529, 12360, 11746, 3638, 37.34%, 0, 6, 3, 425.70, 809292, 11138
58734, 0, 2537, 12360, 11743, 3635, 37.34%, 0, 6, 3, 393.19, 811226, 11138
58739, 0, 2542, 12360, 11740, 3632, 37.34%, 0, 6, 3, 388.68, 813194, 11138
58744, 0, 2547, 12360, 11737, 3629, 37.34%, 0, 6, 3, 374.80, 815015, 11138
58749, 0, 2555, 12360, 11733, 3625, 37.34%, 0, 6, 3, 362.78, 816855, 11138
58754, 0, 2561, 12360, 11730, 3622, 37.34%, 0, 6, 3, 376.65, 818879, 11138
58759, 0, 2567, 12360, 11727, 3619, 37.34%, 0, 6, 3, 380.40, 820805, 11138
58764, 0, 2570, 12360, 11724, 3616, 37.34%, 0, 6, 3, 383.69, 822787, 11138
58769, 0, 2576, 12361, 11723, 3614, 37.34%, 0, 6, 3, 364.06, 824575, 11139
58774, 0, 2586, 12362, 11720, 3611, 37.34%, 0, 6, 3, 370.68, 826511, 11139
58779, 0, 2597, 12362, 11718, 3610, 37.34%, 0, 6, 3, 381.07, 828402, 11139
58784, 0, 2609, 12362, 11715, 3607, 37.34%, 0, 6, 3, 376.61, 830314, 11139
58790, 0, 2625, 12362, 11712, 3604, 37.34%, 0, 6, 3, 394.43, 832380, 11139
58795, 0, 2629, 12363, 11710, 3602, 37.35%, 0, 6, 3, 399.43, 834437, 11140
58800, 0, 2634, 12363, 11707, 3599, 37.35%, 0, 6, 3, 390.67, 836426, 11140
58805, 0, 2637, 12363, 11704, 3596, 37.35%, 0, 6, 3, 360.55, 838170, 11140
58810, 0, 2643, 12363, 11701, 3594, 37.35%, 0, 6, 3, 386.00, 840173, 11140
58815, 0, 2651, 12363, 11697, 3590, 37.35%, 0, 6, 3, 376.06, 842132, 11140
58820, 0, 2655, 12364, 11696, 3589, 37.35%, 0, 6, 3, 391.30, 844205, 11140
58825, 0, 2661, 12364, 11693, 3586, 37.35%, 0, 6, 3, 390.70, 846236, 11140
58830, 0, 2668, 12366, 11693, 3585, 37.35%, 0, 6, 3, 387.71, 848170, 11140
58836, 0, 2671, 12366, 11691, 3584, 37.35%, 0, 6, 3, 275.57, 849317, 11140
58841, 0, 2674, 12367, 11690, 3582, 37.35%, 0, 6, 3, 351.88, 851177, 11140
58846, 0, 2677, 12368, 11688, 3579, 37.35%, 0, 6, 3, 379.99, 853122, 11140
58851, 0, 2681, 12369, 11687, 3578, 37.35%, 0, 6, 3, 377.34, 855095, 11140
58856, 0, 2687, 12370, 11686, 3576, 37.35%, 0, 6, 3, 400.04, 857142, 11140
58861, 0, 2697, 12370, 11683, 3573, 37.35%, 0, 6, 3, 374.52, 858986, 11140
58866, 0, 2702, 12372, 11683, 3572, 37.35%, 0, 6, 3, 349.57, 860698, 11140
58871, 0, 2703, 12373, 11683, 3571, 37.35%, 0, 6, 3, 347.52, 862421, 11140
58876, 0, 2705, 12374, 11682, 3569, 37.35%, 0, 6, 3, 332.69, 864132, 11140
58881, 0, 2718, 12374, 11680, 3567, 37.35%, 0, 6, 3, 222.70, 865280, 11140
58886, 0, 2721, 12375, 11680, 3566, 37.35%, 0, 6, 3, 149.30, 865918, 11140
58891, 0, 2721, 12376, 11681, 3566, 37.35%, 0, 6, 3, 103.10, 866298, 11140
58896, 0, 2721, 12376, 11681, 3566, 37.35%, 0, 6, 3, 149.79, 867064, 11140
58902, 0, 2721, 12376, 11681, 3566, 37.35%, 0, 6, 3, 158.49, 867884, 11140
58907, 0, 2722, 12377, 11681, 3566, 37.35%, 0, 6, 3, 147.14, 868615, 11140
58912, 0, 2723, 12377, 11680, 3565, 37.35%, 0, 6, 3, 156.13, 869403, 11140
59062, 0, 2723, 12377, 11680, 3565, 37.35%, 0, 6, 3, 0.01, 869417, 11140
59068, 0, 2724, 12377, 11679, 3564, 37.35%, 0, 6, 3, 136.42, 870071, 11140
59073, 0, 2725, 12377, 11678, 3563, 37.35%, 0, 6, 3, 135.92, 870709, 11140
59078, 0, 2727, 12377, 11677, 3562, 37.35%, 0, 6, 3, 136.51, 871439, 11140
59083, 0, 2739, 12378, 11676, 3561, 37.35%, 0, 6, 3, 255.52, 872816, 11140
59088, 0, 2741, 12378, 11674, 3559, 37.35%, 0, 6, 3, 300.89, 874381, 11140
59273, 0, 2745, 12379, 11673, 3557, 37.35%, 0, 6, 3, 0.21, 875789, 11140
59278, 0, 2749, 12379, 11671, 3555, 37.35%, 0, 6, 3, 279.55, 877238, 11140
59283, 0, 2750, 12380, 11671, 3555, 37.35%, 0, 6, 3, 259.11, 878505, 11140
59288, 0, 2758, 12381, 11671, 3555, 37.35%, 0, 6, 3, 243.94, 879879, 11140
59293, 0, 2760, 12381, 11669, 3553, 37.35%, 0, 6, 3, 167.19, 880615, 11140
59298, 0, 2762, 12381, 11668, 3552, 37.35%, 0, 6, 3, 157.15, 881416, 11140
59483, 0, 2764, 12381, 11667, 3551, 37.35%, 0, 6, 3, 0.10, 882136, 11140
59488, 0, 2769, 12381, 11666, 3550, 37.35%, 0, 6, 3, 156.19, 882949, 11140
59493, 0, 2777, 12381, 11664, 3548, 37.35%, 0, 6, 3, 150.05, 883783, 11140
59498, 0, 2779, 12381, 11663, 3547, 37.35%, 0, 6, 3, 148.59, 884533, 11140
59504, 0, 2783, 12381, 11662, 3546, 37.35%, 0, 6, 3, 140.58, 885239, 11140
59509, 0, 2793, 12382, 11662, 3545, 37.35%, 0, 6, 3, 239.47, 886534, 11140
59693, 0, 2808, 12383, 11661, 3543, 37.35%, 0, 6, 3, 0.07, 887623, 11140
59699, 0, 2816, 12383, 11659, 3542, 37.35%, 0, 6, 3, 209.71, 888855, 11140
59704, 0, 2833, 12383, 11656, 3539, 37.35%, 0, 6, 3, 336.84, 890415, 11140
59709, 0, 2840, 12384, 11655, 3537, 37.35%, 0, 6, 3, 390.95, 892431, 11140
59714, 0, 2852, 12384, 11651, 3533, 37.35%, 0, 6, 3, 437.62, 894710, 11140
59719, 0, 2859, 12385, 11650, 3531, 37.35%, 0, 6, 3, 370.25, 896586, 11140
59904, 0, 2867, 12386, 11648, 3528, 37.35%, 0, 6, 3, 0.31, 898604, 11140
59909, 0, 2869, 12388, 11648, 3527, 37.35%, 0, 6, 3, 339.82, 900488, 11140
59914, 0, 2871, 12388, 11646, 3525, 37.35%, 0, 6, 3, 391.21, 902500, 11140
59919, 0, 2887, 12389, 11644, 3522, 37.35%, 0, 6, 3, 391.69, 904507, 11140
59924, 0, 2901, 12389, 11641, 3519, 37.35%, 0, 6, 3, 331.17, 906189, 11140
59929, 0, 2903, 12390, 11640, 3517, 37.35%, 0, 6, 3, 391.42, 908217, 11140
60114, 0, 2907, 12391, 11639, 3515, 37.35%, 0, 6, 3, 0.35, 910121, 11140
60119, 0, 2911, 12392, 11638, 3513, 37.35%, 0, 6, 3, 349.83, 911976, 11140
60124, 0, 2911, 12394, 11640, 3513, 37.35%, 0, 6, 3, 421.20, 914222, 11141
60129, 0, 2912, 12394, 11639, 3513, 37.35%, 0, 6, 3, 410.98, 916238, 11141
60134, 0, 2916, 12396, 11639, 3512, 37.35%, 0, 6, 3, 385.74, 918193, 11141
60140, 0, 2918, 12397, 11638, 3510, 37.35%, 0, 6, 3, 441.43, 920507, 11141
60325, 0, 2927, 12397, 11634, 3506, 37.35%, 0, 6, 3, 0.04, 922475, 11141
60330, 0, 2929, 12399, 11635, 3506, 37.35%, 0, 6, 3, 337.64, 924181, 11141
60335, 0, 2937, 12399, 11633, 3504, 37.35%, 0, 6, 3, 323.41, 925963, 11141
60340, 0, 2950, 12399, 11631, 3502, 37.35%, 0, 6, 3, 253.91, 927158, 11141
60345, 0, 2952, 12399, 11629, 3500, 37.35%, 0, 6, 3, 291.27, 928273, 11141
60350, 0, 2963, 12399, 11626, 3497, 37.35%, 0, 6, 3, 331.81, 929977, 11141
60535, 0, 2970, 12399, 11623, 3494, 37.35%, 0, 6, 3, 0.16, 931838, 11141
60540, 0, 2982, 12399, 11619, 3490, 37.35%, 0, 6, 3, 402.15, 933987, 11141
60545, 0, 2995, 12400, 11617, 3487, 37.35%, 0, 6, 3, 371.99, 935905, 11141
60550, 0, 3001, 12400, 11615, 3485, 37.35%, 0, 6, 3, 346.40, 937526, 11141
60555, 0, 3021, 12400, 11611, 3481, 37.35%, 0, 6, 3, 339.23, 939236, 11141
60560, 0, 3023, 12400, 11609, 3479, 37.35%, 0, 6, 3, 63.30, 940536, 11141
60745, 0, 3027, 12400, 11608, 3479, 37.35%, 0, 6, 3, 0.23, 940977, 11141
60750, 0, 3042, 12400, 11605, 3476, 37.35%, 0, 6, 3, 318.50, 942644, 11141
60756, 0, 3046, 12401, 11604, 3474, 37.35%, 0, 6, 3, 306.45, 944157, 11141
60761, 0, 3049, 12401, 11602, 3472, 37.35%, 0, 6, 3, 327.93, 945831, 11141
60766, 0, 3057, 12401, 11600, 3471, 37.35%, 0, 6, 3, 306.13, 947289, 11141
60771, 0, 3061, 12401, 11597, 3468, 37.35%, 0, 6, 3, 330.00, 948939, 11141
60956, 0, 3065, 12401, 11594, 3465, 37.35%, 0, 6, 3, 0.07, 950415, 11141
60961, 0, 3083, 12401, 11590, 3462, 37.35%, 0, 6, 3, 412.18, 952497, 11141
60966, 0, 3088, 12401, 11586, 3458, 37.35%, 0, 6, 3, 439.09, 954779, 11141
60971, 0, 3092, 12401, 11582, 3454, 37.35%, 0, 6, 3, 446.22, 957294, 11141
60976, 0, 3095, 12401, 11579, 3451, 37.35%, 0, 6, 3, 385.34, 959127, 11141
60981, 0, 3100, 12401, 11576, 3448, 37.35%, 0, 6, 3, 370.46, 960913, 11141
63270, 0, 3111, 12402, 11574, 3445, 37.35%, 0, 6, 3, 0.04, 962587, 11141
63275, 0, 3111, 12403, 11575, 3445, 37.35%, 0, 6, 3, 256.96, 963921, 11141
63280, 0, 3132, 12505, 11675, 3458, 37.42%, 0, 6, 3, 467.20, 966190, 11162
63285, 0, 3151, 12505, 11673, 3456, 37.42%, 0, 6, 3, 332.00, 967693, 11162
63290, 0, 3170, 12505, 11670, 3453, 37.42%, 0, 6, 3, 360.28, 969538, 11162
63295, 0, 3176, 12505, 11667, 3450, 37.42%, 0, 6, 3, 318.56, 971119, 11162
63480, 0, 3180, 12505, 11665, 3448, 37.42%, 0, 6, 3, 0.33, 972607, 11162
63485, 0, 3183, 12506, 11664, 3446, 37.42%, 0, 6, 3, 180.76, 973610, 11163
63490, 0, 3185, 12506, 11663, 3446, 37.42%, 0, 6, 3, 216.90, 974740, 11163
63495, 0, 3187, 12506, 11661, 3444, 37.42%, 0, 6, 3, 319.31, 976274, 11163
63500, 0, 3194, 12507, 11659, 3441, 37.42%, 0, 6, 3, 449.00, 978599, 11163
63505, 0, 3201, 12508, 11658, 3439, 37.42%, 0, 6, 3, 448.54, 980854, 11163
63690, 0, 3202, 12510, 11659, 3438, 37.42%, 0, 6, 3, 0.04, 982620, 11163
63695, 0, 3204, 12510, 11657, 3436, 37.42%, 0, 6, 3, 346.95, 984462, 11163
63701, 0, 3206, 12513, 11658, 3435, 37.42%, 0, 6, 3, 379.19, 986395, 11163
63706, 0, 3208, 12513, 11657, 3435, 37.42%, 0, 6, 3, 406.40, 988497, 11163
63711, 0, 3214, 12515, 11657, 3434, 37.42%, 0, 6, 3, 412.64, 990631, 11163
63716, 0, 3214, 12517, 11659, 3434, 37.42%, 0, 6, 3, 428.92, 992797, 11163
63901, 0, 3216, 12517, 11658, 3434, 37.42%, 0, 6, 3, 0.32, 994819, 11163
63906, 0, 3220, 12517, 11656, 3432, 37.42%, 0, 6, 3, 293.19, 996367, 11163
63911, 0, 3226, 12517, 11653, 3429, 37.42%, 0, 6, 3, 371.98, 998262, 11163
63916, 0, 3230, 12519, 11652, 3427, 37.43%, 0, 6, 3, 416.89, 1000403, 11164
63921, 0, 3232, 12519, 11650, 3426, 37.43%, 0, 6, 3, 400.09, 1002379, 11164
63926, 0, 3236, 12521, 11648, 3422, 37.43%, 0, 6, 3, 463.24, 1004744, 11164
64111, 0, 3236, 12521, 11648, 3422, 37.43%, 0, 6, 3, 0.27, 1006721, 11164
64116, 0, 3240, 12523, 11648, 3422, 37.43%, 0, 6, 3, 348.33, 1008577, 11164
64121, 0, 3243, 12524, 11648, 3421, 37.43%, 0, 6, 3, 341.06, 1010228, 11164
64126, 0, 3253, 12526, 11647, 3418, 37.43%, 0, 6, 3, 387.17, 1012153, 11164
64131, 0, 3253, 12527, 11648, 3418, 37.43%, 0, 6, 3, 392.29, 1014169, 11164
64136, 0, 3253, 12527, 11648, 3418, 37.43%, 0, 6, 3, 407.34, 1016187, 11164
64321, 0, 3260, 12528, 11647, 3418, 37.43%, 0, 6, 3, 0.31, 1018048, 11164
64326, 0, 3263, 12531, 11648, 3416, 37.43%, 0, 6, 3, 293.93, 1019683, 11164
64331, 0, 3263, 12531, 11648, 3416, 37.43%, 0, 6, 3, 183.77, 1020531, 11164
64337, 0, 3263, 12531, 11648, 3416, 37.43%, 0, 6, 3, 241.17, 1021655, 11164
64342, 0, 3265, 12534, 11650, 3415, 37.43%, 0, 6, 3, 296.49, 1023279, 11165
64347, 0, 3265, 12534, 11650, 3415, 37.43%, 0, 6, 3, 274.44, 1024659, 11165
64532, 0, 3265, 12534, 11650, 3415, 37.43%, 0, 6, 3, 0.22, 1025949, 11165
64537, 0, 3267, 12536, 11651, 3415, 37.43%, 0, 6, 3, 230.48, 1027102, 11165
64542, 0, 3267, 12538, 11653, 3415, 37.43%, 0, 6, 3, 269.29, 1028507, 11165
64547, 0, 3267, 12539, 11654, 3415, 37.43%, 0, 6, 3, 287.90, 1029929, 11165
64552, 0, 3267, 12540, 11655, 3415, 37.43%, 0, 6, 3, 309.16, 1031484, 11165
64557, 0, 3267, 12540, 11655, 3415, 37.43%, 0, 6, 3, 314.83, 1033068, 11165
64742, 0, 3267, 12541, 11656, 3415, 37.43%, 0, 6, 3, 0.25, 1034388, 11165
64747, 0, 3267, 12541, 11656, 3415, 37.43%, 0, 6, 3, 219.73, 1035537, 11165
64752, 0, 3267, 12541, 11656, 3415, 37.43%, 0, 6, 3, 258.83, 1036828, 11165
64757, 0, 3267, 12541, 11656, 3415, 37.43%, 0, 6, 3, 259.02, 1038113, 11165
64762, 0, 3267, 12541, 11656, 3415, 37.43%, 0, 6, 3, 281.89, 1039598, 11165
64767, 0, 3267, 12541, 11656, 3415, 37.43%, 0, 6, 3, 270.46, 1041033, 11165
64952, 0, 3267, 12541, 11656, 3415, 37.43%, 0, 6, 3, 0.53, 1042358, 11165
64957, 0, 3267, 12541, 11656, 3415, 37.43%, 0, 6, 3, 287.71, 1043888, 11165
64963, 0, 3267, 12541, 11656, 3415, 37.43%, 0, 6, 3, 246.01, 1045029, 11165
64968, 0, 3269, 12541, 11655, 3414, 37.43%, 0, 6, 3, 276.32, 1046413, 11165
64973, 0, 3273, 12542, 11655, 3413, 37.43%, 0, 6, 3, 205.88, 1047484, 11165
64978, 0, 3286, 12543, 11655, 3413, 37.43%, 0, 6, 3, 220.76, 1048463, 11165
65163, 0, 3301, 12543, 11653, 3412, 37.43%, 0, 6, 3, 0.03, 1049887, 11165
65168, 0, 3308, 12544, 11652, 3410, 37.43%, 0, 6, 3, 315.93, 1051510, 11166
65173, 0, 3312, 12544, 11650, 3409, 37.43%, 0, 6, 3, 290.48, 1053034, 11166
65178, 0, 3315, 12545, 11649, 3407, 37.43%, 0, 6, 3, 263.80, 1054336, 11166
65183, 0, 3323, 12545, 11647, 3405, 37.43%, 0, 6, 3, 310.36, 1055945, 11166
65188, 0, 3333, 12545, 11644, 3402, 37.43%, 0, 6, 3, 303.68, 1057486, 11166
67216, 0, 3339, 12545, 11642, 3400, 37.43%, 0, 6, 3, 0.01, 1058831, 11166
67221, 0, 3341, 12863, 11958, 3444, 37.71%, 0, 6, 3, 1192.04, 1062218, 11250
67226, 0, 3347, 12863, 11955, 3441, 37.71%, 0, 6, 3, 541.75, 1064051, 11250
67231, 0, 3359, 12863, 11952, 3438, 37.71%, 0, 6, 3, 403.55, 1065890, 11250
67236, 0, 3377, 12863, 11949, 3435, 37.71%, 0, 6, 3, 349.62, 1067672, 11250
67241, 0, 3380, 12863, 11948, 3434, 37.71%, 0, 6, 3, 228.86, 1068814, 11250
67246, 0, 3445, 12864, 11946, 3432, 37.71%, 0, 6, 3, 320.08, 1070625, 11250
67252, 0, 3448, 12864, 11944, 3430, 37.71%, 0, 6, 3, 335.03, 1072359, 11250
67257, 0, 3457, 12864, 11941, 3427, 37.71%, 0, 6, 3, 336.83, 1074051, 11250
67262, 0, 3462, 12864, 11938, 3424, 37.71%, 0, 6, 3, 358.97, 1075908, 11250
67267, 0, 3468, 12864, 11935, 3421, 37.71%, 0, 6, 3, 375.37, 1077820, 11250
67272, 0, 3474, 12864, 11932, 3418, 37.71%, 0, 6, 3, 345.70, 1079624, 11250
67277, 0, 3485, 12865, 11931, 3416, 37.71%, 0, 6, 3, 313.23, 1081162, 11250
67282, 0, 3495, 12865, 11928, 3413, 37.71%, 0, 6, 3, 366.57, 1083080, 11250
67287, 0, 3498, 12865, 11925, 3410, 37.71%, 0, 6, 3, 378.49, 1084971, 11250
67292, 0, 3502, 12866, 11924, 3408, 37.71%, 0, 6, 3, 310.76, 1086371, 11250
67297, 0, 3507, 12866, 11921, 3406, 37.71%, 0, 6, 3, 349.44, 1088201, 11250
67303, 0, 3515, 12866, 11918, 3403, 37.71%, 0, 6, 3, 358.83, 1090028, 11250
67308, 0, 3522, 12866, 11915, 3400, 37.71%, 0, 6, 3, 362.79, 1091961, 11250
67313, 0, 3527, 12866, 11912, 3397, 37.71%, 0, 6, 3, 352.99, 1093747, 11250
67318, 0, 3531, 12866, 11911, 3396, 37.71%, 0, 6, 3, 181.08, 1094405, 11250
67323, 0, 3537, 12866, 11909, 3394, 37.71%, 0, 6, 3, 273.17, 1095724, 11250
67477, 0, 3546, 12866, 11906, 3391, 37.71%, 0, 6, 3, 0.19, 1097298, 11250
67482, 0, 3561, 12866, 11903, 3388, 37.71%, 0, 6, 3, 297.29, 1098879, 11250
67487, 0, 3570, 12866, 11900, 3385, 37.71%, 0, 6, 3, 313.92, 1100417, 11250
67492, 0, 3574, 12867, 11899, 3383, 37.71%, 0, 6, 3, 321.08, 1102056, 11250
67497, 0, 3578, 12868, 11898, 3381, 37.71%, 0, 6, 3, 348.55, 1103821, 11250
67502, 0, 3583, 12868, 11895, 3378, 37.71%, 0, 6, 3, 397.41, 1105778, 11250
67687, 0, 3591, 12869, 11894, 3376, 37.71%, 0, 6, 3, 0.35, 1107529, 11250
67692, 0, 3593, 12869, 11892, 3374, 37.71%, 0, 6, 3, 287.42, 1108965, 11250
67697, 0, 3597, 12869, 11889, 3371, 37.71%, 0, 6, 3, 326.64, 1110626, 11250
67703, 0, 3600, 12869, 11886, 3368, 37.71%, 0, 6, 3, 357.67, 1112490, 11250
67708, 0, 3630, 12869, 11883, 3365, 37.71%, 0, 6, 3, 354.17, 1114244, 11250
67713, 0, 3639, 12871, 11883, 3363, 37.71%, 0, 6, 3, 300.60, 1115734, 11250
67898, 0, 3639, 12872, 11884, 3363, 37.71%, 0, 6, 3, 0.03, 1117235, 11250
67903, 0, 3639, 12872, 11884, 3363, 37.71%, 0, 6, 3, 147.78, 1118025, 11250
67908, 0, 3639, 12873, 11885, 3363, 37.71%, 0, 6, 3, 301.49, 1119718, 11250
67913, 0, 3639, 12873, 11885, 3363, 37.71%, 0, 6, 3, 326.25, 1121424, 11250
67918, 0, 3639, 12873, 11885, 3363, 37.71%, 0, 6, 3, 357.80, 1123225, 11250
67923, 0, 3641, 12873, 11884, 3363, 37.71%, 0, 6, 3, 359.69, 1125055, 11250
68108, 0, 3644, 12875, 11884, 3361, 37.71%, 0, 6, 3, 0.19, 1126878, 11250
68113, 0, 3645, 12875, 11883, 3360, 37.71%, 0, 6, 3, 312.51, 1128572, 11250
68118, 0, 3645, 12877, 11885, 3360, 37.71%, 0, 6, 3, 305.26, 1130158, 11250
68123, 0, 3647, 12877, 11884, 3359, 37.71%, 0, 6, 3, 210.87, 1131230, 11250
68128, 0, 3648, 12879, 11885, 3358, 37.71%, 0, 6, 3, 276.11, 1132480, 11250
68133, 0, 3648, 12880, 11886, 3358, 37.71%, 0, 6, 3, 360.06, 1134336, 11250
68318, 0, 3648, 12880, 11886, 3358, 37.71%, 0, 6, 3, 0.31, 1135946, 11250
68323, 0, 3650, 12882, 11887, 3357, 37.71%, 0, 6, 3, 291.76, 1137501, 11250
68329, 0, 3651, 12882, 11886, 3357, 37.71%, 0, 6, 3, 331.25, 1139217, 11250
68334, 0, 3656, 12882, 11883, 3354, 37.71%, 0, 6, 3, 350.95, 1141053, 11250
68339, 0, 3669, 12884, 11883, 3353, 37.71%, 0, 6, 3, 372.00, 1143007, 11250
68344, 0, 3671, 12884, 11881, 3352, 37.71%, 0, 6, 3, 338.13, 1144727, 11250
68529, 0, 3682, 12885, 11879, 3349, 37.71%, 0, 6, 3, 0.78, 1147362, 11250
68534, 0, 3687, 12886, 11876, 3345, 37.71%, 0, 6, 3, 589.16, 1150375, 11250
68539, 0, 3707, 12887, 11874, 3342, 37.71%, 0, 6, 3, 376.79, 1152042, 11250
68544, 0, 3707, 12888, 11875, 3342, 37.71%, 0, 6, 3, 337.00, 1153647, 11250
68549, 0, 3709, 12889, 11874, 3341, 37.71%, 0, 6, 3, 329.86, 1155394, 11250
68554, 0, 3718, 12890, 11873, 3339, 37.71%, 0, 6, 3, 368.37, 1157232, 11250
71534, 0, 3750, 12890, 11871, 3337, 37.71%, 0, 6, 3, 0.01, 1158482, 11250
71684, 0, 3750, 12890, 11871, 3337, 37.71%, 0, 6, 3, 0.11, 1158499, 11250
71690, 0, 3757, 12890, 11870, 3336, 37.71%, 0, 6, 3, 142.72, 1159189, 11250
71695, 0, 3781, 13306, 12285, 3384, 37.95%, 0, 6, 3, 716.27, 1162652, 11319
71700, 0, 3781, 13306, 12285, 3384, 37.95%, 0, 6, 3, 97.40, 1163147, 11319
71705, 0, 3785, 13306, 12283, 3382, 37.95%, 0, 6, 3, 99.28, 1164130, 11319
71710, 0, 3785, 13307, 12284, 3382, 37.95%, 0, 6, 3, 134.09, 1164891, 11319
71895, 0, 3787, 13307, 12283, 3381, 37.95%, 0, 6, 3, 0.12, 1165507, 11319
71900, 0, 3789, 13308, 12283, 3380, 37.95%, 0, 6, 3, 201.91, 1166503, 11319
71905, 0, 3789, 13309, 12284, 3380, 37.95%, 0, 6, 3, 233.57, 1167809, 11319
71910, 0, 3790, 13309, 12283, 3380, 37.95%, 0, 6, 3, 132.93, 1168415, 11319
71915, 0, 3791, 13309, 12282, 3379, 37.95%, 0, 6, 3, 89.84, 1168821, 11319
71920, 0, 3791, 13309, 12282, 3379, 37.95%, 0, 6, 3, 83.68, 1169236, 11319
72105, 0, 3798, 13309, 12279, 3376, 37.95%, 0, 6, 3, 0.47, 1170833, 11319
72110, 0, 3801, 13309, 12277, 3374, 37.95%, 0, 6, 3, 256.12, 1172173, 11319
72115, 0, 3807, 13309, 12274, 3371, 37.95%, 0, 6, 3, 267.79, 1173523, 11319
72120, 0, 3809, 13309, 12273, 3370, 37.95%, 0, 6, 3, 205.05, 1174441, 11319
72125, 0, 3814, 13309, 12271, 3368, 37.95%, 0, 6, 3, 225.05, 1175529, 11319
72131, 0, 3815, 13310, 12271, 3367, 37.95%, 0, 6, 3, 237.56, 1176816, 11319
72315, 0, 3818, 13310, 12269, 3365, 37.95%, 0, 6, 3, 0.11, 1177916, 11319
72321, 0, 3823, 13310, 12267, 3363, 37.95%, 0, 6, 3, 198.79, 1178960, 11319
72326, 0, 3825, 13310, 12266, 3363, 37.95%, 0, 6, 3, 196.90, 1179780, 11319
72331, 0, 3832, 13310, 12264, 3362, 37.95%, 0, 6, 3, 234.86, 1181026, 11319
72336, 0, 3843, 13310, 12261, 3359, 37.95%, 0, 6, 3, 313.95, 1182768, 11319
72341, 0, 3848, 13310, 12257, 3355, 37.95%, 0, 6, 3, 372.28, 1184657, 11319
72526, 0, 3851, 13310, 12255, 3353, 37.95%, 0, 6, 3, 0.20, 1186272, 11319
72531, 0, 3856, 13311, 12254, 3351, 37.95%, 0, 6, 3, 309.63, 1187995, 11319
72536, 0, 3863, 13311, 12250, 3347, 37.95%, 0, 6, 3, 348.41, 1189795, 11319
72541, 0, 3867, 13311, 12248, 3345, 37.95%, 0, 6, 3, 336.03, 1191481, 11319
72546, 0, 3870, 13311, 12245, 3342, 37.95%, 0, 6, 3, 354.90, 1193275, 11319
72551, 0, 3876, 13311, 12241, 3338, 37.95%, 0, 6, 3, 410.76, 1195505, 11319
72736, 0, 3888, 13311, 12237, 3334, 37.95%, 0, 6, 3, 0.38, 1197325, 11319
72741, 0, 3896, 13311, 12234, 3331, 37.95%, 0, 6, 3, 325.75, 1199069, 11319
72746, 0, 3906, 13311, 12231, 3328, 37.95%, 0, 6, 3, 350.50, 1200887, 11319
72752, 0, 3932, 13311, 12228, 3325, 37.95%, 0, 6, 3, 258.29, 1202200, 11319
72757, 0, 3942, 13311, 12226, 3323, 37.95%, 0, 6, 3, 243.04, 1203455, 11319
72762, 0, 3950, 13311, 12224, 3321, 37.95%, 0, 6, 3, 330.14, 1205117, 11319
72947, 0, 3954, 13311, 12220, 3317, 37.95%, 0, 6, 3, 0.10, 1206665, 11319
72952, 0, 3967, 13311, 12217, 3314, 37.95%, 0, 6, 3, 280.24, 1208335, 11319
72957, 0, 3970, 13311, 12215, 3312, 37.95%, 0, 6, 3, 306.04, 1209971, 11319
72962, 0, 3973, 13311, 12212, 3309, 37.95%, 0, 6, 3, 287.47, 1211415, 11319
72967, 0, 3975, 13311, 12210, 3307, 37.95%, 0, 6, 3, 313.73, 1213013, 11319
72972, 0, 3979, 13311, 12207, 3304, 37.95%, 0, 6, 3, 278.14, 1214385, 11319
73157, 0, 3981, 13311, 12205, 3302, 37.95%, 0, 6, 3, 0.08, 1215660, 11319
73162, 0, 3984, 13311, 12203, 3300, 37.95%, 0, 6, 3, 294.25, 1217185, 11319
73167, 0, 4000, 13311, 12200, 3297, 37.95%, 0, 6, 3, 273.62, 1218615, 11319
73172, 0, 4003, 13311, 12198, 3295, 37.95%, 0, 6, 3, 285.51, 1219840, 11319
73177, 0, 4007, 13311, 12194, 3291, 37.95%, 0, 6, 3, 403.46, 1222317, 11319
73182, 0, 4013, 13311, 12191, 3288, 37.95%, 0, 6, 3, 357.15, 1224067, 11319
73367, 0, 4015, 13311, 12189, 3286, 37.95%, 0, 6, 3, 0.07, 1225541, 11319
73372, 0, 4031, 13311, 12187, 3284, 37.95%, 0, 6, 3, 253.73, 1226865, 11319
73378, 0, 4044, 13311, 12184, 3281, 37.95%, 0, 6, 3, 272.42, 1228335, 11319
73383, 0, 4056, 13311, 12182, 3279, 37.95%, 0, 6, 3, 275.66, 1229745, 11319
73388, 0, 4070, 13311, 12179, 3276, 37.95%, 0, 6, 3, 305.25, 1231270, 11319
73393, 0, 4077, 13311, 12176, 3273, 37.95%, 0, 6, 3, 334.16, 1232957, 11319
73578, 0, 4078, 13312, 12176, 3272, 37.95%, 0, 6, 3, 0.10, 1234320, 11319
73583, 0, 4080, 13312, 12174, 3270, 37.95%, 0, 6, 3, 286.10, 1235677, 11319
73588, 0, 4082, 13313, 12174, 3269, 37.95%, 0, 6, 3, 236.36, 1236871, 11319
73593, 0, 4094, 13313, 12172, 3268, 37.95%, 0, 6, 3, 243.49, 1238119, 11319
73598, 0, 4097, 13313, 12170, 3266, 37.95%, 0, 6, 3, 251.70, 1239414, 11319
73603, 0, 4102, 13313, 12167, 3263, 37.95%, 0, 6, 3, 282.20, 1240799, 11319
75892, 0, 4107, 13313, 12165, 3261, 37.95%, 0, 6, 3, 0.02, 1242139, 11319
75897, 0, 4114, 13424, 12274, 3286, 38.03%, 1, 6, 3, 1390.97, 1244021, 11345
75902, 0, 4117, 13424, 12272, 3284, 38.03%, 1, 6, 3, 264.05, 1245326, 11345
75907, 0, 4123, 13424, 12270, 3282, 38.03%, 1, 6, 3, 304.44, 1246883, 11345
75912, 0, 4127, 13424, 12268, 3280, 38.03%, 1, 6, 3, 278.31, 1248216, 11345
75918, 0, 4131, 13424, 12265, 3277, 38.03%, 1, 6, 3, 301.79, 1249731, 11345
76102, 0, 4133, 13424, 12263, 3275, 38.03%, 1, 6, 3, 0.08, 1251071, 11345
76107, 0, 4136, 13424, 12260, 3272, 38.03%, 1, 6, 3, 273.40, 1252611, 11345
76113, 0, 4145, 13426, 12260, 3270, 38.03%, 1, 6, 3, 289.50, 1254130, 11345
76118, 0, 4145, 13426, 12260, 3270, 38.03%, 1, 6, 3, 290.73, 1255625, 11345
76123, 0, 4153, 13426, 12257, 3268, 38.03%, 1, 6, 3, 411.65, 1257676, 11345
76128, 0, 4159, 13427, 12256, 3266, 38.03%, 1, 6, 3, 347.32, 1259387, 11345
76313, 0, 4163, 13427, 12253, 3263, 38.03%, 1, 6, 3, 0.03, 1261076, 11345
76318, 0, 4165, 13427, 12251, 3261, 38.03%, 1, 6, 3, 282.53, 1262532, 11345
76323, 0, 4170, 13429, 12251, 3259, 38.03%, 1, 6, 3, 344.85, 1264312, 11345
76328, 0, 4177, 13429, 12249, 3257, 38.03%, 1, 6, 3, 364.31, 1266146, 11345
76333, 0, 4183, 13430, 12248, 3255, 38.03%, 1, 6, 3, 220.05, 1267131, 11345
76338, 0, 4183, 13431, 12249, 3255, 38.03%, 1, 6, 3, 395.01, 1269089, 11345
76523, 0, 4187, 13431, 12246, 3252, 38.03%, 1, 6, 3, 0.04, 1271006, 11345
76528, 0, 4189, 13433, 12246, 3250, 38.03%, 1, 6, 3, 353.94, 1272818, 11345
76533, 0, 4193, 13434, 12246, 3249, 38.03%, 1, 6, 3, 362.58, 1274665, 11345
76538, 0, 4195, 13436, 12247, 3249, 38.03%, 1, 6, 3, 347.87, 1276421, 11345
76543, 0, 4195, 13437, 12248, 3249, 38.03%, 1, 6, 3, 315.79, 1277922, 11345
76548, 0, 4195, 13437, 12248, 3249, 38.03%, 1, 6, 3, 333.01, 1279590, 11345
76733, 0, 4197, 13439, 12248, 3248, 38.03%, 1, 6, 3, 0.25, 1281478, 11345
76738, 0, 4198, 13439, 12247, 3247, 38.03%, 1, 6, 3, 405.81, 1283560, 11345
76744, 0, 4202, 13441, 12247, 3245, 38.03%, 1, 6, 3, 406.06, 1285612, 11345
76749, 0, 4206, 13442, 12246, 3244, 38.03%, 1, 6, 3, 362.14, 1287335, 11345
76754, 0, 4210, 13443, 12245, 3242, 38.03%, 1, 6, 3, 385.50, 1289280, 11345
76759, 0, 4211, 13445, 12246, 3241, 38.03%, 1, 6, 3, 391.55, 1291271, 11345
76946, 0, 4213, 13447, 12247, 3240, 38.03%, 1, 6, 3, 0.12, 1292968, 11345
76951, 0, 4214, 13448, 12247, 3239, 38.03%, 1, 6, 3, 371.18, 1294822, 11345
76956, 0, 4217, 13450, 12247, 3237, 38.03%, 1, 6, 3, 335.41, 1296406, 11345
76961, 0, 4221, 13450, 12245, 3235, 38.03%, 1, 6, 3, 382.84, 1298385, 11345
76966, 0, 4222, 13453, 12247, 3234, 38.03%, 1, 6, 3, 407.28, 1300440, 11345
76971, 0, 4222, 13454, 12248, 3234, 38.03%, 1, 6, 3, 461.79, 1302863, 11345
77156, 0, 4222, 13454, 12248, 3234, 38.03%, 1, 6, 3, 0.18, 1304760, 11345
77161, 0, 4222, 13454, 12248, 3234, 38.03%, 1, 6, 3, 433.67, 1307135, 11345
77166, 0, 4224, 13455, 12248, 3233, 38.03%, 1, 6, 3, 421.20, 1309222, 11345
77172, 0, 4226, 13457, 12248, 3233, 38.03%, 1, 6, 3, 399.14, 1311223, 11345
77177, 0, 4230, 13457, 12246, 3232, 38.03%, 1, 6, 3, 392.82, 1313219, 11345
77182, 0, 4235, 13458, 12244, 3229, 38.03%, 1, 6, 3, 371.47, 1315087, 11345
77367, 0, 4247, 13460, 12245, 3228, 38.03%, 1, 6, 3, 0.13, 1315993, 11345
77372, 0, 4247, 13460, 12245, 3228, 38.03%, 1, 6, 3, 301.67, 1317617, 11345
77377, 0, 4248, 13461, 12245, 3227, 38.03%, 1, 6, 3, 281.58, 1318965, 11345
77382, 0, 4254, 13462, 12244, 3225, 38.03%, 1, 6, 3, 281.71, 1320507, 11345
77387, 0, 4254, 13463, 12245, 3225, 38.03%, 1, 6, 3, 284.37, 1321954, 11345
77392, 0, 4260, 13463, 12242, 3222, 38.03%, 1, 6, 3, 298.72, 1323514, 11345
77577, 0, 4260, 13464, 12243, 3222, 38.03%, 1, 6, 3, 0.20, 1324089, 11345
77582, 0, 4260, 13464, 12243, 3222, 38.03%, 1, 6, 3, 102.90, 1324639, 11345
77587, 0, 4262, 13466, 12244, 3221, 38.03%, 1, 6, 3, 220.56, 1325903, 11345
77592, 0, 4262, 13467, 12245, 3221, 38.03%, 1, 6, 3, 282.91, 1327377, 11345
77598, 0, 4262, 13467, 12245, 3221, 38.03%, 1, 6, 3, 307.26, 1329000, 11345
77603, 0, 4263, 13468, 12245, 3220, 38.03%, 1, 6, 3, 305.20, 1330513, 11345
77787, 0, 4265, 13468, 12243, 3218, 38.03%, 1, 6, 3, 0.22, 1331814, 11345
77793, 0, 4266, 13470, 12244, 3218, 38.03%, 1, 6, 3, 292.20, 1333273, 11345
77798, 0, 4267, 13471, 12244, 3217, 38.03%, 1, 6, 3, 319.11, 1334890, 11345
77803, 0, 4270, 13471, 12241, 3214, 38.03%, 1, 6, 3, 277.55, 1336265, 11345
77808, 0, 4271, 13472, 12241, 3213, 38.03%, 1, 6, 3, 263.03, 1337487, 11345
77813, 0, 4272, 13474, 12242, 3212, 38.03%, 1, 6, 3, 295.54, 1339016, 11345
80101, 0, 4273, 13474, 12241, 3211, 38.03%, 1, 6, 3, 0.01, 1340346, 11345
80107, 0, 4275, 13556, 12321, 3238, 38.17%, 1, 6, 3, 329.82, 1342153, 11385
80112, 0, 4279, 13557, 12320, 3237, 38.17%, 1, 6, 3, 281.22, 1343550, 11385
80117, 0, 4280, 13558, 12320, 3236, 38.17%, 1, 6, 3, 309.37, 1345065, 11385
80122, 0, 4282, 13559, 12319, 3234, 38.17%, 1, 6, 3, 305.41, 1346584, 11385
80127, 0, 4283, 13560, 12319, 3233, 38.17%, 1, 6, 3, 310.77, 1348193, 11385
80312, 0, 4284, 13561, 12319, 3232, 38.17%, 1, 6, 3, 0.17, 1349423, 11385
80317, 0, 4286, 13563, 12319, 3230, 38.17%, 1, 6, 3, 310.97, 1350854, 11385
80322, 0, 4286, 13563, 12319, 3230, 38.17%, 1, 6, 3, 268.30, 1352187, 11385
80327, 0, 4286, 13564, 12320, 3230, 38.17%, 1, 6, 3, 249.08, 1353444, 11385
80332, 0, 4286, 13564, 12320, 3230, 38.17%, 1, 6, 3, 272.26, 1354779, 11385
80337, 0, 4298, 13566, 12320, 3228, 38.17%, 1, 6, 3, 261.47, 1356098, 11385
80522, 0, 4298, 13566, 12320, 3228, 38.17%, 1, 6, 3, 0.25, 1357308, 11385
80527, 0, 4315, 13566, 12318, 3226, 38.17%, 1, 6, 3, 241.25, 1358621, 11385
80533, 0, 4319, 13566, 12316, 3224, 38.17%, 1, 6, 3, 238.91, 1359829, 11385
80538, 0, 4328, 13566, 12314, 3222, 38.17%, 1, 6, 3, 280.50, 1361263, 11385
80543, 0, 4335, 13566, 12311, 3219, 38.17%, 1, 6, 3, 313.46, 1362935, 11385
80548, 0, 4348, 13566, 12309, 3217, 38.17%, 1, 6, 3, 190.76, 1363880, 11385
80733, 0, 4349, 13566, 12308, 3216, 38.17%, 1, 6, 3, 0.11, 1364429, 11385
80738, 0, 4352, 13566, 12307, 3215, 38.17%, 1, 6, 3, 177.44, 1365278, 11385
80743, 0, 4354, 13566, 12305, 3213, 38.17%, 1, 6, 3, 254.50, 1366703, 11385
80748, 0, 4359, 13566, 12302, 3210, 38.17%, 1, 6, 3, 299.78, 1368298, 11385
80753, 0, 4363, 13566, 12299, 3207, 38.17%, 1, 6, 3, 308.25, 1369848, 11385
80758, 0, 4367, 13566, 12296, 3204, 38.17%, 1, 6, 3, 370.45, 1371822, 11385
80943, 0, 4371, 13566, 12294, 3202, 38.17%, 1, 6, 3, 0.14, 1373088, 11385
80948, 0, 4375, 13566, 12292, 3200, 38.17%, 1, 6, 3, 293.64, 1374562, 11385
80953, 0, 4381, 13566, 12289, 3197, 38.17%, 1, 6, 3, 335.55, 1376213, 11385
80958, 0, 4385, 13566, 12286, 3194, 38.17%, 1, 6, 3, 300.89, 1377791, 11385
80963, 0, 4410, 13567, 12285, 3192, 38.17%, 1, 6, 3, 331.99, 1379454, 11386
80969, 0, 4413, 13567, 12282, 3190, 38.17%, 1, 6, 3, 337.33, 1381212, 11386
81153, 0, 4428, 13568, 12281, 3188, 38.17%, 1, 6, 3, 0.23, 1382671, 11386
81159, 0, 4434, 13568, 12280, 3187, 38.17%, 1, 6, 3, 281.36, 1384172, 11386
81164, 0, 4443, 13568, 12277, 3184, 38.17%, 1, 6, 3, 325.52, 1385851, 11386
81169, 0, 4453, 13568, 12276, 3183, 38.17%, 1, 6, 3, 177.24, 1386553, 11386
81174, 0, 4480, 13568, 12274, 3181, 38.17%, 1, 6, 3, 177.04, 1387366, 11386
81179, 0, 4508, 13569, 12272, 3178, 38.17%, 1, 6, 3, 334.45, 1389272, 11386
81364, 0, 4511, 13569, 12271, 3177, 38.17%, 1, 6, 3, 0.37, 1390706, 11386
81369, 0, 4517, 13569, 12268, 3174, 38.17%, 1, 6, 3, 296.13, 1392309, 11386
81374, 0, 4524, 13569, 12265, 3171, 38.17%, 1, 6, 3, 302.25, 1393839, 11386
81379, 0, 4528, 13569, 12263, 3169, 38.17%, 1, 6, 3, 340.87, 1395566, 11386
81384, 0, 4535, 13569, 12260, 3166, 38.17%, 1, 6, 3, 356.31, 1397378, 11386
81389, 0, 4541, 13569, 12257, 3163, 38.17%, 1, 6, 3, 339.25, 1399040, 11386
81574, 0, 4554, 13569, 12254, 3160, 38.17%, 1, 6, 3, 0.35, 1400804, 11386
81579, 0, 4555, 13570, 12254, 3159, 38.17%, 1, 6, 3, 262.20, 1402151, 11386
81584, 0, 4568, 13571, 12253, 3158, 38.17%, 1, 6, 3, 280.65, 1403608, 11386
81589, 0, 4581, 13571, 12250, 3155, 38.17%, 1, 6, 3, 309.73, 1405228, 11386
81595, 0, 4589, 13571, 12247, 3152, 38.17%, 1, 6, 3, 347.80, 1407064, 11386
81600, 0, 4610, 13571, 12244, 3149, 38.17%, 1, 6, 3, 350.05, 1408854, 11386
81785, 0, 4624, 13571, 12242, 3147, 38.17%, 1, 6, 3, 0.07, 1410088, 11386
81790, 0, 4627, 13571, 12241, 3146, 38.17%, 1, 6, 3, 96.95, 1410607, 11386
81795, 0, 4629, 13571, 12239, 3144, 38.17%, 1, 6, 3, 284.76, 1412328, 11386
81800, 0, 4639, 13571, 12236, 3141, 38.17%, 1, 6, 3, 272.81, 1413678, 11386
81805, 0, 4639, 13573, 12238, 3141, 38.17%, 1, 6, 3, 277.13, 1415052, 11386
81810, 0, 4644, 13573, 12236, 3140, 38.17%, 1, 6, 3, 354.45, 1416969, 11386
81995, 0, 4648, 13573, 12234, 3138, 38.17%, 1, 6, 3, 0.04, 1418317, 11386
82000, 0, 4655, 13573, 12231, 3135, 38.17%, 1, 6, 3, 319.55, 1420014, 11386
82005, 0, 4659, 13573, 12228, 3132, 38.17%, 1, 6, 3, 313.02, 1421574, 11386
82010, 0, 4664, 13573, 12225, 3129, 38.17%, 1, 6, 3, 311.90, 1423302, 11386
82015, 0, 4667, 13573, 12223, 3127, 38.17%, 1, 6, 3, 292.63, 1424832, 11386
82020, 0, 4673, 13573, 12220, 3124, 38.17%, 1, 6, 3, 326.78, 1426506, 11386
84309, 0, 4679, 13573, 12218, 3122, 38.17%, 1, 6, 3, 0.02, 1427856, 11386
84314, 0, 4682, 13646, 12289, 3145, 38.27%, 1, 7, 3, 824.25, 1429299, 11415
84319, 0, 4686, 13646, 12286, 3142, 38.27%, 1, 7, 3, 461.31, 1431176, 11415
84324, 0, 4688, 13646, 12284, 3140, 38.27%, 1, 7, 3, 322.20, 1432532, 11415
84329, 0, 4693, 13646, 12281, 3137, 38.27%, 1, 7, 3, 329.70, 1434092, 11415
84334, 0, 4695, 13646, 12279, 3135, 38.27%, 1, 7, 3, 321.51, 1435742, 11415
84519, 0, 4699, 13646, 12276, 3132, 38.27%, 1, 7, 3, 0.10, 1437200, 11415
84524, 0, 4702, 13646, 12274, 3130, 38.27%, 1, 7, 3, 238.12, 1438446, 11415
84529, 0, 4707, 13646, 12272, 3129, 38.27%, 1, 7, 3, 244.25, 1439744, 11415
84534, 0, 4709, 13646, 12270, 3127, 38.27%, 1, 7, 3, 234.02, 1440918, 11415
84539, 0, 4717, 13646, 12268, 3125, 38.27%, 1, 7, 3, 253.55, 1442138, 11415
84545, 0, 4722, 13646, 12265, 3122, 38.27%, 1, 7, 3, 341.13, 1444004, 11415
86743, 0, 4726, 13646, 12262, 3119, 38.27%, 1, 7, 3, 0.02, 1445516, 11415
