# unix_time, cycles_done, cur_path, paths_total, pending_total, pending_favs, map_size, unique_crashes, unique_hangs, max_depth, execs_per_sec
1712685926, 0, 0, 5, 5, 5, 1.24%, 0, 0, 1, 2666.67
1712686110, 0, 0, 131, 131, 5, 1.65%, 0, 0, 2, 0.71
1712686115, 0, 0, 188, 188, 5, 1.75%, 0, 0, 2, 838.09
1712686120, 0, 0, 203, 203, 5, 1.75%, 0, 0, 2, 961.48
1712686125, 0, 0, 210, 210, 5, 1.75%, 0, 0, 2, 1039.56
1712686130, 0, 0, 220, 220, 5, 1.76%, 0, 0, 2, 1158.53
1712686140, 0, 0, 224, 224, 5, 1.76%, 0, 0, 2, 1385.64
1712690136, 0, 0, 224, 224, 5, 1.76%, 0, 1, 2, 0.02
1712690327, 0, 0, 227, 227, 5, 1.76%, 0, 1, 2, 868.13
1712690337, 0, 0, 230, 230, 5, 1.76%, 0, 1, 2, 1173.39
1712690527, 0, 0, 245, 245, 5, 1.82%, 0, 1, 2, 1.47
1712690532, 0, 0, 248, 248, 5, 1.82%, 0, 1, 2, 1170.73
1712690542, 0, 0, 249, 249, 5, 1.82%, 0, 1, 2, 1232.65
1712690547, 0, 0, 250, 250, 5, 1.82%, 0, 1, 2, 1372.11
1712690552, 0, 0, 252, 252, 5, 1.82%, 0, 1, 2, 1462.15
1712690752, 0, 0, 253, 253, 5, 1.82%, 0, 1, 2, 1281.44
1712690762, 0, 0, 254, 254, 5, 1.82%, 0, 1, 2, 1493.52
1712694549, 0, 0, 255, 255, 5, 1.82%, 0, 1, 2, 1199.66
1712694739, 0, 0, 256, 256, 5, 1.82%, 0, 1, 2, 992.36
1712694749, 0, 0, 257, 257, 5, 1.82%, 0, 1, 2, 1103.10
1712694759, 0, 0, 258, 258, 5, 1.82%, 0, 1, 2, 1187.35
1712694945, 0, 0, 264, 264, 5, 1.82%, 0, 1, 2, 1.11
1712694950, 0, 0, 318, 318, 5, 2.04%, 0, 1, 2, 935.68
1712694955, 0, 0, 335, 335, 5, 2.07%, 0, 1, 2, 922.34
1712694965, 0, 0, 337, 337, 5, 2.07%, 0, 1, 2, 1101.75
1712694970, 0, 0, 338, 338, 5, 2.07%, 0, 1, 2, 1164.47
1712695375, 0, 0, 342, 342, 5, 2.08%, 0, 1, 2, 1096.43
1712695601, 0, 0, 343, 343, 5, 2.08%, 0, 1, 2, 1230.99
1712696227, 0, 0, 354, 354, 5, 2.11%, 0, 1, 2, 1239.51
1712696232, 0, 0, 378, 378, 5, 2.18%, 0, 1, 2, 1372.35
1712696417, 0, 0, 380, 380, 5, 2.19%, 0, 2, 2, 0.75
1712696422, 0, 0, 384, 384, 5, 2.19%, 0, 2, 2, 1112.51
1712696427, 0, 0, 385, 385, 5, 2.19%, 0, 2, 2, 1145.62
1712698382, 0, 0, 386, 386, 5, 2.19%, 0, 2, 2, 1607.50
1712698392, 0, 0, 390, 390, 5, 2.20%, 0, 2, 2, 1502.13
1712698738, 0, 0, 391, 391, 5, 2.20%, 0, 2, 2, 1122.17
1712698743, 0, 0, 393, 393, 5, 2.20%, 0, 2, 2, 1138.13
1712698748, 0, 0, 401, 401, 5, 2.22%, 0, 2, 2, 1108.14
1712698948, 0, 0, 405, 405, 5, 2.22%, 0, 2, 2, 1056.08
1712699153, 0, 0, 408, 408, 5, 2.23%, 0, 2, 2, 1.30
1712699179, 0, 0, 438, 438, 5, 2.38%, 0, 2, 2, 1382.37
1712699364, 0, 0, 449, 449, 5, 2.42%, 0, 2, 2, 1.05
1712699369, 0, 0, 463, 463, 5, 2.46%, 0, 2, 2, 901.99
1712699374, 0, 0, 469, 469, 5, 2.47%, 0, 2, 2, 1012.19
1712699379, 0, 0, 479, 479, 5, 2.50%, 0, 2, 2, 1096.12
1712699384, 0, 0, 481, 481, 5, 2.51%, 0, 2, 2, 1183.52
1712699389, 0, 0, 484, 484, 5, 2.52%, 0, 2, 2, 1299.91
1712699574, 0, 0, 485, 485, 5, 2.52%, 0, 2, 2, 0.20
1712699579, 0, 0, 486, 486, 5, 2.52%, 0, 2, 2, 1050.28
1712699600, 0, 0, 487, 487, 5, 2.52%, 0, 2, 2, 1277.84
1712699800, 0, 0, 488, 488, 5, 2.52%, 0, 2, 2, 1058.69
1712700010, 0, 0, 489, 489, 5, 2.52%, 0, 2, 2, 1104.30
1712702968, 0, 0, 490, 490, 5, 2.52%, 0, 2, 2, 1388.76
1712703584, 0, 0, 492, 492, 5, 2.52%, 0, 2, 2, 977.06
1712704020, 0, 0, 493, 493, 5, 2.53%, 0, 2, 2, 1363.72
1712704631, 0, 0, 505, 505, 5, 2.54%, 0, 2, 2, 945.48
1712707377, 0, 0, 506, 506, 5, 2.54%, 0, 2, 2, 1083.61
1712707583, 0, 0, 507, 507, 5, 2.54%, 0, 2, 2, 969.29
1712707793, 0, 0, 508, 508, 5, 2.54%, 0, 2, 2, 1018.81
1712711591, 0, 0, 509, 509, 5, 2.54%, 0, 2, 2, 1241.23
1712716209, 0, 0, 510, 510, 5, 2.54%, 0, 2, 2, 1066.24
1712716645, 0, 0, 511, 511, 5, 2.54%, 0, 2, 2, 1353.14
1712717256, 0, 0, 512, 512, 5, 2.54%, 0, 2, 2, 1091.04
1712719791, 0, 0, 513, 513, 5, 2.55%, 0, 2, 2, 1121.38
1712719796, 0, 0, 514, 514, 5, 2.55%, 0, 2, 2, 1189.08
1712720417, 0, 0, 515, 515, 5, 2.55%, 0, 2, 2, 1037.83
1712720643, 0, 0, 522, 522, 5, 2.59%, 0, 2, 2, 1367.76
1712720828, 0, 0, 537, 537, 5, 2.61%, 0, 2, 2, 0.15
1712720833, 0, 0, 547, 547, 5, 2.62%, 0, 2, 2, 1024.27
1712720843, 0, 0, 549, 549, 5, 2.62%, 0, 2, 2, 1110.32
1712723426, 0, 0, 552, 552, 5, 2.62%, 0, 2, 2, 1325.44
1712723502, 0, 0, 553, 553, 5, 2.62%, 0, 2, 2, 1358.47
1712723533, 0, 0, 557, 557, 5, 2.62%, 0, 2, 2, 1295.84
1712723538, 0, 0, 563, 563, 5, 2.63%, 0, 2, 2, 1314.61
1712723543, 0, 0, 564, 564, 5, 2.63%, 0, 2, 2, 1407.06
1712724005, 0, 0, 565, 565, 5, 2.63%, 0, 2, 2, 1237.12
1712725052, 0, 0, 567, 567, 5, 2.63%, 0, 2, 2, 1165.01
1712725467, 0, 0, 568, 568, 5, 2.63%, 0, 2, 2, 1031.21
1712730095, 0, 0, 570, 570, 5, 2.63%, 0, 2, 2, 1264.14
1712730100, 0, 0, 575, 575, 5, 2.64%, 0, 2, 2, 1263.56
1712730105, 0, 0, 579, 579, 5, 2.65%, 0, 2, 2, 1309.26
1712730110, 0, 0, 580, 580, 5, 2.65%, 0, 2, 2, 1372.49
1712730115, 0, 0, 581, 581, 5, 2.65%, 0, 2, 2, 1387.74
1712732820, 0, 0, 581, 581, 5, 2.65%, 0, 3, 2, 0.43
1712742734, 0, 0, 588, 588, 5, 2.68%, 0, 3, 2, 1378.97
1712742739, 0, 0, 593, 593, 5, 2.68%, 0, 3, 2, 1326.66
1712745029, 0, 0, 596, 596, 5, 2.68%, 0, 3, 2, 919.17
1712745034, 0, 0, 600, 600, 5, 2.69%, 0, 3, 2, 1057.76
1712745039, 0, 0, 602, 602, 5, 2.69%, 0, 3, 2, 1160.81
1712745234, 0, 0, 603, 603, 5, 2.69%, 0, 3, 2, 1.20
1712745244, 0, 0, 604, 604, 5, 2.69%, 0, 3, 2, 1132.09
1712745254, 0, 0, 605, 605, 5, 2.69%, 0, 3, 2, 1300.80
1712745259, 0, 0, 606, 606, 5, 2.69%, 0, 3, 2, 1344.19
1712745449, 0, 0, 607, 607, 5, 2.69%, 0, 3, 2, 1102.66
1712745459, 0, 0, 608, 608, 5, 2.70%, 0, 3, 2, 1164.10
1712745470, 0, 0, 609, 609, 5, 2.70%, 0, 3, 2, 1327.31
1712746075, 0, 0, 610, 610, 5, 2.70%, 0, 3, 2, 1.73
1712746496, 0, 0, 611, 611, 5, 2.70%, 0, 3, 2, 0.58
1712749451, 0, 0, 612, 612, 5, 2.70%, 0, 3, 2, 1097.55
1712754079, 0, 0, 613, 613, 5, 2.70%, 0, 3, 2, 1072.45
1712754505, 0, 0, 614, 614, 5, 2.70%, 0, 3, 2, 1110.63
1712758932, 0, 0, 615, 615, 5, 2.70%, 0, 3, 2, 1349.35
1712759142, 0, 0, 616, 616, 5, 2.70%, 0, 3, 2, 1292.67
1712759327, 0, 0, 622, 622, 5, 2.72%, 0, 3, 2, 1.01
1712759332, 0, 0, 630, 630, 5, 2.74%, 0, 3, 2, 998.43
1712759337, 0, 0, 681, 681, 5, 2.75%, 0, 3, 2, 1058.70
1712759343, 0, 0, 708, 708, 5, 2.78%, 0, 3, 2, 1216.44
1712759348, 0, 0, 729, 729, 5, 2.81%, 0, 3, 2, 1455.05
1712759353, 0, 0, 1303, 1302, 4, 8.12%, 0, 3, 2, 1256.13
1712759538, 0, 0, 1906, 1905, 4, 10.15%, 0, 3, 2, 0.61
1712759543, 0, 0, 2320, 2319, 4, 11.01%, 0, 3, 2, 722.30
1712759548, 0, 0, 2710, 2709, 4, 11.56%, 0, 4, 2, 791.08
1712759553, 0, 0, 3193, 3192, 4, 12.27%, 0, 4, 2, 883.45
1712759558, 0, 0, 3657, 3656, 4, 12.77%, 0, 5, 2, 163.27
1712759563, 0, 0, 4220, 4219, 4, 13.39%, 0, 5, 2, 1063.87
1712759568, 0, 0, 4672, 4671, 4, 13.86%, 0, 5, 2, 904.08
1712761372, 0, 0, 4741, 4740, 4, 13.92%, 0, 5, 2, 0.04
1712761377, 0, 0, 5277, 5276, 4, 14.43%, 0, 5, 2, 1044.49
1712761382, 0, 0, 5806, 5805, 4, 14.80%, 0, 5, 2, 1040.59
1712761387, 0, 0, 6098, 6097, 4, 15.05%, 0, 6, 2, 1041.97
1712761392, 0, 0, 6625, 6624, 4, 15.40%, 0, 6, 2, 1065.22
1712761397, 0, 0, 7163, 7162, 4, 15.74%, 0, 6, 2, 1069.70
1712761402, 0, 0, 7690, 7689, 4, 16.08%, 0, 6, 2, 1084.19
1712761407, 0, 0, 8199, 8198, 4, 16.42%, 0, 6, 2, 1049.51
1712761412, 0, 0, 8689, 8688, 4, 16.75%, 0, 6, 2, 1018.38
1712761417, 0, 0, 9167, 9166, 4, 17.02%, 0, 6, 2, 1003.80
1712761422, 0, 0, 9543, 9542, 4, 17.21%, 0, 6, 2, 973.80
1712761428, 0, 0, 9954, 9953, 4, 17.48%, 0, 6, 2, 892.90
1712761433, 0, 0, 10283, 10282, 4, 17.70%, 0, 6, 2, 869.46
1712761438, 0, 0, 10714, 10713, 4, 17.91%, 0, 6, 2, 936.10
1712761443, 0, 0, 10949, 10948, 4, 18.03%, 0, 6, 2, 871.91
1712761449, 0, 0, 11241, 11240, 4, 18.19%, 0, 6, 2, 64.07
1712761454, 0, 78, 11520, 11513, 4346, 18.32%, 0, 6, 2, 805.93
1712761459, 0, 113, 11520, 11512, 4346, 18.32%, 0, 6, 2, 933.62
1712762905, 0, 113, 11520, 11512, 4346, 18.32%, 0, 7, 2, 0.47
1712763325, 0, 113, 11520, 11512, 4346, 18.32%, 0, 8, 2, 1.16
