0.0554909706116
0.181703090668
0.258058071136
0.204118967056
0.202679157257
0.186313152313
0.228876829147
0.404016017914
0.25049495697
0.240240097046
0.16593503952
0.18049287796
0.18696308136
0.170929193497
0.178545951843
0.185796022415
0.226611852646
0.200034856796
0.242677211761
0.234423875809
0.325766086578
0.244731903076
0.196480989456
0.273932933807
0.263866901398
0.218599081039
0.247839927673
0.231200933456
0.219177961349
0.231897115707
0.287672042847
0.01913189888
0.00143909454346
0.00212597846985
0.00239586830139
0.205523967743
0.214184999466
0.0861971378326
0.409090995789
0.00522589683533
0.00494194030762
0.00765895843506
1.02786803246
0.776120901108
0.0520329475403
0.247232913971
0.269020080566
0.124850988388
0.739171028137
0.823112010956
0.675032138824
0.946406841278
0.692739963531
0.62633395195
1.22865605354
0.607777118683
0.642333984375
1.1720790863
0.0201139450073
0.223770141602
0.234241962433
0.145937919617
0.0688910484314
0.102164983749
0.0964691638947
0.105721950531
0.0595920085907
0.081650018692
0.119323015213
0.0864589214325
0.0994410514832
0.196438074112
0.240759134293
0.0491762161255
0.0870509147644
0.0750300884247
0.100899219513
0.0737478733063
0.0506460666656
0.0625200271606
0.0853462219238
0.0693259239197
180.408942938
0.0554971694946
0.0979039669037
0.0999000072479
0.1205098629
0.0583600997925
0.290634155273
0.447901964188
1.28429293633
1.01929521561
0.0599160194397
0.498389959335
0.0171029567719
0.14626288414
180.746028185
1.89969801903
0.741307973862
0.577582120895
1.30973601341
1.18949794769
0.701977968216
0.176311969757
2.16369199753
1.4899289608
0.057667016983
0.172416210175
181.315792799
1.03189682961
0.253957986832
0.167047023773
0.207124948502
0.268185853958
0.184060096741
0.182449102402
0.00271606445312
0.00128698348999
0.00132203102112
3.02866792679
3.02427101135
0.05726313591
0.193729162216
0.212866067886
0.00912284851074
0.949896097183
1.27618288994
1.6849899292
0.0140790939331
0.0142948627472
0.00733518600464
0.00836706161499
0.00663495063782
0.00618600845337
0.00901293754578
0.0162041187286
0.0155398845673
0.0116181373596
0.00853991508484
0.0038800239563
180.765979052
1.2231669426
0.0130667686462
0.011999130249
1.70833921432
1.52389812469
1.52857398987
1.37732005119
1.51658701897
2.52255010605
1.54175615311
2039.25454092
1.08920788765
1.17437505722
2.42011499405
1.39093208313
0.814774036407
1.13716816902
0.89299082756
0.603770017624
0.893679141998
1.27974390984
0.888781070709
0.377856016159
0.0951268672943
0.0390708446503
0.0228369235992
0.0754508972168
0.00979995727539
0.0175750255585
0.0575799942017
0.131062984467
0.0561618804932
0.125114917755
0.0100209712982
0.019583940506
0.675242900848
0.485604047775
0.0140161514282
0.01646900177
0.00958395004272
0.00956702232361
1.08832597733
0.573807954788
0.0157899856567
0.00465703010559
0.00498008728027
0.00435209274292
1.45494794846
0.673520088196
0.975716114044
1.0848929882
1.06627392769
1.32513308525
0.00333786010742
0.00407576560974
0.00436902046204
0.00393199920654
0.00287699699402
0.00324201583862
0.00316596031189
0.00303983688354
0.00303387641907
0.00295805931091
0.00387001037598
0.174644947052
0.0195651054382
0.0635421276093
0.0175170898438
0.0248281955719
0.0255918502808
0.0474140644073
0.0844449996948
0.85838508606
0.801233053207
0.843685150146
1.16976284981
0.948035001755
0.863582849503
0.00554418563843
0.0117290019989
1.38038492203
0.97938990593
0.245827913284
0.10603094101
1.16668796539
1.01499509811
0.146209001541
0.132086992264
0.178381919861
0.0559070110321
1.34329915047
0.511001110077
0.014454126358
0.013720035553
0.0185551643372
0.0150468349457
0.0104458332062
0.0187029838562
0.0173768997192
0.0171499252319
0.197461128235
0.0804929733276
0.0790109634399
0.0520560741425
0.0385570526123
0.0518000125885
0.911909818649
0.77242398262
0.523658037186
0.146090984344
0.160156011581
0.249806880951
0.118628025055
0.174365997314
0.108973026276
0.315613031387
180.514413834
0.250230789185
0.182381868362
0.350378990173
0.654314994812
0.196958065033
0.147351026535
0.944667816162
1.2728729248
1.26455998421
0.0296700000763
0.011677980423
0.203583955765
0.0327529907227
0.095281124115
0.0413980484009
0.213046073914
0.0667839050293
0.0135998725891
0.0209240913391
0.0144038200378
0.0497770309448
0.0238862037659
0.0738079547882
0.0171849727631
0.0156149864197
0.0493578910828
0.0192959308624
0.0151569843292
0.0243940353394
0.031436920166
0.0153839588165
0.0160322189331
0.068932056427
0.0157179832458
0.142885923386
