# unix_time, cycles_done, cur_path, paths_total, pending_total, pending_favs, map_size, unique_crashes, unique_hangs, max_depth, execs_per_sec, total_execs
1712451500, 1, 0, 5, 5, 5, 1.24%, 0, 0, 1, 1025.64, 40
1712451603, 1, 0, 115, 115, 5, 1.55%, 0, 0, 2, 1.82, 4849
1712451608, 1, 0, 138, 138, 5, 1.64%, 0, 0, 2, 687.62, 8387
1712451613, 1, 0, 154, 154, 5, 1.68%, 0, 0, 2, 685.10, 11596
1712451618, 1, 0, 163, 163, 5, 1.69%, 0, 0, 2, 670.36, 14996
1712451623, 1, 0, 168, 168, 5, 1.71%, 0, 0, 2, 706.35, 18281
1712451628, 1, 0, 174, 174, 5, 1.80%, 0, 0, 2, 670.61, 21545
1712455722, 1, 0, 180, 180, 5, 1.81%, 0, 0, 2, 0.01, 24349
1712455818, 1, 0, 188, 188, 5, 1.81%, 0, 0, 2, 730.97, 27471
1712455823, 1, 0, 198, 198, 5, 1.81%, 0, 0, 2, 626.56, 30195
1712455829, 1, 0, 204, 204, 5, 1.83%, 0, 0, 2, 48.58, 33051
1712455834, 1, 0, 222, 221, 4, 2.08%, 0, 0, 2, 64.14, 36255
1712455839, 1, 0, 715, 714, 4, 5.14%, 0, 0, 2, 868.24, 40773
1712456024, 1, 0, 1152, 1151, 4, 6.08%, 0, 0, 2, 0.27, 44852
1712456029, 1, 0, 1680, 1679, 4, 6.76%, 0, 0, 2, 927.44, 49860
1712456034, 1, 0, 2154, 2153, 4, 7.24%, 0, 0, 2, 912.89, 54447
1712456039, 1, 0, 2627, 2626, 4, 7.62%, 0, 0, 2, 897.45, 59050
1712456044, 1, 0, 3106, 3105, 4, 8.02%, 0, 0, 2, 920.14, 63801
1712456049, 1, 0, 3607, 3606, 4, 8.41%, 0, 0, 2, 983.24, 68851
1712456234, 1, 5, 3782, 3780, 1574, 8.53%, 0, 0, 2, 0.44, 72898
1712456239, 1, 23, 3782, 3778, 1572, 8.53%, 0, 0, 2, 1014.62, 77990
1712456245, 1, 67, 3782, 3774, 1569, 8.53%, 0, 0, 2, 152.00, 82013
1712456250, 1, 90, 3782, 3773, 1568, 8.53%, 0, 0, 2, 853.75, 85045
1712456255, 1, 106, 3782, 3772, 1568, 8.53%, 0, 0, 2, 737.53, 88287
1712456260, 1, 106, 3783, 3773, 1568, 8.53%, 0, 0, 3, 675.92, 91155
1712456445, 1, 111, 3783, 3772, 1567, 8.53%, 0, 0, 3, 0.68, 92833
1712456455, 1, 113, 3784, 3772, 1566, 8.53%, 0, 0, 3, 665.00, 97740
1712456465, 1, 116, 3786, 3773, 1565, 8.53%, 0, 0, 3, 847.03, 103391
1712456655, 1, 116, 3787, 3774, 1565, 8.54%, 0, 0, 3, 0.14, 109694
1712456660, 1, 116, 3788, 3775, 1565, 8.54%, 0, 0, 3, 793.51, 113666
1712456670, 1, 116, 3789, 3776, 1565, 8.54%, 0, 0, 3, 564.94, 119259
1712456870, 1, 116, 3790, 3777, 1565, 8.54%, 0, 0, 3, 646.15, 131466
1712456876, 1, 122, 3790, 3776, 1569, 8.54%, 0, 0, 3, 670.16, 134816
1712456881, 1, 125, 3790, 3775, 1568, 8.54%, 0, 0, 3, 809.20, 137833
1712456886, 1, 127, 3790, 3774, 1567, 8.54%, 0, 0, 3, 1315.00, 139952
1712456891, 1, 134, 3790, 3773, 1566, 8.54%, 0, 0, 3, 858.62, 143425
1712457076, 1, 141, 3790, 3772, 1565, 8.54%, 0, 0, 3, 0.59, 146161
1712457081, 1, 165, 3790, 3771, 1564, 8.54%, 0, 0, 3, 23.35, 148486
1712457087, 1, 173, 3790, 3770, 1563, 8.54%, 0, 0, 3, 46.10, 150814
1712457092, 1, 179, 3790, 3769, 1562, 8.54%, 0, 0, 3, 22.97, 153159
1712457097, 1, 196, 3790, 3768, 1561, 8.54%, 0, 0, 3, 790.00, 155129
1712457102, 1, 200, 3790, 3767, 1560, 8.54%, 0, 0, 3, 911.84, 158335
1712457286, 1, 201, 3790, 3766, 1559, 8.54%, 0, 0, 3, 0.71, 160559
1712457291, 1, 203, 3791, 3766, 1558, 8.54%, 0, 0, 3, 859.07, 163482
1712457296, 1, 203, 3792, 3767, 1558, 8.54%, 0, 0, 3, 697.64, 166637
1712457302, 1, 207, 3792, 3765, 1556, 8.54%, 0, 0, 3, 697.58, 170070
1712457307, 1, 217, 3792, 3764, 1555, 8.54%, 0, 0, 3, 38.92, 171659
1712457312, 1, 219, 3792, 3763, 1554, 8.54%, 0, 0, 3, 1179.97, 173338
1712457502, 1, 223, 3792, 3761, 1552, 8.54%, 0, 0, 3, 132.08, 180159
1712457508, 1, 227, 3792, 3760, 1551, 8.54%, 0, 0, 3, 92.97, 182195
1712457513, 1, 228, 3792, 3759, 1550, 8.54%, 0, 0, 3, 761.94, 185827
1712457518, 1, 243, 3793, 3758, 1547, 8.54%, 0, 0, 3, 801.82, 189849
1712457524, 1, 246, 3793, 3757, 1547, 8.54%, 0, 0, 3, 743.98, 193574
1712457707, 1, 247, 3793, 3756, 1546, 8.54%, 0, 0, 3, 0.58, 195612
1712457712, 1, 252, 3793, 3754, 1544, 8.54%, 0, 0, 3, 735.11, 198389
1712457718, 1, 252, 3795, 3756, 1544, 8.55%, 0, 0, 3, 75.21, 200601
1712457724, 1, 252, 3796, 3757, 1544, 8.55%, 0, 0, 3, 16.84, 202649
1712459775, 1, 252, 3797, 3758, 1544, 8.55%, 0, 0, 3, 0.02, 206749
1712459780, 1, 252, 3801, 3762, 1544, 8.56%, 0, 0, 3, 2276.80, 218340
1712459790, 1, 253, 4041, 4000, 1550, 8.92%, 0, 0, 3, 2081.60, 236113
1712459796, 1, 263, 4267, 4225, 1675, 9.13%, 0, 0, 3, 77.56, 240863
1712459802, 1, 266, 4267, 4223, 1673, 9.13%, 0, 0, 3, 167.90, 245436
1712459807, 1, 274, 4267, 4222, 1672, 9.13%, 0, 0, 3, 2235.15, 249934
1712459812, 1, 276, 4270, 4224, 1671, 9.14%, 0, 0, 3, 2170.29, 259853
1712459817, 1, 276, 4274, 4228, 1671, 9.14%, 0, 0, 3, 2221.21, 271109
1712459822, 1, 276, 4275, 4229, 1671, 9.14%, 0, 0, 3, 2221.40, 282381
1712459827, 1, 289, 4276, 4226, 1669, 9.14%, 0, 0, 3, 2327.18, 291051
1712459833, 1, 292, 4277, 4225, 1667, 9.14%, 0, 0, 3, 2329.77, 299049
1712459838, 1, 295, 4281, 4228, 1667, 9.15%, 0, 0, 3, 2260.00, 303624
1712459843, 1, 295, 4282, 4229, 1667, 9.15%, 0, 0, 3, 2201.10, 307205
1712459848, 1, 295, 4283, 4230, 1667, 9.15%, 0, 0, 3, 2367.85, 319435
1712459858, 1, 305, 4286, 4231, 1670, 9.16%, 0, 0, 3, 2348.41, 343171
1712459863, 1, 305, 4290, 4235, 1670, 9.16%, 0, 0, 3, 2374.46, 354985
1712459868, 1, 305, 4292, 4237, 1670, 9.16%, 0, 0, 3, 2335.04, 366725
1712459873, 1, 312, 4295, 4238, 1673, 9.17%, 0, 0, 3, 2149.19, 377266
1712459879, 1, 312, 4296, 4239, 1673, 9.19%, 0, 0, 3, 74.01, 380868
1712460021, 1, 318, 4296, 4238, 1673, 9.19%, 0, 1, 3, 2.92, 386159
1712460026, 1, 327, 4297, 4236, 1670, 9.19%, 0, 1, 3, 2457.72, 391840
1712460031, 1, 338, 4297, 4234, 1667, 9.19%, 0, 1, 3, 2132.68, 397484
1712460036, 1, 344, 4298, 4232, 1665, 9.19%, 0, 1, 3, 2493.81, 404972
1712460042, 1, 357, 4300, 4232, 1662, 9.19%, 0, 1, 3, 2204.92, 415251
1712460047, 1, 360, 4301, 4231, 1661, 9.19%, 0, 1, 3, 2011.70, 421139
1712460232, 1, 360, 4305, 4235, 1661, 9.20%, 0, 1, 3, 0.78, 428372
1712460237, 1, 360, 4308, 4238, 1661, 9.20%, 0, 1, 3, 2200.68, 435477
1712460242, 1, 360, 4310, 4240, 1661, 9.20%, 0, 1, 3, 2129.85, 444059
1712460248, 1, 361, 4310, 4239, 1665, 9.20%, 0, 1, 3, 153.28, 453204
1712460253, 1, 370, 4310, 4236, 1662, 9.20%, 0, 1, 3, 1960.71, 460453
1712460258, 1, 374, 4313, 4237, 1659, 9.20%, 0, 1, 3, 1990.40, 470319
1712460442, 1, 374, 4316, 4240, 1659, 9.20%, 0, 1, 3, 2.04, 478309
1712460447, 1, 374, 4348, 4272, 1659, 9.20%, 0, 1, 3, 1829.72, 487405
