# unix_time, cycles_done, cur_path, paths_total, pending_total, pending_favs, map_size, unique_crashes, unique_hangs, max_depth, execs_per_sec
1712685937, 0, 0, 5, 5, 5, 1.24%, 0, 0, 1, 1379.31
1712686067, 0, 0, 109, 109, 5, 1.60%, 0, 0, 2, 1.42
1712686072, 0, 0, 144, 144, 5, 1.70%, 0, 0, 2, 1747.88
1712686077, 0, 0, 166, 166, 5, 1.73%, 0, 0, 2, 1695.84
1712686082, 0, 0, 177, 177, 5, 1.74%, 0, 0, 2, 1628.64
1712686087, 0, 0, 182, 182, 5, 1.75%, 0, 0, 2, 1636.58
1712686092, 0, 0, 215, 215, 5, 1.95%, 0, 0, 2, 1669.71
1712690280, 0, 0, 231, 231, 5, 1.99%, 0, 0, 2, 2020.94
1712690291, 0, 0, 235, 235, 5, 1.99%, 0, 0, 2, 1720.81
1712690486, 0, 0, 235, 235, 5, 1.99%, 0, 1, 2, 0.28
1712690491, 0, 0, 236, 236, 5, 1.99%, 0, 1, 2, 2017.55
1712690496, 0, 0, 240, 240, 5, 2.00%, 0, 1, 2, 1938.87
1712690932, 0, 0, 242, 242, 5, 2.00%, 0, 1, 2, 1912.09
1712691117, 0, 0, 259, 259, 5, 2.01%, 0, 1, 2, 1.47
1712691122, 0, 0, 266, 266, 5, 2.02%, 0, 1, 2, 2110.55
1712691127, 0, 0, 273, 273, 5, 2.03%, 0, 1, 2, 1973.13
1712691132, 0, 0, 277, 277, 5, 2.03%, 0, 1, 2, 2006.36
1712691137, 0, 0, 283, 283, 5, 2.03%, 0, 1, 2, 1949.40
1712691142, 0, 0, 286, 286, 5, 2.04%, 0, 1, 2, 1864.78
1712691327, 0, 0, 360, 360, 5, 2.06%, 0, 1, 2, 1.40
1712691332, 0, 0, 406, 406, 5, 2.10%, 0, 1, 2, 1700.65
1712691337, 0, 0, 432, 432, 5, 2.12%, 0, 1, 2, 1736.72
1712691342, 0, 0, 451, 451, 5, 2.14%, 0, 1, 2, 1762.29
1712691347, 0, 0, 871, 870, 4, 5.68%, 0, 1, 2, 1506.49
1712691352, 0, 0, 1656, 1655, 4, 7.82%, 0, 1, 2, 1457.49
1712691537, 0, 0, 2375, 2374, 4, 8.93%, 0, 1, 2, 1.14
1712691542, 0, 0, 3218, 3217, 4, 10.00%, 0, 1, 2, 1607.49
1712691548, 0, 0, 3963, 3962, 4, 10.77%, 0, 1, 2, 1481.72
1712691553, 0, 0, 4730, 4729, 4, 11.46%, 0, 1, 2, 1461.32
1712691558, 0, 0, 5480, 5479, 4, 12.09%, 0, 1, 2, 1471.80
1712691563, 0, 146, 6000, 5999, 3049, 12.50%, 0, 1, 2, 1471.90
1712691748, 0, 146, 6003, 6002, 3049, 12.50%, 0, 1, 3, 1.62
1712691753, 0, 146, 6004, 6003, 3049, 12.50%, 0, 1, 3, 2010.72
1712691958, 0, 146, 6005, 6004, 3049, 12.50%, 0, 1, 3, 1.05
1712693980, 0, 224, 6008, 6006, 3051, 12.51%, 0, 1, 3, 2086.61
1712694000, 0, 224, 6009, 6007, 3051, 12.51%, 0, 1, 3, 2088.05
1712694010, 0, 224, 6010, 6008, 3051, 12.51%, 0, 1, 3, 2081.52
1712694117, 0, 224, 6012, 6010, 3051, 12.51%, 0, 1, 3, 1821.38
1712694122, 0, 224, 6016, 6014, 3051, 12.51%, 0, 1, 3, 1707.94
1712694127, 0, 550, 6018, 6015, 3053, 12.51%, 0, 1, 3, 1810.96
1712694137, 0, 550, 6019, 6016, 3053, 12.52%, 0, 1, 3, 1899.54
1712694142, 0, 563, 6023, 6019, 3053, 12.53%, 0, 1, 3, 2016.76
1712694498, 0, 592, 6023, 6018, 3056, 12.53%, 0, 1, 3, 1879.35
1712694509, 0, 592, 6345, 6339, 3055, 13.00%, 0, 1, 3, 1349.98
1712694694, 0, 592, 6754, 6748, 3055, 13.31%, 0, 1, 3, 0.26
1712694699, 0, 693, 7062, 7056, 3349, 13.47%, 0, 1, 3, 1505.77
1712694714, 0, 728, 7062, 7055, 3348, 13.47%, 0, 1, 3, 1858.51
1712694929, 0, 758, 7063, 7055, 3347, 13.47%, 0, 1, 3, 1785.49
1712695119, 0, 872, 7063, 7054, 3347, 13.47%, 0, 1, 3, 1958.36
1712695129, 0, 872, 7065, 7056, 3347, 13.48%, 0, 1, 3, 1848.39
1712695134, 0, 880, 7065, 7055, 3348, 13.48%, 0, 1, 3, 1781.83
1712695140, 0, 902, 7065, 7054, 3347, 13.48%, 0, 1, 3, 1730.92
1712695335, 0, 903, 7065, 7053, 3346, 13.48%, 0, 1, 3, 2073.74
1712695340, 0, 974, 7065, 7052, 3345, 13.48%, 0, 1, 3, 1836.21
1712695350, 0, 1008, 7065, 7051, 3344, 13.48%, 0, 1, 3, 1719.91
1712695545, 0, 1112, 7065, 7050, 3343, 13.48%, 0, 1, 3, 1988.85
1712695550, 0, 1170, 7065, 7049, 3342, 13.48%, 0, 1, 3, 1823.87
1712695560, 0, 1265, 7066, 7049, 3342, 13.48%, 0, 1, 3, 1846.62
1712695745, 0, 1265, 7068, 7051, 3342, 13.48%, 0, 1, 3, 1.41
1712695755, 0, 1272, 7068, 7050, 3341, 13.48%, 0, 1, 3, 2011.80
1712695761, 0, 1294, 7070, 7051, 3342, 13.48%, 0, 1, 3, 1839.20
1712695956, 0, 1294, 7071, 7052, 3342, 13.48%, 0, 1, 3, 0.40
1712695961, 0, 1299, 7072, 7052, 3341, 13.48%, 0, 1, 3, 2111.48
1712695971, 0, 1306, 7072, 7051, 3341, 13.48%, 0, 1, 3, 1834.96
1712695981, 0, 1309, 7073, 7051, 3341, 13.48%, 0, 1, 3, 1787.71
1712696176, 0, 1325, 7073, 7050, 3340, 13.48%, 0, 1, 3, 2034.30
1712696186, 0, 1457, 7073, 7049, 3339, 13.48%, 0, 1, 3, 1850.75
1712698570, 0, 1486, 7073, 7048, 3338, 13.48%, 0, 1, 3, 0.08
1712698691, 0, 1486, 7073, 7048, 3338, 13.48%, 0, 2, 3, 2.21
1712698706, 0, 1486, 7271, 7245, 3337, 14.06%, 0, 3, 3, 1251.79
1712698711, 0, 1486, 7576, 7550, 3337, 14.29%, 0, 5, 3, 1040.66
1712698717, 0, 1486, 7870, 7844, 3337, 14.47%, 0, 7, 3, 502.94
1712698902, 0, 1486, 8218, 8192, 3337, 14.62%, 0, 8, 3, 0.11
1712698907, 0, 1486, 8394, 8368, 3337, 14.69%, 0, 11, 3, 1408.94
1712698912, 0, 1494, 8567, 8541, 3751, 14.76%, 0, 11, 3, 1255.07
1712698922, 0, 1586, 8567, 8540, 3750, 14.76%, 0, 11, 3, 1783.50
1712698927, 0, 1586, 8569, 8542, 3750, 14.76%, 0, 11, 3, 1679.40
1712699122, 0, 1609, 8569, 8541, 3750, 14.76%, 0, 11, 3, 2009.47
1712699132, 0, 1651, 8569, 8540, 3749, 14.76%, 0, 11, 3, 1754.68
1712699327, 0, 1659, 8569, 8539, 3748, 14.76%, 0, 11, 3, 1958.17
1712699337, 0, 1721, 8570, 8539, 3748, 14.76%, 0, 11, 3, 1848.42
1712699533, 0, 1739, 8570, 8538, 3747, 14.76%, 0, 11, 3, 1.61
1712699548, 0, 1770, 8570, 8537, 3746, 14.76%, 0, 11, 3, 1800.68
1712699558, 0, 1810, 8570, 8536, 3745, 14.76%, 0, 11, 3, 1660.29
1712699748, 0, 1815, 8570, 8535, 3744, 14.76%, 0, 11, 3, 2138.62
1712699763, 0, 1816, 8570, 8534, 3743, 14.76%, 0, 11, 3, 1787.91
1712699958, 0, 1827, 8570, 8533, 3742, 14.76%, 0, 11, 3, 2190.36
1712699974, 0, 1827, 8571, 8534, 3742, 14.76%, 0, 11, 3, 1787.41
1712699979, 0, 1846, 8571, 8533, 3741, 14.76%, 0, 11, 3, 1691.35
1712700174, 0, 2016, 8572, 8533, 3740, 14.76%, 0, 11, 3, 1995.32
1712700189, 0, 2100, 8572, 8532, 3740, 14.76%, 0, 11, 3, 1683.04
1712700379, 0, 2111, 8572, 8531, 3739, 14.76%, 0, 11, 3, 1990.43
1712700594, 0, 2132, 8572, 8530, 3738, 14.76%, 0, 11, 3, 1840.57
1712700610, 0, 2165, 8572, 8529, 3737, 14.76%, 0, 11, 3, 1737.33
1712702919, 0, 2214, 8572, 8528, 3736, 14.76%, 0, 11, 3, 1748.28
1712703114, 0, 2266, 8573, 8528, 3735, 14.76%, 0, 11, 3, 1922.52
1712703119, 0, 2266, 8689, 8643, 3734, 14.81%, 0, 11, 3, 1706.80
1712703124, 0, 2275, 8790, 8744, 3762, 14.85%, 0, 11, 3, 1462.67
1712703134, 0, 2366, 8790, 8743, 3761, 14.85%, 0, 11, 3, 1719.26
1712703319, 0, 2366, 8791, 8744, 3761, 14.85%, 0, 11, 3, 0.60
1712703324, 0, 2379, 8791, 8743, 3761, 14.85%, 0, 11, 3, 2013.97
1712703329, 0, 2409, 8791, 8742, 3760, 14.85%, 0, 11, 3, 1935.06
1712703535, 0, 2435, 8791, 8741, 3759, 14.85%, 0, 11, 3, 1956.44
1712703550, 0, 2451, 8791, 8740, 3758, 14.85%, 0, 11, 3, 1846.81
1712703750, 0, 2451, 8792, 8741, 3758, 14.85%, 0, 11, 3, 1787.22
1712703755, 0, 2455, 8792, 8740, 3757, 14.85%, 0, 11, 3, 1856.01
1712703955, 0, 2455, 8793, 8741, 3757, 14.85%, 0, 11, 3, 1948.51
1712703960, 0, 2473, 8794, 8741, 3757, 14.85%, 0, 11, 3, 1906.14
1712703975, 0, 2511, 8794, 8740, 3756, 14.85%, 0, 11, 3, 1785.98
1712704161, 0, 2511, 8795, 8741, 3756, 14.85%, 0, 11, 3, 0.19
1712704166, 0, 2548, 8795, 8740, 3756, 14.85%, 0, 11, 3, 1813.60
1712704181, 0, 2569, 8795, 8739, 3755, 14.85%, 0, 11, 3, 1826.54
1712704371, 0, 2642, 8795, 8738, 3754, 14.85%, 0, 11, 3, 0.18
1712704386, 0, 2658, 8798, 8740, 3753, 14.86%, 0, 11, 3, 1824.80
1712704396, 0, 2658, 8799, 8741, 3753, 14.86%, 0, 11, 3, 1754.11
1712704581, 0, 2658, 8800, 8742, 3753, 14.86%, 0, 11, 3, 1.32
1712704587, 0, 2746, 8800, 8741, 3755, 14.86%, 0, 11, 3, 1765.24
1712704602, 0, 2779, 8800, 8740, 3754, 14.86%, 0, 11, 3, 1827.97
1712704792, 0, 2831, 8800, 8739, 3753, 14.86%, 0, 11, 3, 1.58
1712704807, 0, 2842, 8803, 8741, 3752, 14.87%, 0, 11, 3, 1771.88
1712706719, 0, 2842, 8805, 8743, 3752, 14.87%, 0, 11, 3, 2105.99
1712706724, 0, 2842, 8806, 8744, 3752, 14.87%, 0, 11, 3, 2146.29
1712706729, 0, 2842, 8807, 8745, 3752, 14.87%, 0, 11, 3, 1968.26
1712706734, 0, 2842, 8810, 8748, 3752, 14.87%, 0, 11, 3, 1815.71
1712706744, 0, 2899, 8810, 8747, 3753, 14.87%, 0, 11, 3, 1877.89
1712706759, 0, 2901, 8811, 8747, 3752, 14.87%, 0, 11, 3, 1934.40
1712706774, 0, 2901, 8812, 8748, 3752, 14.87%, 0, 11, 3, 1962.95
1712706779, 0, 2922, 8812, 8747, 3751, 14.87%, 0, 11, 3, 2093.33
1712706789, 0, 2922, 9161, 9095, 3750, 15.07%, 0, 11, 3, 1120.96
1712706795, 0, 2931, 9215, 9149, 3817, 15.10%, 0, 11, 3, 1587.16
1712706800, 0, 2965, 9215, 9148, 3816, 15.10%, 0, 11, 3, 1862.78
1712706815, 0, 2977, 9215, 9147, 3815, 15.10%, 0, 11, 3, 1956.19
1712706825, 0, 2992, 9215, 9146, 3814, 15.10%, 0, 11, 3, 2117.91
1712706835, 0, 3084, 9215, 9145, 3813, 15.10%, 0, 11, 3, 2064.76
1712706845, 0, 3096, 9215, 9144, 3812, 15.10%, 0, 11, 3, 1960.27
1712706855, 0, 3112, 9215, 9143, 3811, 15.10%, 0, 11, 3, 1939.22
1712706901, 0, 3123, 9215, 9142, 3810, 15.10%, 0, 11, 3, 1763.74
1712706921, 0, 3139, 9215, 9141, 3809, 15.10%, 0, 11, 3, 1718.22
1712706936, 0, 3143, 9215, 9140, 3808, 15.10%, 0, 11, 3, 1880.36
1712706946, 0, 3188, 9215, 9139, 3807, 15.10%, 0, 11, 3, 1830.06
1712706967, 0, 3192, 9215, 9138, 3806, 15.10%, 0, 11, 3, 1770.30
1712706977, 0, 3192, 9216, 9139, 3806, 15.10%, 0, 11, 3, 1909.95
1712706982, 0, 3229, 9216, 9138, 3806, 15.10%, 0, 11, 3, 1920.53
1712707117, 0, 3248, 9217, 9138, 3806, 15.10%, 0, 11, 3, 1904.24
1712707132, 0, 3304, 9217, 9137, 3805, 15.10%, 0, 11, 3, 1703.26
1712707322, 0, 3399, 9217, 9136, 3804, 15.10%, 0, 11, 3, 1849.49
1712707337, 0, 3431, 9217, 9135, 3803, 15.10%, 0, 11, 3, 1635.53
1712707953, 0, 3431, 9218, 9136, 3803, 15.10%, 0, 11, 3, 1819.36
1712708595, 0, 3431, 9220, 9138, 3803, 15.11%, 0, 11, 3, 1737.88
1712708810, 0, 3436, 9220, 9137, 3804, 15.11%, 0, 11, 3, 1606.61
1712709000, 0, 3436, 9220, 9137, 3804, 15.11%, 0, 12, 3, 0.78
1712710844, 0, 3436, 9221, 9138, 3804, 15.11%, 0, 12, 3, 0.09
1712710849, 0, 3466, 9222, 9138, 3805, 15.11%, 0, 12, 3, 1838.67
1712710859, 0, 3466, 9223, 9139, 3805, 15.11%, 0, 12, 3, 2043.57
1712710864, 0, 3469, 9223, 9138, 3804, 15.11%, 0, 12, 3, 1975.53
1712710899, 0, 3469, 9274, 9188, 3803, 15.21%, 0, 12, 3, 1939.06
1712710904, 0, 3491, 9743, 9657, 3923, 15.50%, 0, 12, 3, 1495.57
1712710945, 0, 3494, 9743, 9656, 3922, 15.50%, 0, 12, 3, 1910.26
1712710950, 0, 3494, 9744, 9657, 3922, 15.50%, 0, 12, 3, 1844.38
1712710955, 0, 3494, 9745, 9658, 3922, 15.50%, 0, 12, 3, 1849.63
1712710965, 0, 3559, 9745, 9657, 3922, 15.50%, 0, 12, 3, 1679.26
1712710975, 0, 3572, 9745, 9656, 3921, 15.50%, 0, 12, 3, 1686.63
1712710985, 0, 3652, 9745, 9655, 3920, 15.50%, 0, 12, 3, 1822.77
1712710996, 0, 3695, 9745, 9654, 3919, 15.50%, 0, 12, 3, 1772.13
1712711006, 0, 3739, 9745, 9653, 3918, 15.50%, 0, 12, 3, 1838.44
1712711026, 0, 3772, 9745, 9652, 3917, 15.50%, 0, 12, 3, 1900.55
1712711315, 0, 3772, 9745, 9652, 3917, 15.50%, 0, 13, 3, 0.52
1712711330, 0, 3772, 9747, 9654, 3917, 15.50%, 0, 13, 3, 1817.53
1712711535, 0, 3772, 9748, 9655, 3917, 15.50%, 0, 13, 3, 1816.71
1712715758, 0, 3772, 9751, 9658, 3917, 15.50%, 0, 13, 3, 1437.51
1712715943, 0, 3772, 9754, 9661, 3917, 15.50%, 0, 13, 3, 0.73
1712715948, 0, 3772, 9756, 9663, 3917, 15.50%, 0, 13, 3, 1654.60
1712715954, 0, 3906, 9758, 9664, 3917, 15.50%, 0, 13, 3, 1676.78
1712715969, 0, 3983, 9758, 9663, 3916, 15.50%, 0, 13, 3, 1595.98
1712716164, 0, 3983, 10072, 9976, 3915, 15.66%, 4, 13, 3, 1363.38
1712716169, 0, 4021, 10350, 10254, 3953, 15.71%, 6, 13, 3, 1447.93
1712716179, 0, 4052, 10350, 10253, 3952, 15.71%, 6, 13, 3, 1747.21
1712716369, 0, 4058, 10351, 10253, 3952, 15.71%, 6, 13, 3, 1859.44
1712716580, 0, 4070, 10351, 10252, 3951, 15.71%, 6, 13, 3, 2077.85
1712716595, 0, 4156, 10351, 10251, 3950, 15.71%, 6, 13, 3, 1801.76
1712716805, 0, 4172, 10351, 10250, 3949, 15.71%, 6, 13, 3, 1771.87
1712719751, 0, 4335, 10351, 10249, 3948, 15.71%, 6, 13, 3, 1668.82
1712719941, 0, 4335, 10352, 10250, 3948, 15.71%, 6, 13, 3, 0.69
1712719946, 0, 4387, 10352, 10249, 3948, 15.71%, 6, 13, 3, 2031.11
1712719956, 0, 4396, 10352, 10248, 3947, 15.71%, 6, 13, 3, 1881.98
1712720151, 0, 4432, 10352, 10247, 3946, 15.71%, 6, 13, 3, 1.95
1712720367, 0, 4432, 10799, 10693, 3945, 16.84%, 6, 14, 3, 1340.98
1712720372, 0, 4438, 11150, 11044, 4317, 17.11%, 6, 15, 3, 1280.62
1712720382, 0, 4481, 11150, 11043, 4316, 17.11%, 6, 15, 3, 1737.33
1712720572, 0, 4501, 11150, 11042, 4315, 17.11%, 6, 15, 3, 0.64
1712720587, 0, 4538, 11150, 11041, 4314, 17.11%, 6, 15, 3, 1794.93
1712720597, 0, 4634, 11150, 11040, 4313, 17.11%, 6, 15, 3, 1566.32
1712720793, 0, 4644, 11150, 11039, 4312, 17.11%, 6, 15, 3, 1716.88
1712720998, 0, 4664, 11150, 11038, 4311, 17.11%, 6, 15, 3, 1931.27
1712721013, 0, 4673, 11150, 11037, 4310, 17.11%, 6, 15, 3, 1662.79
1712721209, 0, 4679, 11150, 11036, 4309, 17.11%, 6, 15, 3, 1958.98
1712721219, 0, 4735, 11150, 11035, 4308, 17.11%, 6, 15, 3, 1817.53
1712721429, 0, 4843, 11150, 11034, 4307, 17.11%, 6, 15, 3, 1832.21
1712721624, 0, 4848, 11150, 11033, 4306, 17.11%, 6, 15, 3, 1.26
1712721634, 0, 4872, 11150, 11032, 4305, 17.11%, 6, 15, 3, 1860.76
1712721649, 0, 4917, 11150, 11031, 4304, 17.11%, 6, 15, 3, 1659.68
1712724159, 0, 4918, 11150, 11030, 4303, 17.11%, 6, 15, 3, 1809.45
1712724169, 0, 4918, 11164, 11043, 4302, 17.12%, 6, 15, 3, 1575.80
1712724174, 0, 4919, 11214, 11093, 4309, 17.13%, 6, 15, 3, 1613.91
1712724364, 0, 4934, 11214, 11092, 4308, 17.13%, 6, 15, 3, 1942.35
1712724369, 0, 4934, 11215, 11093, 4308, 17.13%, 6, 15, 3, 1852.60
1712724379, 0, 5006, 11215, 11092, 4308, 17.13%, 6, 15, 3, 1720.40
1712724579, 0, 5006, 11216, 11093, 4308, 17.13%, 6, 15, 3, 1936.98
1712724585, 0, 5035, 11216, 11092, 4309, 17.13%, 6, 15, 3, 1859.08
1712724795, 0, 5067, 11218, 11093, 4308, 17.14%, 6, 15, 3, 1813.08
1712724990, 0, 5080, 11218, 11092, 4309, 17.14%, 6, 15, 3, 0.92
1712725005, 0, 5086, 11218, 11091, 4308, 17.14%, 6, 15, 3, 1803.17
1712725216, 0, 5095, 11218, 11090, 4307, 17.14%, 6, 15, 3, 1769.67
1712725221, 0, 5111, 11218, 11089, 4306, 17.14%, 6, 15, 3, 1685.96
1712725416, 0, 5116, 11218, 11088, 4305, 17.14%, 6, 15, 3, 1905.73
1712727595, 0, 5116, 11544, 11413, 4304, 17.47%, 6, 15, 3, 1645.61
1712727600, 0, 5207, 11589, 11458, 4430, 17.51%, 6, 15, 3, 1880.10
1712727610, 0, 5249, 11589, 11457, 4429, 17.51%, 6, 15, 3, 2009.26
1712727620, 0, 5251, 11589, 11456, 4428, 17.51%, 6, 15, 3, 1901.85
1712727630, 0, 5293, 11589, 11455, 4427, 17.51%, 6, 15, 3, 1859.17
1712727646, 0, 5303, 11589, 11454, 4426, 17.51%, 6, 15, 3, 1864.21
1712727661, 0, 5303, 11590, 11455, 4426, 17.51%, 6, 15, 3, 1823.12
1712727666, 0, 5340, 11591, 11455, 4425, 17.52%, 6, 15, 3, 1844.14
1712727676, 0, 5386, 11591, 11454, 4425, 17.52%, 6, 15, 3, 1953.46
1712727691, 0, 5490, 11591, 11453, 4424, 17.52%, 6, 15, 3, 1967.40
1712727706, 0, 5493, 11594, 11455, 4423, 17.52%, 6, 15, 3, 1941.68
1712727716, 0, 5525, 11594, 11454, 4422, 17.52%, 6, 15, 3, 1925.24
1712727726, 0, 5531, 11594, 11453, 4421, 17.52%, 6, 15, 3, 2119.16
1712727736, 0, 5534, 11594, 11452, 4420, 17.52%, 6, 15, 3, 1935.30
1712727797, 0, 5546, 11594, 11451, 4419, 17.52%, 6, 15, 3, 1625.98
1712727802, 0, 5546, 11596, 11453, 4419, 17.53%, 6, 15, 3, 1904.99
1712727812, 0, 5553, 11596, 11452, 4420, 17.53%, 6, 15, 3, 2057.77
1712727823, 0, 5702, 11597, 11452, 4420, 17.53%, 6, 15, 3, 2046.13
1712727838, 0, 5706, 11597, 11451, 4419, 17.53%, 6, 15, 3, 1819.73
1712727858, 0, 5742, 11597, 11450, 4418, 17.53%, 6, 15, 3, 2083.91
1712728151, 0, 5759, 11597, 11449, 4417, 17.53%, 6, 15, 3, 1895.96
1712728161, 0, 5759, 11598, 11450, 4417, 17.53%, 6, 15, 3, 1859.70
1712728166, 0, 5781, 11599, 11450, 4417, 17.53%, 6, 15, 3, 1746.46
1712728361, 0, 5799, 11600, 11450, 4417, 17.53%, 6, 15, 3, 1902.17
1712728376, 0, 5799, 11601, 11451, 4417, 17.53%, 6, 15, 3, 1845.56
1712728572, 0, 5813, 11632, 11481, 4420, 17.54%, 6, 15, 3, 1936.06
1712728582, 0, 5814, 11632, 11480, 4419, 17.54%, 6, 15, 3, 1934.06
1712728592, 0, 5856, 11632, 11479, 4418, 17.54%, 6, 15, 3, 1779.72
1712728782, 0, 5860, 11632, 11478, 4417, 17.54%, 6, 15, 3, 1975.17
1712728802, 0, 5894, 11632, 11477, 4416, 17.54%, 6, 15, 3, 1869.33
1712728997, 0, 5938, 11632, 11476, 4415, 17.54%, 6, 15, 3, 1874.05
1712732363, 0, 5948, 11632, 11475, 4414, 17.54%, 6, 15, 3, 1770.79
1712732564, 0, 5948, 11632, 11475, 4414, 17.54%, 6, 16, 3, 0.53
1712732574, 0, 5971, 11633, 11475, 4413, 17.54%, 6, 16, 3, 1833.41
1712732589, 0, 6012, 11633, 11474, 4412, 17.54%, 6, 16, 3, 1583.30
1712732789, 0, 6065, 11633, 11473, 4411, 17.54%, 6, 16, 3, 1842.21
1712732799, 0, 6065, 11992, 11831, 4410, 17.82%, 6, 16, 3, 1176.61
1712732984, 0, 6076, 12153, 11992, 4517, 17.88%, 6, 16, 3, 0.12
1712732994, 0, 6108, 12153, 11991, 4516, 17.88%, 6, 16, 3, 1825.11
1712733200, 0, 6139, 12153, 11990, 4515, 17.88%, 6, 16, 3, 2208.67
1712733210, 0, 6193, 12154, 11990, 4514, 17.88%, 6, 16, 3, 1892.26
1712733415, 0, 6323, 12154, 11989, 4513, 17.88%, 6, 16, 3, 1851.54
1712733625, 0, 6324, 12154, 11988, 4512, 17.88%, 6, 16, 3, 1903.77
1712733641, 0, 6327, 12154, 11987, 4511, 17.88%, 6, 16, 3, 1732.42
1712733831, 0, 6334, 12155, 11987, 4510, 17.88%, 6, 16, 3, 1865.84
1712733846, 0, 6446, 12155, 11986, 4509, 17.88%, 6, 16, 3, 1736.64
1712734062, 0, 6475, 12155, 11985, 4508, 17.88%, 6, 16, 3, 1681.05
1712734252, 0, 6493, 12155, 11984, 4506, 17.88%, 6, 16, 3, 1922.02
1712734272, 0, 6611, 12155, 11983, 4505, 17.88%, 6, 16, 3, 1780.30
1712736368, 0, 6684, 12155, 11982, 4504, 17.88%, 6, 16, 3, 1937.05
1712736388, 0, 6825, 12156, 11982, 4503, 17.88%, 6, 16, 3, 1873.15
1712736408, 0, 6863, 12156, 11981, 4503, 17.88%, 6, 16, 3, 1860.30
1712736418, 0, 6863, 12186, 12010, 4502, 17.95%, 6, 16, 3, 1916.27
1712736424, 0, 6981, 12460, 12284, 4538, 18.06%, 6, 16, 3, 1569.60
1712736571, 0, 7088, 12460, 12283, 4537, 18.06%, 6, 16, 3, 1864.71
1712736576, 0, 7095, 12460, 12282, 4536, 18.06%, 6, 16, 3, 1887.09
1712736586, 0, 7098, 12460, 12281, 4535, 18.06%, 6, 16, 3, 1707.57
1712736781, 0, 7183, 12460, 12280, 4534, 18.06%, 6, 16, 3, 1824.29
1712736787, 0, 7384, 12460, 12279, 4533, 18.06%, 6, 16, 3, 1807.42
1712736982, 0, 7385, 12460, 12278, 4532, 18.06%, 6, 16, 3, 0.75
1712737002, 0, 7420, 12461, 12278, 4531, 18.06%, 6, 16, 3, 1655.55
1712737202, 0, 7461, 12462, 12278, 4531, 18.06%, 6, 16, 3, 1747.59
1712737217, 0, 7576, 12462, 12277, 4531, 18.06%, 6, 16, 3, 1791.64
1712737412, 0, 7609, 12462, 12276, 4530, 18.06%, 6, 16, 3, 1816.90
1712737423, 0, 7611, 12462, 12275, 4529, 18.06%, 6, 16, 3, 1760.47
1712737618, 0, 7619, 12462, 12274, 4527, 18.06%, 6, 16, 3, 1890.41
1712737623, 0, 7648, 12464, 12275, 4526, 18.06%, 6, 16, 3, 1895.48
1712737633, 0, 7671, 12464, 12274, 4527, 18.06%, 6, 16, 3, 1738.48
1712737823, 0, 7726, 12464, 12273, 4526, 18.06%, 6, 16, 3, 1.65
1712737833, 0, 7766, 12464, 12272, 4525, 18.06%, 6, 16, 3, 1816.17
1712738033, 0, 7955, 12464, 12271, 4524, 18.06%, 6, 16, 3, 1.66
1712738039, 0, 8111, 12464, 12270, 4523, 18.06%, 6, 16, 3, 1930.91
1712738244, 0, 8133, 12465, 12270, 4522, 18.06%, 6, 16, 3, 0.85
1712738249, 0, 8133, 12466, 12271, 4522, 18.06%, 6, 16, 3, 1771.11
1712738454, 0, 8133, 12467, 12272, 4522, 18.07%, 6, 16, 3, 1.60
1712738469, 0, 8146, 12467, 12271, 4522, 18.07%, 6, 16, 3, 1830.41
1712740452, 0, 8174, 12467, 12270, 4521, 18.07%, 6, 16, 3, 1929.01
1712740472, 0, 8243, 12467, 12269, 4520, 18.07%, 6, 16, 3, 1897.56
1712740477, 0, 8256, 12467, 12268, 4519, 18.07%, 6, 16, 3, 1972.54
1712740492, 0, 8293, 12467, 12267, 4518, 18.07%, 6, 16, 3, 1869.84
1712740502, 0, 8293, 12474, 12273, 4517, 18.12%, 6, 16, 3, 1913.65
1712740508, 0, 8457, 12975, 12774, 4606, 18.39%, 6, 16, 3, 1154.94
1712740513, 0, 8457, 12976, 12775, 4606, 18.39%, 6, 16, 3, 1486.90
1712740518, 0, 8490, 12976, 12774, 4606, 18.39%, 6, 16, 3, 1805.66
1712740548, 0, 8569, 12976, 12773, 4605, 18.39%, 6, 16, 3, 1875.67
1712740558, 0, 8571, 12976, 12772, 4604, 18.39%, 6, 16, 3, 1894.48
1712740774, 0, 8606, 12976, 12771, 4603, 18.39%, 6, 16, 3, 1901.23
1712740779, 0, 8606, 12977, 12772, 4603, 18.39%, 6, 16, 3, 1853.92
1712740784, 0, 8640, 12983, 12777, 4603, 18.39%, 6, 16, 3, 1544.76
1712753812, 0, 8640, 12983, 12777, 4603, 18.39%, 6, 17, 3, 1.05
1712755295, 0, 8640, 12984, 12778, 4603, 18.39%, 6, 17, 3, 655.01
1712755300, 0, 8795, 12984, 12777, 4602, 18.39%, 6, 17, 3, 1478.31
1712755305, 0, 8795, 12988, 12781, 4602, 18.40%, 6, 17, 3, 1490.85
1712755310, 0, 8795, 12989, 12782, 4602, 18.40%, 6, 17, 3, 1541.05
1712756081, 0, 8796, 12990, 12782, 4605, 18.40%, 6, 17, 3, 1510.52
1712756096, 0, 8842, 12991, 12782, 4604, 18.40%, 6, 17, 3, 1514.98
1712756112, 0, 8913, 12991, 12781, 4604, 18.40%, 6, 17, 3, 1545.78
1712756142, 0, 8913, 13444, 13233, 4603, 18.68%, 7, 17, 3, 1067.66
1712756147, 0, 8965, 13695, 13484, 4687, 18.72%, 7, 17, 3, 1172.90
1712756158, 0, 8965, 13696, 13485, 4687, 18.72%, 7, 17, 3, 1572.50
1712756178, 0, 9045, 13696, 13484, 4685, 18.72%, 7, 17, 3, 1561.95
1712756198, 0, 9051, 13697, 13484, 4684, 18.73%, 7, 17, 3, 1489.31
1712756213, 0, 9067, 13697, 13483, 4684, 18.73%, 7, 17, 3, 1528.08
1712756238, 0, 9152, 13697, 13482, 4682, 18.73%, 7, 17, 3, 1507.29
1712756258, 0, 9250, 13715, 13499, 4681, 18.73%, 7, 17, 3, 1462.54
1712756264, 0, 9250, 13719, 13503, 4681, 18.73%, 7, 17, 3, 1460.02
1712756274, 0, 9250, 13720, 13504, 4681, 18.73%, 7, 17, 3, 1595.63
1712756279, 0, 9250, 13724, 13508, 4681, 18.73%, 7, 17, 3, 1531.94
1712756284, 0, 9250, 13726, 13510, 4681, 18.73%, 7, 17, 3, 1500.77
1712756294, 0, 9259, 13730, 13513, 4681, 18.74%, 7, 17, 3, 1485.66
1712756304, 0, 9260, 13731, 13513, 4683, 18.74%, 7, 17, 3, 1572.06
1712756355, 0, 9303, 13731, 13512, 4682, 18.74%, 7, 17, 3, 1468.44
1712756366, 0, 9303, 13732, 13513, 4682, 18.74%, 7, 17, 3, 1642.17
1712756371, 0, 9319, 13732, 13512, 4682, 18.74%, 7, 17, 3, 1530.78
1712756376, 0, 9319, 13733, 13513, 4682, 18.74%, 7, 17, 3, 1493.03
1712756421, 0, 9327, 13734, 13513, 4681, 18.74%, 7, 17, 3, 1347.91
1712756431, 0, 9365, 13734, 13512, 4679, 18.74%, 7, 17, 3, 1420.63
1712756442, 0, 9365, 13735, 13513, 4679, 18.74%, 7, 17, 3, 1822.26
1712756447, 0, 9421, 13736, 13513, 4679, 18.74%, 7, 17, 3, 1833.09
1712756467, 0, 9485, 13736, 13512, 4678, 18.74%, 7, 17, 3, 2004.95
1712756502, 0, 9503, 13736, 13511, 4677, 18.74%, 7, 17, 3, 1738.21
1712756522, 0, 9535, 13736, 13510, 4676, 18.74%, 7, 17, 3, 1788.24
1712756538, 0, 9543, 13736, 13509, 4675, 18.74%, 7, 17, 3, 2004.07
1712756543, 0, 9564, 13736, 13508, 4674, 18.74%, 7, 17, 3, 2006.82
1712757609, 0, 9619, 13736, 13507, 4673, 18.74%, 7, 17, 3, 1610.01
1712757624, 0, 9627, 13736, 13506, 4672, 18.74%, 7, 17, 3, 1602.67
1712757825, 0, 9633, 13751, 13520, 4673, 18.74%, 7, 17, 3, 1470.00
1712757835, 0, 9633, 13752, 13521, 4673, 18.74%, 7, 17, 3, 1640.37
1712758025, 0, 9661, 13752, 13520, 4673, 18.74%, 7, 17, 3, 1785.08
1712758035, 0, 9664, 13752, 13519, 4672, 18.74%, 7, 17, 3, 1707.70
1712758230, 0, 9728, 13752, 13518, 4671, 18.74%, 7, 17, 3, 1.35
1712758441, 0, 9747, 13752, 13517, 4670, 18.74%, 7, 17, 3, 1.16
1712758451, 0, 9747, 13753, 13518, 4670, 18.74%, 7, 17, 3, 1588.06
1712758671, 0, 9747, 13754, 13519, 4670, 18.74%, 7, 17, 3, 1594.52
1712759302, 0, 9831, 13755, 13519, 4670, 18.74%, 7, 17, 3, 1558.13
1712759503, 0, 9833, 13755, 13518, 4669, 18.74%, 7, 17, 3, 1839.69
1712759513, 0, 9838, 13755, 13517, 4668, 18.74%, 7, 17, 3, 1614.13
1712762439, 0, 9902, 13756, 13517, 4667, 18.75%, 7, 17, 3, 1.20
1712762454, 0, 9995, 13756, 13516, 4667, 18.75%, 7, 17, 3, 1349.26
1712762660, 0, 10032, 13837, 13596, 4675, 18.76%, 7, 17, 3, 1334.48
1712762865, 0, 10145, 13838, 13596, 4674, 18.76%, 7, 17, 3, 1667.82
1712762880, 0, 10227, 13838, 13595, 4673, 18.76%, 7, 17, 3, 1650.76
1712762885, 0, 10227, 13841, 13598, 4673, 18.77%, 7, 17, 3, 1566.63
1712763090, 0, 10280, 13841, 13597, 4673, 18.77%, 7, 17, 3, 1587.14
1712763306, 0, 10300, 13841, 13596, 4672, 18.77%, 7, 17, 3, 1588.67
1712763491, 0, 10300, 13841, 13596, 4672, 18.77%, 7, 18, 3, 1.29
1712763496, 0, 10300, 13845, 13600, 4672, 18.77%, 7, 18, 3, 1448.52
1712763516, 0, 10300, 13846, 13601, 4672, 18.77%, 7, 18, 3, 1381.51
1712763822, 0, 10300, 13847, 13602, 4672, 18.77%, 7, 18, 3, 1644.76
1712763878, 0, 10300, 13848, 13603, 4672, 18.77%, 7, 18, 3, 1700.39
1712763949, 0, 10311, 13896, 13650, 4673, 18.78%, 7, 18, 3, 1220.20
1712763970, 0, 10370, 13896, 13649, 4672, 18.78%, 7, 18, 3, 1956.23
1712763985, 0, 10542, 13896, 13648, 4671, 18.78%, 7, 18, 3, 2002.74
1712764030, 0, 10681, 13896, 13647, 4670, 18.78%, 7, 18, 3, 1908.68
1712764066, 0, 10713, 13896, 13646, 4669, 18.78%, 7, 18, 3, 1862.05
1712764091, 0, 10713, 13898, 13648, 4669, 18.78%, 7, 18, 3, 1896.80
1712764187, 0, 10713, 13899, 13649, 4669, 18.78%, 7, 18, 3, 2026.43
1712764253, 0, 10847, 13899, 13648, 4668, 18.78%, 7, 18, 3, 2207.36
1712764303, 0, 10872, 13899, 13647, 4667, 18.78%, 7, 18, 3, 1832.98
1712764349, 0, 11138, 13899, 13646, 4666, 18.78%, 7, 18, 3, 1857.43
1712764394, 0, 11217, 13899, 13645, 4665, 18.78%, 7, 18, 3, 1870.93
1712764410, 0, 11224, 13899, 13644, 4664, 18.78%, 7, 18, 3, 1948.28
1712764470, 0, 11231, 13900, 13644, 4663, 18.78%, 7, 18, 3, 1648.18
1712764511, 0, 11268, 13900, 13643, 4663, 18.78%, 7, 18, 3, 1954.96
1712764531, 0, 11268, 13901, 13644, 4663, 18.78%, 7, 18, 3, 2028.07
1712764536, 0, 11269, 13901, 13643, 4663, 18.78%, 7, 18, 3, 1894.58
1712764592, 0, 11294, 13901, 13642, 4662, 18.78%, 7, 18, 3, 1971.08
1712764597, 0, 11294, 13902, 13643, 4662, 18.79%, 7, 18, 3, 2030.86
1712764647, 0, 11342, 13902, 13642, 4662, 18.79%, 7, 18, 3, 1857.64
1712764663, 0, 11382, 13902, 13641, 4661, 18.79%, 7, 18, 3, 2090.47
1712764678, 0, 11387, 13902, 13640, 4660, 18.79%, 7, 18, 3, 2094.08
1712764733, 0, 11394, 13902, 13639, 4659, 18.79%, 7, 18, 3, 1924.93
1712764748, 0, 11417, 13902, 13638, 4658, 18.79%, 7, 18, 3, 1845.07
1712764763, 0, 11511, 13903, 13638, 4657, 18.79%, 7, 18, 3, 1935.12
1712764779, 0, 11543, 13904, 13638, 4657, 18.79%, 7, 18, 3, 2021.11
1712764839, 0, 11548, 13905, 13638, 4657, 18.79%, 7, 18, 3, 1818.70
1712764859, 0, 11553, 13905, 13637, 4657, 18.79%, 7, 18, 3, 1803.33
1712764940, 0, 11577, 13905, 13636, 4656, 18.79%, 7, 18, 3, 1817.82
1712765007, 0, 11582, 13906, 13636, 4655, 18.79%, 7, 18, 3, 1803.37
1712765022, 0, 11628, 13906, 13635, 4654, 18.79%, 7, 18, 3, 1841.98
1712765032, 0, 11656, 13906, 13634, 4653, 18.79%, 7, 18, 3, 1819.11
1712765088, 0, 11656, 13908, 13636, 4653, 18.79%, 7, 18, 3, 1696.35
1712765093, 0, 11755, 13908, 13635, 4651, 18.79%, 7, 18, 3, 1719.19
1712765104, 0, 11814, 13908, 13634, 4650, 18.79%, 7, 18, 3, 1919.05
1712765114, 0, 11848, 13908, 13633, 4649, 18.79%, 7, 18, 3, 1802.41
1712765119, 0, 11848, 13909, 13634, 4649, 18.80%, 7, 18, 3, 1685.98
1712765180, 0, 11962, 13909, 13633, 4649, 18.80%, 7, 18, 3, 1937.38
1712765236, 0, 12226, 13909, 13632, 4648, 18.80%, 7, 18, 3, 1841.47
1712765256, 0, 12340, 13910, 13632, 4647, 18.80%, 7, 18, 3, 1668.23
1712765322, 0, 12374, 13911, 13632, 4647, 18.80%, 7, 18, 3, 1836.10
1712765332, 0, 12398, 13911, 13631, 4647, 18.80%, 7, 18, 3, 1809.10
1712765398, 0, 12462, 13911, 13630, 4646, 18.80%, 7, 18, 3, 1915.06
1712765403, 0, 12599, 13911, 13629, 4645, 18.80%, 7, 18, 3, 1833.48
1712765408, 0, 12599, 13912, 13630, 4645, 18.80%, 7, 18, 3, 1833.47
1712765453, 0, 12614, 13913, 13630, 4645, 18.80%, 7, 18, 3, 1798.41
1712765484, 0, 12633, 13913, 13629, 4645, 18.80%, 7, 18, 3, 1937.71
1712765494, 0, 12686, 13913, 13628, 4644, 18.80%, 7, 18, 3, 1919.95
1712765560, 0, 12697, 13913, 13627, 4643, 18.80%, 7, 18, 3, 1951.38
1712765626, 0, 12770, 13913, 13626, 4642, 18.80%, 7, 18, 3, 1958.30
1712765676, 0, 12854, 13913, 13625, 4641, 18.80%, 7, 18, 3, 1832.38
1712765737, 0, 12865, 13915, 13626, 4640, 18.80%, 7, 18, 3, 2018.78
1712765747, 0, 12893, 13915, 13625, 4640, 18.80%, 7, 18, 3, 1921.53
1712765803, 0, 12904, 13915, 13624, 4639, 18.80%, 7, 18, 3, 1879.06
1712765863, 0, 12932, 13915, 13623, 4638, 18.80%, 7, 18, 3, 1828.25
1712766035, 0, 12932, 13916, 13624, 4638, 18.80%, 7, 18, 3, 1494.48
1712766040, 0, 12942, 13916, 13623, 4638, 18.80%, 7, 18, 3, 1399.75
1712766461, 0, 13006, 13919, 13625, 4637, 18.81%, 7, 18, 3, 1539.94
1712766651, 0, 13019, 13919, 13624, 4639, 18.81%, 7, 18, 3, 1693.83
1712766861, 0, 13019, 13920, 13625, 4639, 18.81%, 7, 18, 3, 1543.10
1712766866, 0, 13058, 13920, 13624, 4639, 18.81%, 7, 18, 3, 1670.82
1712766881, 0, 13071, 13922, 13625, 4638, 18.81%, 7, 18, 3, 1454.52
1712767077, 0, 13091, 13922, 13624, 4639, 18.81%, 7, 18, 3, 1530.82
1712767082, 0, 13091, 13935, 13637, 4639, 18.82%, 7, 18, 3, 1514.20
1712767087, 0, 13091, 13936, 13638, 4639, 18.82%, 7, 18, 3, 1556.55
1712767092, 0, 13091, 13937, 13639, 4639, 18.82%, 7, 18, 3, 1562.54
1712767277, 0, 13091, 13938, 13640, 4639, 18.82%, 7, 18, 3, 0.67
1712767282, 0, 13100, 13939, 13640, 4643, 18.82%, 7, 18, 3, 1758.33
1712767302, 0, 13156, 13939, 13639, 4643, 18.82%, 7, 18, 3, 1711.62
1712767487, 0, 13156, 13940, 13640, 4643, 18.82%, 7, 18, 3, 0.57
1712767507, 0, 13165, 13940, 13639, 4643, 18.82%, 7, 18, 3, 1495.88
1712767703, 0, 13190, 13940, 13638, 4642, 18.82%, 7, 18, 3, 1741.77
1712767718, 0, 13237, 13940, 13637, 4641, 18.82%, 7, 18, 3, 1606.87
1712767723, 0, 13237, 13941, 13638, 4641, 18.82%, 7, 18, 3, 1611.62
1712767923, 0, 13237, 13944, 13641, 4641, 18.82%, 7, 18, 3, 1669.33
1712767933, 0, 13295, 13944, 13640, 4642, 18.82%, 7, 18, 3, 1630.76
1712768850, 0, 13295, 13945, 13641, 4642, 18.82%, 7, 18, 3, 1850.72
1712768855, 0, 13297, 13945, 13640, 4642, 18.82%, 7, 18, 3, 1701.30
1712768870, 0, 13297, 13952, 13647, 4642, 18.83%, 7, 18, 3, 1744.38
1712768895, 0, 13297, 13953, 13648, 4642, 18.83%, 7, 18, 3, 1709.12
1712768966, 0, 13297, 13954, 13649, 4642, 18.83%, 7, 18, 3, 1689.71
1712768986, 0, 13297, 13955, 13650, 4642, 18.83%, 7, 18, 3, 1715.47
1712769006, 0, 13297, 13956, 13651, 4642, 18.83%, 7, 18, 3, 1761.54
1712769011, 0, 13297, 13966, 13661, 4642, 18.83%, 7, 18, 3, 1414.51
1712769016, 0, 13297, 13968, 13663, 4642, 18.83%, 7, 18, 3, 1377.11
1712769026, 0, 13299, 14086, 13780, 4653, 18.85%, 7, 18, 3, 1547.29
1712769042, 0, 13308, 14086, 13779, 4652, 18.85%, 7, 18, 3, 1911.79
1712769052, 0, 13331, 14086, 13778, 4651, 18.85%, 7, 18, 3, 1725.08
1712769057, 0, 13331, 14087, 13779, 4651, 18.85%, 7, 18, 3, 1602.50
1712769067, 0, 13331, 14090, 13782, 4651, 18.85%, 7, 18, 3, 1585.44
1712769072, 0, 13331, 14091, 13783, 4651, 18.85%, 7, 18, 3, 1589.41
1712769138, 0, 13331, 14092, 13784, 4651, 18.85%, 7, 18, 3, 1535.29
1712769148, 0, 13331, 14093, 13785, 4651, 18.85%, 7, 18, 3, 1537.36
1712769244, 0, 13331, 14096, 13788, 4651, 18.85%, 7, 18, 3, 1399.07
1712769250, 0, 13331, 14097, 13789, 4651, 18.85%, 7, 18, 3, 1317.76
1712769260, 0, 13366, 14101, 13792, 4651, 18.85%, 7, 18, 3, 1685.25
1712769265, 0, 13366, 14104, 13795, 4651, 18.86%, 7, 18, 3, 1864.31
1712769280, 0, 13377, 14104, 13794, 4655, 18.86%, 7, 18, 3, 1844.40
1712769290, 0, 13377, 14107, 13797, 4655, 18.86%, 7, 18, 3, 1841.18
1712769300, 0, 13430, 14107, 13796, 4657, 18.86%, 7, 18, 3, 1892.47
1712769320, 0, 13524, 14107, 13795, 4656, 18.86%, 7, 18, 3, 1593.42
1712769325, 0, 13524, 14108, 13796, 4656, 18.86%, 7, 18, 3, 1379.01
1712769341, 0, 13524, 14109, 13797, 4656, 18.86%, 7, 18, 3, 1077.45
1712769376, 0, 13524, 14111, 13799, 4656, 18.86%, 7, 18, 3, 1201.54
1712769498, 0, 13524, 14112, 13800, 4656, 18.86%, 7, 18, 3, 1225.95
1712769553, 0, 13524, 14113, 13801, 4656, 18.86%, 7, 18, 3, 1128.98
1712769569, 0, 13524, 14115, 13803, 4656, 18.86%, 7, 18, 3, 1249.80
1712769584, 0, 13560, 14116, 13803, 4656, 18.86%, 7, 18, 3, 1303.62
1712769599, 0, 13670, 14116, 13802, 4655, 18.86%, 7, 18, 3, 1710.31
1712769630, 0, 13726, 14118, 13803, 4654, 18.86%, 7, 18, 3, 1753.21
1712769640, 0, 13727, 14118, 13802, 4655, 18.86%, 7, 18, 3, 1867.20
1712769650, 0, 13751, 14118, 13801, 4654, 18.86%, 7, 18, 3, 1846.77
1712769655, 0, 13751, 14121, 13804, 4654, 18.86%, 7, 18, 3, 1856.86
1712769665, 0, 13755, 14121, 13803, 4654, 18.86%, 7, 18, 3, 1719.54
1712769675, 0, 13781, 14122, 13803, 4653, 18.87%, 7, 18, 3, 1796.80
1712770227, 0, 13790, 14122, 13802, 4653, 18.87%, 7, 18, 3, 1593.61
1712770232, 0, 13790, 14124, 13804, 4653, 18.87%, 7, 18, 3, 1380.04
1712770237, 0, 13790, 14129, 13809, 4653, 18.87%, 7, 18, 3, 1232.01
1712770242, 0, 13790, 14130, 13810, 4653, 18.87%, 7, 18, 3, 1168.80
1712770432, 0, 13790, 14133, 13813, 4653, 18.87%, 7, 18, 3, 0.76
1712770437, 0, 13790, 14138, 13818, 4653, 18.87%, 7, 18, 3, 1442.57
1712770653, 0, 13790, 14139, 13819, 4653, 18.87%, 7, 18, 3, 1420.95
1712770868, 0, 13790, 14140, 13820, 4653, 18.87%, 7, 18, 3, 1424.13
1712772115, 0, 13790, 14140, 13820, 4653, 18.87%, 7, 19, 3, 1.10
1712772131, 0, 13790, 14141, 13821, 4653, 18.87%, 7, 19, 3, 1402.98
1712772141, 0, 13790, 14146, 13826, 4653, 18.87%, 7, 19, 3, 1107.21
