# relative_time, cycles_done, cur_item, corpus_count, pending_total, pending_favs, map_size, saved_crashes, saved_hangs, max_depth, execs_per_sec, total_execs, edges_found
156, 0, 0, 80, 80, 5, 3.12%, 0, 0, 2, 0.08, 783, 930
161, 0, 0, 129, 129, 5, 3.34%, 0, 0, 2, 155.16, 1586, 997
166, 0, 0, 155, 155, 5, 3.45%, 0, 0, 2, 122.11, 2192, 1029
171, 0, 0, 169, 169, 5, 3.53%, 0, 0, 2, 113.97, 2738, 1052
177, 0, 0, 186, 186, 5, 3.55%, 0, 0, 2, 109.88, 3309, 1060
182, 0, 0, 199, 199, 5, 3.60%, 0, 0, 2, 106.04, 3876, 1075
4214, 0, 0, 205, 205, 5, 3.62%, 0, 0, 2, 0.00, 4348, 1079
4365, 0, 0, 205, 205, 5, 3.62%, 0, 0, 2, 0.07, 4358, 1079
4370, 0, 0, 217, 217, 5, 3.64%, 0, 0, 2, 93.23, 4895, 1087
4375, 0, 0, 223, 223, 5, 3.67%, 0, 0, 2, 94.28, 5378, 1095
4380, 0, 0, 231, 231, 5, 3.69%, 0, 0, 2, 104.74, 5910, 1101
4385, 0, 0, 239, 239, 5, 3.69%, 0, 0, 2, 105.54, 6462, 1102
4390, 0, 0, 247, 247, 5, 3.71%, 0, 0, 2, 109.81, 7004, 1107
4575, 0, 0, 249, 249, 5, 3.71%, 0, 0, 2, 0.06, 7444, 1108
4580, 0, 0, 251, 251, 5, 3.71%, 0, 0, 2, 89.17, 7914, 1108
4585, 0, 0, 253, 253, 5, 3.71%, 0, 0, 2, 96.55, 8412, 1108
4590, 0, 0, 259, 259, 5, 3.72%, 0, 0, 2, 103.90, 8966, 1111
4595, 0, 0, 262, 262, 5, 3.73%, 0, 0, 2, 110.50, 9519, 1114
4600, 0, 0, 267, 267, 5, 3.77%, 0, 0, 2, 113.90, 10082, 1125
4785, 0, 0, 270, 270, 5, 3.78%, 0, 0, 2, 0.11, 10549, 1127
4790, 0, 0, 272, 272, 5, 3.78%, 0, 0, 2, 106.50, 11075, 1128
4795, 0, 0, 275, 275, 5, 3.79%, 0, 0, 2, 102.43, 11582, 1130
4801, 0, 0, 277, 277, 5, 3.79%, 0, 0, 2, 106.82, 12144, 1131
4806, 0, 0, 278, 278, 5, 3.79%, 0, 0, 2, 99.93, 12639, 1131
4811, 0, 0, 280, 280, 5, 3.79%, 0, 0, 2, 104.77, 13159, 1131
4995, 0, 0, 282, 282, 5, 3.79%, 0, 0, 2, 0.08, 13659, 1131
5001, 0, 0, 284, 284, 5, 3.79%, 0, 0, 2, 89.26, 14140, 1131
5006, 0, 0, 288, 288, 5, 3.79%, 0, 0, 2, 111.36, 14741, 1132
5011, 0, 0, 294, 294, 5, 3.80%, 0, 0, 2, 111.76, 15295, 1134
5016, 0, 0, 295, 295, 5, 3.80%, 0, 0, 2, 113.95, 15902, 1134
5021, 0, 1, 343, 342, 4, 4.12%, 0, 0, 2, 2173.33, 16896, 1229
5206, 0, 1, 1178, 1177, 4, 8.63%, 0, 0, 2, 0.33, 24582, 2575
5211, 0, 1, 2266, 2265, 4, 12.56%, 0, 0, 2, 1691.01, 33365, 3747
5216, 0, 1, 3269, 3268, 4, 15.76%, 0, 0, 2, 1598.02, 41437, 4701
5221, 0, 1, 4268, 4267, 4, 18.51%, 0, 0, 2, 1590.59, 49446, 5522
5226, 0, 1, 5254, 5253, 4, 21.42%, 0, 0, 2, 1575.17, 57350, 6389
5231, 0, 1, 6274, 6273, 4, 24.27%, 0, 0, 2, 1673.45, 65527, 7239
5416, 0, 1, 7344, 7343, 4, 27.04%, 0, 0, 2, 0.40, 74103, 8067
5421, 0, 48, 7756, 7755, 3106, 27.40%, 0, 0, 2, 98.63, 77646, 8174
5427, 0, 48, 7756, 7755, 3106, 27.40%, 0, 0, 2, 104.75, 78187, 8174
5432, 0, 73, 7756, 7754, 3106, 27.40%, 0, 0, 2, 110.81, 78745, 8174
5437, 0, 102, 7756, 7753, 3105, 27.40%, 0, 0, 2, 106.28, 79277, 8174
5442, 0, 124, 7756, 7752, 3104, 27.40%, 0, 0, 2, 99.89, 79785, 8174
5627, 0, 124, 7756, 7752, 3104, 27.40%, 0, 0, 2, 0.06, 80191, 8174
5632, 0, 139, 7756, 7751, 3103, 27.40%, 0, 0, 2, 101.63, 80727, 8174
5637, 0, 142, 7756, 7750, 3102, 27.40%, 0, 0, 2, 101.54, 81243, 8174
5642, 0, 142, 7756, 7750, 3102, 27.40%, 0, 0, 2, 93.39, 81742, 8174
5647, 0, 159, 7756, 7749, 3101, 27.40%, 0, 0, 2, 100.10, 82263, 8174
5652, 0, 164, 7758, 7750, 3100, 27.40%, 0, 0, 3, 103.19, 82779, 8174
5837, 0, 164, 7759, 7751, 3100, 27.40%, 0, 0, 3, 0.02, 83260, 8174
5842, 0, 164, 7759, 7751, 3100, 27.40%, 0, 0, 3, 108.96, 83832, 8174
5847, 0, 164, 7759, 7751, 3100, 27.40%, 0, 0, 3, 106.98, 84370, 8174
5852, 0, 164, 7759, 7751, 3100, 27.40%, 0, 0, 3, 108.23, 84922, 8174
5857, 0, 164, 7760, 7752, 3100, 27.40%, 0, 0, 3, 102.74, 85443, 8174
5862, 0, 164, 7761, 7753, 3100, 27.40%, 0, 0, 3, 100.35, 85966, 8174
6047, 0, 164, 7761, 7753, 3100, 27.40%, 0, 0, 3, 0.10, 86458, 8174
6052, 0, 164, 7761, 7753, 3100, 27.40%, 0, 0, 3, 104.50, 87032, 8174
6057, 0, 164, 7762, 7754, 3100, 27.40%, 0, 0, 3, 108.54, 87579, 8174
6063, 0, 164, 7762, 7754, 3100, 27.40%, 0, 0, 3, 97.00, 88069, 8174
6068, 0, 164, 7762, 7754, 3100, 27.40%, 0, 0, 3, 102.57, 88599, 8174
6073, 0, 164, 7762, 7754, 3100, 27.40%, 0, 0, 3, 111.61, 89145, 8174
6257, 0, 164, 7762, 7754, 3100, 27.40%, 0, 0, 3, 0.06, 89623, 8174
6263, 0, 164, 7762, 7754, 3100, 27.40%, 0, 0, 3, 107.93, 90177, 8174
6268, 0, 164, 7762, 7754, 3100, 27.40%, 0, 0, 3, 103.89, 90687, 8174
6273, 0, 164, 7762, 7754, 3100, 27.40%, 0, 0, 3, 102.81, 91203, 8174
6278, 0, 164, 7762, 7754, 3100, 27.40%, 0, 0, 3, 105.87, 91769, 8174
6283, 0, 164, 7762, 7754, 3100, 27.40%, 0, 0, 3, 110.22, 92343, 8174
8572, 0, 164, 7762, 7754, 3100, 27.40%, 0, 0, 3, 0.00, 92823, 8174
8578, 0, 164, 7762, 7754, 3100, 27.40%, 0, 0, 3, 95.53, 93324, 8174
8585, 0, 164, 7762, 7754, 3100, 27.40%, 0, 0, 3, 7.87, 93830, 8174
8590, 0, 164, 7762, 7754, 3100, 27.40%, 0, 0, 3, 104.91, 94389, 8174
8596, 0, 164, 7762, 7754, 3100, 27.40%, 0, 0, 3, 114.40, 94995, 8174
8601, 0, 164, 7762, 7754, 3100, 27.40%, 0, 0, 3, 112.71, 95565, 8174
8783, 0, 164, 7762, 7754, 3100, 27.40%, 0, 0, 3, 0.07, 95753, 8174
8788, 0, 164, 7762, 7754, 3100, 27.40%, 0, 0, 3, 99.41, 96279, 8174
8793, 0, 164, 7762, 7754, 3100, 27.40%, 0, 0, 3, 96.83, 96782, 8174
8798, 0, 166, 7762, 7753, 3099, 27.40%, 0, 0, 3, 105.69, 97335, 8174
8803, 0, 167, 7998, 7988, 3098, 27.70%, 0, 0, 3, 1182.18, 99666, 8263
8808, 0, 187, 8128, 8118, 3149, 27.87%, 0, 0, 3, 148.96, 102154, 8313
8993, 0, 187, 8128, 8118, 3149, 27.87%, 0, 0, 3, 0.04, 102573, 8313
8998, 0, 199, 8128, 8117, 3148, 27.87%, 0, 0, 3, 98.10, 103068, 8313
9003, 0, 199, 8128, 8117, 3148, 27.87%, 0, 0, 3, 96.93, 103580, 8313
9008, 0, 246, 8128, 8115, 3147, 27.87%, 0, 0, 3, 90.05, 104037, 8313
9013, 0, 246, 8129, 8116, 3147, 27.87%, 0, 0, 3, 87.20, 104471, 8313
9018, 0, 246, 8129, 8116, 3147, 27.87%, 0, 0, 3, 100.64, 104995, 8313
9203, 0, 246, 8129, 8116, 3147, 27.87%, 0, 0, 3, 0.04, 105452, 8313
9209, 0, 260, 8129, 8115, 3146, 27.87%, 0, 0, 3, 86.24, 105899, 8313
9214, 0, 260, 8129, 8115, 3146, 27.87%, 0, 0, 3, 103.54, 106430, 8313
9219, 0, 269, 8129, 8114, 3145, 27.87%, 0, 0, 3, 101.18, 106930, 8313
9224, 0, 273, 8129, 8113, 3144, 27.87%, 0, 0, 3, 96.54, 107414, 8313
9229, 0, 273, 8130, 8114, 3144, 27.87%, 0, 0, 3, 101.03, 107929, 8313
9414, 0, 273, 8130, 8114, 3144, 27.87%, 0, 0, 3, 0.08, 108413, 8313
9419, 0, 276, 8130, 8113, 3143, 27.87%, 0, 0, 3, 90.83, 108914, 8313
9424, 0, 276, 8130, 8113, 3143, 27.87%, 0, 0, 3, 92.00, 109382, 8313
9429, 0, 278, 8130, 8112, 3143, 27.87%, 0, 0, 3, 98.24, 109889, 8313
9434, 0, 287, 8130, 8111, 3142, 27.87%, 0, 0, 3, 100.24, 110397, 8313
9439, 0, 287, 8131, 8112, 3142, 27.87%, 0, 0, 3, 97.55, 110905, 8313
9624, 0, 287, 8131, 8112, 3142, 27.87%, 0, 0, 3, 0.03, 111328, 8313
9629, 0, 287, 8131, 8112, 3142, 27.87%, 0, 0, 3, 110.49, 111892, 8313
9634, 0, 323, 8131, 8111, 3142, 27.87%, 0, 0, 3, 155.32, 112623, 8313
9639, 0, 325, 8132, 8111, 3141, 27.87%, 0, 0, 3, 192.68, 113689, 8313
9644, 0, 329, 8133, 8111, 3140, 27.87%, 0, 0, 3, 182.58, 114671, 8313
9649, 0, 329, 8134, 8112, 3140, 27.87%, 0, 0, 3, 204.30, 115755, 8313
9834, 0, 330, 8134, 8111, 3140, 27.87%, 0, 0, 3, 0.29, 116731, 8313
9840, 0, 332, 8136, 8112, 3139, 27.87%, 0, 0, 3, 232.97, 117841, 8313
9845, 0, 332, 8136, 8112, 3139, 27.87%, 0, 0, 3, 214.62, 118913, 8313
9850, 0, 335, 8136, 8110, 3137, 27.87%, 0, 0, 3, 227.42, 120037, 8313
9855, 0, 348, 8136, 8109, 3136, 27.87%, 0, 0, 3, 163.38, 120932, 8313
9860, 0, 348, 8136, 8109, 3136, 27.87%, 0, 0, 3, 116.66, 121457, 8313
10045, 0, 351, 8136, 8108, 3135, 27.87%, 0, 0, 3, 0.09, 121933, 8313
10050, 0, 363, 8136, 8107, 3135, 27.87%, 0, 0, 3, 96.72, 122435, 8313
10055, 0, 363, 8137, 8108, 3135, 27.87%, 0, 0, 3, 78.67, 122784, 8313
10060, 0, 363, 8138, 8109, 3135, 27.87%, 0, 0, 3, 72.32, 123141, 8313
10065, 0, 363, 8138, 8109, 3135, 27.87%, 0, 0, 3, 83.35, 123569, 8313
10070, 0, 363, 8138, 8109, 3135, 27.87%, 0, 0, 3, 85.12, 124033, 8313
10255, 0, 363, 8139, 8110, 3135, 27.87%, 0, 0, 3, 0.10, 124366, 8313
10260, 0, 363, 8139, 8110, 3135, 27.87%, 0, 0, 3, 64.18, 124719, 8313
10266, 0, 363, 8139, 8110, 3135, 27.87%, 0, 0, 3, 70.16, 125097, 8313
10271, 0, 363, 8139, 8110, 3135, 27.87%, 0, 0, 3, 73.18, 125451, 8313
10276, 0, 363, 8139, 8110, 3135, 27.87%, 0, 0, 3, 73.29, 125823, 8313
10281, 0, 363, 8139, 8110, 3135, 27.87%, 0, 0, 3, 78.44, 126218, 8313
12630, 0, 363, 8139, 8110, 3135, 27.87%, 0, 0, 3, 0.01, 126551, 8313
12780, 0, 363, 8139, 8110, 3135, 27.87%, 0, 0, 3, 0.07, 126562, 8313
12785, 0, 363, 8139, 8110, 3135, 27.87%, 0, 0, 3, 72.31, 126921, 8313
12790, 0, 390, 8139, 8109, 3135, 27.87%, 0, 0, 3, 73.08, 127281, 8313
12795, 0, 390, 8139, 8109, 3135, 27.87%, 0, 0, 3, 72.45, 127649, 8313
12801, 0, 391, 8434, 8403, 3134, 28.43%, 0, 1, 3, 139.49, 130187, 8481
12808, 0, 391, 8696, 8665, 3134, 28.92%, 0, 4, 3, 24.00, 132574, 8626
12994, 0, 391, 8708, 8677, 3134, 28.94%, 0, 7, 3, 0.20, 132677, 8632
13001, 0, 391, 8863, 8832, 3134, 29.08%, 0, 10, 3, 32.77, 133925, 8673
13006, 0, 391, 9080, 9049, 3134, 29.40%, 0, 12, 3, 1124.35, 135665, 8769
13011, 0, 391, 9769, 9738, 3134, 31.09%, 0, 12, 3, 1123.52, 141181, 9273
13016, 0, 420, 9973, 9938, 3567, 31.21%, 0, 12, 3, 621.36, 144008, 9311
13201, 0, 432, 9973, 9937, 3566, 31.21%, 0, 12, 3, 0.09, 144608, 9311
13206, 0, 438, 9976, 9939, 3566, 31.21%, 0, 12, 3, 124.15, 145251, 9311
13211, 0, 438, 9976, 9939, 3566, 31.21%, 0, 12, 3, 112.34, 145799, 9311
13216, 0, 438, 9976, 9939, 3566, 31.21%, 0, 12, 3, 118.49, 146399, 9311
13222, 0, 438, 9976, 9939, 3566, 31.21%, 0, 12, 3, 125.41, 147065, 9311
13227, 0, 438, 9977, 9940, 3566, 31.21%, 0, 12, 3, 133.73, 147782, 9311
13411, 0, 438, 9977, 9940, 3566, 31.21%, 0, 12, 3, 0.04, 148226, 9311
13417, 0, 438, 9978, 9941, 3566, 31.21%, 0, 12, 3, 110.24, 148801, 9311
13422, 0, 438, 9980, 9943, 3566, 31.21%, 0, 12, 3, 115.32, 149407, 9311
13427, 0, 438, 9980, 9943, 3566, 31.21%, 0, 12, 3, 102.37, 149939, 9311
13432, 0, 438, 9980, 9943, 3566, 31.21%, 0, 12, 3, 120.73, 150561, 9311
13437, 0, 438, 9980, 9943, 3566, 31.21%, 0, 12, 3, 115.17, 151155, 9311
13622, 0, 438, 9980, 9943, 3566, 31.21%, 0, 12, 3, 0.01, 151839, 9311
13627, 0, 438, 9980, 9943, 3566, 31.21%, 0, 12, 3, 124.98, 152385, 9311
13632, 0, 438, 9981, 9944, 3566, 31.21%, 0, 12, 3, 95.02, 152859, 9311
13637, 0, 438, 9981, 9944, 3566, 31.21%, 0, 12, 3, 110.27, 153412, 9311
13642, 0, 438, 9982, 9945, 3566, 31.21%, 0, 12, 3, 107.41, 153951, 9311
13647, 0, 438, 9982, 9945, 3566, 31.21%, 0, 12, 3, 127.73, 154567, 9311
13832, 0, 438, 9982, 9945, 3566, 31.21%, 0, 12, 3, 0.04, 155153, 9311
13837, 0, 438, 9982, 9945, 3566, 31.21%, 0, 12, 3, 104.62, 155707, 9311
13842, 0, 438, 9982, 9945, 3566, 31.21%, 0, 12, 3, 103.89, 156247, 9311
13847, 0, 438, 9982, 9945, 3566, 31.21%, 0, 12, 3, 106.17, 156783, 9311
13852, 0, 438, 9982, 9945, 3566, 31.21%, 0, 12, 3, 110.95, 157361, 9311
13858, 0, 438, 9982, 9945, 3566, 31.21%, 0, 12, 3, 126.80, 158029, 9311
14042, 0, 438, 9982, 9945, 3566, 31.21%, 0, 12, 3, 0.12, 158569, 9311
14047, 0, 438, 9982, 9945, 3566, 31.21%, 0, 12, 3, 108.47, 159155, 9311
14053, 0, 438, 9982, 9945, 3566, 31.21%, 0, 12, 3, 98.10, 159637, 9311
14058, 0, 438, 9982, 9945, 3566, 31.21%, 0, 12, 3, 126.96, 160313, 9311
14063, 0, 438, 9982, 9945, 3566, 31.21%, 0, 12, 3, 121.82, 160919, 9311
14068, 0, 438, 9982, 9945, 3566, 31.21%, 0, 12, 3, 123.40, 161527, 9311
14253, 0, 438, 9982, 9945, 3566, 31.21%, 0, 12, 3, 0.06, 162067, 9311
14258, 0, 438, 9982, 9945, 3566, 31.21%, 0, 12, 3, 119.11, 162647, 9311
14263, 0, 438, 9982, 9945, 3566, 31.21%, 0, 12, 3, 103.47, 163149, 9311
14268, 0, 438, 9982, 9945, 3566, 31.21%, 0, 12, 3, 125.13, 163827, 9311
14273, 0, 440, 9983, 9945, 3566, 31.21%, 0, 12, 3, 124.91, 164494, 9311
14278, 0, 452, 9984, 9945, 3565, 31.21%, 0, 12, 3, 124.48, 165099, 9311
14463, 0, 452, 9985, 9946, 3565, 31.21%, 0, 12, 3, 0.12, 165738, 9311
14468, 0, 452, 9986, 9947, 3565, 31.21%, 0, 12, 3, 117.42, 166343, 9311
14473, 0, 452, 9986, 9947, 3565, 31.21%, 0, 12, 3, 111.38, 166917, 9311
14479, 0, 452, 9986, 9947, 3565, 31.21%, 0, 12, 3, 105.54, 167401, 9311
14484, 0, 452, 9986, 9947, 3565, 31.21%, 0, 12, 3, 107.23, 167905, 9311
14489, 0, 452, 9986, 9947, 3565, 31.21%, 0, 12, 3, 102.02, 168437, 9311
14673, 0, 452, 9986, 9947, 3565, 31.21%, 0, 12, 3, 0.08, 168899, 9311
14679, 0, 452, 9986, 9947, 3565, 31.21%, 0, 12, 3, 133.85, 169577, 9311
14684, 0, 456, 9987, 9947, 3565, 31.21%, 0, 12, 3, 117.82, 170130, 9311
14689, 0, 456, 9987, 9947, 3565, 31.21%, 0, 12, 3, 103.13, 170638, 9311
14694, 0, 456, 9988, 9948, 3565, 31.21%, 0, 12, 3, 112.04, 171247, 9311
14699, 0, 456, 9989, 9949, 3565, 31.21%, 0, 12, 3, 122.51, 171908, 9311
16988, 0, 456, 9989, 9949, 3565, 31.21%, 0, 12, 3, 0.00, 172408, 9311
16993, 0, 456, 9989, 9949, 3565, 31.21%, 0, 12, 3, 105.23, 172938, 9311
16998, 0, 456, 9989, 9949, 3565, 31.21%, 0, 12, 3, 105.01, 173482, 9311
17003, 0, 456, 9989, 9949, 3565, 31.21%, 0, 12, 3, 105.50, 174030, 9311
17008, 0, 456, 9989, 9949, 3565, 31.21%, 0, 12, 3, 110.04, 174570, 9311
17013, 0, 457, 9992, 9951, 3564, 31.21%, 0, 12, 3, 140.69, 175307, 9311
17198, 0, 457, 9992, 9951, 3564, 31.21%, 0, 12, 3, 0.16, 175963, 9311
17203, 0, 457, 9992, 9951, 3564, 31.21%, 0, 12, 3, 105.25, 176521, 9311
17208, 0, 457, 9992, 9951, 3564, 31.21%, 0, 12, 3, 110.28, 177095, 9311
17213, 0, 457, 9992, 9951, 3564, 31.21%, 0, 12, 3, 125.70, 177721, 9311
17218, 0, 457, 9992, 9951, 3564, 31.21%, 0, 12, 3, 100.83, 178231, 9311
17223, 0, 457, 9992, 9951, 3564, 31.21%, 0, 12, 3, 116.22, 178859, 9311
17408, 0, 457, 9992, 9951, 3564, 31.21%, 0, 12, 3, 0.01, 179313, 9311
17413, 0, 458, 10173, 10131, 3563, 31.38%, 0, 12, 3, 766.58, 181235, 9361
17418, 0, 459, 10207, 10165, 3591, 31.42%, 0, 12, 3, 68.36, 181824, 9371
17423, 0, 459, 10208, 10166, 3591, 31.42%, 0, 12, 3, 99.12, 182340, 9371
17428, 0, 477, 10208, 10165, 3590, 31.42%, 0, 12, 3, 128.04, 182998, 9371
17434, 0, 480, 10210, 10166, 3590, 31.42%, 0, 12, 3, 126.41, 183662, 9371
17619, 0, 480, 10210, 10166, 3590, 31.42%, 0, 12, 3, 0.02, 184146, 9371
17624, 0, 480, 10211, 10167, 3590, 31.42%, 0, 12, 3, 67.89, 184528, 9371
17629, 0, 480, 10211, 10167, 3590, 31.42%, 0, 12, 3, 84.89, 185007, 9371
17634, 0, 480, 10211, 10167, 3590, 31.42%, 0, 12, 3, 80.60, 185409, 9371
17639, 0, 480, 10211, 10167, 3590, 31.42%, 0, 12, 3, 85.11, 185842, 9371
17644, 0, 480, 10211, 10167, 3590, 31.42%, 0, 12, 3, 83.04, 186257, 9371
17829, 0, 480, 10211, 10167, 3590, 31.42%, 0, 12, 3, 0.07, 186718, 9371
17834, 0, 480, 10211, 10167, 3590, 31.42%, 0, 12, 3, 81.24, 187161, 9371
17839, 0, 480, 10211, 10167, 3590, 31.42%, 0, 12, 3, 92.29, 187632, 9371
17844, 0, 480, 10211, 10167, 3590, 31.42%, 0, 12, 3, 88.48, 188074, 9371
17850, 0, 485, 10211, 10166, 3589, 31.42%, 0, 12, 3, 83.32, 188484, 9371
17855, 0, 486, 10211, 10165, 3588, 31.42%, 0, 12, 3, 75.00, 188883, 9371
18039, 0, 493, 10211, 10164, 3587, 31.42%, 0, 12, 3, 0.04, 189355, 9371
18045, 0, 504, 10211, 10163, 3586, 31.42%, 0, 12, 3, 172.68, 190351, 9371
18050, 0, 522, 10211, 10161, 3584, 31.42%, 0, 12, 3, 195.75, 191311, 9371
18055, 0, 526, 10211, 10160, 3583, 31.42%, 0, 12, 3, 192.84, 192328, 9371
18060, 0, 537, 10211, 10158, 3581, 31.42%, 0, 12, 3, 181.18, 193222, 9371
18065, 0, 539, 10211, 10156, 3579, 31.42%, 0, 12, 3, 212.47, 194301, 9371
18250, 0, 544, 10212, 10156, 3578, 31.42%, 0, 12, 3, 0.02, 195280, 9371
18255, 0, 545, 10212, 10155, 3578, 31.42%, 0, 12, 3, 190.46, 196280, 9371
18260, 0, 548, 10213, 10155, 3577, 31.42%, 0, 12, 3, 189.91, 197271, 9371
18265, 0, 551, 10214, 10155, 3577, 31.42%, 0, 12, 3, 181.62, 198187, 9371
18270, 0, 556, 10215, 10155, 3577, 31.42%, 0, 12, 3, 191.38, 199175, 9371
18275, 0, 558, 10215, 10154, 3576, 31.42%, 0, 12, 3, 205.59, 200249, 9371
18460, 0, 561, 10215, 10153, 3575, 31.42%, 0, 12, 3, 0.07, 201128, 9371
18465, 0, 564, 10216, 10152, 3573, 31.42%, 0, 12, 3, 203.14, 202166, 9371
18470, 0, 566, 10216, 10151, 3573, 31.42%, 0, 12, 3, 191.65, 203145, 9371
18475, 0, 568, 10216, 10150, 3572, 31.42%, 0, 12, 3, 185.14, 204054, 9371
18480, 0, 568, 10218, 10152, 3572, 31.42%, 0, 12, 3, 210.11, 205168, 9371
18486, 0, 577, 10218, 10151, 3572, 31.42%, 0, 12, 3, 210.84, 206244, 9371
18670, 0, 584, 10219, 10151, 3572, 31.42%, 0, 12, 3, 0.07, 207368, 9371
18676, 0, 596, 10220, 10150, 3571, 31.42%, 0, 12, 3, 251.02, 208730, 9371
18681, 0, 604, 10220, 10149, 3570, 31.42%, 0, 12, 3, 197.41, 209658, 9371
18686, 0, 607, 10220, 10148, 3569, 31.42%, 0, 12, 3, 155.49, 210439, 9371
18691, 0, 607, 10220, 10148, 3569, 31.42%, 0, 12, 3, 107.69, 210932, 9371
18696, 0, 610, 10220, 10147, 3568, 31.42%, 0, 12, 3, 101.28, 211434, 9371
18881, 0, 610, 10220, 10147, 3568, 31.42%, 0, 12, 3, 0.08, 211866, 9371
18886, 0, 613, 10221, 10147, 3567, 31.42%, 0, 12, 3, 94.29, 212342, 9371
18891, 0, 613, 10221, 10147, 3567, 31.42%, 0, 12, 3, 92.19, 212810, 9371
18896, 0, 613, 10221, 10147, 3567, 31.42%, 0, 12, 3, 91.66, 213266, 9371
18902, 0, 613, 10221, 10147, 3567, 31.42%, 0, 12, 3, 10.96, 213777, 9371
18907, 0, 624, 10221, 10146, 3566, 31.42%, 0, 12, 3, 99.60, 214289, 9371
21196, 0, 624, 10221, 10146, 3566, 31.42%, 0, 12, 3, 0.01, 214659, 9371
21201, 0, 637, 10221, 10145, 3565, 31.42%, 0, 12, 3, 97.19, 215149, 9371
21206, 0, 638, 10222, 10145, 3564, 31.42%, 0, 12, 3, 101.46, 215664, 9371
21211, 0, 638, 10405, 10328, 3600, 31.65%, 0, 12, 3, 81.65, 217542, 9441
21216, 0, 657, 10406, 10328, 3599, 31.65%, 0, 12, 3, 110.19, 218081, 9441
21221, 0, 657, 10406, 10328, 3599, 31.65%, 0, 12, 3, 123.11, 218729, 9441
21406, 0, 657, 10406, 10328, 3599, 31.65%, 0, 12, 3, 0.04, 219211, 9441
21411, 0, 657, 10407, 10329, 3599, 31.65%, 0, 12, 3, 112.54, 219774, 9441
21417, 0, 657, 10408, 10330, 3599, 31.65%, 0, 12, 3, 125.26, 220411, 9441
21422, 0, 657, 10408, 10330, 3599, 31.65%, 0, 12, 3, 137.41, 221107, 9441
21427, 0, 657, 10408, 10330, 3599, 31.65%, 0, 12, 3, 132.27, 221797, 9441
21432, 0, 657, 10408, 10330, 3599, 31.65%, 0, 12, 3, 121.12, 222463, 9441
21617, 0, 657, 10409, 10331, 3599, 31.65%, 0, 12, 3, 0.18, 222972, 9441
21622, 0, 657, 10409, 10331, 3599, 31.65%, 0, 12, 3, 97.32, 223540, 9441
21627, 0, 657, 10409, 10331, 3599, 31.65%, 0, 12, 3, 110.34, 224128, 9441
21632, 0, 657, 10409, 10331, 3599, 31.65%, 0, 12, 3, 110.25, 224698, 9441
21637, 0, 657, 10409, 10331, 3599, 31.65%, 0, 12, 3, 121.55, 225332, 9441
21642, 0, 657, 10409, 10331, 3599, 31.65%, 0, 12, 3, 115.34, 225940, 9441
21827, 0, 657, 10409, 10331, 3599, 31.65%, 0, 12, 3, 0.07, 226434, 9441
21832, 0, 657, 10409, 10331, 3599, 31.65%, 0, 12, 3, 129.85, 227126, 9441
21837, 0, 657, 10409, 10331, 3599, 31.65%, 0, 12, 3, 132.81, 227766, 9441
21842, 0, 657, 10409, 10331, 3599, 31.65%, 0, 12, 3, 158.91, 228544, 9441
21847, 0, 657, 10409, 10331, 3599, 31.65%, 0, 12, 3, 125.88, 229144, 9441
21852, 0, 657, 10409, 10331, 3599, 31.65%, 0, 12, 3, 141.86, 229818, 9441
22037, 0, 657, 10409, 10331, 3599, 31.65%, 0, 12, 3, 0.04, 230406, 9441
22042, 0, 657, 10409, 10331, 3599, 31.65%, 0, 12, 3, 121.54, 230978, 9441
22048, 0, 657, 10409, 10331, 3599, 31.65%, 0, 12, 3, 117.29, 231588, 9441
22053, 0, 662, 10410, 10331, 3599, 31.65%, 0, 12, 3, 113.17, 232189, 9441
22058, 0, 662, 10410, 10331, 3599, 31.65%, 0, 12, 3, 85.71, 232596, 9441
22063, 0, 662, 10410, 10331, 3599, 31.65%, 0, 12, 3, 76.32, 232970, 9441
22248, 0, 666, 10410, 10330, 3598, 31.65%, 0, 12, 3, 0.14, 233353, 9441
22253, 0, 666, 10410, 10330, 3598, 31.65%, 0, 12, 3, 95.05, 233823, 9441
22258, 0, 667, 10410, 10329, 3597, 31.65%, 0, 12, 3, 101.74, 234345, 9441
22263, 0, 667, 10410, 10329, 3597, 31.65%, 0, 12, 3, 96.09, 234824, 9441
22268, 0, 670, 10410, 10328, 3596, 31.65%, 0, 12, 3, 97.10, 235314, 9441
22273, 0, 672, 10410, 10327, 3595, 31.65%, 0, 12, 3, 101.15, 235842, 9441
22458, 0, 672, 10410, 10327, 3595, 31.65%, 0, 12, 3, 0.07, 236254, 9441
22463, 0, 675, 10410, 10326, 3594, 31.65%, 0, 12, 3, 99.59, 236713, 9441
22468, 0, 675, 10411, 10327, 3594, 31.65%, 0, 12, 3, 99.43, 237219, 9441
22473, 0, 675, 10411, 10327, 3594, 31.65%, 0, 12, 3, 96.62, 237704, 9441
22478, 0, 675, 10411, 10327, 3594, 31.65%, 0, 12, 3, 99.67, 238207, 9441
22483, 0, 681, 10411, 10326, 3594, 31.65%, 0, 12, 3, 95.56, 238691, 9441
22668, 0, 681, 10411, 10326, 3594, 31.65%, 0, 12, 3, 0.07, 239071, 9441
22674, 0, 682, 10411, 10325, 3593, 31.65%, 0, 12, 3, 73.31, 239433, 9441
22679, 0, 687, 10412, 10325, 3592, 31.65%, 0, 12, 3, 84.78, 239888, 9441
22684, 0, 687, 10413, 10326, 3592, 31.65%, 0, 12, 3, 72.12, 240239, 9441
22689, 0, 687, 10413, 10326, 3592, 31.65%, 0, 12, 3, 73.49, 240616, 9441
22694, 0, 687, 10413, 10326, 3592, 31.65%, 0, 12, 3, 72.12, 240990, 9441
22879, 0, 687, 10413, 10326, 3592, 31.65%, 0, 12, 3, 0.02, 241356, 9441
22884, 0, 687, 10413, 10326, 3592, 31.65%, 0, 12, 3, 72.11, 241723, 9441
22889, 0, 689, 10413, 10325, 3592, 31.65%, 0, 12, 3, 79.82, 242125, 9441
22894, 0, 689, 10413, 10325, 3592, 31.65%, 0, 12, 3, 76.84, 242511, 9441
22899, 0, 689, 10416, 10328, 3592, 31.65%, 0, 12, 3, 78.45, 242921, 9441
22904, 0, 689, 10416, 10328, 3592, 31.65%, 0, 12, 3, 77.15, 243332, 9441
23089, 0, 689, 10416, 10328, 3592, 31.65%, 0, 12, 3, 0.11, 243699, 9441
23094, 0, 689, 10417, 10329, 3592, 31.65%, 0, 12, 3, 80.45, 244099, 9441
23099, 0, 689, 10417, 10329, 3592, 31.65%, 0, 12, 3, 78.90, 244497, 9441
23104, 0, 689, 10417, 10329, 3592, 31.65%, 0, 12, 3, 75.50, 244886, 9441
23110, 0, 689, 10417, 10329, 3592, 31.65%, 0, 12, 3, 78.28, 245305, 9441
23115, 0, 689, 10418, 10330, 3592, 31.65%, 0, 12, 3, 73.47, 245684, 9441
25404, 0, 689, 10418, 10330, 3592, 31.65%, 0, 12, 3, 0.01, 246033, 9441
25409, 0, 689, 10418, 10330, 3592, 31.65%, 0, 12, 3, 69.99, 246397, 9441
25414, 0, 689, 10418, 10330, 3592, 31.65%, 0, 12, 3, 70.04, 246750, 9441
25419, 0, 689, 10419, 10331, 3592, 31.65%, 0, 12, 3, 85.05, 247212, 9441
25425, 0, 689, 10419, 10331, 3592, 31.65%, 0, 12, 3, 84.84, 247649, 9441
25430, 0, 689, 10419, 10331, 3592, 31.65%, 0, 12, 3, 74.31, 248032, 9441
25614, 0, 689, 10419, 10331, 3592, 31.65%, 0, 12, 3, 0.04, 248319, 9441
25620, 0, 689, 10419, 10331, 3592, 31.65%, 0, 12, 3, 81.86, 248756, 9441
25625, 0, 689, 10419, 10331, 3592, 31.65%, 0, 12, 3, 75.81, 249112, 9441
25630, 0, 689, 10421, 10333, 3592, 31.65%, 0, 12, 3, 75.87, 249494, 9441
25635, 0, 689, 10421, 10333, 3592, 31.65%, 0, 12, 3, 70.38, 249849, 9441
25640, 0, 689, 10422, 10334, 3592, 31.65%, 0, 12, 3, 71.83, 250212, 9441
29461, 0, 689, 10422, 10334, 3592, 31.65%, 0, 12, 3, 0.00, 250524, 9441
29612, 0, 689, 10422, 10334, 3592, 31.65%, 0, 12, 3, 0.06, 250533, 9441
29617, 0, 689, 10422, 10334, 3592, 31.65%, 0, 12, 3, 74.81, 250942, 9441
29622, 0, 689, 10422, 10334, 3592, 31.65%, 0, 12, 3, 74.95, 251320, 9441
29627, 0, 689, 10422, 10334, 3592, 31.65%, 0, 12, 3, 71.86, 251678, 9441
29632, 0, 689, 10422, 10334, 3592, 31.65%, 0, 12, 3, 68.18, 252014, 9441
29637, 0, 689, 10422, 10334, 3592, 31.65%, 0, 12, 3, 74.64, 252393, 9441
29822, 0, 689, 10422, 10334, 3592, 31.65%, 0, 12, 3, 0.03, 252728, 9441
29827, 0, 689, 10422, 10334, 3592, 31.65%, 0, 12, 3, 74.40, 253120, 9441
29832, 0, 689, 10422, 10334, 3592, 31.65%, 0, 12, 3, 75.84, 253500, 9441
29837, 0, 689, 10423, 10335, 3592, 31.65%, 0, 12, 3, 72.52, 253874, 9441
29842, 0, 689, 10423, 10335, 3592, 31.65%, 0, 12, 3, 73.03, 254261, 9441
29848, 0, 689, 10423, 10335, 3592, 31.65%, 0, 12, 3, 77.72, 254681, 9441
30032, 0, 689, 10423, 10335, 3592, 31.65%, 0, 12, 3, 0.03, 255053, 9441
30038, 0, 689, 10423, 10335, 3592, 31.65%, 0, 12, 3, 74.96, 255444, 9441
30043, 0, 689, 10423, 10335, 3592, 31.65%, 0, 12, 3, 75.63, 255817, 9441
30048, 0, 689, 10423, 10335, 3592, 31.65%, 0, 12, 3, 73.08, 256190, 9441
30053, 0, 689, 10423, 10335, 3592, 31.65%, 0, 12, 3, 74.71, 256571, 9441
30058, 0, 689, 10423, 10335, 3592, 31.65%, 0, 12, 3, 73.92, 256949, 9441
30243, 0, 689, 10423, 10335, 3592, 31.65%, 0, 12, 3, 0.03, 257351, 9441
30248, 0, 689, 10423, 10335, 3592, 31.65%, 0, 12, 3, 70.80, 257731, 9441
30253, 0, 689, 10423, 10335, 3592, 31.65%, 0, 12, 3, 71.94, 258101, 9441
30258, 0, 689, 10423, 10335, 3592, 31.65%, 0, 12, 3, 75.70, 258493, 9441
30263, 0, 689, 10423, 10335, 3592, 31.65%, 0, 12, 3, 70.32, 258855, 9441
30268, 0, 689, 10423, 10335, 3592, 31.65%, 0, 12, 3, 74.48, 259239, 9441
30453, 0, 689, 10423, 10335, 3592, 31.65%, 0, 12, 3, 0.01, 259629, 9441
30458, 0, 689, 10423, 10335, 3592, 31.65%, 0, 12, 3, 65.22, 260017, 9441
30463, 0, 689, 10423, 10335, 3592, 31.65%, 0, 12, 3, 68.85, 260361, 9441
30469, 0, 689, 10423, 10335, 3592, 31.65%, 0, 12, 3, 71.35, 260725, 9441
30474, 0, 689, 10423, 10335, 3592, 31.65%, 0, 12, 3, 74.71, 261107, 9441
30479, 0, 690, 10424, 10335, 3592, 31.65%, 0, 12, 3, 75.23, 261513, 9441
30664, 0, 690, 10424, 10335, 3592, 31.65%, 0, 12, 3, 0.05, 261816, 9441
30669, 0, 690, 10425, 10336, 3592, 31.65%, 0, 12, 3, 70.08, 262170, 9441
30674, 0, 690, 10425, 10336, 3592, 31.65%, 0, 12, 3, 76.94, 262573, 9441
30679, 0, 691, 10881, 10791, 3591, 32.93%, 0, 12, 3, 738.16, 266554, 9823
30684, 0, 691, 11399, 11309, 3591, 33.26%, 6, 12, 3, 912.75, 271375, 9921
30689, 0, 707, 11405, 11315, 3761, 33.26%, 6, 12, 3, 75.80, 271809, 9921
30874, 0, 716, 11405, 11314, 3760, 33.26%, 6, 12, 3, 0.04, 272123, 9921
30879, 0, 721, 11405, 11313, 3759, 33.26%, 6, 12, 3, 64.26, 272446, 9921
30884, 0, 721, 11405, 11313, 3759, 33.26%, 6, 12, 3, 77.06, 272860, 9921
30889, 0, 725, 11405, 11312, 3759, 33.26%, 6, 12, 3, 76.78, 273252, 9921
30894, 0, 727, 11405, 11311, 3758, 33.26%, 6, 12, 3, 78.33, 273670, 9921
30899, 0, 728, 11405, 11310, 3757, 33.26%, 6, 12, 3, 83.92, 274096, 9921
33669, 0, 728, 11405, 11310, 3757, 33.26%, 6, 12, 3, 0.00, 274441, 9921
33820, 0, 728, 11405, 11310, 3757, 33.26%, 6, 12, 3, 0.07, 274451, 9921
33825, 0, 728, 11406, 11311, 3757, 33.26%, 6, 12, 3, 63.04, 274799, 9921
33830, 0, 728, 11406, 11311, 3757, 33.26%, 6, 12, 3, 77.82, 275214, 9921
33835, 0, 730, 11406, 11310, 3756, 33.26%, 6, 12, 3, 68.23, 275563, 9921
33840, 0, 731, 11415, 11318, 3755, 33.26%, 6, 12, 3, 391.09, 275973, 9922
33845, 0, 731, 12116, 12019, 3755, 36.07%, 6, 12, 3, 921.88, 281616, 10760
34031, 0, 731, 12407, 12310, 3755, 36.35%, 6, 14, 3, 0.58, 283948, 10843
34036, 0, 736, 12437, 12340, 4147, 36.37%, 6, 14, 3, 80.37, 284561, 10849
34041, 0, 736, 12438, 12341, 4147, 36.37%, 6, 14, 3, 74.45, 284944, 10849
34047, 0, 736, 12438, 12341, 4147, 36.37%, 6, 14, 3, 75.30, 285306, 10849
34052, 0, 741, 12438, 12340, 4147, 36.37%, 6, 14, 3, 70.17, 285654, 10849
34057, 0, 741, 12439, 12341, 4147, 36.37%, 6, 14, 3, 76.84, 286068, 10849
34240, 0, 741, 12439, 12341, 4147, 36.37%, 6, 14, 3, 0.09, 286329, 10849
34245, 0, 743, 12439, 12340, 4147, 36.37%, 6, 14, 3, 77.62, 286726, 10849
34251, 0, 743, 12439, 12340, 4147, 36.37%, 6, 14, 3, 72.02, 287087, 10849
34256, 0, 758, 12439, 12337, 4145, 36.37%, 6, 14, 3, 156.97, 287914, 10849
34261, 0, 763, 12439, 12335, 4143, 36.37%, 6, 14, 3, 178.31, 288811, 10849
34266, 0, 768, 12439, 12332, 4140, 36.37%, 6, 14, 3, 252.01, 290101, 10849
34451, 0, 788, 12440, 12331, 4138, 36.37%, 6, 14, 3, 0.03, 291400, 10849
34456, 0, 788, 12440, 12331, 4138, 36.37%, 6, 14, 3, 132.88, 292112, 10849
34461, 0, 788, 12441, 12332, 4138, 36.37%, 6, 14, 3, 110.84, 292671, 10849
34466, 0, 788, 12441, 12332, 4138, 36.37%, 6, 14, 3, 130.07, 293315, 10849
34472, 0, 790, 12443, 12333, 4137, 36.37%, 6, 14, 3, 144.29, 294039, 10849
34477, 0, 790, 12443, 12333, 4137, 36.37%, 6, 14, 3, 120.48, 294663, 10849
34661, 0, 790, 12443, 12333, 4137, 36.37%, 6, 14, 3, 0.01, 295093, 10849
34666, 0, 790, 12443, 12333, 4137, 36.37%, 6, 14, 3, 168.82, 295724, 10849
34671, 0, 795, 12443, 12332, 4136, 36.37%, 6, 14, 3, 134.26, 296367, 10849
34677, 0, 797, 12444, 12332, 4135, 36.37%, 6, 14, 3, 107.64, 296932, 10849
34682, 0, 797, 12445, 12333, 4135, 36.37%, 6, 14, 3, 111.28, 297443, 10849
34687, 0, 797, 12445, 12333, 4135, 36.37%, 6, 14, 3, 113.17, 298061, 10849
34872, 0, 797, 12445, 12333, 4135, 36.37%, 6, 14, 3, 0.07, 298485, 10849
34877, 0, 800, 12447, 12334, 4134, 36.37%, 6, 14, 3, 117.82, 299047, 10849
34882, 0, 800, 12448, 12335, 4134, 36.37%, 6, 14, 3, 120.31, 299684, 10849
34887, 0, 800, 12449, 12336, 4134, 36.37%, 6, 14, 3, 108.95, 300229, 10849
34892, 0, 800, 12449, 12336, 4134, 36.37%, 6, 14, 3, 104.75, 300791, 10849
34897, 0, 800, 12449, 12336, 4134, 36.37%, 6, 14, 3, 101.11, 301319, 10849
35082, 0, 800, 12449, 12336, 4134, 36.37%, 6, 14, 3, 0.11, 301781, 10849
35087, 0, 800, 12449, 12336, 4134, 36.37%, 6, 14, 3, 92.14, 302299, 10849
35092, 0, 800, 12449, 12336, 4134, 36.37%, 6, 14, 3, 85.22, 302737, 10849
35097, 0, 800, 12449, 12336, 4134, 36.37%, 6, 14, 3, 81.38, 303133, 10849
35103, 0, 800, 12449, 12336, 4134, 36.37%, 6, 14, 3, 90.67, 303664, 10849
35108, 0, 800, 12449, 12336, 4134, 36.37%, 6, 14, 3, 116.03, 304207, 10849
35293, 0, 800, 12449, 12336, 4134, 36.37%, 6, 14, 3, 0.09, 304665, 10849
35298, 0, 800, 12449, 12336, 4134, 36.37%, 6, 14, 3, 130.04, 305357, 10849
35303, 0, 800, 12449, 12336, 4134, 36.37%, 6, 14, 3, 118.46, 305947, 10849
35308, 0, 800, 12449, 12336, 4134, 36.37%, 6, 14, 3, 112.75, 306481, 10849
35313, 0, 800, 12449, 12336, 4134, 36.37%, 6, 14, 3, 131.99, 307131, 10849
35318, 0, 800, 12449, 12336, 4134, 36.37%, 6, 14, 3, 113.15, 307695, 10849
35503, 0, 800, 12449, 12336, 4134, 36.37%, 6, 14, 3, 0.28, 308283, 10849
35508, 0, 803, 12449, 12335, 4133, 36.37%, 6, 14, 3, 120.59, 308903, 10849
35513, 0, 803, 12450, 12336, 4133, 36.37%, 6, 14, 3, 127.86, 309544, 10849
35518, 0, 807, 12451, 12336, 4132, 36.37%, 6, 14, 3, 122.05, 310167, 10849
35523, 0, 807, 12452, 12337, 4132, 36.37%, 6, 14, 3, 109.59, 310732, 10849
35528, 0, 807, 12452, 12337, 4132, 36.37%, 6, 14, 3, 111.50, 311266, 10849
35713, 0, 807, 12452, 12337, 4132, 36.37%, 6, 14, 3, 0.09, 311740, 10849
35718, 0, 807, 12453, 12338, 4132, 36.37%, 6, 14, 3, 112.44, 312271, 10849
35723, 0, 807, 12453, 12338, 4132, 36.37%, 6, 14, 3, 91.39, 312683, 10849
35729, 0, 807, 12453, 12338, 4132, 36.37%, 6, 14, 3, 126.39, 313333, 10849
35734, 0, 807, 12453, 12338, 4132, 36.37%, 6, 14, 3, 124.01, 313945, 10849
35739, 0, 807, 12453, 12338, 4132, 36.37%, 6, 14, 3, 107.24, 314479, 10849
38027, 0, 808, 12454, 12338, 4131, 36.37%, 6, 14, 3, 0.00, 314883, 10849
38032, 0, 808, 12454, 12338, 4131, 36.37%, 6, 14, 3, 126.59, 315536, 10849
38037, 0, 812, 12457, 12340, 4130, 36.37%, 6, 14, 3, 108.87, 316073, 10849
38043, 0, 812, 12457, 12340, 4130, 36.37%, 6, 14, 3, 118.44, 316679, 10849
38048, 0, 812, 12457, 12340, 4130, 36.37%, 6, 14, 3, 116.69, 317267, 10849
38053, 0, 812, 12457, 12340, 4130, 36.37%, 6, 14, 3, 118.20, 317885, 10849
38238, 0, 812, 12457, 12340, 4130, 36.37%, 6, 14, 3, 0.02, 318537, 10849
38243, 0, 812, 12457, 12340, 4130, 36.37%, 6, 14, 3, 103.00, 319119, 10849
38248, 0, 812, 12457, 12340, 4130, 36.37%, 6, 14, 3, 114.20, 319675, 10849
38253, 0, 812, 12457, 12340, 4130, 36.37%, 6, 14, 3, 115.75, 320239, 10849
38258, 0, 814, 12508, 12390, 4143, 36.41%, 6, 14, 3, 131.44, 321253, 10860
38263, 0, 814, 12509, 12391, 4143, 36.41%, 6, 14, 3, 103.43, 321756, 10860
38448, 0, 814, 12509, 12391, 4143, 36.41%, 6, 14, 3, 0.06, 322220, 10860
38453, 0, 814, 12509, 12391, 4143, 36.41%, 6, 14, 3, 113.99, 322800, 10860
38458, 0, 814, 12509, 12391, 4143, 36.41%, 6, 14, 3, 118.33, 323416, 10860
38463, 0, 818, 12512, 12393, 4142, 36.41%, 6, 14, 3, 115.14, 323999, 10860
38469, 0, 818, 12512, 12393, 4142, 36.41%, 6, 14, 3, 110.90, 324561, 10860
38474, 0, 818, 12512, 12393, 4142, 36.41%, 6, 14, 3, 134.28, 325271, 10860
38658, 0, 818, 12512, 12393, 4142, 36.41%, 6, 14, 3, 0.10, 325755, 10860
38664, 0, 818, 12512, 12393, 4142, 36.41%, 6, 14, 3, 96.84, 326189, 10860
38669, 0, 818, 12512, 12393, 4142, 36.41%, 6, 14, 3, 112.05, 326773, 10860
38674, 0, 818, 12512, 12393, 4142, 36.41%, 6, 14, 3, 123.35, 327413, 10860
38679, 0, 818, 12512, 12393, 4142, 36.41%, 6, 14, 3, 126.18, 328035, 10860
38684, 0, 837, 12512, 12392, 4141, 36.41%, 6, 14, 3, 161.06, 328818, 10860
38869, 0, 845, 12513, 12391, 4140, 36.41%, 6, 14, 3, 0.31, 329912, 10860
38874, 0, 847, 12513, 12390, 4139, 36.41%, 6, 14, 3, 264.43, 331153, 10860
38879, 0, 907, 12513, 12387, 4136, 36.41%, 6, 14, 3, 197.51, 332190, 10860
38884, 0, 907, 12513, 12387, 4136, 36.41%, 6, 14, 3, 116.88, 332670, 10860
38889, 0, 921, 12513, 12386, 4135, 36.41%, 6, 14, 3, 152.08, 333427, 10860
38894, 0, 934, 12514, 12386, 4134, 36.41%, 6, 14, 3, 123.05, 334057, 10860
39079, 0, 934, 12514, 12386, 4134, 36.41%, 6, 14, 3, 0.06, 334593, 10860
39084, 0, 934, 12514, 12386, 4134, 36.41%, 6, 14, 3, 124.64, 335219, 10860
39089, 0, 938, 12514, 12384, 4133, 36.41%, 6, 14, 3, 201.46, 336242, 10860
39094, 0, 943, 12514, 12382, 4133, 36.41%, 6, 14, 3, 238.43, 337567, 10860
39099, 0, 955, 12514, 12380, 4131, 36.41%, 6, 14, 3, 247.49, 338811, 10860
39104, 0, 966, 12514, 12377, 4128, 36.41%, 6, 14, 3, 255.98, 340135, 10860
39290, 0, 968, 12514, 12375, 4126, 36.41%, 6, 14, 3, 0.17, 341657, 10860
39295, 0, 972, 12514, 12373, 4124, 36.41%, 6, 14, 3, 217.13, 342827, 10860
39300, 0, 976, 12514, 12371, 4122, 36.41%, 6, 14, 3, 243.30, 344151, 10860
39305, 0, 981, 12514, 12369, 4120, 36.41%, 6, 14, 3, 248.22, 345390, 10860
39310, 0, 992, 12514, 12366, 4117, 36.41%, 6, 14, 3, 254.22, 346710, 10860
39315, 0, 993, 12515, 12366, 4116, 36.41%, 6, 14, 3, 262.41, 348017, 10860
39500, 0, 999, 12515, 12364, 4114, 36.41%, 6, 14, 3, 0.17, 349317, 10860
39505, 0, 1003, 12515, 12362, 4112, 36.41%, 6, 14, 3, 226.72, 350410, 10860
39510, 0, 1007, 12515, 12360, 4110, 36.41%, 6, 14, 3, 249.01, 351670, 10860
39515, 0, 1013, 12515, 12358, 4108, 36.41%, 6, 14, 3, 237.46, 352810, 10860
39520, 0, 1018, 12515, 12356, 4106, 36.41%, 6, 14, 3, 264.45, 354147, 10860
39525, 0, 1025, 12515, 12353, 4103, 36.41%, 6, 14, 3, 274.80, 355557, 10860
39710, 0, 1027, 12515, 12351, 4101, 36.41%, 6, 14, 3, 0.36, 356782, 10860
39715, 0, 1029, 12515, 12349, 4099, 36.41%, 6, 14, 3, 216.96, 357948, 10860
39720, 0, 1033, 12515, 12347, 4097, 36.41%, 6, 14, 3, 251.18, 359227, 10860
39725, 0, 1038, 12515, 12345, 4095, 36.41%, 6, 14, 3, 265.87, 360587, 10860
39730, 0, 1045, 12515, 12343, 4093, 36.41%, 6, 14, 3, 197.76, 361548, 10860
39736, 0, 1054, 12516, 12343, 4092, 36.41%, 6, 14, 3, 260.10, 362913, 10860
39921, 0, 1056, 12516, 12341, 4090, 36.41%, 6, 14, 3, 0.17, 364164, 10860
39926, 0, 1063, 12516, 12339, 4088, 36.41%, 6, 14, 3, 196.91, 365215, 10860
39931, 0, 1068, 12516, 12337, 4086, 36.41%, 6, 14, 3, 214.06, 366365, 10860
39936, 0, 1071, 12516, 12335, 4084, 36.41%, 6, 14, 3, 224.35, 367517, 10860
39941, 0, 1074, 12516, 12333, 4082, 36.41%, 6, 14, 3, 255.26, 368874, 10860
39946, 0, 1085, 12516, 12331, 4080, 36.41%, 6, 14, 3, 242.95, 370057, 10860
42235, 0, 1106, 12516, 12329, 4078, 36.41%, 6, 14, 3, 0.01, 371145, 10860
42240, 0, 1109, 12516, 12328, 4077, 36.41%, 6, 14, 3, 109.86, 371797, 10860
42245, 0, 1144, 12629, 12440, 4100, 36.52%, 6, 14, 3, 119.24, 373145, 10895
42250, 0, 1144, 12629, 12440, 4100, 36.52%, 6, 14, 3, 120.56, 373734, 10895
42255, 0, 1144, 12629, 12440, 4100, 36.52%, 6, 14, 3, 108.72, 374256, 10895
42260, 0, 1149, 12629, 12439, 4100, 36.52%, 6, 14, 3, 113.53, 374860, 10895
42445, 0, 1162, 12631, 12440, 4099, 36.52%, 6, 14, 3, 0.06, 375428, 10895
42450, 0, 1162, 12631, 12440, 4099, 36.52%, 6, 14, 3, 115.35, 376044, 10895
42455, 0, 1162, 12632, 12441, 4099, 36.52%, 6, 14, 3, 109.72, 376619, 10895
42460, 0, 1162, 12632, 12441, 4099, 36.52%, 6, 14, 3, 122.83, 377259, 10895
42466, 0, 1162, 12632, 12441, 4099, 36.52%, 6, 14, 3, 118.10, 377859, 10895
42471, 0, 1162, 12632, 12441, 4099, 36.52%, 6, 14, 3, 120.30, 378483, 10895
42656, 0, 1162, 12633, 12442, 4099, 36.52%, 6, 14, 3, 0.07, 378986, 10895
42661, 0, 1162, 12633, 12442, 4099, 36.52%, 6, 14, 3, 112.36, 379552, 10895
42666, 0, 1162, 12633, 12442, 4099, 36.52%, 6, 14, 3, 118.45, 380176, 10895
42671, 0, 1162, 12633, 12442, 4099, 36.52%, 6, 14, 3, 122.36, 380816, 10895
42676, 0, 1162, 12633, 12442, 4099, 36.52%, 6, 14, 3, 127.34, 381430, 10895
42681, 0, 1162, 12633, 12442, 4099, 36.52%, 6, 14, 3, 113.27, 381968, 10895
42866, 0, 1162, 12633, 12442, 4099, 36.52%, 6, 14, 3, 0.03, 382578, 10895
42871, 0, 1162, 12633, 12442, 4099, 36.52%, 6, 14, 3, 113.13, 383176, 10895
42876, 0, 1162, 12633, 12442, 4099, 36.52%, 6, 14, 3, 110.96, 383758, 10895
42881, 0, 1162, 12633, 12442, 4099, 36.52%, 6, 14, 3, 115.74, 384326, 10895
42886, 0, 1165, 12633, 12441, 4099, 36.52%, 6, 14, 3, 122.20, 384906, 10895
42892, 0, 1173, 12636, 12442, 4097, 36.52%, 6, 14, 3, 123.06, 385589, 10895
43076, 0, 1173, 12636, 12442, 4097, 36.52%, 6, 14, 3, 0.08, 386095, 10895
43082, 0, 1173, 12636, 12442, 4097, 36.52%, 6, 14, 3, 101.92, 386557, 10895
43087, 0, 1173, 12636, 12442, 4097, 36.52%, 6, 14, 3, 110.52, 387073, 10895
43092, 0, 1173, 12636, 12442, 4097, 36.52%, 6, 14, 3, 118.40, 387657, 10895
43097, 0, 1173, 12636, 12442, 4097, 36.52%, 6, 14, 3, 129.69, 388339, 10895
43102, 0, 1173, 12636, 12442, 4097, 36.52%, 6, 14, 3, 105.92, 388895, 10895
43287, 0, 1173, 12636, 12442, 4097, 36.52%, 6, 14, 3, 0.09, 389449, 10895
43292, 0, 1173, 12637, 12443, 4097, 36.52%, 6, 14, 3, 116.54, 390080, 10895
43297, 0, 1173, 12637, 12443, 4097, 36.52%, 6, 14, 3, 121.94, 390708, 10895
43302, 0, 1173, 12637, 12443, 4097, 36.52%, 6, 14, 3, 130.63, 391346, 10895
43307, 0, 1173, 12637, 12443, 4097, 36.52%, 6, 14, 3, 122.87, 391928, 10895
43312, 0, 1173, 12637, 12443, 4097, 36.52%, 6, 14, 3, 120.02, 392552, 10895
46291, 0, 1173, 12637, 12443, 4097, 36.52%, 6, 14, 3, 0.01, 393158, 10895
46442, 0, 1173, 12637, 12443, 4097, 36.52%, 6, 14, 3, 0.07, 393169, 10895
46447, 0, 1173, 12637, 12443, 4097, 36.52%, 6, 14, 3, 116.69, 393804, 10895
46452, 0, 1173, 12637, 12443, 4097, 36.52%, 6, 14, 3, 113.45, 394400, 10895
46458, 0, 1179, 12638, 12443, 4096, 36.52%, 6, 14, 3, 101.61, 394927, 10895
46463, 0, 1179, 12638, 12443, 4096, 36.52%, 6, 14, 3, 107.91, 395455, 10895
46468, 0, 1179, 12638, 12443, 4096, 36.52%, 6, 14, 3, 90.46, 395948, 10895
46653, 0, 1180, 13134, 12938, 4095, 37.66%, 6, 14, 3, 0.09, 400144, 11233
46658, 0, 1184, 13263, 13067, 4241, 37.79%, 6, 14, 3, 115.80, 401619, 11271
46663, 0, 1184, 13263, 13067, 4241, 37.79%, 6, 14, 3, 128.23, 402265, 11271
46668, 0, 1184, 13264, 13068, 4241, 37.79%, 6, 14, 3, 130.49, 402940, 11271
46673, 0, 1184, 13264, 13068, 4241, 37.79%, 6, 14, 3, 105.10, 403502, 11271
46678, 0, 1184, 13264, 13068, 4241, 37.79%, 6, 14, 3, 112.51, 404084, 11271
46863, 0, 1184, 13264, 13068, 4241, 37.79%, 6, 14, 3, 0.03, 404546, 11271
46868, 0, 1184, 13264, 13068, 4241, 37.79%, 6, 14, 3, 135.34, 405164, 11271
46873, 0, 1184, 13264, 13068, 4241, 37.79%, 6, 14, 3, 130.65, 405792, 11271
46878, 0, 1189, 13264, 13067, 4240, 37.79%, 6, 14, 3, 125.07, 406430, 11271
46883, 0, 1192, 13266, 13068, 4239, 37.79%, 6, 14, 3, 107.00, 406994, 11271
46889, 0, 1192, 13266, 13068, 4239, 37.79%, 6, 14, 3, 96.93, 407445, 11271
47073, 0, 1192, 13266, 13068, 4239, 37.79%, 6, 14, 3, 0.03, 407890, 11271
47078, 0, 1192, 13266, 13068, 4239, 37.79%, 6, 14, 3, 96.44, 408353, 11271
47084, 0, 1192, 13266, 13068, 4239, 37.79%, 6, 14, 3, 127.97, 408934, 11271
47089, 0, 1195, 13266, 13067, 4239, 37.79%, 6, 14, 3, 115.02, 409534, 11271
47094, 0, 1199, 13266, 13066, 4238, 37.79%, 6, 14, 3, 120.37, 410118, 11271
47099, 0, 1206, 13266, 13065, 4237, 37.79%, 6, 14, 3, 106.25, 410654, 11271
47284, 0, 1207, 13267, 13065, 4236, 37.79%, 6, 14, 3, 0.22, 411249, 11271
47289, 0, 1207, 13267, 13065, 4236, 37.79%, 6, 14, 3, 148.17, 411964, 11271
47294, 0, 1233, 13267, 13063, 4234, 37.79%, 6, 14, 3, 158.23, 412723, 11271
47299, 0, 1242, 13267, 13061, 4233, 37.79%, 6, 14, 3, 164.62, 413665, 11271
47304, 0, 1258, 13268, 13061, 4232, 37.79%, 6, 14, 3, 169.08, 414473, 11271
47309, 0, 1272, 13268, 13060, 4231, 37.79%, 6, 14, 3, 227.19, 415692, 11271
47494, 0, 1273, 13269, 13060, 4230, 37.79%, 6, 14, 3, 0.13, 416731, 11271
47499, 0, 1273, 13271, 13062, 4230, 37.79%, 6, 14, 3, 217.94, 417781, 11271
47504, 0, 1273, 13271, 13062, 4230, 37.79%, 6, 14, 3, 197.03, 418772, 11271
47509, 0, 1275, 13271, 13061, 4229, 37.79%, 6, 14, 3, 134.05, 419405, 11271
47514, 0, 1312, 13271, 13060, 4228, 37.79%, 6, 14, 3, 116.62, 419957, 11271
47520, 0, 1314, 13271, 13059, 4227, 37.79%, 6, 14, 3, 115.94, 420581, 11271
47704, 0, 1321, 13271, 13058, 4226, 37.79%, 6, 14, 3, 0.22, 421406, 11271
47710, 0, 1342, 13271, 13056, 4224, 37.79%, 6, 14, 3, 224.82, 422565, 11271
47715, 0, 1344, 13271, 13054, 4222, 37.79%, 6, 14, 3, 198.77, 423513, 11271
47720, 0, 1358, 13271, 13052, 4220, 37.79%, 6, 14, 3, 221.72, 424593, 11271
47725, 0, 1365, 13271, 13050, 4218, 37.79%, 6, 14, 3, 209.40, 425605, 11271
47730, 0, 1389, 13271, 13048, 4216, 37.79%, 6, 14, 3, 239.52, 426751, 11271
47915, 0, 1396, 13271, 13046, 4215, 37.79%, 6, 14, 3, 0.16, 427711, 11271
47920, 0, 1402, 13271, 13045, 4214, 37.79%, 6, 14, 3, 125.93, 428467, 11271
47925, 0, 1408, 13271, 13043, 4212, 37.79%, 6, 14, 3, 161.49, 429199, 11271
47930, 0, 1414, 13271, 13041, 4210, 37.79%, 6, 14, 3, 194.41, 430247, 11271
47935, 0, 1420, 13271, 13040, 4209, 37.79%, 6, 14, 3, 207.40, 431263, 11271
47940, 0, 1432, 13271, 13037, 4206, 37.79%, 6, 14, 3, 233.09, 432497, 11271
48125, 0, 1434, 13271, 13036, 4205, 37.79%, 6, 14, 3, 0.02, 433521, 11271
48130, 0, 1443, 13271, 13034, 4203, 37.79%, 6, 14, 3, 227.16, 434613, 11271
48135, 0, 1452, 13271, 13032, 4201, 37.79%, 6, 14, 3, 235.02, 435749, 11271
48140, 0, 1457, 13271, 13030, 4199, 37.79%, 6, 14, 3, 271.90, 437161, 11271
48146, 0, 1478, 13271, 13027, 4196, 37.79%, 6, 14, 3, 275.31, 438541, 11271
48151, 0, 1480, 13271, 13026, 4195, 37.79%, 6, 14, 3, 217.97, 439449, 11271
48336, 0, 1483, 13271, 13025, 4194, 37.79%, 6, 14, 3, 0.17, 440305, 11271
48341, 0, 1492, 13271, 13024, 4193, 37.79%, 6, 14, 3, 120.49, 440971, 11271
48346, 0, 1493, 13271, 13023, 4192, 37.79%, 6, 14, 3, 122.21, 441573, 11271
48351, 0, 1494, 13271, 13022, 4191, 37.79%, 6, 14, 3, 121.14, 442175, 11271
48356, 0, 1495, 13271, 13021, 4190, 37.79%, 6, 14, 3, 120.45, 442799, 11271
48361, 0, 1497, 13271, 13020, 4189, 37.79%, 6, 14, 3, 109.19, 443365, 11271
50650, 0, 1504, 13271, 13019, 4188, 37.79%, 6, 14, 3, 0.01, 443913, 11271
50655, 0, 1507, 13271, 13018, 4187, 37.79%, 6, 14, 3, 111.09, 444383, 11271
50660, 0, 1507, 13271, 13018, 4187, 37.79%, 6, 14, 3, 88.56, 444768, 11271
50665, 0, 1516, 13354, 13100, 4198, 37.90%, 6, 14, 3, 355.65, 446548, 11305
50670, 0, 1527, 13354, 13097, 4196, 37.90%, 6, 14, 3, 303.45, 447999, 11305
50676, 0, 1531, 13354, 13095, 4194, 37.90%, 6, 14, 3, 244.81, 449239, 11305
50860, 0, 1532, 13354, 13094, 4193, 37.90%, 6, 14, 3, 0.13, 450107, 11305
50865, 0, 1538, 13356, 13095, 4192, 37.90%, 6, 14, 3, 135.99, 450825, 11305
50870, 0, 1538, 13357, 13096, 4192, 37.90%, 6, 14, 3, 126.30, 451436, 11305
50876, 0, 1538, 13357, 13096, 4192, 37.90%, 6, 14, 3, 126.20, 452064, 11305
50881, 0, 1538, 13357, 13096, 4192, 37.90%, 6, 14, 3, 126.63, 452704, 11305
50886, 0, 1538, 13357, 13096, 4192, 37.90%, 6, 14, 3, 108.61, 453282, 11305
51071, 0, 1538, 13357, 13096, 4192, 37.90%, 6, 14, 3, 0.04, 453824, 11305
51076, 0, 1540, 13357, 13095, 4192, 37.90%, 6, 14, 3, 132.25, 454466, 11305
51081, 0, 1549, 13357, 13092, 4189, 37.90%, 6, 14, 3, 225.46, 455660, 11305
51086, 0, 1553, 13357, 13090, 4187, 37.90%, 6, 14, 3, 241.61, 456884, 11305
51091, 0, 1555, 13357, 13088, 4185, 37.90%, 6, 14, 3, 263.26, 458227, 11305
51096, 0, 1562, 13357, 13085, 4182, 37.90%, 6, 14, 3, 279.28, 459667, 11305
51281, 0, 1567, 13357, 13083, 4180, 37.90%, 6, 14, 3, 0.30, 460947, 11305
51286, 0, 1567, 13359, 13085, 4180, 37.93%, 6, 14, 3, 207.02, 462110, 11313
51291, 0, 1568, 13359, 13084, 4181, 37.93%, 6, 14, 3, 259.66, 463526, 11313
51296, 0, 1575, 13359, 13082, 4179, 37.93%, 6, 14, 3, 266.31, 464916, 11313
51302, 0, 1579, 13359, 13080, 4177, 37.93%, 6, 14, 3, 243.92, 466150, 11313
51307, 0, 1586, 13359, 13077, 4174, 37.93%, 6, 14, 3, 277.51, 467616, 11313
51491, 0, 1589, 13359, 13075, 4172, 37.93%, 6, 14, 3, 0.25, 468776, 11313
51497, 0, 1592, 13359, 13073, 4170, 37.93%, 6, 14, 3, 207.43, 469906, 11313
51502, 0, 1594, 13359, 13071, 4168, 37.93%, 6, 14, 3, 248.95, 471226, 11313
51507, 0, 1601, 13359, 13068, 4165, 37.93%, 6, 14, 3, 274.11, 472611, 11313
51512, 0, 1613, 13359, 13066, 4163, 37.93%, 6, 14, 3, 266.41, 473911, 11313
51517, 0, 1617, 13359, 13063, 4160, 37.93%, 6, 14, 3, 261.58, 475226, 11313
51702, 0, 1619, 13360, 13063, 4159, 37.93%, 6, 14, 3, 0.17, 476488, 11313
51707, 0, 1625, 13360, 13061, 4157, 37.93%, 6, 14, 3, 236.03, 477769, 11313
51712, 0, 1633, 13360, 13059, 4155, 37.93%, 6, 14, 3, 256.74, 479058, 11313
51717, 0, 1639, 13360, 13056, 4152, 37.93%, 6, 14, 3, 265.76, 480493, 11313
51722, 0, 1641, 13360, 13055, 4151, 37.93%, 6, 14, 3, 213.51, 481537, 11313
51727, 0, 1647, 13360, 13052, 4148, 37.93%, 6, 14, 3, 241.03, 482837, 11313
51912, 0, 1650, 13360, 13050, 4146, 37.93%, 6, 14, 3, 0.14, 484048, 11313
51917, 0, 1651, 13360, 13049, 4145, 37.93%, 6, 14, 3, 245.92, 485217, 11313
51922, 0, 1661, 13360, 13046, 4142, 37.93%, 6, 14, 3, 224.39, 486445, 11313
51927, 0, 1668, 13360, 13044, 4141, 37.93%, 6, 14, 3, 251.48, 487677, 11313
51933, 0, 1670, 13360, 13042, 4139, 37.93%, 6, 14, 3, 240.54, 488917, 11313
51938, 0, 1674, 13360, 13040, 4137, 37.93%, 6, 14, 3, 251.01, 490183, 11313
52123, 0, 1677, 13360, 13038, 4136, 37.93%, 6, 14, 3, 0.14, 491268, 11313
52128, 0, 1682, 13360, 13036, 4134, 37.93%, 6, 14, 3, 238.93, 492541, 11313
52133, 0, 1684, 13360, 13034, 4132, 37.93%, 6, 14, 3, 259.11, 493928, 11313
52138, 0, 1692, 13360, 13032, 4130, 37.93%, 6, 14, 3, 212.83, 494969, 11313
52143, 0, 1696, 13360, 13030, 4128, 37.93%, 6, 14, 3, 230.34, 496169, 11313
52148, 0, 1703, 13360, 13028, 4126, 37.93%, 6, 14, 3, 246.76, 497521, 11313
52333, 0, 1708, 13360, 13026, 4124, 37.93%, 6, 14, 3, 0.03, 498758, 11313
52338, 0, 1725, 13360, 13023, 4121, 37.93%, 6, 14, 3, 247.82, 500138, 11313
52343, 0, 1726, 13361, 13023, 4120, 37.93%, 6, 14, 3, 236.19, 501314, 11313
52348, 0, 1727, 13361, 13022, 4119, 37.93%, 6, 14, 3, 209.34, 502390, 11313
52353, 0, 1742, 13362, 13021, 4117, 37.93%, 6, 14, 3, 239.60, 503713, 11313
52358, 0, 1752, 13362, 13019, 4115, 37.93%, 6, 14, 3, 271.40, 505087, 11313
52543, 0, 1757, 13362, 13017, 4113, 37.93%, 6, 14, 3, 0.06, 506342, 11313
52548, 0, 1764, 13362, 13014, 4110, 37.93%, 6, 14, 3, 256.78, 507737, 11313
52553, 0, 1765, 13362, 13013, 4109, 37.93%, 6, 14, 3, 227.71, 508789, 11313
52559, 0, 1769, 13362, 13010, 4106, 37.93%, 6, 14, 3, 252.00, 510157, 11313
52564, 0, 1771, 13362, 13008, 4104, 37.93%, 6, 14, 3, 245.72, 511437, 11313
52569, 0, 1775, 13362, 13006, 4102, 37.93%, 6, 14, 3, 260.10, 512762, 11313
54858, 0, 1780, 13362, 13003, 4099, 37.93%, 6, 14, 3, 0.01, 514062, 11313
54863, 0, 1783, 13417, 13056, 4097, 38.01%, 6, 14, 3, 1360.00, 515637, 11337
54868, 0, 1788, 13533, 13171, 4137, 38.26%, 6, 14, 3, 217.82, 517507, 11414
54873, 0, 1793, 13533, 13169, 4135, 38.26%, 6, 14, 3, 259.22, 518871, 11414
54878, 0, 1799, 13533, 13166, 4132, 38.26%, 6, 14, 3, 271.49, 520306, 11414
54883, 0, 1802, 13533, 13164, 4130, 38.26%, 6, 14, 3, 282.86, 521671, 11414
55068, 0, 1804, 13533, 13162, 4128, 38.26%, 6, 14, 3, 0.25, 522916, 11414
55073, 0, 1807, 13533, 13159, 4125, 38.26%, 6, 14, 3, 293.59, 524366, 11414
55078, 0, 1809, 13533, 13157, 4123, 38.26%, 6, 14, 3, 255.52, 525641, 11414
55084, 0, 1823, 13533, 13155, 4121, 38.26%, 6, 14, 3, 267.24, 526976, 11414
55089, 0, 1827, 13533, 13152, 4118, 38.26%, 6, 14, 3, 272.23, 528326, 11414
55094, 0, 1830, 13533, 13150, 4117, 38.26%, 6, 14, 3, 269.52, 529701, 11414
55279, 0, 1839, 13533, 13148, 4115, 38.26%, 6, 14, 3, 0.11, 530753, 11414
55284, 0, 1841, 13533, 13146, 4113, 38.26%, 6, 14, 3, 231.40, 532005, 11414
55289, 0, 1843, 13533, 13144, 4111, 38.26%, 6, 14, 3, 265.01, 533361, 11414
55294, 0, 1846, 13533, 13142, 4109, 38.26%, 6, 14, 3, 255.96, 534641, 11414
55299, 0, 1848, 13533, 13140, 4107, 38.26%, 6, 14, 3, 237.35, 535857, 11414
55304, 0, 1855, 13533, 13138, 4105, 38.26%, 6, 14, 3, 262.94, 537231, 11414
55489, 0, 1858, 13533, 13135, 4102, 38.26%, 6, 14, 3, 0.22, 538325, 11414
55494, 0, 1859, 13533, 13134, 4101, 38.26%, 6, 14, 3, 149.33, 539076, 11414
55499, 0, 1861, 13533, 13133, 4100, 38.26%, 6, 14, 3, 166.87, 539817, 11414
55504, 0, 1864, 13533, 13131, 4098, 38.26%, 6, 14, 3, 241.11, 541137, 11414
55509, 0, 1869, 13534, 13131, 4097, 38.26%, 6, 14, 3, 230.09, 542300, 11414
55514, 0, 1872, 13534, 13129, 4096, 38.26%, 6, 14, 3, 225.21, 543412, 11414
55699, 0, 1876, 13534, 13128, 4095, 38.26%, 6, 14, 3, 0.09, 544010, 11414
55704, 0, 1879, 13534, 13126, 4093, 38.26%, 6, 14, 3, 122.93, 544684, 11414
55709, 0, 1885, 13534, 13123, 4090, 38.26%, 6, 14, 3, 215.52, 545862, 11414
55714, 0, 1888, 13534, 13120, 4087, 38.26%, 6, 14, 3, 254.26, 547096, 11414
55719, 0, 1896, 13534, 13119, 4086, 38.26%, 6, 14, 3, 163.66, 547886, 11414
55724, 0, 1900, 13534, 13117, 4084, 38.26%, 6, 14, 3, 212.15, 548910, 11414
55910, 0, 1903, 13535, 13116, 4082, 38.26%, 6, 14, 3, 0.23, 550563, 11414
55915, 0, 1910, 13535, 13114, 4080, 38.26%, 6, 14, 3, 219.77, 551745, 11414
55920, 0, 1912, 13535, 13112, 4078, 38.26%, 6, 14, 3, 261.46, 553183, 11414
55925, 0, 1914, 13535, 13110, 4076, 38.26%, 6, 14, 3, 246.05, 554389, 11414
55930, 0, 1921, 13535, 13108, 4074, 38.26%, 6, 14, 3, 247.91, 555633, 11414
55935, 0, 1926, 13535, 13106, 4072, 38.26%, 6, 14, 3, 233.87, 556799, 11414
56120, 0, 1928, 13535, 13104, 4070, 38.26%, 6, 14, 3, 0.28, 558073, 11414
56125, 0, 1937, 13535, 13100, 4067, 38.26%, 6, 14, 3, 286.36, 559463, 11414
56130, 0, 1943, 13535, 13098, 4065, 38.26%, 6, 14, 3, 261.40, 560833, 11414
56135, 0, 1946, 13535, 13096, 4063, 38.26%, 6, 14, 3, 263.35, 562123, 11414
56140, 0, 1956, 13535, 13093, 4060, 38.26%, 6, 14, 3, 268.15, 563523, 11414
56146, 0, 1960, 13535, 13091, 4058, 38.26%, 6, 14, 3, 243.58, 564731, 11414
56330, 0, 1968, 13535, 13089, 4056, 38.26%, 6, 14, 3, 0.06, 566003, 11414
56335, 0, 1973, 13535, 13086, 4053, 38.26%, 6, 14, 3, 293.49, 567508, 11414
56341, 0, 1976, 13535, 13083, 4050, 38.26%, 6, 14, 3, 288.79, 568958, 11414
56346, 0, 1981, 13535, 13080, 4047, 38.26%, 6, 14, 3, 314.86, 570609, 11414
56351, 0, 2000, 13535, 13077, 4044, 38.26%, 6, 14, 3, 269.15, 571988, 11414
56356, 0, 2004, 13535, 13075, 4043, 38.26%, 6, 14, 3, 253.60, 573228, 11414
56541, 0, 2022, 13535, 13073, 4041, 38.26%, 6, 14, 3, 0.05, 574427, 11414
56546, 0, 2027, 13535, 13072, 4040, 38.26%, 6, 14, 3, 133.49, 575125, 11414
56551, 0, 2050, 13535, 13071, 4039, 38.26%, 6, 14, 3, 119.69, 575825, 11414
56556, 0, 2069, 13535, 13070, 4038, 38.26%, 6, 14, 3, 151.98, 576555, 11414
56561, 0, 2113, 13536, 13068, 4035, 38.26%, 6, 14, 3, 260.78, 578060, 11414
56566, 0, 2118, 13536, 13067, 4034, 38.26%, 6, 14, 3, 224.22, 579156, 11414
56751, 0, 2122, 13536, 13065, 4032, 38.26%, 6, 14, 3, 0.24, 580050, 11414
56756, 0, 2123, 13536, 13064, 4031, 38.26%, 6, 14, 3, 216.33, 581038, 11414
56761, 0, 2126, 13536, 13062, 4029, 38.26%, 6, 14, 3, 214.49, 582114, 11414
56766, 0, 2139, 13536, 13060, 4027, 38.26%, 6, 14, 3, 201.94, 583118, 11414
56771, 0, 2151, 13536, 13058, 4025, 38.26%, 6, 14, 3, 235.17, 584358, 11414
56776, 0, 2154, 13538, 13059, 4024, 38.26%, 6, 14, 3, 168.83, 585171, 11414
59066, 0, 2154, 13538, 13059, 4024, 38.26%, 6, 14, 3, 0.00, 585628, 11414
59071, 0, 2154, 13538, 13059, 4024, 38.26%, 6, 14, 3, 144.67, 586410, 11414
59076, 0, 2156, 13538, 13058, 4023, 38.26%, 6, 14, 3, 168.63, 587187, 11414
59081, 0, 2161, 13789, 13308, 4083, 38.80%, 6, 14, 3, 170.32, 589691, 11573
59086, 0, 2169, 13789, 13306, 4081, 38.80%, 6, 14, 3, 205.82, 590723, 11573
59091, 0, 2204, 13789, 13304, 4079, 38.80%, 6, 14, 3, 244.21, 591971, 11573
59276, 0, 2210, 13789, 13303, 4078, 38.80%, 6, 14, 3, 0.12, 592634, 11573
59281, 0, 2221, 13790, 13302, 4076, 38.80%, 6, 14, 3, 256.84, 593929, 11573
59286, 0, 2221, 13791, 13303, 4076, 38.80%, 6, 14, 3, 282.29, 595371, 11573
59291, 0, 2225, 13791, 13301, 4074, 38.80%, 6, 14, 3, 250.30, 596607, 11573
59297, 0, 2229, 13791, 13299, 4072, 38.80%, 6, 14, 3, 231.50, 597799, 11573
59302, 0, 2232, 13791, 13297, 4070, 38.80%, 6, 14, 3, 224.67, 598909, 11573
59487, 0, 2236, 13791, 13295, 4068, 38.80%, 6, 14, 3, 0.22, 599933, 11573
59492, 0, 2238, 13792, 13294, 4066, 38.80%, 6, 14, 3, 254.24, 601118, 11573
59497, 0, 2241, 13792, 13293, 4065, 38.80%, 6, 14, 3, 241.00, 602268, 11573
59502, 0, 2242, 13793, 13293, 4064, 38.80%, 6, 14, 3, 238.30, 603435, 11573
59507, 0, 2249, 13793, 13291, 4062, 38.80%, 6, 14, 3, 221.77, 604531, 11573
59512, 0, 2251, 13793, 13290, 4061, 38.80%, 6, 14, 3, 178.96, 605307, 11573
59697, 0, 2254, 13793, 13288, 4059, 38.80%, 6, 14, 3, 0.11, 606319, 11573
59702, 0, 2255, 13793, 13287, 4058, 38.80%, 6, 14, 3, 191.84, 607371, 11573
59707, 0, 2258, 13793, 13285, 4056, 38.80%, 6, 14, 3, 210.42, 608447, 11573
59712, 0, 2261, 13793, 13283, 4054, 38.80%, 6, 14, 3, 237.76, 609731, 11573
59717, 0, 2262, 13795, 13284, 4053, 38.80%, 6, 14, 3, 261.02, 611104, 11573
59723, 0, 2263, 13795, 13283, 4052, 38.80%, 6, 14, 3, 255.47, 612349, 11573
59907, 0, 2264, 13795, 13282, 4051, 38.80%, 6, 14, 3, 0.16, 613137, 11573
59913, 0, 2269, 13795, 13281, 4050, 38.80%, 6, 14, 3, 153.14, 613909, 11573
59918, 0, 2276, 13795, 13280, 4049, 38.80%, 6, 14, 3, 143.80, 614647, 11573
59923, 0, 2283, 13796, 13280, 4048, 38.80%, 6, 14, 3, 142.51, 615370, 11573
59928, 0, 2284, 13796, 13279, 4047, 38.80%, 6, 14, 3, 179.04, 616260, 11573
59933, 0, 2285, 13797, 13279, 4046, 38.80%, 6, 14, 3, 239.66, 617527, 11573
60118, 0, 2287, 13798, 13278, 4044, 38.80%, 6, 14, 3, 0.11, 618578, 11573
60123, 0, 2287, 13799, 13279, 4044, 38.80%, 6, 14, 3, 233.39, 619849, 11573
60128, 0, 2288, 13799, 13278, 4044, 38.80%, 6, 14, 3, 251.46, 621197, 11573
60133, 0, 2290, 13799, 13276, 4042, 38.80%, 6, 14, 3, 257.33, 622453, 11573
60138, 0, 2292, 13800, 13275, 4040, 38.80%, 6, 14, 3, 279.26, 623859, 11573
60143, 0, 2293, 13800, 13274, 4040, 38.80%, 6, 14, 3, 223.18, 625016, 11573
60328, 0, 2293, 13801, 13275, 4040, 38.80%, 6, 14, 3, 0.09, 625927, 11573
60333, 0, 2298, 13801, 13273, 4039, 38.80%, 6, 14, 3, 202.59, 626867, 11573
60338, 0, 2303, 13801, 13270, 4036, 38.80%, 6, 14, 3, 241.77, 628147, 11573
60343, 0, 2304, 13802, 13270, 4035, 38.80%, 6, 14, 3, 232.07, 629330, 11573
60348, 0, 2308, 13803, 13269, 4033, 38.80%, 6, 14, 3, 241.52, 630545, 11573
60353, 0, 2308, 13804, 13270, 4033, 38.80%, 6, 14, 3, 230.50, 631700, 11573
60538, 0, 2310, 13805, 13270, 4033, 38.80%, 6, 14, 3, 0.07, 632844, 11573
60544, 0, 2311, 13805, 13269, 4033, 38.80%, 6, 14, 3, 259.59, 634129, 11573
60549, 0, 2312, 13806, 13269, 4033, 38.80%, 6, 14, 3, 254.93, 635401, 11573
60554, 0, 2314, 13807, 13268, 4031, 38.80%, 6, 14, 3, 230.13, 636617, 11573
60559, 0, 2315, 13807, 13267, 4031, 38.80%, 6, 14, 3, 224.04, 637769, 11573
60564, 0, 2316, 13808, 13267, 4030, 38.80%, 6, 14, 3, 200.63, 638768, 11573
60749, 0, 2317, 13808, 13266, 4029, 38.80%, 6, 14, 3, 0.07, 639676, 11573
60754, 0, 2317, 13810, 13268, 4029, 38.80%, 6, 14, 3, 219.77, 640762, 11573
60759, 0, 2318, 13810, 13267, 4028, 38.80%, 6, 14, 3, 241.67, 642042, 11573
60764, 0, 2319, 13811, 13267, 4027, 38.80%, 6, 14, 3, 237.67, 643261, 11573
60769, 0, 2320, 13812, 13267, 4027, 38.80%, 6, 14, 3, 263.33, 644588, 11573
60774, 0, 2321, 13814, 13268, 4027, 38.80%, 6, 14, 3, 233.08, 645734, 11573
63123, 0, 2321, 13814, 13268, 4027, 38.80%, 6, 14, 3, 0.00, 646702, 11573
63274, 0, 2321, 13814, 13268, 4027, 38.80%, 6, 14, 3, 0.19, 646731, 11573
63279, 0, 2322, 13815, 13268, 4027, 38.80%, 6, 14, 3, 189.37, 647766, 11573
63284, 0, 2323, 14039, 13491, 4026, 39.27%, 6, 14, 3, 498.50, 650232, 11714
63289, 0, 2324, 14195, 13646, 4075, 39.37%, 6, 14, 3, 134.91, 652206, 11743
63294, 0, 2326, 14196, 13646, 4074, 39.37%, 6, 14, 3, 203.12, 653321, 11743
63299, 0, 2327, 14196, 13645, 4074, 39.37%, 6, 14, 3, 188.01, 654276, 11743
63484, 0, 2328, 14198, 13646, 4073, 39.37%, 6, 14, 3, 0.22, 655323, 11743
63489, 0, 2328, 14198, 13646, 4073, 39.37%, 6, 14, 3, 169.30, 656243, 11743
63495, 0, 2329, 14198, 13645, 4073, 39.37%, 6, 14, 3, 152.79, 657137, 11743
63500, 0, 2329, 14198, 13645, 4073, 39.37%, 6, 14, 3, 124.13, 657693, 11743
63505, 0, 2338, 14198, 13644, 4073, 39.37%, 6, 14, 3, 113.00, 658277, 11743
63510, 0, 2356, 14198, 13643, 4073, 39.37%, 6, 14, 3, 156.04, 658982, 11743
63695, 0, 2358, 14200, 13644, 4072, 39.37%, 6, 14, 3, 0.31, 660101, 11743
63700, 0, 2358, 14200, 13644, 4072, 39.37%, 6, 14, 3, 209.83, 661253, 11743
63705, 0, 2358, 14201, 13645, 4072, 39.37%, 6, 14, 3, 263.69, 662634, 11743
63710, 0, 2358, 14202, 13646, 4072, 39.37%, 6, 14, 3, 247.01, 663867, 11743
63715, 0, 2358, 14202, 13646, 4072, 39.37%, 6, 14, 3, 255.51, 665156, 11743
63720, 0, 2358, 14203, 13647, 4072, 39.37%, 6, 14, 3, 254.55, 666448, 11743
63905, 0, 2358, 14203, 13647, 4072, 39.37%, 6, 14, 3, 0.28, 667693, 11743
63910, 0, 2358, 14203, 13647, 4072, 39.37%, 6, 14, 3, 225.73, 668790, 11743
63915, 0, 2358, 14203, 13647, 4072, 39.37%, 6, 14, 3, 220.53, 669938, 11743
63920, 0, 2358, 14203, 13647, 4072, 39.37%, 6, 14, 3, 236.71, 671126, 11743
63925, 0, 2358, 14203, 13647, 4072, 39.37%, 6, 14, 3, 264.94, 672473, 11743
63930, 0, 2358, 14203, 13647, 4072, 39.37%, 6, 14, 3, 262.79, 673803, 11743
64115, 0, 2358, 14203, 13647, 4072, 39.37%, 6, 14, 3, 0.17, 675358, 11743
64120, 0, 2358, 14203, 13647, 4072, 39.37%, 6, 14, 3, 235.66, 676738, 11743
64125, 0, 2358, 14203, 13647, 4072, 39.37%, 6, 14, 3, 257.42, 678082, 11743
64131, 0, 2376, 14203, 13645, 4071, 39.37%, 6, 14, 3, 240.44, 679282, 11743
64136, 0, 2384, 14203, 13643, 4069, 39.37%, 6, 14, 3, 240.75, 680538, 11743
64141, 0, 2386, 14203, 13641, 4067, 39.37%, 6, 14, 3, 281.47, 682023, 11743
64325, 0, 2391, 14203, 13639, 4065, 39.37%, 6, 14, 3, 0.17, 683193, 11743
64331, 0, 2399, 14203, 13637, 4063, 39.37%, 6, 14, 3, 193.49, 684205, 11743
64336, 0, 2401, 14203, 13635, 4061, 39.37%, 6, 14, 3, 229.94, 685392, 11743
64341, 0, 2409, 14203, 13633, 4059, 39.37%, 6, 14, 3, 239.02, 686588, 11743
64346, 0, 2417, 14203, 13631, 4057, 39.37%, 6, 14, 3, 248.43, 687883, 11743
64351, 0, 2424, 14203, 13628, 4054, 39.37%, 6, 14, 3, 262.10, 689223, 11743
64536, 0, 2425, 14203, 13627, 4053, 39.37%, 6, 14, 3, 0.24, 690224, 11743
64541, 0, 2434, 14203, 13625, 4051, 39.37%, 6, 14, 3, 205.10, 691244, 11743
64546, 0, 2437, 14203, 13623, 4049, 39.37%, 6, 14, 3, 207.94, 692316, 11743
64551, 0, 2440, 14203, 13621, 4047, 39.37%, 6, 14, 3, 237.78, 693512, 11743
64556, 0, 2443, 14203, 13619, 4045, 39.37%, 6, 14, 3, 239.62, 694724, 11743
64561, 0, 2446, 14203, 13617, 4043, 39.37%, 6, 14, 3, 243.08, 695972, 11743
64746, 0, 2453, 14203, 13615, 4041, 39.37%, 6, 14, 3, 0.24, 697103, 11743
64751, 0, 2456, 14203, 13613, 4039, 39.37%, 6, 14, 3, 231.77, 698340, 11743
64756, 0, 2464, 14203, 13611, 4037, 39.37%, 6, 14, 3, 241.31, 699600, 11743
64761, 0, 2467, 14203, 13609, 4035, 39.37%, 6, 14, 3, 255.87, 700923, 11743
64767, 0, 2470, 14203, 13606, 4032, 39.37%, 6, 14, 3, 253.95, 702218, 11743
64772, 0, 2473, 14203, 13604, 4030, 39.37%, 6, 14, 3, 260.34, 703564, 11743
64957, 0, 2476, 14203, 13601, 4027, 39.37%, 6, 14, 3, 0.11, 704768, 11743
64962, 0, 2478, 14203, 13599, 4025, 39.37%, 6, 14, 3, 223.74, 706048, 11743
64967, 0, 2489, 14203, 13596, 4022, 39.37%, 6, 14, 3, 257.40, 707423, 11743
64972, 0, 2493, 14203, 13594, 4020, 39.37%, 6, 14, 3, 237.78, 708632, 11743
64977, 0, 2498, 14203, 13592, 4018, 39.37%, 6, 14, 3, 235.12, 709916, 11743
64982, 0, 2504, 14203, 13590, 4016, 39.37%, 6, 14, 3, 253.79, 711248, 11743
65167, 0, 2507, 14203, 13588, 4014, 39.37%, 6, 14, 3, 0.03, 712463, 11743
65172, 0, 2510, 14203, 13585, 4011, 39.37%, 6, 14, 3, 282.89, 713813, 11743
65177, 0, 2512, 14203, 13583, 4009, 39.37%, 6, 14, 3, 260.74, 715163, 11743
65182, 0, 2514, 14203, 13581, 4007, 39.37%, 6, 14, 3, 273.54, 716473, 11743
65187, 0, 2517, 14203, 13579, 4005, 39.37%, 6, 14, 3, 236.96, 717636, 11743
65192, 0, 2522, 14203, 13577, 4003, 39.37%, 6, 14, 3, 249.58, 718824, 11743
67481, 0, 2525, 14203, 13575, 4001, 39.37%, 6, 14, 3, 0.00, 720103, 11743
67486, 0, 2539, 14274, 13644, 3999, 39.41%, 6, 14, 3, 289.24, 721588, 11755
67491, 0, 2541, 14341, 13710, 4009, 39.43%, 6, 14, 3, 309.34, 723283, 11762
67496, 0, 2551, 14341, 13706, 4005, 39.43%, 6, 14, 3, 266.83, 724536, 11762
67501, 0, 2555, 14342, 13706, 4004, 39.43%, 6, 14, 3, 298.32, 726064, 11762
67506, 0, 2577, 14342, 13704, 4002, 39.43%, 6, 14, 3, 262.17, 727368, 11762
67691, 0, 2593, 14342, 13701, 3999, 39.43%, 6, 14, 3, 0.03, 728693, 11762
67696, 0, 2595, 14342, 13699, 3997, 39.43%, 6, 14, 3, 242.99, 730046, 11762
67701, 0, 2597, 14342, 13697, 3995, 39.43%, 6, 14, 3, 284.26, 731533, 11762
67706, 0, 2610, 14342, 13694, 3992, 39.43%, 6, 14, 3, 259.88, 732838, 11762
67712, 0, 2622, 14342, 13692, 3990, 39.43%, 6, 14, 3, 252.67, 734078, 11762
67717, 0, 2626, 14342, 13690, 3988, 39.43%, 6, 14, 3, 271.71, 735453, 11762
67901, 0, 2630, 14342, 13687, 3985, 39.43%, 6, 14, 3, 0.36, 736768, 11762
67906, 0, 2635, 14342, 13685, 3983, 39.43%, 6, 14, 3, 249.16, 737954, 11762
67911, 0, 2637, 14342, 13683, 3981, 39.43%, 6, 14, 3, 274.94, 739403, 11762
67917, 0, 2639, 14342, 13681, 3979, 39.43%, 6, 14, 3, 251.23, 740698, 11762
67922, 0, 2641, 14342, 13679, 3977, 39.43%, 6, 14, 3, 254.16, 742003, 11762
67927, 0, 2647, 14342, 13676, 3974, 39.43%, 6, 14, 3, 260.90, 743358, 11762
68112, 0, 2650, 14342, 13674, 3972, 39.43%, 6, 14, 3, 0.28, 744678, 11762
68117, 0, 2652, 14342, 13672, 3970, 39.43%, 6, 14, 3, 232.07, 745890, 11762
68122, 0, 2659, 14342, 13670, 3968, 39.43%, 6, 14, 3, 212.65, 747002, 11762
68127, 0, 2663, 14342, 13669, 3967, 39.43%, 6, 14, 3, 140.17, 747636, 11762
68132, 0, 2678, 14342, 13668, 3966, 39.43%, 6, 14, 3, 191.83, 748558, 11762
68137, 0, 2682, 14343, 13667, 3964, 39.43%, 6, 14, 3, 276.88, 750060, 11762
68322, 0, 2688, 14343, 13665, 3962, 39.43%, 6, 14, 3, 0.11, 751375, 11762
68327, 0, 2691, 14343, 13663, 3960, 39.43%, 6, 14, 3, 260.73, 752715, 11762
68332, 0, 2693, 14343, 13661, 3958, 39.43%, 6, 14, 3, 274.82, 754120, 11762
68337, 0, 2708, 14343, 13658, 3955, 39.43%, 6, 14, 3, 258.00, 755435, 11762
68342, 0, 2714, 14343, 13656, 3953, 39.43%, 6, 14, 3, 285.99, 756830, 11762
68347, 0, 2722, 14343, 13653, 3950, 39.43%, 6, 14, 3, 286.50, 758240, 11762
68532, 0, 2730, 14343, 13651, 3948, 39.43%, 6, 14, 3, 0.22, 759650, 11762
68537, 0, 2745, 14343, 13648, 3945, 39.43%, 6, 14, 3, 229.65, 760855, 11762
68542, 0, 2749, 14343, 13646, 3943, 39.43%, 6, 14, 3, 255.04, 762179, 11762
68548, 0, 2752, 14343, 13644, 3941, 39.43%, 6, 14, 3, 280.19, 763600, 11762
68553, 0, 2763, 14343, 13641, 3938, 39.43%, 6, 14, 3, 271.53, 764965, 11762
68558, 0, 2776, 14343, 13639, 3936, 39.43%, 6, 14, 3, 321.20, 766593, 11762
68743, 0, 2786, 14343, 13636, 3933, 39.43%, 6, 14, 3, 0.20, 768327, 11762
68748, 0, 2791, 14343, 13633, 3930, 39.43%, 6, 14, 3, 303.17, 769845, 11762
68753, 0, 2793, 14343, 13631, 3928, 39.43%, 6, 14, 3, 264.25, 771195, 11762
68758, 0, 2795, 14343, 13629, 3926, 39.43%, 6, 14, 3, 270.03, 772565, 11762
68763, 0, 2807, 14343, 13627, 3924, 39.43%, 6, 14, 3, 194.65, 773394, 11762
68768, 0, 2810, 14343, 13625, 3922, 39.43%, 6, 14, 3, 241.23, 774763, 11762
68953, 0, 2821, 14343, 13623, 3920, 39.43%, 6, 14, 3, 0.13, 775817, 11762
68958, 0, 2827, 14343, 13620, 3918, 39.43%, 6, 14, 3, 220.35, 777047, 11762
68963, 0, 2856, 14343, 13618, 3916, 39.43%, 6, 14, 3, 244.81, 778199, 11762
68968, 0, 2865, 14343, 13615, 3913, 39.43%, 6, 14, 3, 233.72, 779417, 11762
68973, 0, 2873, 14343, 13613, 3911, 39.43%, 6, 14, 3, 198.44, 780459, 11762
68979, 0, 2874, 14343, 13612, 3910, 39.43%, 6, 14, 3, 154.89, 781174, 11762
69164, 0, 2876, 14343, 13611, 3909, 39.43%, 6, 14, 3, 0.01, 781729, 11762
69169, 0, 2877, 14343, 13610, 3908, 39.43%, 6, 14, 3, 96.42, 782227, 11762
69174, 0, 2877, 14344, 13611, 3908, 39.43%, 6, 14, 3, 102.89, 782792, 11762
69179, 0, 2879, 14344, 13610, 3907, 39.43%, 6, 14, 3, 120.84, 783370, 11762
69184, 0, 2880, 14344, 13609, 3906, 39.43%, 6, 14, 3, 119.09, 783944, 11762
69189, 0, 2880, 14344, 13609, 3906, 39.43%, 6, 14, 3, 102.51, 784449, 11762
69374, 0, 2881, 14344, 13608, 3905, 39.43%, 6, 14, 3, 0.03, 784833, 11762
69379, 0, 2882, 14344, 13607, 3904, 39.43%, 6, 14, 3, 56.42, 785127, 11762
69384, 0, 2885, 14344, 13606, 3903, 39.43%, 6, 14, 3, 61.04, 785439, 11762
69389, 0, 2889, 14344, 13605, 3902, 39.43%, 6, 14, 3, 400.79, 786278, 11762
69394, 0, 2893, 14345, 13605, 3901, 39.43%, 6, 14, 3, 74.07, 786785, 11762
69399, 0, 2893, 14346, 13606, 3901, 39.43%, 6, 14, 3, 97.47, 787309, 11762
71689, 0, 2893, 14346, 13606, 3901, 39.43%, 6, 14, 3, 0.01, 787720, 11762
71694, 0, 2893, 14346, 13606, 3901, 39.43%, 6, 14, 3, 74.47, 788174, 11762
71699, 0, 2893, 14346, 13606, 3901, 39.43%, 6, 14, 3, 81.55, 788571, 11762
71704, 0, 2896, 14346, 13605, 3901, 39.43%, 6, 14, 3, 110.11, 789160, 11762
71709, 0, 2909, 14407, 13664, 3912, 39.50%, 7, 14, 3, 181.13, 790453, 11782
71714, 0, 2915, 14407, 13663, 3911, 39.50%, 7, 14, 3, 152.39, 791257, 11782
71899, 0, 2916, 14407, 13662, 3910, 39.50%, 7, 14, 3, 0.06, 791816, 11782
71904, 0, 2925, 14407, 13660, 3908, 39.50%, 7, 14, 3, 117.75, 792430, 11782
71909, 0, 2936, 14407, 13658, 3906, 39.50%, 7, 14, 3, 203.82, 793636, 11782
71914, 0, 2950, 14407, 13657, 3905, 39.50%, 7, 14, 3, 144.79, 794306, 11782
71919, 0, 2960, 14407, 13655, 3903, 39.50%, 7, 14, 3, 223.10, 795362, 11782
71924, 0, 2977, 14407, 13653, 3901, 39.50%, 7, 14, 3, 255.84, 796661, 11782
72109, 0, 2981, 14407, 13651, 3899, 39.50%, 7, 14, 3, 0.06, 797961, 11782
72114, 0, 2985, 14407, 13649, 3897, 39.50%, 7, 14, 3, 240.43, 799310, 11782
72119, 0, 2987, 14407, 13647, 3895, 39.50%, 7, 14, 3, 215.79, 800466, 11782
72124, 0, 2989, 14407, 13645, 3893, 39.50%, 7, 14, 3, 243.13, 801678, 11782
72130, 0, 2991, 14407, 13643, 3891, 39.50%, 7, 14, 3, 256.36, 802966, 11782
72135, 0, 2997, 14407, 13640, 3888, 39.50%, 7, 14, 3, 233.06, 804142, 11782
72319, 0, 3003, 14407, 13638, 3886, 39.50%, 7, 14, 3, 0.27, 805158, 11782
72324, 0, 3007, 14407, 13637, 3885, 39.50%, 7, 14, 3, 183.13, 806179, 11782
72330, 0, 3011, 14407, 13635, 3883, 39.50%, 7, 14, 3, 211.95, 807230, 11782
72335, 0, 3017, 14407, 13633, 3881, 39.50%, 7, 14, 3, 205.08, 808274, 11782
72340, 0, 3018, 14408, 13633, 3881, 39.50%, 7, 14, 3, 206.22, 809357, 11782
72345, 0, 3018, 14409, 13634, 3881, 39.50%, 7, 14, 3, 207.58, 810376, 11782
72530, 0, 3020, 14410, 13634, 3881, 39.50%, 7, 14, 3, 0.20, 811579, 11782
72535, 0, 3027, 14410, 13631, 3878, 39.50%, 7, 14, 3, 220.92, 812695, 11782
72540, 0, 3034, 14411, 13631, 3879, 39.50%, 7, 14, 3, 254.01, 814070, 11782
72545, 0, 3037, 14411, 13629, 3877, 39.50%, 7, 14, 3, 270.57, 815479, 11782
72550, 0, 3040, 14411, 13627, 3875, 39.50%, 7, 14, 3, 254.73, 816794, 11782
72555, 0, 3042, 14412, 13627, 3874, 39.50%, 7, 14, 3, 216.73, 817865, 11782
72740, 0, 3044, 14412, 13625, 3873, 39.50%, 7, 14, 3, 0.16, 818945, 11782
72745, 0, 3054, 14412, 13623, 3871, 39.50%, 7, 14, 3, 244.14, 820181, 11782
72750, 0, 3056, 14412, 13621, 3869, 39.50%, 7, 14, 3, 241.56, 821445, 11782
72755, 0, 3058, 14412, 13619, 3867, 39.50%, 7, 14, 3, 235.26, 822625, 11782
72760, 0, 3060, 14412, 13617, 3865, 39.50%, 7, 14, 3, 235.90, 823821, 11782
72765, 0, 3062, 14412, 13615, 3863, 39.50%, 7, 14, 3, 250.92, 825057, 11782
72950, 0, 3064, 14412, 13613, 3861, 39.50%, 7, 14, 3, 0.29, 826269, 11782
72956, 0, 3066, 14413, 13613, 3860, 39.50%, 7, 14, 3, 238.87, 827524, 11782
72961, 0, 3068, 14414, 13612, 3858, 39.50%, 7, 14, 3, 285.40, 828915, 11782
72966, 0, 3069, 14415, 13612, 3857, 39.50%, 7, 14, 3, 262.38, 830212, 11782
72971, 0, 3072, 14416, 13611, 3855, 39.50%, 7, 14, 3, 255.11, 831474, 11782
72976, 0, 3076, 14416, 13609, 3854, 39.50%, 7, 14, 3, 229.66, 832667, 11782
73161, 0, 3086, 14416, 13607, 3852, 39.50%, 7, 14, 3, 0.20, 833891, 11782
73166, 0, 3088, 14416, 13606, 3851, 39.50%, 7, 14, 3, 199.14, 834946, 11782
73171, 0, 3094, 14416, 13604, 3849, 39.50%, 7, 14, 3, 245.65, 836203, 11782
73176, 0, 3139, 14416, 13602, 3847, 39.50%, 7, 14, 3, 202.56, 837049, 11782
73181, 0, 3145, 14416, 13600, 3845, 39.50%, 7, 14, 3, 245.26, 838383, 11782
73186, 0, 3147, 14417, 13599, 3843, 39.50%, 7, 14, 3, 250.73, 839738, 11782
73371, 0, 3150, 14417, 13597, 3842, 39.50%, 7, 14, 3, 0.03, 841061, 11782
73376, 0, 3158, 14417, 13594, 3839, 39.50%, 7, 14, 3, 299.89, 842542, 11782
73381, 0, 3162, 14417, 13592, 3837, 39.50%, 7, 14, 3, 230.80, 843690, 11782
73386, 0, 3168, 14417, 13591, 3836, 39.50%, 7, 14, 3, 226.66, 844786, 11782
73392, 0, 3175, 14417, 13588, 3833, 39.50%, 7, 14, 3, 252.30, 846141, 11782
73397, 0, 3191, 14417, 13586, 3831, 39.50%, 7, 14, 3, 251.21, 847446, 11782
73582, 0, 3193, 14417, 13584, 3829, 39.50%, 7, 14, 3, 0.09, 848526, 11782
73587, 0, 3195, 14417, 13582, 3827, 39.50%, 7, 14, 3, 206.17, 849698, 11782
73592, 0, 3199, 14419, 13583, 3826, 39.50%, 7, 14, 3, 223.25, 850880, 11782
73597, 0, 3199, 14419, 13583, 3826, 39.50%, 7, 14, 3, 233.56, 852164, 11782
73602, 0, 3202, 14419, 13581, 3825, 39.50%, 7, 14, 3, 231.22, 853316, 11782
73607, 0, 3204, 14419, 13579, 3823, 39.50%, 7, 14, 3, 246.42, 854560, 11782
75896, 0, 3205, 14419, 13578, 3822, 39.50%, 7, 14, 3, 0.01, 855548, 11782
75901, 0, 3206, 14420, 13578, 3821, 39.50%, 7, 14, 3, 179.58, 856552, 11782
75906, 0, 3207, 14509, 13666, 3831, 39.58%, 7, 14, 3, 264.68, 858155, 11805
75911, 0, 3214, 14509, 13663, 3828, 39.58%, 7, 14, 3, 245.41, 859404, 11805
75916, 0, 3215, 14510, 13663, 3827, 39.58%, 7, 14, 3, 254.55, 860647, 11805
75921, 0, 3218, 14510, 13661, 3825, 39.58%, 7, 14, 3, 259.53, 861922, 11805
76106, 0, 3220, 14510, 13659, 3823, 39.58%, 7, 14, 3, 0.13, 862887, 11805
76111, 0, 3231, 14510, 13656, 3820, 39.58%, 7, 14, 3, 226.44, 864075, 11805
76116, 0, 3233, 14510, 13654, 3818, 39.58%, 7, 14, 3, 231.51, 865279, 11805
76122, 0, 3236, 14510, 13652, 3816, 39.58%, 7, 14, 3, 247.24, 866579, 11805
76127, 0, 3238, 14510, 13650, 3814, 39.58%, 7, 14, 3, 284.76, 868007, 11805
76132, 0, 3240, 14510, 13648, 3812, 39.58%, 7, 14, 3, 260.24, 869272, 11805
76318, 0, 3246, 14510, 13646, 3810, 39.58%, 7, 14, 3, 0.03, 870442, 11805
76323, 0, 3248, 14510, 13644, 3808, 39.58%, 7, 14, 3, 230.95, 871567, 11805
76328, 0, 3250, 14510, 13642, 3806, 39.58%, 7, 14, 3, 211.77, 872651, 11805
76333, 0, 3256, 14510, 13640, 3804, 39.58%, 7, 14, 3, 199.99, 873633, 11805
76338, 0, 3259, 14510, 13638, 3802, 39.58%, 7, 14, 3, 253.82, 874957, 11805
76343, 0, 3263, 14510, 13636, 3800, 39.58%, 7, 14, 3, 251.63, 876227, 11805
76528, 0, 3265, 14510, 13634, 3798, 39.58%, 7, 14, 3, 0.25, 877422, 11805
76533, 0, 3267, 14510, 13632, 3796, 39.58%, 7, 14, 3, 218.31, 878483, 11805
76538, 0, 3269, 14510, 13630, 3794, 39.58%, 7, 14, 3, 217.43, 879615, 11805
76543, 0, 3270, 14510, 13629, 3793, 39.58%, 7, 14, 3, 217.26, 880611, 11805
76548, 0, 3272, 14510, 13627, 3791, 39.58%, 7, 14, 3, 221.47, 881779, 11805
76553, 0, 3274, 14510, 13625, 3789, 39.58%, 7, 14, 3, 227.87, 882935, 11805
76738, 0, 3276, 14510, 13623, 3787, 39.58%, 7, 14, 3, 0.13, 884059, 11805
76744, 0, 3278, 14510, 13621, 3785, 39.58%, 7, 14, 3, 244.05, 885275, 11805
76749, 0, 3280, 14510, 13619, 3783, 39.58%, 7, 14, 3, 210.08, 886263, 11805
76754, 0, 3286, 14510, 13617, 3781, 39.58%, 7, 14, 3, 245.72, 887519, 11805
76759, 0, 3294, 14510, 13614, 3778, 39.58%, 7, 14, 3, 261.57, 888887, 11805
76764, 0, 3297, 14510, 13612, 3776, 39.58%, 7, 14, 3, 251.74, 890099, 11805
76949, 0, 3298, 14510, 13611, 3775, 39.58%, 7, 14, 3, 0.09, 891019, 11805
76954, 0, 3302, 14510, 13609, 3773, 39.58%, 7, 14, 3, 228.36, 892235, 11805
76959, 0, 3304, 14511, 13608, 3771, 39.58%, 7, 14, 3, 271.10, 893634, 11805
76964, 0, 3305, 14512, 13608, 3770, 39.58%, 7, 14, 3, 248.60, 894881, 11805
76969, 0, 3307, 14513, 13607, 3768, 39.58%, 7, 14, 3, 236.67, 896164, 11805
76974, 0, 3307, 14514, 13608, 3768, 39.58%, 7, 14, 3, 218.48, 897279, 11805
77159, 0, 3307, 14514, 13608, 3768, 39.58%, 7, 14, 3, 0.02, 898434, 11805
77164, 0, 3313, 14514, 13605, 3765, 39.58%, 7, 14, 3, 275.93, 899795, 11805
77169, 0, 3316, 14515, 13605, 3764, 39.58%, 7, 14, 3, 285.52, 901237, 11805
77174, 0, 3323, 14515, 13603, 3763, 39.58%, 7, 14, 3, 255.82, 902487, 11805
77179, 0, 3329, 14515, 13601, 3761, 39.58%, 7, 14, 3, 237.79, 903710, 11805
77184, 0, 3357, 14515, 13599, 3759, 39.58%, 7, 14, 3, 246.97, 904942, 11805
77370, 0, 3366, 14515, 13596, 3756, 39.58%, 7, 14, 3, 0.19, 906327, 11805
77375, 0, 3375, 14515, 13594, 3754, 39.58%, 7, 14, 3, 300.56, 907682, 11805
77380, 0, 3387, 14515, 13592, 3752, 39.58%, 7, 14, 3, 268.15, 908992, 11805
77385, 0, 3400, 14515, 13590, 3750, 39.58%, 7, 14, 3, 172.98, 909857, 11805
77390, 0, 3408, 14516, 13590, 3749, 39.58%, 7, 14, 3, 216.29, 910905, 11805
77395, 0, 3415, 14517, 13590, 3748, 39.58%, 7, 14, 3, 268.38, 912326, 11805
77580, 0, 3437, 14517, 13588, 3748, 39.58%, 7, 14, 3, 0.11, 913660, 11805
77585, 0, 3448, 14517, 13586, 3746, 39.58%, 7, 14, 3, 218.33, 914736, 11805
77590, 0, 3453, 14517, 13584, 3745, 39.58%, 7, 14, 3, 233.76, 915924, 11805
77595, 0, 3496, 14517, 13582, 3743, 39.58%, 7, 14, 3, 267.67, 917316, 11805
77600, 0, 3520, 14517, 13580, 3741, 39.58%, 7, 14, 3, 246.33, 918496, 11805
77605, 0, 3548, 14517, 13577, 3738, 39.58%, 7, 14, 3, 266.17, 919851, 11805
77790, 0, 3561, 14517, 13575, 3736, 39.58%, 7, 14, 3, 0.11, 921211, 11805
77795, 0, 3565, 14517, 13573, 3734, 39.58%, 7, 14, 3, 246.82, 922436, 11805
77801, 0, 3567, 14518, 13573, 3733, 39.58%, 7, 14, 3, 273.55, 923833, 11805
77806, 0, 3573, 14518, 13571, 3731, 39.58%, 7, 14, 3, 271.28, 925158, 11805
77811, 0, 3596, 14518, 13567, 3728, 39.58%, 7, 14, 3, 262.55, 926478, 11805
77816, 0, 3600, 14518, 13565, 3726, 39.58%, 7, 14, 3, 280.99, 927948, 11805
80104, 0, 3602, 14518, 13563, 3724, 39.58%, 7, 14, 3, 0.02, 928963, 11805
80109, 0, 3605, 14582, 13625, 3731, 39.61%, 7, 14, 3, 325.89, 930591, 11816
80114, 0, 3609, 14582, 13623, 3729, 39.61%, 7, 14, 3, 260.92, 931906, 11816
80119, 0, 3621, 14582, 13621, 3728, 39.61%, 7, 14, 3, 234.88, 933121, 11816
80124, 0, 3630, 14582, 13618, 3725, 39.61%, 7, 14, 3, 247.85, 934433, 11816
80129, 0, 3635, 14582, 13616, 3723, 39.61%, 7, 14, 3, 202.79, 935409, 11816
80314, 0, 3638, 14582, 13614, 3721, 39.61%, 7, 14, 3, 0.07, 936431, 11816
80319, 0, 3643, 14582, 13612, 3719, 39.61%, 7, 14, 3, 195.79, 937551, 11816
80324, 0, 3645, 14582, 13610, 3717, 39.61%, 7, 14, 3, 224.44, 938787, 11816
80329, 0, 3647, 14582, 13608, 3715, 39.61%, 7, 14, 3, 236.30, 939983, 11816
80334, 0, 3650, 14582, 13606, 3713, 39.61%, 7, 14, 3, 234.64, 941147, 11816
80339, 0, 3654, 14582, 13604, 3711, 39.61%, 7, 14, 3, 202.29, 942123, 11816
80524, 0, 3667, 14582, 13602, 3709, 39.61%, 7, 14, 3, 0.19, 943381, 11816
80530, 0, 3682, 14582, 13600, 3707, 39.61%, 7, 14, 3, 221.84, 944463, 11816
80535, 0, 3691, 14582, 13598, 3705, 39.61%, 7, 14, 3, 254.76, 945743, 11816
80540, 0, 3696, 14582, 13596, 3703, 39.61%, 7, 14, 3, 285.10, 947201, 11816
80545, 0, 3703, 14582, 13594, 3702, 39.61%, 7, 14, 3, 238.46, 948403, 11816
80550, 0, 3708, 14582, 13592, 3700, 39.61%, 7, 14, 3, 249.65, 949607, 11816
80735, 0, 3711, 14582, 13590, 3698, 39.61%, 7, 14, 3, 0.11, 950801, 11816
80740, 0, 3736, 14582, 13588, 3696, 39.61%, 7, 14, 3, 201.73, 951883, 11816
80745, 0, 3741, 14582, 13586, 3694, 39.61%, 7, 14, 3, 197.51, 952830, 11816
80750, 0, 3741, 14583, 13587, 3694, 39.61%, 7, 14, 3, 183.79, 953803, 11816
80755, 0, 3747, 14583, 13584, 3692, 39.61%, 7, 14, 3, 251.49, 955230, 11816
80761, 0, 3764, 14583, 13582, 3690, 39.61%, 7, 14, 3, 232.15, 956360, 11816
80945, 0, 3771, 14583, 13580, 3688, 39.61%, 7, 14, 3, 0.20, 957464, 11816
80950, 0, 3778, 14583, 13578, 3686, 39.61%, 7, 14, 3, 215.54, 958580, 11816
80955, 0, 3781, 14583, 13577, 3685, 39.61%, 7, 14, 3, 149.52, 959302, 11816
80960, 0, 3786, 14583, 13576, 3684, 39.61%, 7, 14, 3, 121.10, 959834, 11816
80966, 0, 3790, 14583, 13574, 3683, 39.61%, 7, 14, 3, 203.37, 960853, 11816
80971, 0, 3798, 14583, 13571, 3680, 39.61%, 7, 14, 3, 253.86, 962223, 11816
81156, 0, 3804, 14583, 13569, 3678, 39.61%, 7, 14, 3, 0.31, 963310, 11816
81161, 0, 3809, 14583, 13567, 3677, 39.61%, 7, 14, 3, 203.49, 964294, 11816
81166, 0, 3811, 14583, 13566, 3676, 39.61%, 7, 14, 3, 157.36, 965089, 11816
81171, 0, 3814, 14583, 13565, 3675, 39.61%, 7, 14, 3, 121.37, 965684, 11816
81176, 0, 3818, 14584, 13565, 3674, 39.61%, 7, 14, 3, 149.92, 966355, 11816
81181, 0, 3826, 14584, 13564, 3673, 39.61%, 7, 14, 3, 157.22, 967310, 11816
81366, 0, 3827, 14584, 13563, 3672, 39.61%, 7, 14, 3, 0.14, 967749, 11816
81371, 0, 3827, 14585, 13564, 3672, 39.61%, 7, 14, 3, 146.77, 968382, 11816
81376, 0, 3840, 14585, 13563, 3672, 39.61%, 7, 14, 3, 148.48, 969060, 11816
81381, 0, 3842, 14585, 13561, 3671, 39.61%, 7, 14, 3, 240.46, 970364, 11816
81386, 0, 3844, 14585, 13559, 3669, 39.61%, 7, 14, 3, 221.82, 971472, 11816
81392, 0, 3846, 14585, 13557, 3667, 39.61%, 7, 14, 3, 263.44, 972872, 11816
81576, 0, 3849, 14585, 13555, 3665, 39.61%, 7, 14, 3, 0.02, 973792, 11816
81581, 0, 3867, 14585, 13553, 3663, 39.61%, 7, 14, 3, 247.35, 975036, 11816
81587, 0, 3872, 14585, 13551, 3661, 39.61%, 7, 14, 3, 230.19, 976188, 11816
81592, 0, 3882, 14585, 13549, 3659, 39.61%, 7, 14, 3, 234.40, 977340, 11816
81597, 0, 3884, 14585, 13547, 3657, 39.61%, 7, 14, 3, 239.88, 978616, 11816
81602, 0, 3888, 14585, 13545, 3655, 39.61%, 7, 14, 3, 232.45, 979772, 11816
81787, 0, 3889, 14585, 13544, 3654, 39.61%, 7, 14, 3, 0.11, 980732, 11816
81792, 0, 3890, 14586, 13544, 3653, 39.61%, 7, 14, 3, 257.64, 981904, 11816
81797, 0, 3891, 14588, 13545, 3653, 39.61%, 7, 14, 3, 215.81, 982965, 11816
81802, 0, 3891, 14588, 13545, 3653, 39.61%, 7, 14, 3, 220.59, 984089, 11816
81807, 0, 3893, 14588, 13543, 3651, 39.61%, 7, 14, 3, 260.81, 985433, 11816
81812, 0, 3896, 14589, 13543, 3650, 39.61%, 7, 14, 3, 221.87, 986548, 11816
81997, 0, 3898, 14589, 13541, 3648, 39.61%, 7, 14, 3, 0.29, 987696, 11816
82002, 0, 3908, 14592, 13541, 3645, 39.61%, 7, 14, 3, 264.49, 989161, 11816
82007, 0, 3908, 14592, 13541, 3645, 39.61%, 7, 14, 3, 260.87, 990441, 11816
82012, 0, 3908, 14592, 13541, 3645, 39.61%, 7, 14, 3, 243.60, 991669, 11816
82017, 0, 3908, 14592, 13541, 3645, 39.61%, 7, 14, 3, 257.19, 992996, 11816
82023, 0, 3910, 14592, 13540, 3644, 39.61%, 7, 14, 3, 247.18, 994276, 11816
84311, 0, 3924, 14592, 13538, 3642, 39.61%, 7, 14, 3, 0.02, 995451, 11816
84316, 0, 3932, 14677, 13621, 3664, 39.68%, 7, 14, 3, 310.77, 997134, 11835
84321, 0, 3941, 14677, 13619, 3662, 39.68%, 7, 14, 3, 268.50, 998405, 11835
84326, 0, 3942, 14678, 13619, 3661, 39.68%, 7, 14, 3, 251.89, 999697, 11835
84331, 0, 3952, 14679, 13619, 3661, 39.68%, 7, 14, 3, 147.79, 1000326, 11835
84337, 0, 3952, 14679, 13619, 3661, 39.68%, 7, 14, 3, 124.79, 1000950, 11835
84521, 0, 3953, 14679, 13618, 3661, 39.68%, 7, 14, 3, 0.11, 1001482, 11835
84526, 0, 3954, 14679, 13617, 3660, 39.68%, 7, 14, 3, 106.28, 1002026, 11835
84531, 0, 3955, 14679, 13616, 3659, 39.68%, 7, 14, 3, 108.87, 1002600, 11835
84536, 0, 3956, 14679, 13615, 3658, 39.68%, 7, 14, 3, 121.12, 1003220, 11835
84541, 0, 3966, 14679, 13613, 3656, 39.68%, 7, 14, 3, 205.17, 1004272, 11835
84547, 0, 3970, 14680, 13613, 3655, 39.68%, 7, 14, 3, 283.97, 1005746, 11835
84732, 0, 3984, 14680, 13610, 3652, 39.68%, 7, 14, 3, 0.04, 1006883, 11835
84737, 0, 3990, 14680, 13608, 3650, 39.68%, 7, 14, 3, 234.15, 1008063, 11835
84742, 0, 3994, 14680, 13606, 3648, 39.68%, 7, 14, 3, 253.33, 1009381, 11835
84747, 0, 3998, 14680, 13604, 3646, 39.68%, 7, 14, 3, 286.04, 1010531, 11835
84752, 0, 4002, 14680, 13602, 3644, 39.68%, 7, 14, 3, 262.30, 1011761, 11835
84757, 0, 4004, 14680, 13600, 3642, 39.68%, 7, 14, 3, 250.48, 1013041, 11835
84942, 0, 4007, 14680, 13599, 3641, 39.68%, 7, 14, 3, 0.13, 1014015, 11835
84947, 0, 4009, 14680, 13597, 3639, 39.68%, 7, 14, 3, 243.47, 1015147, 11835
84952, 0, 4014, 14680, 13595, 3637, 39.68%, 7, 14, 3, 225.99, 1016267, 11835
84957, 0, 4031, 14680, 13592, 3634, 39.68%, 7, 14, 3, 263.10, 1017661, 11835
84962, 0, 4035, 14680, 13590, 3632, 39.68%, 7, 14, 3, 287.19, 1019066, 11835
84968, 0, 4037, 14680, 13588, 3630, 39.68%, 7, 14, 3, 229.14, 1020191, 11835
85152, 0, 4039, 14681, 13588, 3629, 39.68%, 7, 14, 3, 0.11, 1021368, 11835
85157, 0, 4047, 14681, 13586, 3627, 39.68%, 7, 14, 3, 254.23, 1022743, 11835
85163, 0, 4052, 14681, 13584, 3625, 39.68%, 7, 14, 3, 259.34, 1024033, 11835
85168, 0, 4062, 14681, 13581, 3622, 39.68%, 7, 14, 3, 275.68, 1025443, 11835
85173, 0, 4065, 14681, 13579, 3620, 39.68%, 7, 14, 3, 249.06, 1026722, 11835
85178, 0, 4067, 14681, 13577, 3618, 39.68%, 7, 14, 3, 254.49, 1028053, 11835
85363, 0, 4071, 14681, 13574, 3615, 39.68%, 7, 14, 3, 0.08, 1029288, 11835
85368, 0, 4073, 14681, 13572, 3613, 39.68%, 7, 14, 3, 242.65, 1030526, 11835
85373, 0, 4076, 14681, 13570, 3611, 39.68%, 7, 14, 3, 246.72, 1031802, 11835
85378, 0, 4078, 14681, 13568, 3609, 39.68%, 7, 14, 3, 239.82, 1032914, 11835
85383, 0, 4084, 14681, 13565, 3606, 39.68%, 7, 14, 3, 258.68, 1034263, 11835
85388, 0, 4087, 14681, 13563, 3604, 39.68%, 7, 14, 3, 254.74, 1035574, 11835
85573, 0, 4091, 14681, 13561, 3602, 39.68%, 7, 14, 3, 0.04, 1036658, 11835
85578, 0, 4093, 14681, 13559, 3601, 39.68%, 7, 14, 3, 262.56, 1038028, 11835
85583, 0, 4100, 14681, 13556, 3598, 39.68%, 7, 14, 3, 239.77, 1039274, 11835
85589, 0, 4101, 14681, 13555, 3597, 39.68%, 7, 14, 3, 220.71, 1040414, 11835
85594, 0, 4109, 14681, 13552, 3594, 39.68%, 7, 14, 3, 250.91, 1041728, 11835
85599, 0, 4116, 14681, 13550, 3592, 39.68%, 7, 14, 3, 262.33, 1043008, 11835
85784, 0, 4119, 14681, 13548, 3590, 39.68%, 7, 14, 3, 0.03, 1044268, 11835
85789, 0, 4119, 14683, 13550, 3590, 39.68%, 7, 14, 3, 228.35, 1045520, 11835
85794, 0, 4121, 14683, 13549, 3589, 39.68%, 7, 14, 3, 232.03, 1046684, 11835
85799, 0, 4123, 14683, 13547, 3587, 39.68%, 7, 14, 3, 250.45, 1047976, 11835
85804, 0, 4127, 14683, 13545, 3585, 39.68%, 7, 14, 3, 237.51, 1049144, 11835
85809, 0, 4128, 14684, 13545, 3584, 39.68%, 7, 14, 3, 242.56, 1050371, 11835
85994, 0, 4133, 14684, 13543, 3583, 39.68%, 7, 14, 3, 0.11, 1051335, 11835
85999, 0, 4134, 14684, 13542, 3582, 39.68%, 7, 14, 3, 146.39, 1052035, 11835
86004, 0, 4135, 14684, 13541, 3581, 39.68%, 7, 14, 3, 159.42, 1052756, 11835
86009, 0, 4137, 14685, 13540, 3579, 39.68%, 7, 14, 3, 248.30, 1054146, 11835
86014, 0, 4137, 14686, 13541, 3579, 39.68%, 7, 14, 3, 253.51, 1055445, 11835
86019, 0, 4138, 14687, 13541, 3579, 39.68%, 7, 14, 3, 256.45, 1056720, 11835
86204, 0, 4139, 14688, 13541, 3578, 39.68%, 7, 14, 3, 0.19, 1057967, 11835
86210, 0, 4140, 14689, 13541, 3577, 39.68%, 7, 14, 3, 257.67, 1059358, 11835
86215, 0, 4143, 14690, 13540, 3575, 39.68%, 7, 14, 3, 236.65, 1060545, 11835
86220, 0, 4144, 14691, 13540, 3574, 39.68%, 7, 14, 3, 224.24, 1061640, 11835
86225, 0, 4145, 14692, 13540, 3573, 39.68%, 7, 14, 3, 234.52, 1062835, 11835
86230, 0, 4145, 14693, 13541, 3573, 39.68%, 7, 14, 3, 255.82, 1064077, 11835
