# unix_time, cycles_done, cur_path, paths_total, pending_total, pending_favs, map_size, unique_crashes, unique_hangs, max_depth, execs_per_sec
1712481063, 0, 0, 5, 5, 5, 1.24%, 0, 0, 1, 2352.94
1712481193, 0, 0, 61, 61, 5, 1.51%, 0, 0, 2, 1.85
1712481198, 0, 0, 64, 64, 5, 1.51%, 0, 0, 2, 947.47
1712481203, 0, 0, 70, 70, 5, 1.51%, 0, 0, 2, 1098.07
1712481213, 0, 0, 74, 74, 5, 1.53%, 0, 0, 2, 1089.14
1712481218, 0, 0, 80, 80, 5, 1.55%, 0, 0, 2, 1060.38
1712485284, 0, 0, 88, 88, 5, 1.61%, 0, 1, 2, 0.05
1712485415, 0, 0, 90, 90, 5, 1.61%, 0, 1, 2, 1028.04
1712485426, 0, 0, 93, 93, 5, 1.62%, 0, 1, 2, 1062.16
1712485431, 0, 0, 96, 96, 5, 1.63%, 0, 1, 2, 1056.30
1712485616, 0, 0, 96, 96, 5, 1.63%, 0, 2, 2, 0.33
1712485621, 0, 0, 98, 98, 5, 1.63%, 0, 2, 2, 1075.72
1712485636, 0, 0, 100, 100, 5, 1.63%, 0, 2, 2, 1003.64
1712485641, 0, 0, 125, 125, 5, 1.76%, 0, 2, 2, 1026.62
1712485826, 0, 0, 145, 145, 5, 1.86%, 0, 2, 2, 0.58
1712485851, 0, 0, 147, 147, 5, 1.86%, 0, 2, 2, 1127.26
1712486683, 0, 0, 150, 150, 5, 1.97%, 0, 2, 2, 1142.45
1712486688, 0, 0, 157, 157, 5, 1.98%, 0, 2, 2, 1098.70
1712489630, 0, 0, 158, 158, 5, 1.98%, 0, 2, 2, 1042.31
1712490046, 0, 0, 160, 160, 5, 1.99%, 0, 2, 2, 1048.88
1712490061, 0, 0, 167, 167, 5, 2.00%, 0, 2, 2, 1034.37
1712490487, 0, 0, 176, 176, 5, 2.01%, 0, 2, 2, 1012.72
1712491308, 0, 0, 178, 178, 5, 2.02%, 0, 2, 2, 1016.86
1712491324, 0, 0, 179, 179, 5, 2.02%, 0, 2, 2, 1010.57
1712491329, 0, 0, 180, 180, 5, 2.02%, 0, 2, 2, 1127.45
1712491514, 0, 0, 215, 215, 5, 2.07%, 0, 2, 2, 0.54
1712491519, 0, 0, 237, 237, 5, 2.08%, 0, 2, 2, 748.07
1712491524, 0, 0, 253, 253, 5, 2.10%, 0, 2, 2, 733.03
1712491529, 0, 0, 262, 262, 5, 2.12%, 0, 2, 2, 700.23
1712491534, 0, 0, 270, 270, 5, 2.13%, 0, 2, 2, 735.20
1712491539, 0, 0, 281, 281, 5, 2.15%, 0, 2, 2, 727.96
1712493686, 0, 0, 290, 290, 5, 2.16%, 0, 2, 2, 0.05
1712493691, 0, 0, 721, 720, 4, 5.60%, 0, 2, 2, 1015.68
1712493697, 0, 0, 1128, 1127, 4, 6.86%, 0, 3, 2, 109.03
1712493702, 0, 0, 1558, 1557, 4, 7.65%, 0, 3, 2, 1051.06
1712493707, 0, 0, 2120, 2119, 4, 8.38%, 0, 3, 2, 1074.01
1712493830, 0, 0, 2325, 2324, 4, 8.70%, 0, 3, 2, 1.17
1712493835, 0, 0, 2731, 2730, 4, 9.19%, 0, 3, 2, 694.95
1712493841, 0, 0, 3142, 3141, 4, 9.61%, 0, 3, 2, 30.01
1712493846, 0, 0, 3557, 3556, 4, 9.95%, 0, 4, 2, 1033.94
1712493851, 0, 0, 4041, 4040, 4, 10.45%, 0, 4, 2, 978.11
1712493856, 0, 0, 4233, 4232, 4, 10.62%, 0, 4, 2, 138.61
1712494040, 0, 0, 4498, 4497, 4, 10.86%, 0, 4, 2, 0.23
1712494046, 0, 0, 4876, 4875, 4, 11.14%, 0, 4, 2, 759.12
1712494051, 0, 0, 5209, 5208, 4, 11.40%, 0, 5, 2, 819.23
1712494056, 0, 0, 5583, 5582, 4, 11.71%, 0, 5, 2, 829.87
1712494061, 0, 0, 5915, 5914, 4, 11.98%, 0, 6, 2, 875.79
1712494066, 0, 0, 6226, 6225, 4, 12.19%, 0, 6, 2, 691.81
1712494251, 0, 378, 6289, 6288, 2829, 12.23%, 0, 6, 2, 0.91
1712494476, 0, 378, 6291, 6290, 2829, 12.23%, 0, 6, 2, 1032.13
1712494487, 0, 378, 6293, 6292, 2829, 12.23%, 0, 6, 2, 1196.44
1712494677, 0, 408, 6293, 6291, 2827, 12.23%, 0, 6, 2, 1161.74
1712494687, 0, 412, 6293, 6290, 2826, 12.23%, 0, 6, 2, 1116.51
1712494887, 0, 415, 6293, 6289, 2825, 12.23%, 0, 6, 2, 1522.20
1712494892, 0, 415, 6294, 6290, 2825, 12.23%, 0, 6, 2, 1417.14
1712495098, 0, 415, 6296, 6292, 2825, 12.23%, 0, 6, 2, 1502.15
1712495118, 0, 421, 6296, 6291, 2824, 12.23%, 0, 6, 2, 1514.57
1712495308, 0, 421, 6298, 6293, 2824, 12.23%, 0, 6, 2, 1230.50
1712495313, 0, 421, 6302, 6297, 2824, 12.25%, 0, 6, 2, 1212.90
1712495318, 0, 421, 6303, 6298, 2824, 12.25%, 0, 6, 2, 1234.01
1712495323, 0, 421, 6304, 6299, 2824, 12.25%, 0, 6, 2, 1278.49
1712495328, 0, 421, 6305, 6300, 2824, 12.25%, 0, 6, 2, 1319.66
1712497919, 0, 429, 6307, 6301, 2829, 12.26%, 0, 6, 2, 0.08
1712498050, 0, 429, 6308, 6302, 2829, 12.27%, 0, 6, 2, 1614.40
1712498055, 0, 429, 6309, 6303, 2829, 12.27%, 0, 6, 2, 1520.97
1712498060, 0, 493, 6310, 6303, 2831, 12.27%, 0, 6, 2, 1540.99
1712498255, 0, 660, 6311, 6303, 2831, 12.27%, 0, 6, 2, 1544.17
1712498260, 0, 660, 6312, 6304, 2831, 12.27%, 0, 6, 2, 1750.75
1712498270, 0, 660, 6313, 6305, 2831, 12.27%, 0, 6, 2, 1622.81
1712498275, 0, 660, 6314, 6306, 2831, 12.27%, 0, 6, 2, 1488.95
1712498471, 0, 660, 6315, 6307, 2831, 12.27%, 0, 6, 2, 1624.51
1712498691, 0, 660, 6316, 6308, 2831, 12.27%, 0, 6, 2, 1430.02
1712498881, 0, 660, 6321, 6313, 2831, 12.27%, 0, 6, 2, 0.30
1712498886, 0, 660, 6322, 6314, 2831, 12.27%, 0, 6, 2, 1382.27
1712498891, 0, 715, 6323, 6314, 2831, 12.27%, 0, 6, 2, 1521.21
1712498901, 0, 715, 6324, 6315, 2831, 12.28%, 0, 6, 2, 1528.55
1712498906, 0, 730, 6326, 6316, 2831, 12.28%, 0, 6, 2, 1424.95
1712499102, 0, 730, 6476, 6465, 2830, 12.54%, 0, 6, 2, 1447.57
1712499107, 0, 730, 6926, 6915, 2830, 12.80%, 0, 6, 2, 1136.89
1712499112, 0, 730, 7451, 7440, 2830, 13.03%, 0, 6, 2, 1051.47
1712499117, 0, 738, 7626, 7615, 3139, 13.10%, 0, 6, 2, 1196.36
1712499312, 0, 771, 7626, 7614, 3138, 13.10%, 0, 6, 2, 1355.60
1712499327, 0, 776, 7626, 7613, 3137, 13.10%, 0, 6, 2, 1293.72
1712499528, 0, 776, 7627, 7614, 3137, 13.10%, 0, 6, 2, 1564.81
1712499533, 0, 776, 7628, 7615, 3137, 13.10%, 0, 6, 2, 1536.64
1712499723, 0, 807, 7628, 7614, 3136, 13.10%, 0, 6, 2, 0.17
1712499738, 0, 862, 7629, 7614, 3135, 13.10%, 0, 6, 2, 1489.01
1712499748, 0, 862, 7630, 7615, 3135, 13.10%, 0, 6, 2, 1357.38
1712499933, 0, 871, 7631, 7615, 3136, 13.10%, 0, 6, 2, 0.61
1712500034, 0, 1107, 7632, 7615, 3135, 13.10%, 0, 6, 2, 1455.67
1712500039, 0, 1107, 7633, 7616, 3135, 13.10%, 0, 6, 2, 1459.77
1712500125, 0, 1195, 7633, 7615, 3135, 13.10%, 0, 6, 2, 1508.03
1712500140, 0, 1231, 7633, 7614, 3134, 13.10%, 0, 6, 2, 1597.54
1712500155, 0, 1235, 7633, 7613, 3133, 13.10%, 0, 6, 2, 1588.25
1712500160, 0, 1235, 7634, 7614, 3133, 13.10%, 0, 6, 2, 1556.84
1712500170, 0, 1235, 7635, 7615, 3133, 13.10%, 0, 6, 2, 1580.01
1712500175, 0, 1252, 7724, 7703, 3136, 13.11%, 0, 6, 2, 1369.45
1712500191, 0, 1269, 7724, 7702, 3135, 13.11%, 0, 6, 2, 1527.48
1712500196, 0, 1269, 7725, 7703, 3135, 13.11%, 0, 6, 2, 1614.30
1712500211, 0, 1302, 7726, 7703, 3135, 13.11%, 0, 6, 2, 1580.79
1712500221, 0, 1302, 7727, 7704, 3135, 13.11%, 0, 6, 2, 1542.89
1712500226, 0, 1302, 7728, 7705, 3135, 13.11%, 0, 6, 2, 1564.24
1712500231, 0, 1392, 7729, 7705, 3138, 13.12%, 0, 6, 2, 1551.41
1712500247, 0, 1453, 7729, 7704, 3137, 13.12%, 0, 6, 2, 1562.98
1712500257, 0, 1453, 7730, 7705, 3137, 13.12%, 0, 6, 2, 1605.21
1712500262, 0, 1453, 7731, 7706, 3137, 13.12%, 0, 6, 2, 1581.54
1712500267, 0, 1508, 7731, 7705, 3137, 13.12%, 0, 6, 2, 1568.12
1712500292, 0, 1633, 7731, 7704, 3136, 13.12%, 0, 6, 2, 1564.34
1712500297, 0, 1633, 7732, 7705, 3136, 13.12%, 0, 6, 2, 1608.53
1712500318, 0, 1633, 7733, 7706, 3136, 13.12%, 0, 6, 2, 1589.56
1712500323, 0, 1633, 7734, 7707, 3136, 13.12%, 0, 6, 2, 1582.40
1712500328, 0, 1633, 7736, 7709, 3136, 13.12%, 0, 6, 2, 1365.47
1712500333, 0, 1675, 7736, 7708, 3139, 13.12%, 0, 6, 2, 1450.87
1712500338, 0, 1675, 7737, 7709, 3139, 13.12%, 0, 6, 2, 1557.63
1712500348, 0, 1694, 7737, 7708, 3139, 13.12%, 0, 6, 2, 1532.05
1712500363, 0, 1713, 7737, 7707, 3138, 13.12%, 0, 6, 2, 1470.90
1712500383, 0, 1737, 7737, 7706, 3137, 13.12%, 0, 6, 2, 1503.17
1712500398, 0, 1915, 7737, 7705, 3136, 13.12%, 0, 6, 2, 1560.48
1712500409, 0, 1920, 7737, 7704, 3135, 13.12%, 0, 6, 2, 1578.96
1712500419, 0, 1923, 7737, 7703, 3134, 13.12%, 0, 6, 2, 1606.52
1712500429, 0, 1923, 7738, 7704, 3134, 13.12%, 0, 6, 2, 1454.65
1712500480, 0, 1923, 7740, 7706, 3134, 13.12%, 0, 6, 2, 1466.29
1712500485, 0, 1923, 7742, 7708, 3134, 13.12%, 0, 6, 2, 1496.62
1712500490, 0, 1923, 7745, 7711, 3134, 13.13%, 0, 6, 2, 1439.42
1712500495, 0, 1986, 7745, 7710, 3135, 13.13%, 0, 6, 2, 1624.39
1712500500, 0, 2022, 7746, 7710, 3135, 13.13%, 0, 6, 2, 1583.83
1712500510, 0, 2068, 7746, 7709, 3133, 13.13%, 0, 6, 2, 1556.31
1712500550, 0, 2175, 7748, 7710, 3132, 13.13%, 0, 6, 2, 1534.57
1712500560, 0, 2182, 7748, 7709, 3133, 13.13%, 0, 6, 2, 1621.58
1712500571, 0, 2225, 7748, 7708, 3132, 13.13%, 0, 6, 2, 1598.03
1712500591, 0, 2251, 7749, 7708, 3131, 13.13%, 0, 6, 2, 1549.22
1712500606, 0, 2258, 7750, 7708, 3130, 13.13%, 0, 6, 2, 1578.32
1712500641, 0, 2258, 7751, 7709, 3130, 13.13%, 0, 6, 2, 1423.55
1712500646, 0, 2340, 7751, 7708, 3130, 13.13%, 0, 6, 2, 1552.95
1712500667, 0, 2398, 7751, 7707, 3129, 13.13%, 0, 6, 2, 1567.71
1712500672, 0, 2398, 7758, 7714, 3129, 13.14%, 0, 6, 2, 1576.13
1712500682, 0, 2398, 7759, 7715, 3129, 13.15%, 0, 6, 2, 1570.56
1712500687, 0, 2398, 7760, 7716, 3129, 13.15%, 0, 6, 2, 1603.83
1712500692, 0, 2398, 7762, 7718, 3129, 13.15%, 0, 6, 2, 1447.26
1712500707, 0, 2415, 7762, 7717, 3131, 13.15%, 0, 6, 2, 1519.49
1712500722, 0, 2421, 7762, 7716, 3130, 13.15%, 0, 6, 2, 1562.51
1712500737, 0, 2438, 7762, 7715, 3129, 13.15%, 0, 6, 2, 1535.71
1712500743, 0, 2438, 7766, 7719, 3129, 13.15%, 0, 6, 2, 1608.55
1712500753, 0, 2447, 7766, 7718, 3132, 13.15%, 0, 6, 2, 1478.21
1712500778, 0, 2511, 7766, 7717, 3131, 13.15%, 0, 6, 2, 1579.03
1712500789, 0, 2535, 7766, 7716, 3130, 13.15%, 0, 6, 2, 1510.97
1712500794, 0, 2535, 7770, 7720, 3130, 13.15%, 0, 6, 2, 1544.46
1712500809, 0, 2555, 7770, 7719, 3130, 13.15%, 0, 6, 2, 1575.04
1712500819, 0, 2573, 7770, 7718, 3129, 13.15%, 0, 6, 2, 1511.75
1712500839, 0, 2591, 7771, 7718, 3129, 13.15%, 0, 6, 2, 1537.46
1712500854, 0, 2591, 7772, 7719, 3129, 13.15%, 0, 6, 2, 1540.68
1712500860, 0, 2605, 7772, 7718, 3128, 13.15%, 0, 6, 2, 1610.20
1712500865, 0, 2634, 7772, 7717, 3127, 13.15%, 0, 6, 2, 1514.72
1712500885, 0, 2635, 7772, 7716, 3126, 13.15%, 0, 6, 2, 1503.20
1712500900, 0, 2656, 7772, 7715, 3125, 13.15%, 0, 6, 2, 1525.21
1712500925, 0, 2677, 7772, 7714, 3124, 13.15%, 0, 6, 2, 1560.43
1712500940, 0, 2702, 7772, 7713, 3122, 13.15%, 0, 6, 2, 1626.45
1712500950, 0, 2728, 7772, 7712, 3121, 13.15%, 0, 6, 2, 1511.21
1712500966, 0, 2754, 7772, 7711, 3120, 13.15%, 0, 6, 2, 1503.30
1712500986, 0, 2805, 7772, 7710, 3119, 13.15%, 0, 6, 2, 1536.11
1712501001, 0, 2812, 7773, 7710, 3118, 13.15%, 0, 6, 2, 1503.27
1712501017, 0, 2822, 7773, 7709, 3116, 13.15%, 0, 6, 2, 1534.35
1712501032, 0, 2844, 7773, 7708, 3115, 13.15%, 0, 6, 2, 1504.66
1712501052, 0, 2869, 7773, 7707, 3114, 13.15%, 0, 6, 2, 1492.39
1712501063, 0, 2953, 7773, 7706, 3113, 13.15%, 0, 6, 2, 1522.13
1712502247, 0, 2959, 7773, 7705, 3112, 13.15%, 0, 6, 2, 0.18
1712502262, 0, 3014, 7773, 7704, 3111, 13.15%, 0, 6, 2, 1474.73
1712502457, 0, 3038, 7774, 7704, 3110, 13.15%, 0, 6, 2, 0.32
1712502483, 0, 3038, 7775, 7705, 3110, 13.15%, 0, 6, 2, 1520.93
1712502673, 0, 3038, 7949, 7878, 3109, 13.23%, 0, 6, 2, 1337.37
1712502678, 0, 3057, 8049, 7978, 3143, 13.26%, 0, 6, 2, 1517.79
1712502688, 0, 3060, 8049, 7977, 3141, 13.26%, 0, 6, 2, 1675.32
1712502878, 0, 3060, 8050, 7978, 3141, 13.26%, 0, 6, 2, 0.98
1712502883, 0, 3141, 8050, 7977, 3141, 13.26%, 0, 6, 2, 1387.34
1712507510, 0, 3141, 8050, 7977, 3141, 13.26%, 0, 7, 2, 0.89
1712508366, 0, 3141, 8051, 7978, 3141, 13.26%, 0, 7, 2, 1805.97
1712523289, 0, 3141, 8053, 7980, 3141, 13.26%, 0, 7, 2, 2062.72
1712523295, 0, 3141, 8054, 7981, 3141, 13.26%, 0, 7, 2, 1455.90
1712523305, 0, 3141, 8055, 7982, 3141, 13.26%, 0, 7, 2, 1236.72
1712523310, 0, 3205, 8056, 7982, 3141, 13.26%, 0, 7, 2, 2038.38
1712523500, 0, 3211, 8056, 7981, 3140, 13.26%, 0, 7, 2, 2783.28
1712523505, 0, 3211, 8420, 8344, 3139, 13.82%, 0, 7, 2, 2223.07
1712523510, 0, 3246, 9226, 9150, 3418, 14.24%, 0, 7, 2, 1797.51
1712523705, 0, 3392, 9226, 9149, 3417, 14.24%, 0, 7, 2, 1.56
1712523715, 0, 3411, 9227, 9149, 3416, 14.24%, 0, 7, 2, 2458.96
1712523725, 0, 3425, 9227, 9148, 3415, 14.24%, 0, 7, 2, 2336.43
1712523731, 0, 3425, 9228, 9149, 3415, 14.24%, 0, 7, 2, 2297.40
1712523915, 0, 3439, 9228, 9148, 3415, 14.24%, 0, 7, 2, 1.86
1712523920, 0, 3439, 9229, 9149, 3415, 14.24%, 0, 7, 2, 2573.80
1712523926, 0, 3443, 9229, 9148, 3415, 14.24%, 0, 7, 2, 2503.89
1712523941, 0, 3443, 9231, 9150, 3415, 14.24%, 0, 7, 2, 2439.28
1712524126, 0, 3484, 9231, 9149, 3416, 14.24%, 0, 7, 2, 1.66
1712524131, 0, 3511, 9233, 9150, 3415, 14.24%, 0, 7, 2, 2942.40
1712524136, 0, 3511, 9234, 9151, 3415, 14.24%, 0, 7, 2, 2581.50
1712524141, 0, 3525, 9234, 9150, 3417, 14.24%, 0, 7, 2, 2625.07
1712524146, 0, 3550, 9234, 9149, 3416, 14.24%, 0, 7, 2, 2606.40
1712524336, 0, 3648, 9234, 9148, 3415, 14.24%, 0, 7, 2, 2.48
1712524546, 0, 3648, 9237, 9151, 3415, 14.25%, 0, 7, 2, 1.78
1712524551, 0, 3648, 9238, 9152, 3415, 14.25%, 0, 7, 2, 2253.23
1712524556, 0, 3767, 9240, 9153, 3416, 14.25%, 0, 7, 2, 2314.86
1712524567, 0, 3776, 9240, 9152, 3415, 14.25%, 0, 7, 2, 2500.81
1712524757, 0, 3784, 9240, 9151, 3414, 14.25%, 0, 7, 2, 1.90
1712524772, 0, 3800, 9240, 9150, 3413, 14.25%, 0, 7, 2, 2261.99
1712524972, 0, 3800, 9241, 9151, 3413, 14.25%, 0, 7, 2, 2318.16
1712524987, 0, 3844, 9241, 9150, 3412, 14.25%, 0, 7, 2, 2404.55
1712525177, 0, 3852, 9242, 9150, 3412, 14.26%, 0, 7, 2, 2.64
1712525198, 0, 3864, 9242, 9149, 3411, 14.26%, 0, 7, 2, 2635.02
1712525203, 0, 3871, 9243, 9149, 3411, 14.26%, 0, 7, 2, 2592.76
1712525273, 0, 3874, 9243, 9148, 3410, 14.26%, 0, 7, 2, 2295.95
1712525278, 0, 3874, 9244, 9149, 3410, 14.26%, 0, 7, 2, 2432.41
1712525283, 0, 3874, 9292, 9196, 3409, 14.32%, 0, 7, 2, 2351.75
1712525288, 0, 3979, 9380, 9284, 3415, 14.34%, 0, 7, 2, 2304.78
1712525293, 0, 4012, 9380, 9283, 3414, 14.34%, 0, 7, 2, 2371.45
1712525313, 0, 4018, 9382, 9284, 3413, 14.34%, 0, 7, 2, 2434.21
1712525318, 0, 4037, 9382, 9283, 3414, 14.34%, 0, 7, 2, 2386.96
1712525328, 0, 4049, 9382, 9282, 3413, 14.34%, 0, 7, 2, 2367.59
1712525334, 0, 4049, 9383, 9283, 3413, 14.34%, 0, 7, 2, 2343.10
1712525344, 0, 4139, 9383, 9282, 3411, 14.34%, 0, 7, 2, 2408.14
1712525501, 0, 4139, 9384, 9283, 3411, 14.34%, 0, 7, 2, 1992.39
1712525830, 0, 4139, 9385, 9284, 3411, 14.34%, 0, 7, 2, 2101.37
1712528122, 0, 4151, 9386, 9284, 3411, 14.35%, 0, 7, 2, 1.83
1712528127, 0, 4151, 9387, 9285, 3411, 14.35%, 0, 7, 2, 2432.42
1712528137, 0, 4151, 9388, 9286, 3411, 14.35%, 0, 7, 2, 2379.47
1712528142, 0, 4182, 9388, 9285, 3413, 14.35%, 0, 7, 2, 2345.62
1712528342, 0, 4200, 9388, 9284, 3412, 14.35%, 0, 7, 2, 2348.95
1712528352, 0, 4250, 9388, 9283, 3411, 14.35%, 0, 7, 2, 2415.31
1712528357, 0, 4250, 9389, 9284, 3411, 14.35%, 0, 7, 2, 2493.07
1712528542, 0, 4266, 9526, 9420, 3424, 14.41%, 0, 7, 2, 2.34
1712528547, 0, 4266, 9527, 9421, 3424, 14.42%, 0, 7, 2, 2389.09
1712528553, 0, 4312, 9527, 9420, 3424, 14.42%, 0, 7, 2, 2519.39
1712528568, 0, 4407, 9527, 9419, 3423, 14.42%, 0, 7, 2, 2414.26
1712528758, 0, 4452, 9527, 9418, 3422, 14.42%, 0, 7, 2, 2307.65
1712528768, 0, 4453, 9527, 9417, 3421, 14.42%, 0, 7, 2, 2353.07
1712528773, 0, 4456, 9528, 9417, 3421, 14.42%, 0, 7, 2, 2378.14
1712528963, 0, 4525, 9528, 9416, 3420, 14.42%, 0, 7, 2, 1.39
1712528968, 0, 4530, 9528, 9415, 3419, 14.42%, 0, 7, 2, 2523.48
1712528978, 0, 4535, 9528, 9414, 3418, 14.42%, 0, 7, 2, 2607.70
1712528983, 0, 4557, 9528, 9413, 3416, 14.42%, 0, 7, 2, 2447.54
1712529188, 0, 4557, 9529, 9414, 3416, 14.42%, 0, 7, 2, 2547.99
1712529193, 0, 4599, 9529, 9413, 3415, 14.42%, 0, 7, 2, 2483.79
1712529199, 0, 4619, 9529, 9412, 3414, 14.42%, 0, 7, 2, 2415.81
1712529389, 0, 4662, 9529, 9411, 3413, 14.42%, 0, 7, 2, 2266.40
1712530178, 0, 4662, 9530, 9412, 3413, 14.42%, 0, 7, 2, 2462.89
1712530199, 0, 4669, 9530, 9411, 3413, 14.42%, 0, 7, 2, 2241.30
1712530209, 0, 4712, 9530, 9410, 3412, 14.42%, 0, 7, 2, 2458.59
1712530220, 0, 4712, 9533, 9412, 3411, 14.42%, 0, 8, 2, 381.83
1712530225, 0, 4722, 9765, 9644, 3433, 14.48%, 0, 9, 2, 1265.05
1712530240, 0, 4736, 9765, 9643, 3432, 14.48%, 0, 9, 2, 2348.13
1712530245, 0, 4812, 9765, 9642, 3431, 14.48%, 0, 9, 2, 2333.29
1712530255, 0, 4825, 9765, 9641, 3430, 14.48%, 0, 9, 2, 2392.32
1712530265, 0, 4828, 9765, 9640, 3429, 14.48%, 0, 9, 2, 2347.22
1712530276, 0, 4828, 9767, 9642, 3429, 14.48%, 0, 9, 2, 2396.41
1712530281, 0, 4828, 9768, 9643, 3429, 14.48%, 0, 9, 2, 2447.58
1712530301, 0, 4853, 9768, 9642, 3427, 14.48%, 0, 9, 2, 2309.49
1712530306, 0, 4865, 9768, 9641, 3426, 14.48%, 0, 9, 2, 2438.76
1712530321, 0, 4878, 9768, 9640, 3425, 14.48%, 0, 9, 2, 2562.25
1712530326, 0, 4889, 9768, 9639, 3424, 14.48%, 0, 9, 2, 2431.79
1712530336, 0, 4890, 9769, 9639, 3423, 14.48%, 0, 9, 2, 2349.24
1712530347, 0, 4905, 9769, 9638, 3423, 14.48%, 0, 9, 2, 2401.69
1712530352, 0, 4928, 9769, 9637, 3422, 14.48%, 0, 9, 2, 2420.83
1712530362, 0, 4940, 9769, 9636, 3421, 14.48%, 0, 9, 2, 2381.37
1712530372, 0, 4960, 9769, 9635, 3420, 14.48%, 0, 9, 2, 2428.98
1712530387, 0, 4960, 9771, 9637, 3420, 14.48%, 0, 9, 2, 2436.11
1712530392, 0, 4971, 9771, 9636, 3421, 14.48%, 0, 9, 2, 2392.99
1712530402, 0, 4981, 9778, 9642, 3425, 14.49%, 0, 9, 2, 2385.51
1712530412, 0, 4991, 9780, 9643, 3427, 14.50%, 0, 9, 2, 2440.78
1712530427, 0, 4995, 9781, 9643, 3428, 14.50%, 0, 9, 2, 2380.31
1712530437, 0, 5018, 9781, 9642, 3427, 14.50%, 0, 9, 2, 2365.79
1712530442, 0, 5082, 9781, 9641, 3426, 14.50%, 0, 9, 2, 2360.93
1712530447, 0, 5082, 9782, 9642, 3426, 14.50%, 0, 9, 2, 2403.84
1712530458, 0, 5096, 9782, 9641, 3426, 14.50%, 0, 9, 2, 2480.01
1712530468, 0, 5104, 9783, 9641, 3425, 14.50%, 0, 9, 2, 2436.00
1712530478, 0, 5171, 9784, 9641, 3424, 14.50%, 0, 9, 2, 2384.23
1712530483, 0, 5171, 9786, 9643, 3424, 14.50%, 0, 9, 2, 2421.94
1712530493, 0, 5188, 9786, 9642, 3424, 14.50%, 0, 9, 2, 2326.99
1712530498, 0, 5246, 9786, 9641, 3423, 14.50%, 0, 9, 2, 2346.24
1712530508, 0, 5257, 9786, 9640, 3422, 14.50%, 0, 9, 2, 2354.81
1712530523, 0, 5262, 9786, 9639, 3421, 14.50%, 0, 9, 2, 2447.63
1712530529, 0, 5269, 9786, 9638, 3419, 14.50%, 0, 9, 2, 2450.81
1712530539, 0, 5276, 9786, 9637, 3418, 14.50%, 0, 9, 2, 2179.95
1712530544, 0, 5276, 9787, 9638, 3418, 14.50%, 0, 9, 2, 2109.21
1712530549, 0, 5313, 9787, 9637, 3417, 14.50%, 0, 9, 2, 2231.50
1712530554, 0, 5313, 9788, 9638, 3417, 14.50%, 0, 9, 2, 2410.62
1712530559, 0, 5342, 9789, 9638, 3417, 14.51%, 0, 9, 2, 2585.96
1712530564, 0, 5372, 9790, 9638, 3417, 14.51%, 0, 9, 2, 2752.80
1712530589, 0, 5379, 9790, 9637, 3417, 14.51%, 0, 9, 2, 2755.26
1712530595, 0, 5421, 9790, 9636, 3416, 14.51%, 0, 9, 2, 2600.52
1712530605, 0, 5429, 9790, 9635, 3415, 14.51%, 0, 9, 2, 2553.82
1712530620, 0, 5449, 9790, 9634, 3414, 14.51%, 0, 9, 2, 2480.17
1712530635, 0, 5449, 9791, 9635, 3414, 14.51%, 0, 9, 2, 2534.44
1712530640, 0, 5475, 9792, 9635, 3414, 14.51%, 0, 9, 2, 2610.04
1712530645, 0, 5497, 9792, 9634, 3414, 14.51%, 0, 9, 2, 2501.14
1712530655, 0, 5503, 9792, 9633, 3413, 14.51%, 0, 9, 2, 2660.96
1712530665, 0, 5527, 9792, 9632, 3412, 14.51%, 0, 9, 2, 2638.70
1712530675, 0, 5528, 9792, 9631, 3411, 14.51%, 0, 9, 2, 2414.00
1712530685, 0, 5537, 9792, 9630, 3410, 14.51%, 0, 9, 2, 2474.33
1712530691, 0, 5605, 9792, 9629, 3409, 14.51%, 0, 9, 2, 2472.95
1712530701, 0, 5631, 9792, 9628, 3408, 14.51%, 0, 9, 2, 2473.06
1712535782, 0, 5636, 9792, 9627, 3407, 14.51%, 0, 9, 2, 0.01
1712535923, 0, 5666, 10422, 10256, 3611, 14.94%, 0, 9, 2, 1947.52
1712536114, 0, 5675, 10422, 10255, 3610, 14.94%, 0, 9, 2, 1.37
1712536124, 0, 5703, 10422, 10254, 3609, 14.94%, 0, 9, 2, 2367.62
1712536129, 0, 5703, 10423, 10255, 3609, 14.94%, 0, 9, 2, 2280.11
1712536324, 0, 5703, 10424, 10256, 3609, 14.94%, 0, 9, 2, 1.78
1712536545, 0, 5705, 10424, 10255, 3610, 14.94%, 0, 9, 2, 2245.68
1712536560, 0, 5722, 10424, 10254, 3608, 14.94%, 0, 9, 2, 2410.76
1712536745, 0, 5722, 10425, 10255, 3608, 14.94%, 0, 9, 2, 2.29
1712536750, 0, 5734, 10427, 10256, 3608, 14.94%, 0, 9, 2, 2323.12
1712536760, 0, 5758, 10427, 10255, 3607, 14.94%, 0, 9, 2, 2369.47
1712536770, 0, 5784, 10427, 10254, 3606, 14.94%, 0, 9, 2, 2363.37
1712536960, 0, 5860, 10427, 10253, 3605, 14.94%, 0, 9, 2, 2441.30
1712536970, 0, 5868, 10427, 10252, 3604, 14.94%, 0, 9, 2, 2470.65
1712536975, 0, 5870, 10427, 10251, 3603, 14.94%, 0, 9, 2, 2582.62
1712537165, 0, 5879, 10428, 10251, 3602, 14.95%, 0, 9, 2, 1.22
1712537176, 0, 5893, 10428, 10250, 3602, 14.95%, 0, 9, 2, 2258.07
1712537186, 0, 5911, 10428, 10249, 3601, 14.95%, 0, 9, 2, 2472.33
1712537381, 0, 5965, 10428, 10248, 3600, 14.95%, 0, 9, 2, 2383.01
1712537396, 0, 5983, 10428, 10247, 3599, 14.95%, 0, 9, 2, 2481.76
1712537586, 0, 6085, 10428, 10246, 3598, 14.95%, 0, 9, 2, 0.82
1712537601, 0, 6120, 10429, 10246, 3598, 14.95%, 0, 9, 2, 2368.77
1712537611, 0, 6165, 10429, 10245, 3597, 14.95%, 0, 9, 2, 2490.90
1712537801, 0, 6191, 10429, 10244, 3596, 14.95%, 0, 9, 2, 2056.72
1712539799, 0, 6191, 10430, 10245, 3596, 14.95%, 0, 9, 2, 2113.88
1712549364, 0, 6191, 10430, 10245, 3596, 14.95%, 0, 10, 2, 1.90
1712550230, 0, 6191, 10448, 10262, 3595, 14.96%, 0, 10, 2, 1582.09
1712550415, 0, 6205, 10973, 10787, 3744, 15.31%, 0, 10, 2, 0.39
1712550425, 0, 6441, 10973, 10786, 3743, 15.31%, 0, 10, 2, 2594.80
1712550435, 0, 6489, 10973, 10785, 3742, 15.31%, 0, 10, 2, 2416.88
1712552728, 0, 6498, 10974, 10785, 3741, 15.31%, 0, 10, 2, 0.05
1712552733, 0, 6511, 10975, 10785, 3742, 15.31%, 0, 10, 2, 2284.41
1712552744, 0, 6522, 11038, 10847, 3744, 15.32%, 0, 10, 2, 2326.68
1712552939, 0, 6580, 11038, 10846, 3743, 15.32%, 0, 10, 2, 0.28
1712552944, 0, 6584, 11038, 10845, 3742, 15.32%, 0, 10, 2, 2336.36
1712553149, 0, 6625, 11038, 10844, 3741, 15.32%, 0, 10, 2, 2.83
1712553159, 0, 6634, 11038, 10843, 3740, 15.32%, 0, 10, 2, 2296.65
1712553169, 0, 6640, 11038, 10842, 3739, 15.32%, 0, 10, 2, 2339.52
1712553369, 0, 6646, 11038, 10841, 3738, 15.32%, 0, 10, 2, 2399.59
1712553385, 0, 6704, 11038, 10840, 3737, 15.32%, 0, 10, 2, 2412.28
1712553570, 0, 6723, 11039, 10840, 3736, 15.32%, 0, 10, 2, 1.04
1712553575, 0, 6723, 11040, 10841, 3736, 15.32%, 0, 10, 2, 2646.88
1712553580, 0, 6778, 11040, 10840, 3736, 15.32%, 0, 10, 2, 2452.59
1712553595, 0, 6784, 11040, 10839, 3735, 15.32%, 0, 10, 2, 2430.01
1712553785, 0, 6789, 11040, 10838, 3734, 15.32%, 0, 10, 2, 2569.65
1712553790, 0, 6792, 11040, 10837, 3733, 15.32%, 0, 10, 2, 2593.31
1712553805, 0, 6811, 11040, 10836, 3732, 15.32%, 0, 10, 2, 2573.31
1712553995, 0, 6820, 11040, 10835, 3731, 15.32%, 0, 10, 2, 2380.03
1712554000, 0, 6820, 11041, 10836, 3731, 15.32%, 0, 10, 2, 2421.07
1712554006, 0, 6917, 11041, 10835, 3730, 15.32%, 0, 10, 2, 2369.01
1712554201, 0, 6949, 11041, 10834, 3729, 15.32%, 0, 10, 2, 0.26
1712554206, 0, 7006, 11043, 10835, 3727, 15.32%, 0, 10, 2, 2415.05
1712554221, 0, 7011, 11043, 10834, 3728, 15.32%, 0, 10, 2, 2325.88
1712554416, 0, 7050, 11043, 10833, 3727, 15.32%, 0, 10, 2, 2454.49
1712554426, 0, 7097, 11043, 10832, 3726, 15.32%, 0, 10, 2, 2490.48
1712554621, 0, 7122, 11044, 10832, 3726, 15.32%, 0, 10, 2, 0.74
1712554631, 0, 7122, 11045, 10833, 3726, 15.32%, 0, 10, 2, 2345.37
1712554636, 0, 7194, 11045, 10832, 3726, 15.32%, 0, 10, 2, 2324.23
1712555558, 0, 7224, 11046, 10832, 3725, 15.33%, 0, 10, 2, 2348.60
1712555568, 0, 7282, 11046, 10831, 3725, 15.33%, 0, 10, 2, 2353.17
1712555578, 0, 7394, 11235, 11019, 3740, 15.42%, 0, 10, 2, 2303.62
1712555588, 0, 7409, 11235, 11018, 3739, 15.42%, 0, 10, 2, 2459.25
1712555603, 0, 7463, 11236, 11018, 3739, 15.42%, 0, 10, 2, 2472.47
1712555618, 0, 7505, 11236, 11017, 3738, 15.42%, 0, 10, 2, 2361.92
1712555623, 0, 7574, 11236, 11016, 3737, 15.42%, 0, 10, 2, 2406.02
1712555638, 0, 7727, 11236, 11015, 3736, 15.42%, 0, 10, 2, 2364.69
1712555654, 0, 7728, 11236, 11014, 3735, 15.42%, 0, 10, 2, 2409.31
1712555664, 0, 7733, 11237, 11014, 3735, 15.42%, 0, 10, 3, 2394.01
1712555689, 0, 7750, 11237, 11013, 3734, 15.42%, 0, 10, 3, 2379.43
1712555704, 0, 7793, 11237, 11012, 3733, 15.42%, 0, 10, 3, 2285.20
1712555714, 0, 7838, 11237, 11011, 3732, 15.42%, 0, 10, 3, 2474.92
1712555730, 0, 7986, 11237, 11010, 3731, 15.42%, 0, 10, 3, 2456.40
1712555740, 0, 8046, 11237, 11009, 3730, 15.42%, 0, 10, 3, 2352.88
1712555745, 0, 8063, 11237, 11008, 3729, 15.42%, 0, 10, 3, 2391.38
1712555750, 0, 8063, 11238, 11009, 3729, 15.43%, 0, 10, 3, 2499.04
1712555755, 0, 8071, 11238, 11008, 3729, 15.43%, 0, 10, 3, 2370.21
1712555765, 0, 8104, 11238, 11007, 3728, 15.43%, 0, 10, 3, 2347.76
1712555775, 0, 8109, 11239, 11007, 3727, 15.43%, 0, 10, 3, 2398.20
1712555785, 0, 8200, 11239, 11006, 3726, 15.43%, 0, 10, 3, 2397.80
1712555790, 0, 8200, 11241, 11008, 3726, 15.43%, 0, 10, 3, 2402.80
1712555795, 0, 8200, 11242, 11009, 3726, 15.43%, 0, 10, 3, 2394.34
1712555801, 0, 8203, 11242, 11008, 3728, 15.43%, 0, 10, 3, 2367.52
1712555806, 0, 8203, 11243, 11009, 3728, 15.43%, 0, 10, 3, 2428.71
1712555821, 0, 8205, 11243, 11008, 3728, 15.43%, 0, 10, 3, 2444.61
1712555826, 0, 8232, 11244, 11008, 3727, 15.43%, 0, 10, 3, 2475.74
1712555832, 0, 8247, 11244, 11007, 3727, 15.43%, 0, 10, 3, 2501.13
1712555842, 0, 8257, 11245, 11007, 3726, 15.43%, 0, 10, 3, 2502.51
1712555857, 0, 8260, 11250, 11011, 3726, 15.44%, 0, 10, 3, 2446.08
1712555862, 0, 8260, 11251, 11012, 3726, 15.44%, 0, 10, 3, 2431.77
1712555867, 0, 8260, 11252, 11013, 3726, 15.44%, 0, 10, 3, 2489.82
1712555872, 0, 8292, 11253, 11013, 3732, 15.44%, 0, 10, 3, 2337.23
1712555882, 0, 8301, 11259, 11018, 3731, 15.45%, 0, 10, 3, 2396.46
1712555892, 0, 8301, 11262, 11021, 3731, 15.46%, 0, 10, 3, 2375.27
1712555897, 0, 8303, 11264, 11022, 3739, 15.46%, 0, 10, 3, 2477.39
1712555907, 0, 8307, 11265, 11022, 3738, 15.46%, 0, 10, 3, 2468.44
1712555913, 0, 8321, 11268, 11024, 3739, 15.46%, 0, 10, 3, 2337.80
1712555923, 0, 8322, 11268, 11023, 3738, 15.46%, 0, 10, 3, 2305.86
1712555933, 0, 8333, 11268, 11022, 3737, 15.46%, 0, 10, 3, 2317.28
1712555943, 0, 8339, 11268, 11021, 3736, 15.46%, 0, 10, 3, 2418.79
1712555948, 0, 8343, 11268, 11020, 3735, 15.46%, 0, 10, 3, 2407.78
1712555953, 0, 8343, 11269, 11021, 3735, 15.46%, 0, 10, 3, 2486.21
1712555958, 0, 8346, 11271, 11022, 3735, 15.47%, 0, 10, 3, 2426.28
1712555963, 0, 8372, 11271, 11021, 3736, 15.47%, 0, 10, 3, 2452.59
1712555973, 0, 8450, 11272, 11021, 3735, 15.47%, 0, 10, 3, 2453.35
1712555984, 0, 8460, 11273, 11021, 3733, 15.47%, 0, 10, 3, 2359.20
1712555994, 0, 8504, 11273, 11020, 3733, 15.47%, 0, 10, 3, 2311.77
1712556004, 0, 8505, 11273, 11019, 3732, 15.47%, 0, 10, 3, 2266.89
1712556019, 0, 8506, 11273, 11018, 3731, 15.47%, 0, 10, 3, 2392.31
1712556029, 0, 8519, 11277, 11021, 3730, 15.47%, 0, 10, 3, 2297.74
1712556039, 0, 8523, 11278, 11021, 3731, 15.47%, 0, 10, 3, 2284.56
1712556059, 0, 8539, 11278, 11020, 3730, 15.47%, 0, 10, 3, 2427.20
1712556075, 0, 8539, 11279, 11021, 3730, 15.47%, 0, 10, 3, 2412.03
1712556080, 0, 8559, 11279, 11020, 3729, 15.47%, 0, 10, 3, 2418.88
1712556095, 0, 8570, 11281, 11021, 3728, 15.48%, 0, 10, 3, 2462.23
1712556105, 0, 8584, 11282, 11021, 3728, 15.48%, 0, 10, 3, 2434.92
1712556125, 0, 8584, 11284, 11023, 3728, 15.48%, 0, 10, 3, 2459.81
1712556130, 0, 8584, 11285, 11024, 3728, 15.48%, 0, 10, 3, 2419.45
1712556135, 0, 8642, 11285, 11023, 3727, 15.48%, 0, 10, 3, 2372.57
1712556145, 0, 8651, 11286, 11023, 3726, 15.48%, 0, 10, 3, 2447.47
1712556156, 0, 8669, 11288, 11024, 3726, 15.48%, 0, 10, 3, 2482.59
1712556161, 0, 8669, 11289, 11025, 3726, 15.48%, 0, 10, 3, 2468.43
1712556166, 0, 8695, 11289, 11024, 3728, 15.48%, 0, 10, 3, 2482.51
1712556171, 0, 8716, 11289, 11023, 3727, 15.48%, 0, 10, 3, 2444.39
1712556186, 0, 8717, 11289, 11022, 3726, 15.48%, 0, 10, 3, 2422.36
1712556196, 0, 8750, 11289, 11021, 3725, 15.48%, 0, 10, 3, 2379.84
1712556211, 0, 8754, 11290, 11021, 3725, 15.48%, 0, 10, 3, 2365.94
1712556222, 0, 8755, 11290, 11020, 3724, 15.48%, 0, 10, 3, 2337.90
1712556237, 0, 8821, 11290, 11019, 3723, 15.48%, 0, 10, 3, 2372.63
1712556242, 0, 8852, 11290, 11018, 3722, 15.48%, 0, 10, 3, 2402.26
1712556252, 0, 8856, 11290, 11017, 3721, 15.48%, 0, 10, 3, 2403.07
1712556257, 0, 8917, 11291, 11017, 3720, 15.48%, 0, 10, 3, 2347.85
1712556282, 0, 8973, 11292, 11017, 3720, 15.48%, 0, 10, 3, 2372.49
1712556287, 0, 8973, 11293, 11018, 3720, 15.48%, 0, 10, 3, 2444.99
1712556292, 0, 8986, 11293, 11017, 3718, 15.48%, 0, 10, 3, 2375.39
1712556302, 0, 9025, 11293, 11016, 3717, 15.48%, 0, 10, 3, 2243.49
1712556312, 0, 9058, 11293, 11015, 3716, 15.48%, 0, 10, 3, 2353.07
1712556323, 0, 9087, 11293, 11014, 3715, 15.48%, 0, 10, 3, 2405.83
1712556338, 0, 9159, 11293, 11013, 3714, 15.48%, 0, 10, 3, 2228.92
1712556379, 0, 9159, 11294, 11014, 3714, 15.48%, 0, 10, 3, 1963.94
1712556955, 0, 9159, 11295, 11015, 3714, 15.49%, 0, 10, 3, 1848.97
1712561161, 0, 9159, 11296, 11016, 3714, 15.49%, 0, 10, 3, 1877.87
1712561993, 0, 9159, 11298, 11018, 3714, 15.49%, 0, 10, 3, 1867.17
1712561998, 0, 9159, 11299, 11019, 3714, 15.49%, 0, 10, 3, 1917.25
1712565048, 0, 9159, 11300, 11020, 3714, 15.49%, 0, 10, 3, 2009.33
1712565558, 0, 9159, 11300, 11020, 3714, 15.49%, 0, 11, 3, 0.84
