# unix_time, cycles_done, cur_path, paths_total, pending_total, pending_favs, map_size, unique_crashes, unique_hangs, max_depth, execs_per_sec
1712481075, 0, 0, 5, 5, 5, 1.24%, 0, 0, 1, 1818.18
1712481205, 0, 0, 52, 52, 5, 1.50%, 0, 0, 2, 0.52
1712481210, 0, 0, 61, 61, 5, 1.51%, 0, 0, 2, 1098.12
1712481215, 0, 0, 70, 70, 5, 1.51%, 0, 0, 2, 1300.03
1712481225, 0, 0, 74, 74, 5, 1.53%, 0, 0, 2, 1031.98
1712481230, 0, 0, 77, 77, 5, 1.53%, 0, 0, 2, 1087.44
1712485296, 0, 0, 86, 86, 5, 1.61%, 0, 0, 2, 0.05
1712485421, 0, 0, 88, 88, 5, 1.61%, 0, 0, 2, 1025.14
1712485427, 0, 0, 90, 90, 5, 1.61%, 0, 0, 2, 1094.96
1712485437, 0, 0, 93, 93, 5, 1.62%, 0, 0, 2, 1038.76
1712485442, 0, 0, 96, 96, 5, 1.63%, 0, 0, 2, 1037.72
1712485632, 0, 0, 98, 98, 5, 1.63%, 0, 0, 2, 895.57
1712485647, 0, 0, 100, 100, 5, 1.63%, 0, 0, 2, 1098.33
1712485652, 0, 0, 125, 125, 5, 1.76%, 0, 0, 2, 1062.37
1712485837, 0, 0, 145, 145, 5, 1.86%, 0, 1, 2, 0.93
1712485863, 0, 0, 147, 147, 5, 1.86%, 0, 1, 2, 918.04
1712490257, 0, 0, 147, 147, 5, 1.86%, 0, 2, 2, 0.59
1712490277, 0, 0, 156, 156, 5, 1.98%, 0, 2, 2, 1058.78
1712490282, 0, 0, 157, 157, 5, 1.98%, 0, 2, 2, 1039.12
1712490493, 0, 0, 158, 158, 5, 1.98%, 0, 2, 2, 964.57
1712490903, 0, 0, 160, 160, 5, 1.99%, 0, 2, 2, 1118.50
1712490914, 0, 0, 167, 167, 5, 2.00%, 0, 2, 2, 1042.58
1712491334, 0, 0, 176, 176, 5, 2.01%, 0, 2, 2, 1024.68
1712493856, 0, 0, 176, 176, 5, 2.01%, 0, 3, 2, 5.31
1712494255, 0, 0, 178, 178, 5, 2.02%, 0, 3, 2, 1.05
1712494270, 0, 0, 179, 179, 5, 2.02%, 0, 3, 2, 1276.57
1712494275, 0, 0, 188, 188, 5, 2.02%, 0, 3, 2, 1197.64
1712494280, 0, 0, 228, 228, 5, 2.08%, 0, 3, 2, 885.64
1712494466, 0, 0, 252, 252, 5, 2.10%, 0, 3, 2, 0.25
1712494471, 0, 0, 274, 274, 5, 2.12%, 0, 3, 2, 1222.27
1712494476, 0, 0, 290, 290, 5, 2.17%, 0, 3, 2, 933.78
1712494481, 0, 0, 301, 301, 5, 2.18%, 0, 3, 2, 903.21
1712494486, 0, 0, 309, 309, 5, 2.19%, 0, 3, 2, 909.49
1712494491, 0, 0, 313, 313, 5, 2.20%, 0, 3, 2, 859.25
1712494676, 0, 0, 353, 352, 4, 3.02%, 0, 3, 2, 0.42
1712494681, 0, 0, 876, 875, 4, 5.86%, 0, 3, 2, 911.81
1712494686, 0, 0, 1366, 1365, 4, 6.99%, 0, 3, 2, 858.82
1712494691, 0, 0, 1908, 1907, 4, 7.74%, 0, 3, 2, 1009.66
1712494696, 0, 0, 2433, 2432, 4, 8.40%, 0, 3, 2, 968.74
1712494701, 0, 0, 2876, 2875, 4, 8.86%, 0, 3, 2, 851.75
1712494886, 0, 0, 3152, 3151, 4, 9.14%, 0, 3, 2, 0.28
1712494891, 0, 0, 3646, 3645, 4, 9.62%, 0, 3, 2, 968.80
1712494896, 0, 0, 4149, 4148, 4, 10.01%, 0, 3, 2, 1028.04
1712494902, 0, 0, 4651, 4650, 4, 10.44%, 0, 3, 2, 1068.04
1712494907, 0, 0, 5103, 5102, 4, 10.78%, 0, 3, 2, 1010.53
1712494912, 0, 295, 5235, 5234, 2302, 10.87%, 0, 3, 3, 1084.15
1712495102, 0, 295, 5237, 5236, 2302, 10.88%, 0, 3, 3, 1575.44
1712495112, 0, 295, 5243, 5242, 2302, 10.89%, 0, 3, 3, 1857.89
1712495117, 0, 295, 5244, 5243, 2302, 10.89%, 0, 3, 3, 1707.18
1712495122, 0, 295, 5248, 5247, 2302, 10.91%, 0, 3, 3, 1277.78
1712495307, 0, 295, 5249, 5248, 2302, 10.91%, 0, 3, 3, 1.02
1712495312, 0, 295, 5251, 5250, 2302, 10.92%, 0, 3, 3, 1123.97
1712495322, 0, 364, 5252, 5250, 2317, 10.92%, 0, 3, 3, 1278.89
1712495728, 0, 364, 5252, 5250, 2317, 10.92%, 0, 4, 3, 1.43
1712497537, 0, 364, 5253, 5251, 2317, 10.92%, 0, 4, 3, 1367.02
1712497542, 0, 385, 5261, 5258, 2317, 10.92%, 0, 4, 3, 1558.96
1712497547, 0, 385, 5262, 5259, 2317, 10.92%, 0, 4, 3, 1606.24
1712497578, 0, 385, 5264, 5261, 2317, 10.92%, 0, 4, 3, 1720.84
1712497583, 0, 385, 5266, 5263, 2317, 10.92%, 0, 4, 3, 1489.12
1712497588, 0, 385, 5267, 5264, 2317, 10.92%, 0, 4, 3, 1440.10
1712497593, 0, 385, 5268, 5265, 2317, 10.92%, 0, 4, 3, 1492.83
1712497598, 0, 444, 5272, 5268, 2318, 10.93%, 0, 4, 3, 1660.55
1712497608, 0, 450, 5273, 5268, 2321, 10.93%, 0, 4, 3, 1648.76
1712497613, 0, 450, 5367, 5361, 2320, 11.16%, 0, 4, 3, 1520.78
1712497619, 0, 450, 5746, 5740, 2320, 11.65%, 0, 5, 3, 167.25
1712497624, 0, 450, 6245, 6239, 2320, 12.31%, 0, 6, 3, 1147.10
1712497630, 0, 476, 6358, 6352, 2764, 12.42%, 0, 6, 3, 1433.99
1712497650, 0, 476, 6359, 6353, 2764, 12.42%, 0, 6, 3, 1691.08
1712497655, 0, 476, 6361, 6355, 2764, 12.42%, 0, 6, 3, 1518.43
1712497660, 0, 483, 6361, 6354, 2764, 12.42%, 0, 6, 3, 1446.83
1712497670, 0, 560, 6361, 6353, 2763, 12.42%, 0, 6, 3, 1694.43
1712497705, 0, 606, 6361, 6352, 2762, 12.42%, 0, 6, 3, 1624.03
1712497721, 0, 606, 6362, 6353, 2762, 12.42%, 0, 6, 3, 1644.05
1712497726, 0, 825, 6362, 6352, 2762, 12.42%, 0, 6, 3, 1667.79
1712497741, 0, 831, 6363, 6352, 2761, 12.42%, 0, 6, 3, 1825.43
1712497751, 0, 831, 6365, 6354, 2761, 12.43%, 0, 6, 3, 1659.76
1712497756, 0, 912, 6365, 6353, 2763, 12.43%, 0, 6, 3, 1691.56
1712497766, 0, 942, 6366, 6353, 2762, 12.43%, 0, 6, 3, 1766.34
1712497776, 0, 1153, 6366, 6352, 2762, 12.43%, 0, 6, 3, 1624.49
1712498679, 0, 1153, 6367, 6353, 2762, 12.43%, 0, 6, 3, 1473.20
1712498684, 0, 1194, 6367, 6352, 2762, 12.43%, 0, 6, 3, 1413.77
1712498699, 0, 1257, 6375, 6359, 2766, 12.45%, 0, 6, 3, 1480.35
1712498889, 0, 1278, 6375, 6358, 2765, 12.45%, 0, 6, 3, 1520.07
1712502476, 0, 1321, 6375, 6357, 2764, 12.45%, 0, 6, 3, 1710.72
1712502671, 0, 1321, 6377, 6359, 2764, 12.46%, 0, 6, 3, 1.48
1712502676, 0, 1490, 6378, 6359, 2765, 12.46%, 0, 6, 3, 1670.74
1712502692, 0, 1490, 6379, 6360, 2765, 12.46%, 0, 6, 3, 1616.36
1712502697, 0, 1575, 6383, 6363, 2766, 12.47%, 0, 6, 3, 1428.64
1712502882, 0, 1575, 6385, 6365, 2766, 12.47%, 0, 6, 3, 0.36
1712502907, 0, 1575, 6798, 6777, 2765, 13.46%, 0, 6, 3, 878.17
1712503092, 0, 1575, 7156, 7135, 2765, 13.86%, 0, 6, 3, 0.38
1712503097, 0, 1575, 7509, 7488, 2765, 14.20%, 0, 7, 3, 1248.79
1712503102, 0, 1606, 7736, 7715, 3343, 14.41%, 0, 7, 3, 1365.17
1712503113, 0, 1623, 7736, 7714, 3342, 14.41%, 0, 7, 3, 1505.53
1712503307, 0, 1695, 7736, 7713, 3341, 14.41%, 0, 7, 3, 1576.30
1712503318, 0, 1789, 7736, 7712, 3340, 14.41%, 0, 7, 3, 1676.97
1712503518, 0, 1794, 7736, 7711, 3339, 14.41%, 0, 7, 3, 1525.44
1712503533, 0, 1805, 7736, 7710, 3338, 14.41%, 0, 7, 3, 1445.25
1712503728, 0, 1886, 7736, 7709, 3337, 14.41%, 0, 7, 3, 1480.16
1712503743, 0, 2005, 7736, 7708, 3336, 14.41%, 0, 7, 3, 1580.37
1712506479, 0, 2006, 7736, 7707, 3335, 14.41%, 0, 7, 3, 2008.73
1712506485, 0, 2006, 7737, 7708, 3335, 14.41%, 0, 7, 3, 1814.45
1712506669, 0, 2106, 7737, 7707, 3334, 14.41%, 0, 7, 3, 1.44
1712506675, 0, 2106, 7738, 7708, 3334, 14.41%, 0, 7, 3, 1948.76
1712506680, 0, 2106, 8040, 8009, 3333, 14.95%, 0, 7, 3, 1627.11
1712506685, 0, 2106, 8730, 8699, 3333, 15.49%, 0, 7, 3, 1392.99
1712506690, 0, 2171, 8946, 8915, 3797, 15.66%, 0, 7, 3, 1590.95
1712506880, 0, 2171, 8947, 8916, 3797, 15.66%, 0, 7, 3, 0.58
1712506885, 0, 2385, 8947, 8915, 3797, 15.66%, 0, 7, 3, 1838.89
1712507521, 0, 2393, 8947, 8914, 3796, 15.66%, 0, 7, 3, 1768.50
1712507531, 0, 2472, 8947, 8913, 3795, 15.66%, 0, 7, 3, 1906.44
1712507721, 0, 2488, 8947, 8912, 3794, 15.66%, 0, 7, 3, 1.13
1712507741, 0, 2519, 8947, 8911, 3793, 15.66%, 0, 7, 3, 1885.25
1712507931, 0, 2527, 8947, 8910, 3792, 15.66%, 0, 7, 3, 0.67
1712507942, 0, 2603, 8948, 8910, 3792, 15.66%, 0, 7, 3, 1770.15
1712508162, 0, 2623, 8948, 8909, 3791, 15.66%, 0, 7, 3, 1863.72
1712508352, 0, 2623, 8948, 8909, 3791, 15.66%, 0, 8, 3, 0.94
1712510666, 0, 2646, 8948, 8908, 3790, 15.66%, 0, 8, 3, 0.10
1712510681, 0, 2715, 9089, 9048, 3813, 15.72%, 0, 8, 3, 1685.25
1712511107, 0, 2889, 9089, 9047, 3813, 15.72%, 0, 8, 3, 1943.36
1712511302, 0, 2923, 9089, 9046, 3812, 15.72%, 0, 8, 3, 1821.18
1712511323, 0, 2968, 9089, 9045, 3811, 15.72%, 0, 8, 3, 1931.00
1712511513, 0, 3015, 9089, 9044, 3810, 15.72%, 0, 8, 3, 1823.57
1712511533, 0, 3027, 9089, 9043, 3809, 15.72%, 0, 8, 3, 1764.85
1712511728, 0, 3034, 9089, 9042, 3808, 15.72%, 0, 8, 3, 1827.01
1712511733, 0, 3051, 9089, 9041, 3807, 15.72%, 0, 8, 3, 1881.97
1712511953, 0, 3052, 9090, 9041, 3806, 15.72%, 0, 8, 3, 1774.91
1712512139, 0, 3052, 9091, 9042, 3806, 15.72%, 0, 8, 3, 0.20
1712512144, 0, 3059, 9092, 9042, 3807, 15.73%, 0, 8, 3, 1935.81
1712512164, 0, 3076, 9092, 9041, 3806, 15.73%, 0, 8, 3, 1866.34
1712512364, 0, 3134, 9092, 9040, 3805, 15.73%, 0, 8, 3, 1880.71
1712512369, 0, 3176, 9092, 9039, 3804, 15.73%, 0, 8, 3, 1868.18
1712512569, 0, 3242, 9092, 9038, 3801, 15.73%, 0, 8, 3, 1662.37
1712515084, 0, 3242, 9093, 9039, 3801, 15.73%, 0, 8, 3, 0.42
1712515089, 0, 3265, 9093, 9038, 3802, 15.73%, 0, 8, 3, 1855.59
1712515094, 0, 3361, 9253, 9197, 3844, 15.96%, 0, 8, 3, 1719.11
1712515104, 0, 3523, 9253, 9196, 3843, 15.96%, 0, 8, 3, 1955.40
1712515294, 0, 3591, 9253, 9195, 3842, 15.96%, 0, 8, 3, 1.86
1712515305, 0, 3601, 9253, 9194, 3841, 15.96%, 0, 8, 3, 1954.91
1712515505, 0, 3631, 9253, 9193, 3840, 15.96%, 0, 8, 3, 1.26
1712515510, 0, 3631, 9254, 9194, 3840, 15.96%, 0, 8, 3, 1756.64
1712515515, 0, 3631, 9256, 9196, 3840, 15.96%, 0, 8, 3, 1854.59
1712515525, 0, 3631, 9257, 9197, 3840, 15.96%, 0, 8, 3, 1899.89
1712515715, 0, 3631, 9258, 9198, 3840, 15.96%, 0, 8, 3, 0.20
1712515720, 0, 3631, 9259, 9199, 3840, 15.96%, 0, 8, 3, 1886.64
1712515925, 0, 3631, 9259, 9199, 3840, 15.96%, 0, 9, 3, 0.62
1712515936, 0, 3631, 9263, 9203, 3840, 15.96%, 0, 9, 3, 1709.32
1712515941, 0, 3631, 9265, 9205, 3840, 15.96%, 0, 9, 3, 1779.17
1712515946, 0, 3631, 9266, 9206, 3840, 15.96%, 0, 9, 3, 1873.77
1712515951, 0, 3686, 9266, 9205, 3837, 15.96%, 0, 9, 3, 1926.57
1712516156, 0, 3858, 9266, 9204, 3836, 15.96%, 0, 9, 3, 2083.70
1712516346, 0, 3930, 9266, 9203, 3835, 15.96%, 0, 9, 3, 1.95
1712516366, 0, 3971, 9266, 9202, 3834, 15.96%, 0, 9, 3, 2053.69
1712516556, 0, 4060, 9266, 9201, 3833, 15.96%, 0, 9, 3, 0.43
1712516567, 0, 4070, 9266, 9200, 3832, 15.96%, 0, 9, 3, 1995.49
1712516577, 0, 4077, 9267, 9200, 3831, 15.96%, 0, 9, 3, 1961.72
1712516772, 0, 4081, 9267, 9199, 3831, 15.96%, 0, 9, 3, 1985.75
1712516782, 0, 4087, 9267, 9198, 3830, 15.96%, 0, 9, 3, 2060.00
1712519106, 0, 4123, 9267, 9197, 3829, 15.96%, 0, 9, 3, 2061.30
1712519296, 0, 4174, 9440, 9369, 3838, 16.04%, 0, 9, 3, 1918.81
1712519306, 0, 4206, 9440, 9368, 3837, 16.04%, 0, 9, 3, 2098.42
1712519521, 0, 4215, 9440, 9367, 3836, 16.04%, 0, 9, 3, 1940.92
1712519711, 0, 4220, 9441, 9367, 3836, 16.04%, 0, 9, 3, 0.74
1712520137, 0, 4232, 9441, 9366, 3835, 16.04%, 0, 9, 3, 2071.99
1712520152, 0, 4262, 9441, 9365, 3834, 16.04%, 0, 9, 3, 2153.03
1712520347, 0, 4286, 9441, 9364, 3833, 16.04%, 0, 9, 3, 2117.04
1712520357, 0, 4301, 9441, 9363, 3832, 16.04%, 0, 9, 3, 2166.38
1712520367, 0, 4358, 9441, 9362, 3831, 16.04%, 0, 9, 3, 2015.09
1712520558, 0, 4402, 9441, 9361, 3830, 16.04%, 0, 9, 3, 2174.07
1712520568, 0, 4480, 9441, 9360, 3829, 16.04%, 0, 9, 3, 2025.45
1712520978, 0, 4480, 9442, 9361, 3829, 16.04%, 0, 9, 3, 1979.08
1712520983, 0, 4518, 9442, 9360, 3828, 16.04%, 0, 9, 3, 2107.78
1712520988, 0, 4539, 9443, 9360, 3827, 16.04%, 0, 9, 3, 2181.99
1712520998, 0, 4545, 9444, 9360, 3826, 16.05%, 0, 9, 3, 2046.75
1712522640, 0, 4601, 9445, 9360, 3826, 16.05%, 0, 9, 3, 0.21
1712522656, 0, 4601, 9545, 9459, 3825, 16.16%, 0, 9, 3, 28.46
1712522661, 0, 4601, 9688, 9602, 3825, 16.25%, 0, 10, 3, 125.35
1712522666, 0, 4672, 9693, 9607, 3892, 16.25%, 0, 10, 3, 1790.24
1712522702, 0, 4701, 9693, 9606, 3891, 16.25%, 0, 10, 3, 1963.12
1712522707, 0, 4701, 9694, 9607, 3891, 16.25%, 0, 10, 3, 1990.05
1712522712, 0, 4790, 9694, 9606, 3891, 16.25%, 0, 10, 3, 2005.58
1712522722, 0, 4863, 9694, 9605, 3890, 16.25%, 0, 10, 3, 1931.32
1712522737, 0, 4894, 9694, 9604, 3889, 16.25%, 0, 10, 3, 1958.61
1712522742, 0, 4909, 9694, 9603, 3888, 16.25%, 0, 10, 3, 2092.92
1712522767, 0, 4938, 9694, 9602, 3887, 16.25%, 0, 10, 3, 2064.34
1712522777, 0, 4955, 9694, 9601, 3886, 16.25%, 0, 10, 3, 1925.36
1712522808, 0, 5009, 9695, 9601, 3886, 16.25%, 0, 10, 3, 1958.19
1712522818, 0, 5117, 9695, 9600, 3885, 16.25%, 0, 10, 3, 2007.41
1712522828, 0, 5157, 9695, 9599, 3884, 16.25%, 0, 10, 3, 2016.84
1712522838, 0, 5238, 9695, 9598, 3883, 16.25%, 0, 10, 3, 2014.03
1712522853, 0, 5238, 9697, 9600, 3883, 16.26%, 0, 10, 4, 2109.27
1712522858, 0, 5240, 9698, 9600, 3885, 16.26%, 0, 10, 4, 2044.36
1712522878, 0, 5249, 9698, 9599, 3884, 16.26%, 0, 10, 4, 1999.40
1712522888, 0, 5251, 9698, 9598, 3883, 16.26%, 0, 10, 4, 1970.07
1712522899, 0, 5251, 9703, 9603, 3883, 16.26%, 0, 10, 4, 2033.95
1712522904, 0, 5332, 9704, 9603, 3887, 16.27%, 0, 10, 4, 1975.98
1712522914, 0, 5351, 9708, 9606, 3887, 16.27%, 0, 10, 4, 1939.50
1712522924, 0, 5351, 9710, 9608, 3887, 16.28%, 0, 10, 4, 2008.86
1712522929, 0, 5403, 9711, 9608, 3892, 16.28%, 0, 10, 4, 1927.93
1712522939, 0, 5451, 9711, 9607, 3891, 16.28%, 0, 10, 4, 1948.41
1712522944, 0, 5451, 9712, 9608, 3891, 16.28%, 0, 10, 4, 1885.71
1712522954, 0, 5491, 9712, 9607, 3890, 16.28%, 0, 10, 4, 1952.96
1712522964, 0, 5591, 9712, 9606, 3889, 16.28%, 0, 10, 4, 2034.25
1712522975, 0, 5606, 9712, 9605, 3888, 16.28%, 0, 10, 4, 2165.02
1712522980, 0, 5606, 9714, 9607, 3888, 16.28%, 0, 10, 4, 2213.71
1712522995, 0, 5643, 9714, 9606, 3889, 16.28%, 0, 10, 4, 2134.48
1712523000, 0, 5654, 9714, 9605, 3888, 16.28%, 0, 10, 4, 2066.65
1712523005, 0, 5654, 9717, 9608, 3888, 16.28%, 0, 10, 4, 2103.80
1712523010, 0, 5656, 9717, 9607, 3890, 16.28%, 0, 10, 4, 2108.73
1712523020, 0, 5727, 9717, 9606, 3889, 16.28%, 0, 10, 4, 2044.16
1712523030, 0, 5741, 9718, 9606, 3888, 16.29%, 0, 10, 4, 2105.04
1712523041, 0, 5744, 9718, 9605, 3888, 16.29%, 0, 10, 4, 2037.19
1712523051, 0, 5744, 9722, 9609, 3888, 16.29%, 0, 10, 4, 2059.06
1712523056, 0, 5784, 9722, 9608, 3891, 16.29%, 0, 10, 4, 1992.03
1712523061, 0, 5785, 9725, 9610, 3891, 16.30%, 0, 10, 4, 2107.33
1712523292, 0, 5794, 9726, 9610, 3892, 16.30%, 0, 10, 4, 2630.33
1712523307, 0, 5808, 9726, 9609, 3891, 16.30%, 0, 10, 4, 2409.77
1712523497, 0, 5846, 9728, 9610, 3890, 16.30%, 0, 10, 4, 1.76
1712523502, 0, 5846, 9729, 9611, 3890, 16.30%, 0, 10, 4, 2792.01
1712523507, 0, 5865, 9735, 9616, 3888, 16.30%, 0, 10, 4, 2507.72
1712523517, 0, 5874, 9735, 9615, 3888, 16.30%, 0, 10, 4, 2501.24
1712523717, 0, 5905, 9736, 9615, 3887, 16.30%, 0, 10, 4, 2296.85
1712523728, 0, 5912, 9736, 9614, 3887, 16.30%, 0, 10, 4, 2571.68
1712523733, 0, 5912, 9737, 9615, 3887, 16.30%, 0, 10, 4, 2633.33
1712523918, 0, 5958, 9737, 9614, 3886, 16.30%, 0, 10, 4, 1.58
1712523923, 0, 5958, 9738, 9615, 3886, 16.30%, 0, 10, 4, 2302.52
1712523928, 0, 5965, 9738, 9614, 3885, 16.30%, 0, 10, 4, 2403.83
1712523938, 0, 6002, 9739, 9614, 3884, 16.31%, 0, 10, 4, 2512.59
1712524128, 0, 6012, 9740, 9614, 3884, 16.31%, 0, 10, 4, 0.57
1712524143, 0, 6059, 9743, 9616, 3884, 16.31%, 0, 10, 4, 2625.16
1712524148, 0, 6059, 9744, 9617, 3884, 16.31%, 0, 10, 4, 2518.64
1712524349, 0, 6063, 9744, 9616, 3883, 16.31%, 0, 10, 4, 2240.52
1712524359, 0, 6096, 9744, 9615, 3881, 16.31%, 0, 10, 4, 2576.13
1712524554, 0, 6143, 9744, 9614, 3880, 16.31%, 0, 10, 4, 2353.76
1712524559, 0, 6149, 9744, 9613, 3879, 16.31%, 0, 10, 4, 2302.46
1712524569, 0, 6277, 9744, 9612, 3878, 16.31%, 0, 10, 4, 2419.82
1712524764, 0, 6288, 9744, 9611, 3877, 16.31%, 0, 10, 4, 2492.72
1712524779, 0, 6291, 9744, 9610, 3876, 16.31%, 0, 10, 4, 2532.20
1712524969, 0, 6378, 9745, 9610, 3875, 16.31%, 0, 10, 4, 2.68
1712524979, 0, 6394, 9745, 9609, 3875, 16.31%, 0, 10, 4, 2733.86
1712524985, 0, 6421, 9745, 9608, 3874, 16.31%, 0, 10, 4, 2541.75
1712524995, 0, 6434, 9745, 9607, 3873, 16.31%, 0, 10, 4, 2536.46
1712525185, 0, 6434, 9746, 9608, 3873, 16.31%, 0, 10, 4, 2284.89
1712525190, 0, 6459, 9746, 9607, 3872, 16.31%, 0, 10, 4, 2416.05
1712525195, 0, 6510, 9747, 9607, 3872, 16.31%, 0, 10, 4, 2497.48
1712525205, 0, 6538, 9747, 9606, 3871, 16.31%, 0, 10, 4, 2508.41
1712526883, 0, 6553, 9747, 9605, 3870, 16.31%, 0, 10, 4, 2570.53
1712526888, 0, 6596, 9748, 9605, 3869, 16.31%, 0, 10, 4, 2504.54
1712526893, 0, 6639, 9748, 9604, 3869, 16.31%, 0, 10, 4, 2422.98
1712526903, 0, 6641, 9748, 9603, 3867, 16.31%, 0, 10, 4, 2487.80
1712526908, 0, 6641, 10090, 9944, 3866, 16.58%, 0, 10, 4, 2190.88
1712526913, 0, 6664, 10117, 9971, 3970, 16.60%, 0, 10, 4, 2222.02
1712526918, 0, 6679, 10117, 9970, 3971, 16.60%, 0, 10, 4, 2388.05
1712526923, 0, 6695, 10117, 9969, 3970, 16.60%, 0, 10, 4, 2434.95
1712526933, 0, 6704, 10117, 9968, 3969, 16.60%, 0, 10, 4, 2566.37
1712526938, 0, 6736, 10117, 9967, 3968, 16.60%, 0, 10, 4, 2446.42
1712526948, 0, 6758, 10117, 9966, 3967, 16.60%, 0, 10, 4, 2405.63
1712526953, 0, 6758, 10118, 9967, 3967, 16.60%, 0, 10, 4, 2353.30
1712526969, 0, 6783, 10120, 9968, 3968, 16.61%, 0, 10, 4, 2378.12
1712526974, 0, 6865, 10120, 9967, 3968, 16.61%, 0, 10, 4, 2408.40
1712526989, 0, 6865, 10121, 9968, 3968, 16.61%, 0, 10, 4, 2458.95
1712526994, 0, 6922, 10123, 9969, 3968, 16.61%, 0, 10, 4, 2427.48
1712527009, 0, 6975, 10124, 9969, 3968, 16.61%, 0, 10, 4, 2451.26
1712527015, 0, 6988, 10125, 9969, 3968, 16.61%, 0, 10, 4, 2521.11
1712527020, 0, 7023, 10125, 9968, 3967, 16.61%, 0, 10, 4, 2454.79
1712527025, 0, 7195, 10125, 9967, 3966, 16.61%, 0, 10, 4, 2463.02
1712527040, 0, 7204, 10125, 9966, 3965, 16.61%, 0, 10, 4, 2405.74
1712527050, 0, 7296, 10126, 9966, 3964, 16.61%, 0, 10, 4, 2440.28
1712527060, 0, 7344, 10126, 9965, 3964, 16.61%, 0, 10, 4, 2439.38
1712527070, 0, 7354, 10126, 9964, 3963, 16.61%, 0, 10, 4, 2294.15
1712527080, 0, 7421, 10127, 9964, 3962, 16.61%, 0, 10, 4, 2437.33
1712527085, 0, 7421, 10128, 9965, 3962, 16.61%, 0, 10, 4, 2451.80
1712527091, 0, 7461, 10128, 9964, 3962, 16.61%, 0, 10, 4, 2409.86
1712527096, 0, 7461, 10129, 9965, 3962, 16.61%, 0, 10, 4, 2424.87
1712527101, 0, 7593, 10129, 9964, 3962, 16.61%, 0, 10, 4, 2333.53
1712527111, 0, 7653, 10129, 9963, 3961, 16.61%, 0, 10, 4, 2378.66
1712527121, 0, 7668, 10129, 9962, 3960, 16.61%, 0, 10, 4, 2462.35
1712527126, 0, 7670, 10129, 9961, 3959, 16.61%, 0, 10, 4, 2584.44
1712527131, 0, 7677, 10130, 9961, 3958, 16.61%, 0, 10, 4, 2523.11
1712527141, 0, 7680, 10130, 9960, 3955, 16.61%, 0, 10, 4, 2438.10
1712527146, 0, 7704, 10130, 9959, 3954, 16.61%, 0, 10, 4, 2285.98
1712527156, 0, 7709, 10130, 9958, 3953, 16.61%, 0, 10, 4, 2393.58
1712527161, 0, 7709, 10131, 9959, 3953, 16.61%, 0, 10, 4, 2423.05
1712527166, 0, 7772, 10132, 9959, 3953, 16.61%, 0, 10, 4, 2389.17
1712527171, 0, 7772, 10137, 9964, 3953, 16.62%, 0, 10, 4, 2415.42
1712527176, 0, 7772, 10139, 9966, 3953, 16.62%, 0, 10, 4, 2378.33
1712527182, 0, 7772, 10148, 9975, 3953, 16.62%, 0, 10, 4, 2447.48
1712527187, 0, 7772, 10165, 9992, 3953, 16.62%, 0, 10, 4, 2438.87
1712527192, 0, 7834, 10165, 9991, 3958, 16.62%, 0, 10, 4, 2432.52
1712527202, 0, 8095, 10169, 9994, 3957, 16.62%, 0, 10, 4, 2471.67
1712527217, 0, 8095, 10170, 9995, 3957, 16.63%, 0, 10, 4, 2446.74
1712527222, 0, 8134, 10170, 9994, 3957, 16.63%, 0, 10, 4, 2424.07
1712527237, 0, 8306, 10172, 9995, 3957, 16.63%, 0, 10, 4, 2300.16
1712527242, 0, 8306, 10173, 9996, 3957, 16.63%, 0, 10, 4, 2366.32
1712527247, 0, 8402, 10173, 9995, 3958, 16.63%, 0, 10, 4, 2381.68
1712527258, 0, 8420, 10173, 9994, 3957, 16.63%, 0, 10, 4, 2426.74
1712527268, 0, 8420, 10174, 9995, 3957, 16.63%, 0, 10, 4, 2410.87
1712527273, 0, 8426, 10175, 9995, 3956, 16.63%, 0, 10, 4, 2394.52
1712527293, 0, 8430, 10175, 9994, 3956, 16.63%, 0, 10, 4, 2375.25
1712527303, 0, 8430, 10177, 9996, 3956, 16.63%, 0, 10, 4, 2467.38
1712527308, 0, 8588, 10178, 9996, 3957, 16.63%, 0, 10, 4, 2342.91
1712527323, 0, 8592, 10178, 9995, 3957, 16.63%, 0, 10, 4, 2404.70
1712527333, 0, 8592, 10179, 9996, 3957, 16.63%, 0, 10, 4, 2457.56
1712527338, 0, 8604, 10180, 9996, 3957, 16.63%, 0, 10, 4, 2394.71
1712527359, 0, 8619, 10180, 9995, 3956, 16.63%, 0, 10, 4, 2508.09
1712527364, 0, 8622, 10180, 9994, 3955, 16.63%, 0, 10, 4, 2432.20
1712527503, 0, 8636, 10180, 9993, 3954, 16.63%, 0, 10, 4, 2410.81
1712527513, 0, 8644, 10180, 9992, 3953, 16.63%, 0, 10, 4, 2548.66
1712527703, 0, 8688, 10180, 9991, 3952, 16.63%, 0, 10, 4, 1.83
1712527719, 0, 8780, 10180, 9990, 3951, 16.63%, 0, 10, 4, 2457.23
1712527729, 0, 8946, 10181, 9990, 3950, 16.64%, 0, 10, 4, 2506.35
1712527919, 0, 8947, 10181, 9989, 3950, 16.64%, 0, 10, 4, 2460.16
1712527924, 0, 9037, 10182, 9989, 3950, 16.64%, 0, 10, 4, 2637.59
1712531578, 0, 9041, 10182, 9988, 3949, 16.64%, 0, 10, 4, 0.04
1712531709, 0, 9081, 10182, 9987, 3948, 16.64%, 0, 10, 4, 2438.95
1712531720, 0, 9081, 10185, 9990, 3948, 16.64%, 0, 10, 4, 2601.37
1712531910, 0, 9090, 10685, 10489, 3991, 16.79%, 0, 10, 4, 0.44
1712531915, 0, 9090, 10687, 10491, 3991, 16.79%, 0, 10, 4, 2181.83
1712531920, 0, 9093, 10687, 10490, 3990, 16.79%, 0, 10, 4, 2337.50
1712531925, 0, 9093, 10691, 10494, 3990, 16.79%, 0, 10, 4, 2504.98
1712531935, 0, 9093, 10695, 10498, 3990, 16.79%, 0, 10, 4, 2501.86
1712532120, 0, 9093, 10699, 10502, 3990, 16.80%, 0, 10, 4, 2.53
1712532125, 0, 9100, 10712, 10514, 3991, 16.80%, 0, 10, 4, 2285.09
1712532130, 0, 9100, 10713, 10515, 3991, 16.80%, 0, 10, 4, 2382.59
1712532135, 0, 9100, 10715, 10517, 3991, 16.81%, 0, 10, 4, 2512.06
1712532140, 0, 9108, 10720, 10521, 3996, 16.81%, 0, 10, 4, 2497.23
1712532330, 0, 9108, 10721, 10522, 3996, 16.81%, 0, 10, 4, 0.27
1712532335, 0, 9148, 10723, 10523, 3996, 16.81%, 0, 10, 4, 2284.25
1712532345, 0, 9155, 10734, 10533, 3995, 16.82%, 0, 10, 4, 2426.57
1712532350, 0, 9155, 10735, 10534, 3995, 16.82%, 0, 10, 4, 2453.65
1712532546, 0, 9160, 10740, 10538, 3999, 16.82%, 0, 10, 4, 2275.21
1712532561, 0, 9160, 10741, 10539, 3999, 16.82%, 0, 10, 4, 2454.96
1712532751, 0, 9181, 10743, 10540, 4001, 16.82%, 0, 10, 4, 1.27
1712532756, 0, 9181, 10744, 10541, 4001, 16.82%, 0, 10, 4, 2455.99
1712532771, 0, 9188, 10744, 10540, 4001, 16.82%, 0, 10, 4, 2526.81
1712532961, 0, 9189, 10744, 10539, 4000, 16.82%, 0, 10, 4, 0.50
1712532966, 0, 9189, 10747, 10542, 4000, 16.83%, 0, 10, 4, 2330.41
1712532977, 0, 9201, 10750, 10544, 4002, 16.83%, 0, 10, 4, 2487.03
1712532987, 0, 9201, 10753, 10547, 4002, 16.83%, 0, 10, 4, 2429.54
1712533177, 0, 9202, 10754, 10547, 4002, 16.83%, 0, 10, 4, 2281.40
1712533182, 0, 9202, 10763, 10556, 4002, 16.83%, 0, 10, 4, 2333.48
1712533187, 0, 9202, 10768, 10561, 4002, 16.84%, 0, 10, 4, 2401.45
1712533197, 0, 9202, 10769, 10562, 4002, 16.84%, 0, 10, 4, 2487.99
1712533382, 0, 9204, 10771, 10563, 4005, 16.84%, 0, 10, 4, 1.33
1712533397, 0, 9207, 10774, 10565, 4005, 16.84%, 0, 10, 4, 2447.96
1712533407, 0, 9207, 10775, 10566, 4005, 16.84%, 0, 10, 4, 2506.36
1712533592, 0, 9207, 10776, 10567, 4005, 16.84%, 0, 10, 4, 0.27
1712533597, 0, 9207, 10780, 10571, 4005, 16.85%, 0, 10, 4, 2324.72
1712533602, 0, 9217, 10783, 10573, 4012, 16.85%, 0, 10, 4, 2323.03
1712533613, 0, 9217, 10784, 10574, 4012, 16.85%, 0, 10, 4, 2448.78
1712533618, 0, 9220, 10785, 10574, 4010, 16.85%, 0, 10, 4, 2500.95
1712533688, 0, 9287, 10785, 10573, 4009, 16.85%, 0, 10, 4, 2395.23
1712533708, 0, 9361, 10785, 10572, 4008, 16.85%, 0, 10, 4, 2426.01
1712533754, 0, 9418, 10785, 10571, 4007, 16.85%, 0, 10, 4, 2447.14
1712533764, 0, 9419, 10785, 10570, 4006, 16.85%, 0, 10, 4, 2399.77
1712533779, 0, 9429, 10865, 10649, 4010, 16.89%, 0, 10, 4, 2379.55
1712533784, 0, 9429, 10866, 10650, 4010, 16.89%, 0, 10, 4, 2426.73
1712533789, 0, 9429, 10867, 10651, 4010, 16.89%, 0, 10, 4, 2417.79
1712533794, 0, 9429, 10873, 10657, 4010, 16.89%, 0, 10, 4, 2353.18
1712533799, 0, 9429, 10878, 10662, 4010, 16.89%, 0, 10, 4, 2394.15
1712533804, 0, 9429, 10882, 10666, 4010, 16.89%, 0, 10, 4, 2339.40
1712533810, 0, 9444, 10884, 10667, 4020, 16.89%, 0, 10, 4, 2396.57
1712533815, 0, 9444, 10885, 10668, 4020, 16.90%, 0, 10, 4, 2435.14
1712533820, 0, 9452, 10885, 10667, 4022, 16.90%, 0, 10, 4, 2442.00
1712533830, 0, 9452, 10886, 10668, 4022, 16.90%, 0, 10, 4, 2453.21
1712533850, 0, 9452, 10887, 10669, 4022, 16.90%, 0, 10, 4, 2393.37
1712533860, 0, 9469, 10888, 10669, 4023, 16.90%, 0, 10, 4, 2391.88
1712533895, 0, 9484, 10888, 10668, 4023, 16.90%, 0, 10, 4, 2337.60
1712533900, 0, 9484, 10903, 10683, 4023, 16.91%, 0, 10, 4, 2383.12
1712533911, 0, 9484, 10905, 10685, 4023, 16.91%, 0, 10, 4, 2378.48
1712533916, 0, 9484, 10908, 10688, 4023, 16.91%, 0, 10, 4, 2391.91
1712533921, 0, 9541, 10910, 10689, 4024, 16.91%, 0, 10, 4, 2367.03
1712533931, 0, 9558, 10913, 10691, 4023, 16.91%, 0, 10, 4, 2486.99
1712533951, 0, 9583, 10924, 10701, 4023, 16.91%, 0, 10, 4, 2404.11
1712533956, 0, 9583, 10927, 10704, 4023, 16.92%, 0, 10, 4, 2390.51
1712533966, 0, 9583, 10930, 10707, 4023, 16.92%, 0, 10, 4, 2370.93
1712533971, 0, 9697, 10930, 10706, 4025, 16.92%, 0, 10, 4, 2451.37
1712533976, 0, 9697, 10931, 10707, 4025, 16.92%, 0, 10, 5, 2452.93
1712533981, 0, 9720, 10931, 10706, 4025, 16.92%, 0, 10, 5, 2429.31
1712533992, 0, 9722, 10932, 10706, 4024, 16.92%, 0, 10, 5, 2431.33
1712533997, 0, 9723, 10932, 10705, 4024, 16.92%, 0, 10, 5, 2469.39
1712534007, 0, 9734, 10932, 10704, 4023, 16.92%, 0, 10, 5, 2468.30
1712534017, 0, 9820, 10932, 10703, 4022, 16.92%, 0, 10, 5, 2441.75
1712534027, 0, 9829, 10950, 10720, 4021, 16.93%, 0, 10, 5, 2333.20
1712534053, 0, 9829, 10956, 10726, 4021, 16.93%, 0, 10, 5, 2344.08
1712534058, 0, 9829, 10959, 10729, 4021, 16.93%, 0, 10, 5, 2366.17
1712534063, 0, 9851, 10977, 10746, 4022, 16.97%, 0, 10, 5, 2362.34
1712534073, 0, 9851, 10979, 10748, 4022, 16.97%, 0, 10, 5, 2431.55
1712534078, 0, 9862, 10979, 10747, 4028, 16.97%, 0, 10, 5, 2434.59
1712534088, 0, 9868, 10979, 10746, 4027, 16.97%, 0, 10, 5, 2495.67
1712534093, 0, 9924, 10980, 10746, 4026, 16.97%, 0, 10, 5, 2443.08
1712534098, 0, 9924, 10981, 10747, 4026, 16.97%, 0, 10, 5, 2428.12
1712534103, 0, 9947, 10981, 10746, 4027, 16.97%, 0, 10, 5, 2452.44
1712534113, 0, 9967, 10981, 10745, 4026, 16.97%, 0, 10, 5, 2515.16
1712534118, 0, 10011, 10982, 10745, 4025, 16.97%, 0, 10, 5, 2382.96
1712534128, 0, 10042, 10982, 10744, 4025, 16.97%, 0, 10, 5, 2403.49
1712534134, 0, 10042, 10983, 10745, 4025, 16.97%, 0, 10, 5, 2440.92
1712534144, 0, 10077, 10983, 10744, 4024, 16.97%, 0, 10, 5, 2468.80
1712534149, 0, 10077, 10984, 10745, 4024, 16.97%, 0, 10, 5, 2440.45
1712534159, 0, 10077, 10985, 10746, 4024, 16.97%, 0, 10, 5, 2372.44
1712534164, 0, 10097, 10985, 10745, 4023, 16.97%, 0, 10, 5, 2359.85
1712534174, 0, 10122, 10985, 10744, 4022, 16.97%, 0, 10, 5, 2457.74
1712534189, 0, 10171, 10985, 10743, 4021, 16.97%, 0, 10, 5, 2462.70
1712534199, 0, 10175, 10985, 10742, 4020, 16.97%, 0, 10, 5, 2382.41
1712534209, 0, 10251, 10985, 10741, 4019, 16.97%, 0, 10, 5, 2448.18
1712534220, 0, 10299, 10985, 10740, 4018, 16.97%, 0, 10, 5, 2461.82
1712534230, 0, 10303, 10986, 10740, 4017, 16.97%, 0, 10, 5, 2452.15
1712534240, 0, 10330, 10986, 10739, 4016, 16.97%, 0, 10, 5, 2420.20
1712534250, 0, 10339, 10987, 10739, 4014, 16.97%, 0, 10, 5, 2415.05
1712534255, 0, 10474, 10998, 10749, 4013, 16.98%, 0, 10, 5, 2427.27
1712534260, 0, 10474, 11000, 10751, 4013, 16.98%, 0, 10, 5, 2360.40
1712534275, 0, 10496, 11000, 10750, 4013, 16.98%, 0, 10, 5, 2422.01
1712534285, 0, 10546, 11000, 10749, 4012, 16.98%, 0, 10, 5, 2465.80
1712534296, 0, 10576, 11005, 10753, 4011, 16.98%, 0, 10, 5, 2448.12
1712534306, 0, 10576, 11006, 10754, 4011, 16.98%, 0, 10, 5, 2418.53
1712534311, 0, 10612, 11025, 10772, 4012, 16.99%, 0, 10, 5, 2337.15
1712534321, 0, 10612, 11026, 10773, 4012, 16.99%, 0, 10, 5, 2420.33
1712534326, 0, 10612, 11029, 10776, 4012, 16.99%, 0, 10, 5, 2438.14
1712534331, 0, 10612, 11032, 10779, 4012, 16.99%, 0, 10, 5, 2405.33
1712534336, 0, 10629, 11034, 10780, 4018, 16.99%, 0, 10, 5, 2416.99
1712534351, 0, 10631, 11035, 10780, 4017, 16.99%, 0, 10, 5, 2260.16
1712534361, 0, 10631, 11036, 10781, 4017, 16.99%, 0, 10, 5, 2289.10
1712534366, 0, 10631, 11037, 10782, 4017, 17.00%, 0, 10, 5, 2299.65
1712534376, 0, 10634, 11038, 10782, 4019, 17.00%, 0, 10, 5, 2358.69
1712534381, 0, 10634, 11039, 10783, 4019, 17.00%, 0, 10, 5, 2377.52
1712534396, 0, 10654, 11042, 10785, 4020, 17.00%, 0, 10, 5, 2385.29
1712534411, 0, 10654, 11044, 10787, 4020, 17.00%, 0, 10, 5, 2362.31
1712534426, 0, 10689, 11051, 10793, 4022, 17.01%, 0, 10, 5, 2327.32
1712534442, 0, 10734, 11052, 10793, 4024, 17.01%, 0, 10, 5, 2334.97
1712534462, 0, 10805, 11052, 10792, 4024, 17.01%, 0, 10, 5, 2446.15
1712534472, 0, 10829, 11057, 10796, 4023, 17.01%, 0, 10, 5, 2365.51
1712534477, 0, 10829, 11059, 10798, 4023, 17.01%, 0, 10, 5, 2425.79
1712534482, 0, 10829, 11060, 10799, 4023, 17.01%, 0, 10, 5, 2361.65
1712534487, 0, 10829, 11062, 10801, 4023, 17.01%, 0, 10, 5, 2401.82
1712534493, 0, 10829, 11064, 10803, 4023, 17.01%, 0, 10, 5, 2395.00
1712534498, 0, 10865, 11066, 10804, 4023, 17.02%, 0, 10, 5, 2375.45
1712534523, 0, 10882, 11067, 10804, 4024, 17.02%, 0, 10, 5, 2433.64
1712534533, 0, 10885, 11067, 10803, 4023, 17.02%, 0, 10, 5, 2352.67
1712534573, 0, 10885, 11069, 10805, 4023, 17.02%, 0, 10, 5, 2277.65
1712534579, 0, 10887, 11070, 10805, 4022, 17.02%, 0, 10, 5, 2346.63
1712534614, 0, 10888, 11070, 10804, 4022, 17.02%, 0, 10, 5, 2384.63
1712534619, 0, 10888, 11077, 10811, 4022, 17.02%, 0, 10, 5, 2359.20
1712534629, 0, 10888, 11078, 10812, 4022, 17.02%, 0, 10, 5, 2393.79
1712534634, 0, 10922, 11088, 10821, 4023, 17.02%, 0, 10, 5, 2375.85
1712534639, 0, 10922, 11089, 10822, 4023, 17.02%, 0, 10, 5, 2327.91
1712534649, 0, 10922, 11091, 10824, 4023, 17.02%, 0, 10, 5, 2363.94
1712534654, 0, 10922, 11094, 10827, 4023, 17.02%, 0, 10, 5, 2429.22
1712534659, 0, 10931, 11095, 10827, 4023, 17.02%, 0, 10, 5, 2430.63
1712534665, 0, 10931, 11096, 10828, 4023, 17.02%, 0, 10, 5, 2459.23
1712534670, 0, 10966, 11101, 10832, 4022, 17.02%, 0, 10, 5, 2416.81
1712534680, 0, 10967, 11101, 10831, 4022, 17.02%, 0, 10, 5, 2444.85
1712534685, 0, 10967, 11107, 10837, 4022, 17.02%, 0, 10, 5, 2462.77
1712534695, 0, 10979, 11107, 10836, 4021, 17.02%, 0, 10, 5, 2305.01
1712534700, 0, 10979, 11108, 10837, 4021, 17.02%, 0, 10, 5, 2357.13
1712534705, 0, 10990, 11111, 10839, 4021, 17.03%, 0, 10, 5, 2355.96
1712534710, 0, 10990, 11112, 10840, 4021, 17.03%, 0, 10, 5, 2350.27
1712534720, 0, 10990, 11114, 10842, 4021, 17.03%, 0, 10, 5, 2374.15
1712534725, 0, 11002, 11118, 10845, 4023, 17.03%, 0, 10, 5, 2357.95
1712534740, 0, 11002, 11120, 10847, 4023, 17.03%, 0, 10, 5, 2393.10
1712534745, 0, 11002, 11123, 10850, 4023, 17.03%, 0, 10, 5, 2378.01
1712534751, 0, 11036, 11123, 10849, 4023, 17.03%, 0, 10, 5, 2254.68
1712534776, 0, 11064, 11125, 10850, 4022, 17.03%, 0, 10, 5, 2178.34
1712534801, 0, 11065, 11125, 10849, 4022, 17.03%, 0, 10, 5, 2348.78
1712534826, 0, 11079, 11129, 10852, 4021, 17.03%, 0, 10, 5, 2308.26
1712534831, 0, 11079, 11130, 10853, 4021, 17.03%, 0, 10, 5, 2337.91
1712534846, 0, 11079, 11135, 10858, 4021, 17.03%, 0, 10, 5, 2308.21
1712534851, 0, 11079, 11138, 10861, 4021, 17.03%, 0, 10, 5, 2406.16
1712534857, 0, 11108, 11139, 10861, 4022, 17.03%, 0, 10, 5, 2358.63
1712534872, 1, 392, 11139, 10860, 4021, 17.03%, 0, 10, 5, 2327.81
1712534887, 1, 628, 11139, 10859, 4020, 17.03%, 0, 10, 5, 2412.22
1712534902, 1, 700, 11139, 10858, 4019, 17.03%, 0, 10, 5, 2485.62
1712534907, 1, 767, 11139, 10857, 4018, 17.03%, 0, 10, 5, 2437.77
1712534922, 1, 791, 11139, 10856, 4017, 17.03%, 0, 10, 5, 2327.29
1712534932, 1, 859, 11139, 10855, 4016, 17.03%, 0, 10, 5, 2380.38
1712534947, 1, 872, 11139, 10854, 4015, 17.03%, 0, 10, 5, 2404.96
1712534963, 1, 991, 11139, 10853, 4014, 17.03%, 0, 10, 5, 2356.77
1712534968, 1, 1058, 11140, 10853, 4014, 17.03%, 0, 10, 5, 2396.04
1712534973, 1, 1152, 11141, 10853, 4014, 17.03%, 0, 10, 5, 2424.22
1712534988, 1, 1152, 11142, 10854, 4014, 17.03%, 0, 10, 5, 2441.97
1712534993, 1, 1164, 11143, 10854, 4014, 17.04%, 0, 10, 5, 2410.91
1712535013, 1, 1215, 11143, 10853, 4014, 17.04%, 0, 10, 5, 2419.57
1712535018, 1, 1279, 11143, 10852, 4013, 17.04%, 0, 10, 5, 2423.09
1712535028, 1, 1322, 11145, 10853, 4012, 17.04%, 0, 10, 5, 2419.16
1712535034, 1, 1322, 11146, 10854, 4012, 17.04%, 0, 10, 5, 2414.05
1712535049, 1, 1343, 11146, 10853, 4011, 17.04%, 0, 10, 5, 2405.33
1712535064, 1, 1391, 11146, 10852, 4010, 17.04%, 0, 10, 5, 2385.01
1712535074, 1, 1428, 11146, 10851, 4009, 17.04%, 0, 10, 5, 2400.77
1712535905, 1, 1428, 11147, 10852, 4009, 17.04%, 0, 10, 5, 0.06
1712536126, 1, 1505, 11170, 10874, 4013, 17.04%, 0, 10, 5, 2398.58
1712536336, 1, 1559, 11170, 10873, 4012, 17.04%, 0, 10, 5, 2285.30
1712536346, 1, 1736, 11171, 10873, 4011, 17.05%, 0, 10, 5, 2405.95
1712536351, 1, 1736, 11172, 10874, 4011, 17.05%, 0, 10, 5, 2521.38
1712536536, 1, 1736, 11176, 10878, 4011, 17.07%, 0, 10, 5, 1.04
1712536541, 1, 1736, 11177, 10879, 4011, 17.07%, 0, 10, 5, 2301.97
1712536546, 1, 1817, 11177, 10878, 4016, 17.07%, 0, 10, 5, 2308.76
1712536551, 1, 1817, 11178, 10879, 4016, 17.07%, 0, 10, 5, 2338.61
1712536957, 1, 1855, 11179, 10879, 4016, 17.07%, 0, 10, 5, 2.43
1712536967, 1, 1860, 11179, 10878, 4015, 17.07%, 0, 10, 5, 2465.55
1712536977, 1, 1890, 11179, 10877, 4014, 17.07%, 0, 10, 5, 2492.66
1712536982, 1, 1896, 11179, 10876, 4012, 17.07%, 0, 10, 5, 2507.70
1712537378, 1, 1896, 11180, 10877, 4012, 17.07%, 0, 10, 5, 1.53
1712537393, 1, 1915, 11180, 10876, 4013, 17.07%, 0, 10, 5, 2415.12
1712537398, 1, 1915, 11181, 10877, 4013, 17.07%, 0, 10, 5, 2424.09
1712537403, 1, 1939, 11181, 10876, 4013, 17.07%, 0, 10, 5, 2451.71
1712537588, 1, 1959, 11181, 10875, 4012, 17.07%, 0, 10, 5, 0.28
1712537598, 1, 1981, 11181, 10874, 4011, 17.07%, 0, 10, 5, 2428.48
1712537613, 1, 2045, 11181, 10873, 4010, 17.07%, 0, 10, 5, 2418.62
1712537798, 1, 2045, 11182, 10874, 4010, 17.07%, 0, 10, 5, 0.72
1712537803, 1, 2045, 11184, 10876, 4010, 17.07%, 0, 10, 5, 2448.60
1712537808, 1, 2071, 11184, 10875, 4010, 17.07%, 0, 10, 5, 2327.75
1712537813, 1, 2083, 11184, 10874, 4009, 17.07%, 0, 10, 5, 2418.07
1712537823, 1, 2129, 11184, 10873, 4008, 17.07%, 0, 10, 5, 2381.17
1712537919, 1, 2129, 11185, 10874, 4008, 17.07%, 0, 10, 5, 2321.93
1712537924, 1, 2137, 11185, 10873, 4008, 17.07%, 0, 10, 5, 2378.84
1712537934, 1, 2137, 11186, 10874, 4008, 17.07%, 0, 10, 5, 2394.91
1712537949, 1, 2203, 11186, 10873, 4008, 17.07%, 0, 10, 5, 2433.07
1712537969, 1, 2254, 11186, 10872, 4007, 17.07%, 0, 10, 5, 2450.45
1712537974, 1, 2257, 11186, 10871, 4006, 17.07%, 0, 10, 5, 2453.99
1712537984, 1, 2477, 11252, 10936, 4004, 17.07%, 0, 10, 5, 2298.27
1712538000, 1, 2515, 11252, 10935, 4004, 17.07%, 0, 10, 5, 2378.20
1712538005, 1, 2515, 11253, 10936, 4004, 17.07%, 0, 10, 5, 2405.33
1712538010, 1, 2559, 11253, 10935, 4003, 17.07%, 0, 10, 5, 2441.77
1712538020, 1, 2599, 11253, 10934, 4002, 17.07%, 0, 10, 5, 2439.88
1712538030, 1, 2599, 11254, 10935, 4002, 17.07%, 0, 10, 5, 2461.86
1712538035, 1, 2733, 11254, 10934, 4002, 17.07%, 0, 10, 5, 2352.52
1712538045, 1, 2795, 11254, 10933, 4001, 17.07%, 0, 10, 5, 2400.98
1712538060, 1, 2827, 11254, 10932, 4000, 17.07%, 0, 10, 5, 2406.86
1712538065, 1, 2834, 11255, 10932, 4000, 17.08%, 0, 10, 5, 2448.51
1712538086, 1, 2873, 11255, 10931, 3999, 17.08%, 0, 10, 5, 2342.75
1712538096, 1, 2874, 11255, 10930, 3998, 17.08%, 0, 10, 5, 2389.27
1712538116, 1, 2962, 11255, 10929, 3997, 17.08%, 0, 10, 5, 2351.71
1712538136, 1, 3001, 11257, 10930, 3996, 17.08%, 0, 10, 5, 2412.26
1712538146, 1, 3050, 11257, 10929, 3997, 17.08%, 0, 10, 5, 2429.76
1712538151, 1, 3079, 11257, 10928, 3996, 17.08%, 0, 10, 5, 2433.51
1712538161, 1, 3112, 11257, 10927, 3995, 17.08%, 0, 10, 5, 2436.90
1712538167, 1, 3153, 11258, 10927, 3995, 17.08%, 0, 10, 5, 2440.27
1712538172, 1, 3153, 11259, 10928, 3995, 17.08%, 0, 10, 5, 2421.32
1712538177, 1, 3230, 11260, 10928, 3994, 17.08%, 0, 10, 5, 2437.61
1712538187, 1, 3292, 11260, 10927, 3993, 17.08%, 0, 10, 5, 2476.04
1712538192, 1, 3353, 11260, 10926, 3992, 17.08%, 0, 10, 5, 2486.97
1712538212, 1, 3364, 11260, 10925, 3991, 17.08%, 0, 10, 5, 2360.10
1712538222, 1, 3386, 11260, 10924, 3990, 17.08%, 0, 10, 5, 2454.47
1712538227, 1, 3411, 11260, 10923, 3989, 17.08%, 0, 10, 5, 2477.75
1712538232, 1, 3430, 11260, 10922, 3988, 17.08%, 0, 10, 5, 2396.21
1712538247, 1, 3553, 11260, 10921, 3987, 17.08%, 0, 10, 5, 2397.28
1712538257, 1, 3592, 11260, 10920, 3986, 17.08%, 0, 10, 5, 2460.19
1712538267, 1, 3599, 11260, 10919, 3985, 17.08%, 0, 10, 5, 2381.93
1712538277, 1, 3612, 11260, 10918, 3984, 17.08%, 0, 10, 5, 2368.21
1712538287, 1, 3654, 11260, 10917, 3982, 17.08%, 0, 10, 5, 2425.93
1712538298, 1, 3654, 11261, 10918, 3982, 17.08%, 0, 10, 5, 2422.10
1712538303, 1, 3660, 11261, 10917, 3981, 17.08%, 0, 10, 5, 2442.36
1712538308, 1, 3668, 11262, 10917, 3980, 17.08%, 0, 10, 5, 2438.58
1712538313, 1, 3668, 11263, 10918, 3980, 17.08%, 0, 10, 5, 2367.07
1712538323, 1, 3669, 11263, 10917, 3981, 17.08%, 0, 10, 5, 2425.74
1712538328, 1, 3669, 11264, 10918, 3981, 17.08%, 0, 10, 5, 2432.55
1712538333, 1, 3670, 11264, 10917, 3980, 17.08%, 0, 10, 5, 2433.20
1712538338, 1, 3670, 11266, 10919, 3980, 17.08%, 0, 10, 5, 2462.28
1712538343, 1, 3753, 11266, 10918, 3979, 17.08%, 0, 10, 5, 2396.33
1712538369, 1, 3753, 11267, 10919, 3979, 17.08%, 0, 10, 5, 2425.33
1712538379, 1, 3792, 11267, 10918, 3978, 17.08%, 0, 10, 5, 2377.48
1712538389, 1, 3856, 11267, 10917, 3977, 17.08%, 0, 10, 5, 2378.46
1712538399, 1, 3869, 11267, 10916, 3976, 17.08%, 0, 10, 5, 2379.28
1712538409, 1, 3904, 11267, 10915, 3975, 17.08%, 0, 10, 5, 2361.56
1712538424, 1, 3907, 11267, 10914, 3974, 17.08%, 0, 10, 5, 2393.26
1712538434, 1, 3991, 11267, 10913, 3973, 17.08%, 0, 10, 5, 2427.69
1712538439, 1, 4002, 11267, 10912, 3972, 17.08%, 0, 10, 5, 2407.93
1712538455, 1, 4062, 11269, 10913, 3971, 17.09%, 0, 10, 5, 2436.80
1712538465, 1, 4062, 11272, 10916, 3971, 17.09%, 0, 10, 5, 2394.84
1712538475, 1, 4127, 11272, 10915, 3973, 17.09%, 0, 10, 5, 2412.59
1712538490, 1, 4169, 11272, 10914, 3971, 17.09%, 0, 10, 5, 2405.25
1712538495, 1, 4172, 11272, 10913, 3970, 17.09%, 0, 10, 5, 2426.28
1712538505, 1, 4172, 11273, 10914, 3970, 17.09%, 0, 10, 5, 2465.00
1712538510, 1, 4172, 11274, 10915, 3970, 17.09%, 0, 10, 5, 2574.59
1712538515, 1, 4181, 11274, 10914, 3970, 17.09%, 0, 10, 5, 2413.22
1712538525, 1, 4195, 11274, 10913, 3969, 17.09%, 0, 10, 5, 2393.87
1712538536, 1, 4218, 11274, 10912, 3968, 17.09%, 0, 10, 5, 2464.77
1712538541, 1, 4218, 11276, 10914, 3968, 17.09%, 0, 10, 5, 2428.73
1712538546, 1, 4234, 11276, 10913, 3968, 17.09%, 0, 10, 5, 2471.98
1712538551, 1, 4252, 11276, 10912, 3967, 17.09%, 0, 10, 5, 2393.42
1712538571, 1, 4294, 11276, 10911, 3966, 17.09%, 0, 10, 5, 2405.32
1712538576, 1, 4330, 11277, 10911, 3964, 17.09%, 0, 10, 5, 2429.68
1712538581, 1, 4330, 11278, 10912, 3964, 17.09%, 0, 10, 5, 2423.76
1712538586, 1, 4413, 11278, 10911, 3963, 17.09%, 0, 10, 5, 2401.36
1712538652, 1, 4413, 11279, 10912, 3963, 17.09%, 0, 10, 5, 2397.00
1712538657, 1, 4423, 11280, 10912, 3963, 17.09%, 0, 10, 5, 2336.71
1712538672, 1, 4431, 11282, 10913, 3962, 17.09%, 0, 10, 5, 2401.72
1712538682, 1, 4452, 11282, 10912, 3961, 17.09%, 0, 10, 5, 2360.74
1712538702, 1, 4464, 11282, 10911, 3960, 17.09%, 0, 10, 5, 2301.86
1712538713, 1, 4508, 11283, 10911, 3960, 17.09%, 0, 10, 5, 2370.31
1712538723, 1, 4570, 11284, 10911, 3960, 17.10%, 0, 10, 5, 2373.69
1712538733, 1, 4570, 11285, 10912, 3960, 17.10%, 0, 10, 5, 2387.97
1712538788, 1, 4660, 11285, 10911, 3960, 17.10%, 0, 10, 5, 2372.13
1712538798, 1, 4660, 11286, 10912, 3960, 17.10%, 0, 10, 5, 2433.39
1712538803, 1, 4702, 11286, 10911, 3959, 17.10%, 0, 10, 5, 2461.82
1712538808, 1, 4713, 11286, 10910, 3958, 17.10%, 0, 10, 5, 2430.04
1712538874, 1, 4713, 11287, 10911, 3958, 17.10%, 0, 10, 5, 2231.52
1712538879, 1, 4731, 11288, 10911, 3958, 17.10%, 0, 10, 5, 2379.11
1712538889, 1, 4769, 11289, 10911, 3959, 17.10%, 0, 10, 5, 2374.62
1712538899, 1, 4769, 11290, 10912, 3959, 17.10%, 0, 10, 5, 2408.45
1712538904, 1, 4793, 11290, 10911, 3959, 17.10%, 0, 10, 5, 2440.94
1712538910, 1, 4799, 11290, 10910, 3958, 17.10%, 0, 10, 5, 2474.24
1712538920, 1, 4814, 11291, 10910, 3957, 17.10%, 0, 10, 5, 2463.63
1712538935, 1, 4816, 11291, 10909, 3955, 17.10%, 0, 10, 5, 2360.11
1712538945, 1, 4839, 11291, 10908, 3954, 17.10%, 0, 10, 5, 2412.30
1712538960, 1, 4839, 11292, 10909, 3954, 17.10%, 0, 10, 5, 2396.34
1712538965, 1, 4841, 11293, 10909, 3953, 17.10%, 0, 10, 5, 2395.35
1712538985, 1, 4845, 11293, 10908, 3952, 17.10%, 0, 10, 5, 2389.68
1712538990, 1, 4856, 11293, 10907, 3951, 17.10%, 0, 10, 5, 2380.98
1712539000, 1, 4922, 11293, 10906, 3950, 17.10%, 0, 10, 5, 2331.41
1712539005, 1, 4963, 11293, 10905, 3949, 17.10%, 0, 10, 5, 2340.99
1712539025, 1, 5008, 11293, 10904, 3948, 17.10%, 0, 10, 5, 2444.72
1712539036, 1, 5010, 11293, 10903, 3947, 17.10%, 0, 10, 5, 2357.92
1712539086, 1, 5042, 11293, 10902, 3946, 17.10%, 0, 10, 5, 2223.33
1712539112, 1, 5043, 11293, 10901, 3945, 17.10%, 0, 10, 5, 2334.93
1712539117, 1, 5061, 11293, 10900, 3944, 17.10%, 0, 10, 5, 2372.03
1712539127, 1, 5088, 11294, 10900, 3943, 17.10%, 0, 10, 5, 2239.01
1712539132, 1, 5088, 11295, 10901, 3943, 17.10%, 0, 10, 5, 2384.05
1712539137, 1, 5113, 11295, 10900, 3943, 17.10%, 0, 10, 5, 2385.60
1712539142, 1, 5113, 11296, 10901, 3943, 17.10%, 0, 10, 5, 2385.48
1712539147, 1, 5121, 11296, 10900, 3943, 17.10%, 0, 10, 5, 2363.05
1712539172, 1, 5129, 11296, 10899, 3941, 17.10%, 0, 10, 5, 2410.50
1712539183, 1, 5176, 11296, 10898, 3940, 17.10%, 0, 10, 5, 2495.36
1712539188, 1, 5231, 11296, 10897, 3939, 17.10%, 0, 10, 5, 2489.23
1712539198, 1, 5285, 11297, 10897, 3938, 17.10%, 0, 10, 5, 2328.75
1712539203, 1, 5285, 11298, 10898, 3938, 17.10%, 0, 10, 5, 2410.73
1712539208, 1, 5326, 11298, 10897, 3938, 17.10%, 0, 10, 5, 2392.67
1712539223, 1, 5330, 11298, 10896, 3937, 17.10%, 0, 10, 5, 2433.48
1712539233, 1, 5334, 11299, 10896, 3936, 17.10%, 0, 10, 5, 2454.68
1712539249, 1, 5350, 11300, 10896, 3935, 17.10%, 0, 10, 5, 2392.75
1712539259, 1, 5360, 11300, 10895, 3935, 17.10%, 0, 10, 5, 2451.66
1712539269, 1, 5375, 11300, 10894, 3934, 17.10%, 0, 10, 5, 2471.92
1712539279, 1, 5477, 11300, 10893, 3933, 17.10%, 0, 10, 5, 2530.98
1712539284, 1, 5477, 11301, 10894, 3933, 17.11%, 0, 10, 5, 2480.76
1712539289, 1, 5478, 11302, 10894, 3933, 17.11%, 0, 10, 5, 2439.08
1712539299, 1, 5514, 11302, 10893, 3932, 17.11%, 0, 10, 5, 2496.32
1712539304, 1, 5514, 11304, 10895, 3932, 17.11%, 0, 10, 5, 2411.20
1712539310, 1, 5526, 11304, 10894, 3931, 17.11%, 0, 10, 5, 2436.48
1712539320, 1, 5547, 11304, 10893, 3930, 17.11%, 0, 10, 5, 2497.75
1712539330, 1, 5551, 11304, 10892, 3928, 17.11%, 0, 10, 5, 2402.88
1712539345, 1, 5563, 11304, 10891, 3927, 17.11%, 0, 10, 5, 2476.35
1712539355, 1, 5565, 11304, 10890, 3926, 17.11%, 0, 10, 5, 2506.40
1712539370, 1, 5574, 11304, 10889, 3925, 17.11%, 0, 10, 5, 2511.05
1712539376, 1, 5610, 11305, 10889, 3924, 17.11%, 0, 10, 5, 2447.43
1712539406, 1, 5640, 11307, 10890, 3924, 17.11%, 0, 10, 5, 2400.58
1712539411, 1, 5640, 11309, 10892, 3924, 17.11%, 0, 10, 5, 2489.14
1712539416, 1, 5658, 11309, 10891, 3926, 17.11%, 0, 10, 5, 2487.01
1712539421, 1, 5665, 11310, 10891, 3925, 17.11%, 0, 10, 5, 2479.21
1712539431, 1, 5690, 11311, 10891, 3926, 17.12%, 0, 10, 5, 2505.55
1712539442, 1, 5694, 11313, 10892, 3925, 17.12%, 0, 10, 5, 2568.27
1712539452, 1, 5773, 11313, 10891, 3925, 17.12%, 0, 10, 5, 2489.33
1712539462, 1, 5775, 11314, 10891, 3924, 17.12%, 0, 10, 5, 2466.45
1712539477, 1, 5810, 11314, 10890, 3924, 17.12%, 0, 10, 5, 2300.08
1712539487, 1, 5811, 11314, 10889, 3923, 17.12%, 0, 10, 5, 2387.91
1712539492, 1, 5811, 11319, 10894, 3923, 17.12%, 0, 10, 5, 2386.18
1712539497, 1, 5811, 11322, 10897, 3923, 17.12%, 0, 10, 5, 2392.96
1712539502, 1, 5819, 11322, 10896, 3924, 17.12%, 0, 10, 5, 2353.16
1712539512, 1, 5838, 11322, 10895, 3923, 17.12%, 0, 10, 5, 2307.35
1712539523, 1, 5839, 11322, 10894, 3922, 17.12%, 0, 10, 5, 2397.39
1712539528, 1, 5839, 11324, 10896, 3922, 17.12%, 0, 10, 5, 2389.26
1712539533, 1, 5839, 11325, 10897, 3922, 17.12%, 0, 10, 5, 2426.39
1712539538, 1, 5849, 11327, 10898, 3921, 17.12%, 0, 10, 5, 2355.25
1712539548, 1, 5885, 11327, 10897, 3922, 17.12%, 0, 10, 5, 2355.69
1712539558, 1, 5914, 11328, 10897, 3921, 17.12%, 0, 10, 5, 2371.88
1712539568, 1, 5914, 11329, 10898, 3921, 17.12%, 0, 10, 5, 2295.63
1712539574, 1, 5934, 11329, 10897, 3922, 17.12%, 0, 10, 5, 2346.63
1712539584, 1, 5950, 11329, 10896, 3921, 17.12%, 0, 10, 5, 2346.92
1712539594, 1, 5956, 11329, 10895, 3920, 17.12%, 0, 10, 5, 2331.52
1712539609, 1, 5961, 11332, 10897, 3919, 17.13%, 0, 10, 5, 2422.25
1712539614, 1, 5961, 11336, 10901, 3919, 17.13%, 0, 10, 5, 2446.23
1712539619, 1, 5976, 11336, 10900, 3921, 17.13%, 0, 10, 5, 2360.09
1712539624, 1, 5976, 11337, 10901, 3921, 17.13%, 0, 10, 5, 2361.46
1712539629, 1, 6003, 11337, 10900, 3920, 17.13%, 0, 10, 5, 2361.20
1712539645, 1, 6058, 11337, 10899, 3919, 17.13%, 0, 10, 5, 2356.58
1712539655, 1, 6060, 11337, 10898, 3918, 17.13%, 0, 10, 5, 2398.66
1712539665, 1, 6098, 11337, 10897, 3917, 17.13%, 0, 10, 5, 2274.67
1712539675, 1, 6099, 11338, 10897, 3916, 17.13%, 0, 10, 5, 2343.07
1712539685, 1, 6105, 11340, 10898, 3916, 17.13%, 0, 10, 5, 2272.72
1712539721, 1, 6134, 11341, 10898, 3917, 17.13%, 0, 10, 5, 2390.22
1712540111, 1, 6138, 11342, 10898, 3917, 17.13%, 0, 10, 5, 0.12
1712540332, 1, 6157, 11343, 10898, 3917, 17.14%, 0, 10, 5, 2338.64
1712540342, 1, 6157, 11396, 10950, 3916, 17.18%, 0, 10, 5, 2407.23
1712540347, 1, 6167, 11413, 10967, 3931, 17.18%, 0, 10, 5, 2328.76
1712544197, 1, 6167, 11413, 10967, 3931, 17.18%, 0, 11, 5, 0.06
1712544328, 1, 6170, 11413, 10966, 3930, 17.18%, 0, 11, 5, 2502.83
1712544343, 1, 6173, 11413, 10965, 3929, 17.18%, 0, 11, 5, 2397.18
1712544533, 1, 6179, 11413, 10964, 3928, 17.18%, 0, 11, 5, 2503.74
1712544548, 1, 6203, 11413, 10963, 3927, 17.18%, 0, 11, 5, 2363.72
1712544738, 1, 6203, 11910, 11459, 3926, 17.45%, 0, 11, 5, 1.67
1712544743, 1, 6207, 11960, 11509, 4027, 17.47%, 0, 11, 5, 2221.80
1712544754, 1, 6256, 11960, 11508, 4026, 17.47%, 0, 11, 5, 2534.86
1712544954, 1, 6256, 11961, 11509, 4026, 17.47%, 0, 11, 5, 2476.68
1712544959, 1, 6271, 11961, 11508, 4026, 17.47%, 0, 11, 5, 2284.45
1712544969, 1, 6278, 11961, 11507, 4025, 17.47%, 0, 11, 5, 2325.32
1712545159, 1, 6398, 11961, 11506, 4024, 17.47%, 0, 11, 5, 0.27
1712545169, 1, 6457, 11963, 11507, 4023, 17.47%, 0, 11, 5, 2283.83
1712545179, 1, 6493, 11963, 11506, 4024, 17.47%, 0, 11, 5, 2388.50
1712545184, 1, 6529, 11963, 11505, 4023, 17.47%, 0, 11, 5, 2433.65
1712545384, 1, 6529, 11964, 11506, 4023, 17.47%, 0, 11, 5, 2373.29
1712545390, 1, 6531, 11964, 11505, 4023, 17.47%, 0, 11, 5, 2442.69
1712545395, 1, 6549, 11964, 11504, 4022, 17.47%, 0, 11, 5, 2376.69
1712545590, 1, 6563, 11965, 11504, 4020, 17.47%, 0, 11, 5, 2203.96
1712545605, 1, 6597, 11965, 11503, 4019, 17.47%, 0, 11, 5, 2415.70
1712545790, 1, 6611, 11965, 11502, 4018, 17.47%, 0, 11, 5, 2.05
1712545810, 1, 6634, 11965, 11501, 4017, 17.47%, 0, 11, 5, 2523.92
1712545815, 1, 6653, 11965, 11500, 4016, 17.47%, 0, 11, 5, 2464.56
1712546010, 1, 6661, 11965, 11499, 4015, 17.47%, 0, 11, 5, 2352.65
1712546015, 1, 6725, 11965, 11498, 4014, 17.47%, 0, 11, 5, 2466.59
1712546210, 1, 6735, 11965, 11497, 4013, 17.47%, 0, 11, 5, 0.84
1712546221, 1, 6841, 11965, 11496, 4012, 17.47%, 0, 11, 5, 2335.59
1712546236, 1, 6863, 11965, 11495, 4011, 17.47%, 0, 11, 5, 2403.40
1712547878, 1, 6863, 11966, 11496, 4011, 17.47%, 0, 11, 5, 0.24
1712547883, 1, 6905, 12174, 11703, 4022, 17.51%, 0, 11, 5, 2086.73
1712547898, 1, 6905, 12175, 11704, 4022, 17.51%, 0, 11, 5, 2412.93
1712547903, 1, 6951, 12175, 11703, 4022, 17.51%, 0, 11, 5, 2586.21
1712547914, 1, 6963, 12175, 11702, 4021, 17.51%, 0, 11, 5, 2396.67
1712547929, 1, 6966, 12176, 11702, 4020, 17.51%, 0, 11, 5, 2365.63
1712547939, 1, 6971, 12176, 11701, 4019, 17.51%, 0, 11, 5, 2375.64
1712547949, 1, 7043, 12176, 11700, 4018, 17.51%, 0, 11, 5, 2405.72
1712547959, 1, 7050, 12176, 11699, 4017, 17.51%, 0, 11, 5, 2446.86
1712547964, 1, 7087, 12176, 11698, 4016, 17.51%, 0, 11, 5, 2477.63
1712547975, 1, 7100, 12176, 11697, 4015, 17.51%, 0, 11, 5, 2462.58
1712547985, 1, 7175, 12176, 11696, 4014, 17.51%, 0, 11, 5, 2397.69
1712547995, 1, 7175, 12177, 11697, 4014, 17.51%, 0, 11, 5, 2396.41
1712548000, 1, 7179, 12177, 11696, 4014, 17.51%, 0, 11, 5, 2372.30
1712548010, 1, 7190, 12178, 11696, 4013, 17.51%, 0, 11, 5, 2361.55
1712548025, 1, 7211, 12178, 11695, 4012, 17.51%, 0, 11, 5, 2395.97
1712548035, 1, 7211, 12179, 11696, 4012, 17.51%, 0, 11, 5, 2390.39
1712548040, 1, 7250, 12179, 11695, 4011, 17.51%, 0, 11, 5, 2371.14
1712548050, 1, 7312, 12179, 11694, 4010, 17.51%, 0, 11, 5, 2427.40
1712548060, 1, 7350, 12179, 11693, 4009, 17.51%, 0, 11, 5, 2401.81
1712548085, 1, 7353, 12179, 11692, 4008, 17.51%, 0, 11, 5, 2429.81
1712548106, 1, 7427, 12179, 11691, 4007, 17.51%, 0, 11, 5, 2365.45
1712548121, 1, 7441, 12179, 11690, 4006, 17.51%, 0, 11, 5, 2366.80
1712548131, 1, 7480, 12179, 11689, 4005, 17.51%, 0, 11, 5, 2325.33
1712548524, 1, 7488, 12179, 11688, 4004, 17.51%, 0, 11, 5, 1.20
1712548744, 1, 7493, 12179, 11687, 4002, 17.51%, 0, 11, 5, 2304.97
1712548754, 1, 7596, 12179, 11686, 4001, 17.51%, 0, 11, 5, 2462.54
1712548945, 1, 7618, 12179, 11685, 4000, 17.51%, 0, 11, 5, 1.63
1712548960, 1, 7620, 12179, 11684, 3998, 17.51%, 0, 11, 5, 2406.47
1712548970, 1, 7637, 12179, 11683, 3997, 17.51%, 0, 11, 5, 2397.60
1712549160, 1, 7637, 12181, 11685, 3997, 17.52%, 0, 11, 5, 2527.24
1712549165, 1, 7643, 12181, 11684, 3998, 17.52%, 0, 11, 5, 2498.02
1712549175, 1, 7673, 12182, 11684, 3997, 17.52%, 0, 11, 5, 2343.27
1712549370, 1, 7715, 12182, 11683, 3996, 17.52%, 0, 11, 5, 2378.92
1712549380, 1, 7780, 12182, 11682, 3996, 17.52%, 0, 11, 5, 2511.58
1712549385, 1, 7869, 12184, 11683, 3996, 17.52%, 0, 11, 5, 2464.67
1712549601, 1, 7876, 12184, 11682, 3996, 17.52%, 0, 11, 5, 2353.82
1712549791, 1, 7880, 12184, 11681, 3995, 17.52%, 0, 11, 5, 2333.34
1712549806, 1, 7889, 12185, 11681, 3993, 17.52%, 0, 11, 5, 2378.22
1712549996, 1, 7902, 12186, 11681, 3992, 17.52%, 0, 11, 5, 2.86
1712550207, 1, 7922, 12186, 11680, 3991, 17.52%, 0, 11, 5, 1.05
1712550217, 1, 7951, 12186, 11679, 3990, 17.52%, 0, 11, 5, 2290.69
1712550232, 1, 7960, 12186, 11678, 3989, 17.52%, 0, 11, 5, 2368.02
1712550417, 1, 7960, 12189, 11681, 3989, 17.52%, 0, 11, 5, 1.30
1712550442, 1, 8002, 12189, 11680, 3991, 17.52%, 0, 11, 5, 2481.08
1712552232, 1, 8020, 12189, 11679, 3990, 17.52%, 0, 11, 5, 2380.91
1712552242, 1, 8024, 12475, 11964, 4009, 17.58%, 0, 11, 5, 2030.49
1712552268, 1, 8069, 12475, 11963, 4008, 17.58%, 0, 11, 5, 2466.44
1712552278, 1, 8089, 12476, 11963, 4007, 17.58%, 0, 11, 5, 2459.31
1712552293, 1, 8111, 12476, 11962, 4006, 17.58%, 0, 11, 5, 2395.15
1712552323, 1, 8111, 12477, 11963, 4006, 17.58%, 0, 11, 5, 2478.07
1712552328, 1, 8172, 12478, 11963, 4005, 17.58%, 0, 11, 5, 2470.23
1712552338, 1, 8176, 12478, 11962, 4005, 17.58%, 0, 11, 5, 2491.71
1712552343, 1, 8180, 12478, 11961, 4004, 17.58%, 0, 11, 5, 2512.08
1712552353, 1, 8234, 12478, 11960, 4003, 17.58%, 0, 11, 5, 2436.42
1712552364, 1, 8238, 12478, 11959, 4002, 17.58%, 0, 11, 5, 2444.38
1712552374, 1, 8271, 12478, 11958, 4001, 17.58%, 0, 11, 5, 2493.90
1712552379, 1, 8271, 12479, 11959, 4001, 17.58%, 0, 11, 5, 2472.87
1712552384, 1, 8278, 12479, 11958, 4000, 17.58%, 0, 11, 5, 2443.54
1712552394, 1, 8281, 12479, 11957, 3999, 17.58%, 0, 11, 5, 2431.27
1712552399, 1, 8281, 12480, 11958, 3999, 17.58%, 0, 11, 5, 2436.11
1712552404, 1, 8281, 12481, 11959, 3999, 17.58%, 0, 11, 5, 2344.57
1712552409, 1, 8290, 12481, 11958, 3999, 17.58%, 0, 11, 5, 2368.76
1712552419, 1, 8314, 12481, 11957, 3998, 17.58%, 0, 11, 5, 2512.13
1712552425, 1, 8329, 12481, 11956, 3997, 17.58%, 0, 11, 5, 2450.67
1712552440, 1, 8363, 12482, 11956, 3996, 17.58%, 0, 11, 5, 2433.76
1712552460, 1, 8371, 12482, 11955, 3996, 17.58%, 0, 11, 5, 2330.47
1712552470, 1, 8412, 12483, 11955, 3996, 17.58%, 0, 11, 5, 2333.04
1712552475, 1, 8422, 12483, 11954, 3995, 17.58%, 0, 11, 5, 2361.11
1712552490, 1, 8440, 12483, 11953, 3994, 17.58%, 0, 11, 5, 2325.40
1712552506, 1, 8447, 12483, 11952, 3993, 17.58%, 0, 11, 5, 2299.38
1712552516, 1, 8470, 12484, 11952, 3992, 17.58%, 0, 11, 5, 2279.05
1712552526, 1, 8483, 12484, 11951, 3991, 17.58%, 0, 11, 5, 2284.10
1712552536, 1, 8500, 12484, 11950, 3990, 17.58%, 0, 11, 5, 2301.48
1712552556, 1, 8530, 12484, 11949, 3989, 17.58%, 0, 11, 5, 2341.18
1712552567, 1, 8530, 12485, 11950, 3989, 17.58%, 0, 11, 5, 2259.04
1712552577, 1, 8540, 12485, 11949, 3989, 17.58%, 0, 11, 5, 2284.53
1712552587, 1, 8541, 12485, 11948, 3988, 17.58%, 0, 11, 5, 2346.68
1712552597, 1, 8550, 12485, 11947, 3987, 17.58%, 0, 11, 5, 2403.56
1712552607, 1, 8562, 12485, 11946, 3986, 17.58%, 0, 11, 5, 2420.16
1712552740, 1, 8576, 12487, 11947, 3986, 17.58%, 0, 11, 5, 2468.00
1712552755, 1, 8578, 12488, 11947, 3986, 17.58%, 0, 11, 5, 2443.17
1712552951, 1, 8580, 12489, 11947, 3985, 17.58%, 0, 11, 5, 2257.65
1712552966, 1, 8635, 12489, 11946, 3984, 17.58%, 0, 11, 5, 2288.55
1712553161, 1, 8635, 12490, 11947, 3984, 17.58%, 0, 11, 5, 2324.17
1712553166, 1, 8653, 12491, 11947, 3984, 17.59%, 0, 11, 5, 2347.40
1712553176, 1, 8673, 12491, 11946, 3984, 17.59%, 0, 11, 5, 2279.57
1712553371, 1, 8674, 12492, 11946, 3983, 17.59%, 0, 11, 5, 2401.23
1712553386, 1, 8676, 12493, 11946, 3983, 17.59%, 0, 11, 5, 2373.34
1712553571, 1, 8676, 12494, 11947, 3983, 17.59%, 0, 11, 5, 1.09
1712553576, 1, 8687, 12494, 11946, 3983, 17.59%, 0, 11, 5, 2316.11
1712553586, 1, 8690, 12495, 11946, 3983, 17.59%, 0, 11, 5, 2346.08
1712553596, 1, 8703, 12495, 11945, 3982, 17.59%, 0, 11, 5, 2359.05
1712553787, 1, 8728, 12495, 11944, 3981, 17.59%, 0, 11, 5, 2417.55
1712553797, 1, 8735, 12495, 11943, 3980, 17.59%, 0, 11, 5, 2411.82
1712553992, 1, 8788, 12495, 11942, 3979, 17.59%, 0, 11, 5, 2.93
1712553997, 1, 8788, 12496, 11943, 3979, 17.59%, 0, 11, 5, 2426.69
1712554002, 1, 8789, 12497, 11943, 3979, 17.59%, 0, 11, 5, 2460.30
1712554012, 1, 8789, 12498, 11944, 3979, 17.59%, 0, 11, 5, 2245.22
1712554017, 1, 8797, 12499, 11944, 3979, 17.59%, 0, 11, 5, 2316.42
1712554202, 1, 8797, 12501, 11946, 3979, 17.59%, 0, 11, 5, 1.53
1712554212, 1, 8798, 12501, 11945, 3980, 17.59%, 0, 11, 5, 2387.03
1712554223, 1, 8809, 12501, 11944, 3979, 17.59%, 0, 11, 5, 2320.91
1712554423, 1, 8811, 12501, 11943, 3978, 17.59%, 0, 11, 5, 2361.69
1712554433, 1, 8819, 12501, 11942, 3977, 17.59%, 0, 11, 5, 2371.00
1712554628, 1, 8819, 12502, 11943, 3977, 17.60%, 0, 11, 5, 2316.31
1712554633, 1, 8821, 12504, 11944, 3976, 17.60%, 0, 11, 5, 2383.15
1712554638, 1, 8829, 12504, 11943, 3976, 17.60%, 0, 11, 5, 2402.79
1712554713, 1, 8848, 12504, 11942, 3975, 17.60%, 0, 11, 5, 7.06
1712554724, 1, 8871, 12506, 11943, 3974, 17.60%, 0, 11, 5, 2280.13
1712554739, 1, 8872, 12506, 11942, 3974, 17.60%, 0, 11, 5, 2295.36
1712554749, 1, 8886, 12506, 11941, 3973, 17.60%, 0, 11, 5, 2261.03
1712554759, 1, 8886, 12507, 11942, 3973, 17.60%, 0, 11, 5, 2370.06
1712554764, 1, 8897, 12553, 11987, 3975, 17.60%, 0, 11, 5, 2320.76
1712554825, 1, 8948, 12553, 11986, 3974, 17.60%, 0, 11, 5, 2102.52
1712554856, 1, 8959, 12553, 11985, 3973, 17.60%, 0, 11, 5, 2476.02
1712554866, 1, 8996, 12554, 11985, 3972, 17.61%, 0, 11, 5, 2456.38
1712554876, 1, 9039, 12554, 11984, 3971, 17.61%, 0, 11, 5, 2463.32
1712554881, 1, 9039, 12555, 11985, 3971, 17.61%, 0, 11, 5, 2474.51
1712554886, 1, 9047, 12556, 11985, 3971, 17.61%, 0, 11, 5, 2397.50
1712554891, 1, 9047, 12558, 11987, 3971, 17.61%, 0, 11, 5, 2006.93
1712554901, 1, 9050, 12558, 11986, 3971, 17.61%, 0, 11, 5, 2147.88
1712554906, 1, 9050, 12559, 11987, 3971, 17.61%, 0, 11, 5, 2483.77
1712554911, 1, 9070, 12559, 11986, 3971, 17.61%, 0, 11, 5, 2096.91
1712554922, 1, 9096, 12559, 11985, 3970, 17.61%, 0, 11, 5, 2156.07
1712554927, 1, 9096, 12560, 11986, 3970, 17.63%, 0, 11, 5, 2317.72
1712554932, 1, 9099, 12560, 11985, 3970, 17.63%, 0, 11, 5, 2326.84
1712554937, 1, 9118, 12560, 11984, 3969, 17.63%, 0, 11, 5, 2421.35
1712554942, 1, 9145, 12562, 11985, 3969, 17.64%, 0, 11, 5, 2501.17
1712554952, 1, 9173, 12562, 11984, 3969, 17.64%, 0, 11, 5, 2439.19
1712554958, 1, 9173, 12563, 11985, 3969, 17.64%, 0, 11, 5, 2419.47
1712554963, 1, 9173, 12565, 11987, 3969, 17.64%, 0, 11, 5, 2475.62
1712554973, 1, 9176, 12565, 11986, 3968, 17.64%, 0, 11, 5, 2314.14
1712554978, 1, 9222, 12566, 11986, 3968, 17.65%, 0, 11, 5, 2307.09
1712554988, 1, 9229, 12567, 11986, 3968, 17.65%, 0, 11, 5, 2349.03
1712554993, 1, 9229, 12568, 11987, 3968, 17.65%, 0, 11, 5, 2323.36
1712555034, 1, 9382, 12568, 11986, 3968, 17.65%, 0, 11, 5, 2289.68
1712555044, 1, 9687, 12568, 11985, 3966, 17.65%, 0, 11, 5, 2447.12
1712555054, 1, 9810, 12574, 11990, 3965, 17.65%, 0, 11, 5, 2351.42
1712555074, 1, 11037, 12576, 11991, 3964, 17.66%, 0, 11, 5, 2264.50
1712555084, 1, 11037, 12578, 11993, 3964, 17.66%, 0, 11, 5, 2395.45
1712555089, 1, 11037, 12579, 11994, 3964, 17.66%, 0, 11, 5, 2402.61
1712555095, 1, 11037, 12580, 11995, 3964, 17.67%, 0, 11, 5, 2457.20
1712555100, 1, 11171, 12580, 11994, 3967, 17.67%, 0, 11, 5, 2354.43
1712555110, 1, 11271, 12580, 11993, 3966, 17.67%, 0, 11, 5, 2342.51
1712555120, 1, 11278, 12580, 11992, 3965, 17.67%, 0, 11, 5, 2372.10
1712555166, 1, 11278, 12581, 11993, 3965, 17.67%, 0, 11, 5, 2224.44
1712555176, 1, 11282, 12581, 11992, 3964, 17.67%, 0, 11, 5, 2391.32
1712555186, 1, 11283, 12581, 11991, 3963, 17.67%, 0, 11, 5, 2425.10
1712555196, 1, 11287, 12581, 11990, 3962, 17.67%, 0, 11, 5, 2494.95
1712555206, 1, 11294, 12582, 11990, 3961, 17.67%, 0, 11, 5, 2495.18
1712555216, 1, 11299, 12582, 11989, 3960, 17.67%, 0, 11, 5, 2471.66
1712555226, 1, 11306, 12582, 11988, 3959, 17.67%, 0, 11, 5, 2469.20
1712555247, 1, 11325, 12583, 11988, 3958, 17.67%, 0, 11, 5, 2364.21
1712555257, 1, 11326, 12583, 11987, 3957, 17.67%, 0, 11, 5, 2416.79
1712555267, 1, 11345, 12583, 11986, 3956, 17.67%, 0, 11, 5, 2376.35
1712555277, 1, 11375, 12583, 11985, 3955, 17.67%, 0, 11, 5, 2325.40
1712555287, 1, 11375, 12584, 11986, 3955, 17.67%, 0, 11, 5, 2407.14
1712555292, 1, 11379, 12584, 11985, 3955, 17.67%, 0, 11, 5, 2447.05
1712555302, 1, 11379, 12585, 11986, 3955, 17.67%, 0, 11, 5, 2317.44
1712555307, 1, 11416, 12585, 11985, 3955, 17.67%, 0, 11, 5, 2285.88
1712555323, 1, 11416, 12586, 11986, 3955, 17.67%, 0, 11, 5, 2381.75
1712555338, 1, 11424, 12587, 11986, 3955, 17.67%, 0, 11, 5, 2297.84
1712555353, 1, 11424, 12588, 11987, 3955, 17.67%, 0, 11, 5, 2343.65
1712555378, 1, 11469, 12588, 11986, 3955, 17.67%, 0, 11, 5, 2384.86
1712555389, 1, 11471, 12588, 11985, 3954, 17.67%, 0, 11, 5, 2393.95
1712555409, 1, 11490, 12588, 11984, 3953, 17.67%, 0, 11, 5, 2255.65
1712555414, 1, 11490, 12591, 11987, 3953, 17.67%, 0, 11, 5, 2164.40
1712555440, 1, 11490, 12593, 11989, 3953, 17.67%, 0, 11, 5, 2571.93
1712555450, 1, 11495, 12595, 11990, 3954, 17.67%, 0, 11, 5, 2736.31
1712555460, 1, 11547, 12595, 11989, 3953, 17.67%, 0, 11, 5, 2864.02
1712555485, 1, 11551, 12595, 11988, 3952, 17.67%, 0, 11, 5, 2685.75
1712555495, 1, 11553, 12596, 11988, 3951, 17.67%, 0, 11, 5, 2791.21
1712555500, 1, 11591, 12596, 11987, 3951, 17.67%, 0, 11, 5, 2507.96
1712555516, 1, 11645, 12596, 11986, 3950, 17.67%, 0, 11, 5, 2522.88
1712555526, 1, 11660, 12596, 11985, 3949, 17.67%, 0, 11, 5, 2439.88
1712555541, 1, 11729, 12597, 11985, 3949, 17.67%, 0, 11, 5, 2389.65
1712555556, 1, 11785, 12597, 11984, 3948, 17.67%, 0, 11, 5, 2397.14
1712555576, 1, 11785, 12598, 11985, 3948, 17.67%, 0, 11, 5, 2324.13
1712555581, 1, 11790, 12598, 11984, 3948, 17.67%, 0, 11, 5, 2321.07
1712555591, 1, 11793, 12598, 11983, 3947, 17.67%, 0, 11, 5, 2422.80
1712555602, 1, 11793, 12602, 11987, 3947, 17.67%, 0, 11, 5, 2428.89
1712555607, 1, 11793, 12603, 11988, 3947, 17.67%, 0, 11, 5, 2539.12
1712555612, 1, 11836, 12605, 11989, 3946, 17.67%, 0, 11, 5, 2361.99
1712555627, 1, 11836, 12607, 11991, 3946, 17.67%, 0, 11, 5, 2455.79
1712555632, 1, 11836, 12609, 11993, 3946, 17.67%, 0, 11, 5, 2393.38
1712555637, 1, 11862, 12609, 11992, 3946, 17.67%, 0, 11, 5, 2526.82
1712555642, 1, 11884, 12610, 11992, 3945, 17.67%, 0, 11, 5, 2439.54
1712555657, 1, 11893, 12610, 11991, 3945, 17.67%, 0, 11, 5, 2469.74
1712555662, 1, 11893, 12645, 12026, 3945, 17.70%, 0, 11, 5, 2398.09
1712555667, 1, 11893, 12651, 12032, 3945, 17.72%, 0, 11, 5, 2385.63
1712555672, 1, 11893, 12665, 12046, 3945, 17.75%, 0, 11, 5, 2380.11
1712555682, 1, 11893, 12676, 12057, 3945, 17.76%, 0, 11, 5, 2409.59
1712555687, 1, 11893, 12686, 12067, 3945, 17.76%, 0, 11, 5, 2382.81
1712555698, 1, 11901, 12687, 12067, 3978, 17.76%, 0, 11, 5, 2264.18
1712555718, 1, 11911, 12687, 12066, 3977, 17.76%, 0, 11, 5, 2316.78
1712555784, 1, 11961, 12689, 12067, 3976, 17.76%, 0, 11, 5, 2355.44
1712555794, 1, 12006, 12689, 12066, 3975, 17.76%, 0, 11, 5, 2416.35
1712555804, 1, 12006, 12690, 12067, 3975, 17.76%, 0, 11, 5, 2458.63
1712555809, 1, 12011, 12690, 12066, 3974, 17.76%, 0, 11, 5, 2415.91
1712555824, 1, 12037, 12691, 12066, 3973, 17.76%, 0, 11, 5, 2414.14
1712555840, 1, 12075, 12691, 12065, 3973, 17.76%, 0, 11, 5, 2465.44
1712555845, 1, 12075, 12693, 12067, 3973, 17.76%, 0, 11, 5, 2503.44
1712555855, 1, 12102, 12697, 12070, 3973, 17.77%, 0, 11, 5, 2432.63
1712555885, 1, 12102, 12699, 12072, 3973, 17.77%, 0, 11, 5, 2324.37
1712555890, 1, 12102, 12701, 12074, 3973, 17.77%, 0, 11, 5, 2327.14
1712555895, 1, 12113, 12702, 12074, 3976, 17.77%, 0, 11, 5, 2451.12
1712555910, 1, 12140, 12702, 12073, 3975, 17.77%, 0, 11, 5, 2388.87
1712555915, 1, 12140, 12704, 12075, 3975, 17.77%, 0, 11, 5, 2272.90
1712555931, 1, 12140, 12705, 12076, 3975, 17.78%, 0, 11, 5, 2248.88
1712555941, 1, 12177, 12705, 12075, 3977, 17.78%, 0, 11, 5, 2236.97
1712555956, 1, 12177, 12707, 12077, 3977, 17.78%, 0, 11, 5, 2362.93
1712555966, 1, 12182, 12707, 12076, 3976, 17.78%, 0, 11, 5, 2484.90
1712555971, 1, 12182, 12708, 12077, 3976, 17.78%, 0, 11, 5, 2547.21
1712555976, 1, 12208, 12709, 12077, 3975, 17.78%, 0, 11, 5, 2340.17
1712555981, 1, 12208, 12710, 12078, 3975, 17.78%, 0, 11, 5, 2279.28
1712556022, 1, 12245, 12712, 12079, 3975, 17.78%, 0, 11, 5, 2212.58
1712556027, 1, 12245, 12716, 12083, 3975, 17.78%, 0, 11, 5, 2276.97
1712556052, 1, 12245, 12718, 12085, 3975, 17.78%, 0, 11, 5, 2210.39
1712556057, 1, 12245, 12719, 12086, 3975, 17.78%, 0, 11, 5, 2278.26
1712556062, 1, 12297, 12719, 12085, 3976, 17.78%, 0, 11, 5, 2268.89
1712556073, 1, 12428, 12719, 12084, 3975, 17.78%, 0, 11, 5, 2441.95
1712556098, 1, 12456, 12719, 12083, 3974, 17.78%, 0, 11, 5, 2347.25
1712556113, 1, 12459, 12719, 12082, 3973, 17.78%, 0, 11, 5, 2456.46
1712556123, 1, 12481, 12720, 12082, 3972, 17.79%, 0, 11, 5, 2441.54
1712556143, 1, 12490, 12720, 12081, 3971, 17.79%, 0, 11, 5, 2366.68
1712556159, 1, 12492, 12720, 12080, 3970, 17.79%, 0, 11, 5, 2548.14
1712556164, 1, 12492, 12721, 12081, 3970, 17.79%, 0, 11, 5, 2539.10
1712556169, 1, 12494, 12721, 12080, 3969, 17.79%, 0, 11, 5, 2518.20
1712556947, 1, 12499, 12721, 12079, 3968, 17.79%, 0, 11, 5, 2332.48
1712556957, 1, 12504, 12721, 12078, 3967, 17.79%, 0, 11, 5, 2314.85
1712556962, 1, 12504, 12723, 12080, 3967, 17.79%, 0, 11, 5, 2355.18
1712557157, 1, 12505, 12723, 12079, 3968, 17.79%, 0, 11, 5, 2476.07
1712557172, 1, 12512, 12724, 12079, 3967, 17.79%, 0, 11, 5, 2575.00
1712557357, 1, 12517, 13182, 12536, 4108, 18.29%, 0, 11, 5, 2.36
1712557372, 1, 12553, 13182, 12535, 4110, 18.29%, 0, 11, 5, 2181.73
1712557383, 1, 12553, 13183, 12536, 4110, 18.29%, 0, 11, 5, 2396.79
1712557567, 1, 12553, 13185, 12538, 4110, 18.29%, 0, 11, 5, 1.36
1712557573, 1, 12561, 13186, 12538, 4110, 18.29%, 0, 11, 5, 2263.44
1712557588, 1, 12576, 13186, 12537, 4110, 18.29%, 0, 11, 5, 2416.71
1712557593, 1, 12576, 13188, 12539, 4110, 18.30%, 0, 11, 5, 2493.37
1712557778, 1, 12576, 13189, 12540, 4110, 18.30%, 0, 11, 5, 0.33
1712557783, 1, 12595, 13189, 12539, 4112, 18.30%, 0, 11, 5, 2479.96
1712557793, 1, 12609, 13190, 12539, 4111, 18.30%, 0, 11, 5, 2393.59
1712561023, 1, 12646, 13190, 12538, 4110, 18.30%, 0, 11, 5, 0.01
1712561148, 1, 12646, 13191, 12539, 4110, 18.30%, 0, 11, 5, 2963.96
1712561154, 1, 12646, 13194, 12542, 4110, 18.30%, 0, 11, 5, 2477.09
1712561164, 1, 12646, 13195, 12543, 4110, 18.30%, 0, 11, 5, 2679.37
1712561169, 1, 12646, 13198, 12546, 4110, 18.31%, 0, 11, 5, 2374.43
1712561354, 1, 12646, 13201, 12549, 4110, 18.31%, 0, 11, 5, 0.27
1712561359, 1, 12657, 13201, 12548, 4110, 18.31%, 0, 11, 5, 2173.76
1712561369, 1, 12657, 13202, 12549, 4110, 18.31%, 0, 11, 5, 2689.09
1712561564, 1, 12680, 13204, 12550, 4110, 18.32%, 0, 11, 5, 1.80
1712561589, 1, 12688, 13204, 12549, 4111, 18.32%, 0, 11, 5, 2560.00
1712561780, 1, 12688, 13450, 12794, 4110, 18.37%, 0, 11, 5, 1858.30
1712561785, 1, 12691, 13695, 13039, 4134, 18.39%, 0, 11, 5, 1810.02
1712561800, 1, 12699, 13695, 13038, 4134, 18.39%, 0, 11, 5, 2442.00
1712561985, 1, 12699, 13696, 13039, 4134, 18.39%, 0, 11, 5, 3.22
1712562000, 1, 12699, 13697, 13040, 4134, 18.39%, 0, 11, 5, 2456.62
1712562005, 1, 12699, 13698, 13041, 4134, 18.39%, 0, 11, 5, 2410.18
1712562010, 1, 12703, 13698, 13040, 4133, 18.39%, 0, 11, 5, 2199.82
1712562195, 1, 12703, 13699, 13041, 4133, 18.40%, 0, 11, 5, 2.54
1712562220, 1, 12719, 13700, 13041, 4133, 18.40%, 0, 11, 5, 2061.96
1712562426, 1, 12721, 13700, 13040, 4133, 18.40%, 0, 11, 5, 2219.29
1712562621, 1, 12724, 13700, 13039, 4132, 18.40%, 0, 11, 5, 2403.61
1712562631, 1, 12795, 13700, 13038, 4131, 18.40%, 0, 11, 5, 2167.64
1712562826, 1, 12803, 13700, 13037, 4130, 18.40%, 0, 11, 5, 0.29
1712562836, 1, 12853, 13700, 13036, 4129, 18.40%, 0, 11, 5, 2494.38
1712562846, 1, 12880, 13700, 13035, 4128, 18.40%, 0, 11, 5, 2327.57
1712563041, 1, 12929, 13700, 13034, 4127, 18.40%, 0, 11, 5, 2319.21
1712563052, 1, 12980, 13700, 13033, 4126, 18.40%, 0, 11, 5, 2461.88
1712563057, 1, 12980, 13701, 13034, 4126, 18.40%, 0, 11, 5, 2542.63
1712563062, 1, 12994, 13701, 13033, 4125, 18.40%, 0, 11, 5, 2595.66
1712563132, 1, 13001, 13701, 13032, 4124, 18.40%, 0, 11, 5, 2366.29
1712563142, 1, 13013, 13701, 13031, 4123, 18.40%, 0, 11, 5, 2686.96
1712563152, 1, 13083, 13739, 13068, 4122, 18.40%, 0, 11, 5, 2668.44
1712563162, 1, 13083, 13740, 13069, 4122, 18.40%, 0, 11, 5, 2834.08
1712563167, 1, 13111, 13741, 13069, 4121, 18.40%, 0, 11, 5, 2876.77
1712563178, 1, 13146, 13741, 13068, 4120, 18.40%, 0, 11, 5, 2845.02
1712563183, 1, 13166, 13742, 13068, 4119, 18.40%, 0, 11, 5, 2871.88
1712563193, 1, 13181, 13743, 13068, 4119, 18.40%, 0, 11, 5, 2851.75
1712563208, 1, 13185, 13743, 13067, 4118, 18.40%, 0, 11, 5, 2833.41
1712563218, 1, 13198, 13749, 13072, 4117, 18.40%, 0, 11, 5, 2847.64
1712563238, 1, 13224, 13749, 13071, 4119, 18.40%, 0, 11, 5, 2648.63
1712563259, 1, 13300, 13749, 13070, 4118, 18.40%, 0, 11, 5, 2730.77
1712563269, 1, 13355, 13749, 13069, 4117, 18.40%, 0, 11, 5, 2752.84
1712563279, 1, 13363, 13749, 13068, 4116, 18.40%, 0, 11, 5, 2823.26
1712563289, 1, 13380, 13749, 13067, 4115, 18.40%, 0, 11, 5, 2855.90
1712563299, 1, 13485, 13749, 13066, 4114, 18.40%, 0, 11, 5, 2798.03
1712563309, 1, 13485, 13750, 13067, 4114, 18.40%, 0, 11, 5, 2810.12
1712563320, 1, 13529, 13750, 13066, 4114, 18.40%, 0, 11, 5, 2794.23
1712563330, 1, 13529, 13751, 13067, 4114, 18.40%, 0, 11, 5, 2820.23
1712563335, 1, 13538, 13751, 13066, 4114, 18.40%, 0, 11, 5, 2781.72
1712563345, 1, 13615, 13751, 13065, 4113, 18.40%, 0, 11, 5, 2793.66
1712563355, 1, 13670, 13751, 13064, 4112, 18.40%, 0, 11, 5, 2900.67
1712563365, 1, 13694, 13751, 13063, 4111, 18.40%, 0, 11, 5, 2912.09
1712563380, 1, 13698, 13753, 13064, 4110, 18.40%, 0, 11, 5, 2649.07
1712563406, 1, 13699, 13753, 13063, 4109, 18.40%, 0, 11, 5, 2662.46
1712563426, 1, 13742, 13754, 13063, 4108, 18.40%, 0, 11, 5, 2853.72
1712563431, 1, 13742, 13755, 13064, 4108, 18.40%, 0, 11, 5, 2882.59
1712563436, 1, 13744, 13755, 13063, 4108, 18.40%, 0, 11, 5, 2814.45
1712563441, 1, 13744, 13757, 13065, 4108, 18.41%, 0, 11, 5, 2554.92
1712563462, 1, 13745, 13757, 13064, 4108, 18.41%, 0, 11, 5, 2370.14
1712563482, 1, 13745, 13758, 13065, 4108, 18.41%, 0, 11, 5, 2391.05
1712563487, 1, 13745, 13759, 13066, 4108, 18.41%, 0, 11, 5, 2329.08
1712563492, 1, 13757, 13761, 13067, 4109, 18.41%, 0, 11, 6, 2303.78
1712563502, 1, 13759, 13761, 13066, 4109, 18.41%, 0, 11, 6, 2457.03
1712563512, 1, 13759, 13762, 13067, 4109, 18.41%, 0, 11, 6, 2460.45
1712563517, 1, 13759, 13766, 13071, 4109, 18.42%, 0, 11, 6, 2471.08
1712563528, 1, 13761, 13766, 13070, 4113, 18.42%, 0, 11, 6, 2362.39
1712563533, 1, 13761, 13767, 13071, 4113, 18.42%, 0, 11, 7, 2423.59
1712563548, 1, 13763, 13767, 13070, 4113, 18.42%, 0, 11, 7, 2341.92
1712563573, 1, 13766, 13767, 13069, 4112, 18.42%, 0, 11, 7, 2387.67
1712563583, 1, 13766, 13768, 13070, 4112, 18.42%, 0, 11, 8, 2461.72
1712563594, 2, 413, 13768, 13069, 4111, 18.42%, 0, 11, 8, 2326.40
1712563609, 2, 418, 13768, 13068, 4110, 18.42%, 0, 11, 8, 2396.16
1712563619, 2, 472, 13769, 13068, 4110, 18.42%, 0, 11, 8, 2395.64
1712563640, 2, 643, 13769, 13067, 4109, 18.42%, 0, 11, 8, 2504.75
1712563645, 2, 737, 13770, 13067, 4109, 18.42%, 0, 11, 8, 2539.77
1712563660, 2, 763, 13770, 13066, 4108, 18.42%, 0, 11, 8, 2382.05
1712563700, 2, 838, 13770, 13065, 4107, 18.42%, 0, 11, 8, 2283.37
1712563711, 2, 845, 13771, 13065, 4107, 18.42%, 0, 11, 8, 2443.77
1712563736, 2, 847, 13771, 13064, 4106, 18.42%, 0, 11, 8, 2318.16
1712563766, 2, 914, 13773, 13065, 4107, 18.42%, 0, 11, 8, 2355.02
1712563792, 2, 914, 13774, 13066, 4107, 18.42%, 0, 11, 8, 2421.03
1712563797, 2, 973, 13774, 13065, 4106, 18.42%, 0, 11, 8, 2505.29
1712563802, 2, 1029, 13774, 13064, 4105, 18.42%, 0, 11, 8, 2466.35
1712563817, 2, 1084, 13775, 13064, 4104, 18.42%, 0, 11, 8, 2519.57
1712563822, 2, 1084, 13776, 13065, 4104, 18.42%, 0, 11, 8, 2540.80
1712563827, 2, 1140, 13776, 13064, 4104, 18.42%, 0, 11, 8, 2463.87
1712563837, 2, 1140, 13778, 13066, 4104, 18.42%, 0, 11, 8, 2356.98
1712563842, 2, 1250, 13778, 13065, 4103, 18.42%, 0, 11, 8, 2458.15
1712563847, 2, 1300, 13778, 13064, 4102, 18.42%, 0, 11, 8, 2451.24
1712563858, 2, 1365, 13779, 13064, 4102, 18.42%, 0, 11, 8, 2360.51
1712563878, 2, 1440, 13779, 13063, 4101, 18.42%, 0, 11, 8, 2443.55
1712563893, 2, 1440, 13780, 13064, 4101, 18.43%, 0, 11, 8, 2508.25
1712563898, 2, 1485, 13780, 13063, 4101, 18.43%, 0, 11, 8, 2512.77
1712563908, 2, 1485, 13781, 13064, 4101, 18.43%, 0, 11, 8, 2443.57
1712563913, 2, 1588, 13781, 13063, 4101, 18.43%, 0, 11, 8, 2353.70
1712563929, 2, 1588, 13782, 13064, 4101, 18.43%, 0, 11, 8, 2335.08
1712563934, 2, 1596, 13782, 13063, 4100, 18.43%, 0, 11, 8, 2333.65
1712563949, 2, 1734, 13782, 13062, 4099, 18.43%, 0, 11, 8, 2427.31
1712563954, 2, 1738, 13782, 13061, 4098, 18.43%, 0, 11, 8, 2495.59
1712563964, 2, 1782, 13784, 13062, 4096, 18.43%, 0, 11, 8, 2413.04
1712563999, 2, 1782, 13785, 13063, 4096, 18.43%, 0, 11, 8, 2160.13
1712564005, 2, 1903, 13785, 13062, 4095, 18.43%, 0, 11, 8, 2386.40
1712564015, 2, 1949, 13785, 13061, 4094, 18.43%, 0, 11, 8, 2476.42
1712564025, 2, 2114, 13785, 13060, 4093, 18.43%, 0, 11, 8, 2462.08
1712564045, 2, 2140, 13787, 13061, 4093, 18.43%, 0, 11, 8, 2357.88
1712564066, 2, 2146, 13787, 13060, 4092, 18.43%, 0, 11, 8, 2371.00
1712564086, 2, 2288, 13788, 13060, 4092, 18.43%, 0, 11, 8, 2369.39
1712564096, 2, 2348, 13788, 13059, 4091, 18.43%, 0, 11, 8, 2437.27
1712564106, 2, 2493, 13788, 13058, 4090, 18.43%, 0, 11, 8, 2437.62
1712564111, 2, 2493, 13789, 13059, 4090, 18.43%, 0, 11, 8, 2489.24
1712564116, 2, 2522, 13789, 13058, 4089, 18.43%, 0, 11, 8, 2401.65
1712564126, 2, 2819, 13789, 13057, 4088, 18.43%, 0, 11, 8, 2479.31
1712564136, 2, 2819, 13790, 13058, 4088, 18.43%, 0, 11, 8, 2417.68
1712564141, 2, 2819, 13791, 13059, 4088, 18.43%, 0, 11, 8, 2436.03
1712564162, 2, 2819, 13792, 13060, 4088, 18.43%, 0, 11, 8, 2478.83
1712564167, 2, 2826, 13792, 13059, 4087, 18.43%, 0, 11, 8, 2399.11
1712564172, 2, 2826, 13793, 13060, 4087, 18.43%, 0, 11, 8, 2357.62
1712564177, 2, 2900, 13794, 13060, 4086, 18.43%, 0, 11, 8, 2385.56
1712564192, 2, 2900, 13795, 13061, 4086, 18.43%, 0, 11, 8, 2372.46
1712564197, 2, 3012, 13795, 13060, 4086, 18.43%, 0, 11, 8, 2402.68
1712564202, 2, 3071, 13795, 13059, 4085, 18.43%, 0, 11, 8, 2366.63
1712564247, 2, 3085, 13796, 13059, 4085, 18.43%, 0, 11, 8, 2258.14
1712564263, 2, 3311, 13796, 13058, 4084, 18.43%, 0, 11, 8, 2316.58
1712564273, 2, 3501, 13796, 13057, 4083, 18.43%, 0, 11, 8, 2458.78
1712564283, 2, 3501, 13797, 13058, 4083, 18.43%, 0, 11, 8, 2379.81
1712564288, 2, 3505, 13799, 13059, 4082, 18.43%, 0, 11, 8, 2392.57
1712564293, 2, 3510, 13800, 13059, 4080, 18.44%, 0, 11, 8, 2410.24
1712564313, 2, 3671, 13800, 13058, 4079, 18.44%, 0, 11, 8, 2439.56
1712564318, 2, 3671, 13801, 13059, 4079, 18.44%, 0, 11, 8, 2538.71
1712564323, 2, 4095, 13801, 13058, 4079, 18.44%, 0, 11, 8, 2468.71
1712564338, 2, 4254, 13801, 13057, 4078, 18.44%, 0, 11, 8, 2395.28
1712564349, 2, 4364, 13803, 13058, 4077, 18.44%, 0, 11, 8, 2440.13
1712564364, 2, 4640, 13804, 13058, 4075, 18.44%, 0, 11, 8, 2307.29
1712564384, 2, 4727, 13804, 13057, 4074, 18.44%, 0, 11, 8, 2429.11
1712564399, 2, 4755, 13804, 13056, 4073, 18.44%, 0, 11, 8, 2485.54
1712564404, 2, 4827, 13805, 13056, 4072, 18.44%, 0, 11, 8, 2478.62
1712564414, 2, 4832, 13806, 13056, 4071, 18.44%, 0, 11, 8, 2412.96
1712564430, 2, 4893, 13806, 13055, 4070, 18.44%, 0, 11, 8, 2339.42
1712564435, 2, 4893, 13807, 13056, 4070, 18.44%, 0, 11, 8, 2354.51
1712564440, 2, 5066, 13807, 13055, 4069, 18.44%, 0, 11, 8, 2356.34
1712564445, 2, 5286, 13808, 13055, 4068, 18.44%, 0, 11, 8, 2368.78
1712564455, 2, 5369, 13809, 13055, 4067, 18.44%, 0, 11, 8, 2484.73
1712564465, 2, 5500, 13810, 13055, 4067, 18.44%, 0, 11, 8, 2418.19
1712564495, 2, 5500, 13811, 13056, 4067, 18.44%, 0, 11, 8, 2339.07
1712564500, 2, 5500, 13814, 13059, 4067, 18.44%, 0, 11, 8, 2328.36
1712564505, 2, 5500, 13815, 13060, 4067, 18.44%, 0, 11, 8, 2306.07
1712564510, 2, 5534, 13815, 13059, 4067, 18.44%, 0, 11, 8, 2241.40
1712564521, 2, 5641, 13815, 13058, 4066, 18.44%, 0, 11, 8, 2380.95
1712564526, 2, 5641, 13816, 13059, 4066, 18.44%, 0, 11, 8, 2381.51
1712564531, 2, 5764, 13817, 13059, 4066, 18.44%, 0, 11, 8, 2361.44
1712564546, 2, 5764, 13819, 13061, 4066, 18.44%, 0, 11, 8, 2379.12
1712564551, 2, 5944, 13820, 13061, 4065, 18.44%, 0, 11, 8, 2340.73
1712564566, 2, 6039, 13820, 13060, 4065, 18.44%, 0, 11, 8, 2379.46
1712564576, 2, 6109, 13820, 13059, 4064, 18.44%, 0, 11, 8, 2307.86
1712564587, 2, 6109, 13821, 13060, 4064, 18.44%, 0, 11, 8, 2401.84
1712564592, 2, 6152, 13821, 13059, 4063, 18.44%, 0, 11, 8, 2382.43
1712564597, 2, 6152, 13822, 13060, 4063, 18.44%, 0, 11, 8, 2381.06
1712564602, 2, 6266, 13822, 13059, 4063, 18.44%, 0, 11, 8, 2410.78
1712564612, 2, 6301, 13822, 13058, 4062, 18.44%, 0, 11, 8, 2361.91
1712564622, 2, 6301, 13823, 13059, 4062, 18.44%, 0, 11, 8, 2344.12
1712564627, 2, 6352, 13823, 13058, 4061, 18.44%, 0, 11, 8, 2355.76
1712564643, 2, 6355, 13823, 13057, 4060, 18.44%, 0, 11, 8, 2427.46
1712564648, 2, 6423, 13824, 13057, 4058, 18.44%, 0, 11, 8, 2411.78
1712564658, 2, 6448, 13824, 13056, 4057, 18.44%, 0, 11, 8, 2483.54
1712564673, 2, 6473, 13825, 13056, 4057, 18.44%, 0, 11, 8, 2375.61
1712564678, 2, 6473, 13826, 13057, 4057, 18.44%, 0, 11, 8, 2441.53
1712564683, 2, 6501, 13826, 13056, 4057, 18.44%, 0, 11, 8, 2387.25
1712564693, 2, 6502, 13827, 13056, 4056, 18.44%, 0, 11, 8, 2404.28
1712564704, 2, 6505, 13827, 13055, 4055, 18.44%, 0, 11, 8, 2528.28
1712564709, 2, 6505, 13828, 13056, 4055, 18.44%, 0, 11, 8, 2513.50
1712564714, 2, 6508, 13828, 13055, 4055, 18.44%, 0, 11, 8, 2527.84
1712564719, 2, 6534, 13828, 13054, 4054, 18.44%, 0, 11, 8, 2429.17
1712564734, 2, 6550, 13829, 13054, 4053, 18.45%, 0, 11, 8, 2382.05
1712564739, 2, 6562, 13829, 13053, 4053, 18.45%, 0, 11, 8, 2349.34
1712564749, 2, 6591, 13829, 13052, 4052, 18.45%, 0, 11, 8, 2359.01
1712564760, 2, 6593, 13829, 13051, 4051, 18.45%, 0, 11, 8, 2391.39
1712564775, 2, 6606, 13829, 13050, 4050, 18.45%, 0, 11, 8, 2360.01
1712564790, 2, 6621, 13829, 13049, 4049, 18.45%, 0, 11, 8, 2356.49
1712564795, 2, 6672, 13829, 13048, 4048, 18.45%, 0, 11, 8, 2391.51
1712564800, 2, 6672, 13830, 13049, 4048, 18.45%, 0, 11, 8, 2404.71
1712564805, 2, 6738, 13830, 13048, 4048, 18.45%, 0, 11, 8, 2419.59
1712564821, 2, 6749, 13831, 13048, 4047, 18.45%, 0, 11, 8, 2369.86
1712564826, 2, 6749, 13832, 13049, 4047, 18.45%, 0, 11, 8, 2326.35
1712564836, 2, 6749, 13835, 13052, 4047, 18.45%, 0, 11, 8, 2488.82
1712564841, 2, 6759, 13835, 13051, 4047, 18.45%, 0, 11, 8, 2470.70
1712564846, 2, 6759, 13836, 13052, 4047, 18.45%, 0, 11, 8, 2542.32
1712564851, 2, 6799, 13837, 13052, 4046, 18.45%, 0, 11, 8, 2534.80
1712564856, 2, 6810, 13838, 13052, 4046, 18.45%, 0, 11, 8, 2521.94
1712564861, 2, 6861, 13838, 13051, 4045, 18.45%, 0, 11, 8, 2394.51
1712564871, 2, 6877, 13838, 13050, 4044, 18.45%, 0, 11, 8, 2468.29
1712564881, 2, 6894, 13838, 13049, 4043, 18.45%, 0, 11, 8, 2574.97
1712564886, 2, 6894, 13839, 13050, 4043, 18.45%, 0, 11, 8, 2489.98
1712564891, 2, 6907, 13839, 13049, 4043, 18.45%, 0, 11, 8, 2460.72
1712564897, 2, 6924, 13839, 13048, 4042, 18.45%, 0, 11, 8, 2457.73
1712564917, 2, 6929, 13840, 13048, 4041, 18.45%, 0, 11, 8, 2326.30
1712564932, 2, 6929, 13841, 13049, 4041, 18.45%, 0, 11, 8, 2337.42
1712564937, 2, 6931, 13842, 13049, 4041, 18.45%, 0, 11, 8, 2255.90
1712564952, 2, 6964, 13843, 13049, 4041, 18.45%, 0, 11, 8, 2343.89
1712564967, 2, 7045, 13844, 13049, 4040, 18.45%, 0, 11, 8, 2304.88
1712564972, 2, 7098, 13844, 13048, 4039, 18.45%, 0, 11, 8, 2276.38
1712564993, 2, 7147, 13844, 13047, 4038, 18.45%, 0, 11, 8, 2301.39
1712564998, 2, 7200, 13844, 13046, 4037, 18.45%, 0, 11, 8, 2361.37
1712565008, 2, 7237, 13845, 13046, 4036, 18.45%, 0, 11, 8, 2270.51
1712565033, 2, 7237, 13847, 13048, 4036, 18.45%, 0, 11, 8, 2266.66
1712565038, 2, 7237, 13848, 13049, 4036, 18.45%, 0, 11, 8, 2252.52
1712565044, 2, 7281, 13848, 13048, 4034, 18.45%, 0, 11, 8, 2260.45
1712565054, 2, 7295, 13848, 13047, 4033, 18.45%, 0, 11, 8, 2297.98
1712565069, 2, 7309, 13848, 13046, 4032, 18.45%, 0, 11, 8, 2340.70
1712565084, 2, 7323, 13849, 13046, 4031, 18.45%, 0, 11, 8, 2218.21
1712565349, 2, 7352, 13849, 13045, 4030, 18.45%, 0, 11, 8, 1.33
1712565360, 2, 7360, 13850, 13045, 4029, 18.45%, 0, 11, 8, 2465.76
1712565370, 2, 7361, 13865, 13059, 4030, 18.46%, 0, 11, 8, 2759.67
1712565375, 2, 7399, 13866, 13059, 4030, 18.46%, 0, 11, 8, 2489.99
1712565565, 2, 7404, 13866, 13058, 4029, 18.46%, 0, 11, 8, 2636.35
1712565580, 2, 7404, 13867, 13059, 4029, 18.46%, 0, 11, 8, 2351.09
1712565585, 2, 7468, 13867, 13058, 4029, 18.46%, 0, 11, 8, 2349.47
1712565775, 2, 7481, 13867, 13057, 4028, 18.46%, 0, 11, 8, 2369.27
1712565780, 2, 7481, 13868, 13058, 4028, 18.46%, 0, 11, 8, 2282.76
1712565790, 2, 7512, 13868, 13057, 4027, 18.46%, 0, 11, 8, 2305.51
1712565991, 2, 7521, 13868, 13056, 4026, 18.46%, 0, 11, 8, 2300.68
1712566001, 2, 7554, 13869, 13056, 4026, 18.46%, 0, 11, 8, 2645.15
1712566006, 2, 7572, 13869, 13055, 4025, 18.46%, 0, 11, 8, 2452.32
1712566191, 2, 7572, 13870, 13056, 4025, 18.46%, 0, 11, 8, 0.53
1712566196, 2, 7610, 13870, 13055, 4025, 18.46%, 0, 11, 8, 2421.34
1712566201, 2, 7611, 13870, 13054, 4024, 18.46%, 0, 11, 8, 2413.84
1712566211, 2, 7611, 13871, 13055, 4024, 18.46%, 0, 11, 8, 2355.26
1712566216, 2, 7779, 13871, 13054, 4024, 18.46%, 0, 11, 8, 2434.97
1712566401, 2, 7779, 13872, 13055, 4024, 18.46%, 0, 11, 8, 0.80
1712566406, 2, 7814, 13875, 13057, 4024, 18.46%, 0, 11, 8, 2376.59
1712566416, 2, 7841, 13876, 13057, 4025, 18.46%, 0, 11, 8, 2365.27
1712566422, 2, 7849, 13877, 13057, 4025, 18.46%, 0, 11, 8, 2374.91
1712566632, 2, 7849, 13878, 13058, 4025, 18.47%, 0, 11, 8, 2289.14
1712566822, 2, 7864, 13878, 13057, 4024, 18.47%, 0, 11, 8, 2.08
1712566832, 2, 7912, 13879, 13057, 4023, 18.47%, 0, 11, 8, 2369.75
1712567037, 2, 7946, 13879, 13056, 4022, 18.47%, 0, 11, 8, 2340.76
1712567042, 2, 7964, 13879, 13055, 4021, 18.47%, 0, 11, 8, 2353.21
1712567057, 2, 8012, 13879, 13054, 4020, 18.47%, 0, 11, 8, 2414.94
1712567242, 2, 8055, 13879, 13053, 4019, 18.47%, 0, 11, 8, 1.69
1712567252, 2, 8076, 13879, 13052, 4018, 18.47%, 0, 11, 8, 2442.63
1712567262, 2, 8078, 13879, 13051, 4017, 18.47%, 0, 11, 8, 2401.40
1712567267, 2, 8113, 13879, 13050, 4016, 18.47%, 0, 11, 8, 2292.49
1712567813, 2, 8124, 13879, 13049, 4015, 18.47%, 0, 11, 8, 0.63
