0.194863796234
0.214381933212
0.176654815674
0.187326192856
0.17106294632
0.170314788818
0.16795706749
0.21902513504
0.173904180527
0.17866897583
0.18443107605
0.182122945786
0.175256967545
0.16850399971
0.178446054459
0.234284877777
0.170912027359
0.183840990067
0.192052841187
0.177616119385
0.186018943787
0.185247898102
0.24111700058
0.197751045227
0.225005149841
0.190727949142
0.223039865494
0.255629062653
0.235831022263
0.249221086502
0.221082925797
0.195579051971
0.422589063644
0.373882055283
0.513506889343
0.489659070969
0.265398979187
0.217530012131
0.195038795471
0.298864126205
0.112128973007
0.220419168472
0.304003000259
0.50924706459
0.26219701767
0.276010990143
0.124636173248
0.366518974304
0.401376962662
0.383275985718
0.39585018158
0.203541994095
3666.83536696
0.321712970734
0.332453966141
0.111957073212
1.19056296349
7.75604891777
0.99530506134
1.00275015831
1.05555987358
181.379127979
1.08202886581
0.0319108963013
0.0216460227966
0.315979003906
0.496890068054
1.12407302856
0.28719496727
0.563720226288
0.457967996597
0.00282001495361
0.00140881538391
0.00404500961304
0.00167918205261
0.0702199935913
0.0136950016022
0.0167639255524
0.00926184654236
0.0741939544678
0.0533428192139
0.0474538803101
1.540610075
0.381176948547
1.01023006439
0.780143022537
1.36915707588
0.320548057556
1.80154395103
0.140493869781
0.345247030258
0.288125038147
0.173042058945
0.0120208263397
0.00874805450439
0.0321800708771
0.0272359848022
0.0512020587921
0.0154020786285
0.0236902236938
0.0111811161041
0.337604999542
182.385797024
0.399228096008
0.84941983223
1.37054085732
0.50452709198
0.0414118766785
1.69330191612
0.443540811539
0.204093933105
0.317148923874
0.626327991486
0.264465093613
1.27797603607
1.00108289719
0.369252920151
0.578633069992
0.044408082962
0.527561187744
0.53352189064
0.570996046066
0.572501897812
0.512801170349
0.533022165298
0.253356218338
0.255580186844
0.285364151001
1.24181413651
0.154017925262
0.353320121765
0.636247873306
1.09229803085
0.721447944641
0.395061016083
0.89589214325
0.988953828812
0.580721855164
0.326427936554
0.32959318161
0.52771282196
0.48459482193
0.392878770828
0.345353841782
0.603199958801
0.712961196899
0.414175987244
0.212342977524
0.406769990921
0.358518838882
0.511204004288
0.314804077148
0.495911836624
0.413475990295
0.238602161407
0.142871856689
0.153104066849
0.176867008209
0.163516998291
0.168272018433
0.157096147537
0.155960083008
0.157596826553
0.194088935852
0.139331817627
0.139834165573
0.146277189255
0.165048122406
0.167100906372
0.143077850342
0.163183927536
0.15432882309
0.163175106049
0.153805971146
0.1539311409
0.203999996185
0.16473197937
0.17297410965
0.123066902161
0.118631124496
0.12202000618
0.133775949478
0.123095989227
0.115615844727
0.106780052185
0.059298992157
0.0449831485748
0.0952568054199
0.0850210189819
0.0125470161438
0.0415890216827
0.398178100586
113.896100044
3.9432849884
185.288328171
2.4499809742
0.10063791275
0.0872769355774
0.103078842163
0.103410959244
0.104379892349
0.0904448032379
0.0947868824005
0.0382061004639
0.131567955017
0.0735821723938
0.101428985596
0.0980770587921
0.0578949451447
0.107883214951
0.0682129859924
0.137026786804
0.0502970218658
0.094496011734
0.143671989441
0.092120885849
0.0397410392761
0.0542891025543
0.137416124344
0.0883281230927
0.073431968689
0.133611917496
0.13588309288
0.0463359355927
0.0512409210205
0.00785207748413
0.0217549800873
0.0154991149902
0.017853975296
0.0177929401398
0.0150020122528
0.012011051178
0.0153560638428
0.0125119686127
0.0166931152344
0.0142238140106
0.0208599567413
0.0134720802307
0.0204482078552
0.236554861069
0.0140669345856
0.0104639530182
0.0119490623474
0.0138120651245
0.0254099369049
0.0504720211029
0.025356054306
0.0156409740448
0.155738115311
0.756875991821
0.210826158524
1.02464604378
0.846086978912
0.414649963379
0.283977985382
0.473685979843
0.47533416748
0.209125041962
0.381752967834
180.744374037
1.55145287514
0.426651000977
0.466817140579
1.41940999031
0.354598045349
0.0316910743713
0.112660884857
0.0598721504211
0.0413181781769
0.129715919495
0.0807120800018
0.135176897049
0.0571691989899
0.0593359470367
0.138306856155
0.0446259975433
0.091096162796
0.0615351200104
1.59917211533
0.902778148651
0.903508901596
0.817319154739
0.817921876907
0.054435968399
0.344207048416
0.101469993591
0.0627150535583
0.0633080005646
0.0822510719299
0.0415508747101
0.504969120026
180.80618906
0.952964067459
0.125173091888
0.102365970612
0.219319820404
0.108813047409
0.0964620113373
0.125510931015
0.00895309448242
0.0133879184723
0.0144929885864
0.0139141082764
0.01185297966
0.0198240280151
0.00255703926086
0.00143313407898
0.0124199390411
0.00338888168335
0.00785112380981
0.0186460018158
0.0163190364838
0.0133600234985
0.00896501541138
0.0133578777313
0.0100209712982
0.00986099243164
0.0221657752991
0.0115561485291
0.0102510452271
0.0171880722046
0.0113570690155
0.0105409622192
0.0957889556885
0.0110449790955
0.0093891620636
0.00858902931213
0.00980114936829
0.0159869194031
0.00854396820068
0.00830507278442
0.00949001312256
0.00294589996338
0.00301098823547
0.00261282920837
0.00281596183777
0.00442409515381
0.00415802001953
0.17405796051
0.391714096069
0.226900100708
0.160226821899
0.168610095978
0.439967870712
0.364059925079
0.197859048843
0.00885081291199
0.0126888751984
0.013876914978
0.0195999145508
0.0137968063354
0.0147721767426
0.0243210792542
0.0090799331665
0.0165531635284
0.0111620426178
0.0126359462738
0.130153894424
0.0406520366669
0.0153710842133
0.0101311206818
0.0162971019745
0.0104908943176
0.0126738548279
0.0108730792999
0.00973415374756
0.133402109146
0.154256105423
2.18154215813
0.783825874329
0.339771032333
0.266957044601
0.292033195496
0.333019018173
0.347716093063
0.501155138016
0.751643180847
0.274618864059
0.448064088821
0.119240999222
1.98050785065
1.99443888664
0.228020191193
0.27037191391
0.223219156265
0.24763917923
0.245826005936
0.217591047287
0.053218126297
0.0608148574829
0.0206611156464
0.0745351314545
0.0426049232483
0.043673992157
0.904440879822
0.300148010254
0.307597160339
0.266788005829
0.478225946426
0.26508307457
1.11185383797
0.767199039459
0.768424987793
0.810096025467
0.85644197464
0.843591928482
0.76667881012
0.600006103516
0.698345184326
0.754828929901
0.797350883484
0.941210985184
0.213567972183
13.2163770199
394.51373601
1.87431716919
1.94786190987
1.34286499023
3.20576095581
2.9251730442
3.21378207207
1.27449679375
3.84436202049
1.42132997513
3.81324696541
1.03205990791
0.699862003326
1.15380501747
0.64485502243
0.511733055115
0.400807142258
0.514933824539
0.79881978035
0.427635908127
0.611522912979
0.800799131393
0.0214250087738
0.0173959732056
0.0132749080658
0.0076630115509
0.00510287284851
0.00760412216187
0.0269651412964
0.0398550033569
0.0364398956299
0.0543138980865
0.0248517990112
0.248566865921
0.0315539836884
0.0327000617981
0.125160217285
0.0291159152985
0.528502941132
0.0602819919586
0.0644199848175
0.0362949371338
0.0245659351349
0.0903649330139
0.100519895554
0.0597589015961
0.0307509899139
0.0672059059143
0.102283000946
0.11194396019
0.0368809700012
0.0361630916595
0.111202001572
0.0999629497528
0.176503896713
0.0960600376129
0.0419180393219
0.16433095932
0.10661816597
0.140873193741
0.155367136002
0.0989019870758
0.095685005188
0.0174820423126
0.0321180820465
0.019073009491
0.0046501159668
0.0487949848175
0.0256900787354
0.0209619998932
0.0256390571594
0.0214731693268
0.0265018939972
0.348114013672
0.367187023163
0.338351011276
0.194888114929
0.212025165558
0.240813016891
0.0575740337372
0.0511889457703
0.0747168064117
0.0454959869385
0.0308442115784
0.0840339660645
0.0770981311798
0.0443651676178
0.0716991424561
0.851232051849
0.470905065536
0.62008190155
0.754497051239
0.547164916992
0.700525999069
0.776437044144
0.357103824615
180.753484964
0.334037065506
0.336746931076
0.302325963974
0.249274015427
0.167824029922
0.0978710651398
0.0474240779877
0.0654962062836
0.150238037109
0.0284829139709
0.0392169952393
0.0464820861816
0.0239310264587
0.0197200775146
0.0195341110229
2.40041899681
1.4496049881
1.55264115334
1.18943095207
1.45319604874
0.310388088226
0.0364050865173
0.0377509593964
0.0579299926758
0.0594041347504
0.0580401420593
0.28514289856
0.0644018650055
0.0226531028748
0.0452599525452
0.0568101406097
0.048455953598
0.626220941544
0.605897903442
0.356686115265
0.375533819199
0.376474142075
0.390455007553
0.387449979782
1.9199051857
0.0759539604187
0.0577878952026
0.069020986557
0.0459139347076
0.0533649921417
0.0660419464111
0.0843849182129
0.0439240932465
0.0495269298553
0.466819047928
0.209789991379
0.0947918891907
0.0578138828278
0.0619440078735
0.0886662006378
0.0373978614807
0.00773882865906
0.0129289627075
0.0079619884491
0.0156309604645
0.00890278816223
0.00866007804871
0.656885147095
0.297433853149
0.278494119644
0.223436117172
0.377271175385
1.03216099739
0.150611162186
0.110891103745
0.127485990524
0.119875907898
0.0532910823822
0.0513269901276
0.519504070282
0.471513986588
0.545006036758
0.499555826187
0.591272115707
0.512923002243
0.677516937256
0.795234918594
180.897855997
0.504969120026
0.453062057495
0.234263896942
0.0856511592865
0.137895107269
0.0827240943909
0.132513046265
0.0588920116425
0.199179887772
0.112232208252
0.0740659236908
0.0727119445801
0.0605201721191
0.0997450351715
0.007728099823
0.0141978263855
0.0257949829102
0.0124490261078
0.0113680362701
0.0062940120697
0.280173063278
0.123975038528
0.121912956238
0.121773958206
0.120688915253
0.0987288951874
0.715040922165
0.679811000824
0.6871778965
0.695817947388
180.994362831
0.716870069504
0.770344018936
0.718465089798
0.70726108551
0.741416931152
0.709985971451
0.733519077301
0.710911989212
0.729595899582
0.722658157349
0.727540016174
0.726998090744
0.74370098114
0.0871670246124
0.0389578342438
0.0104639530182
0.0593860149384
0.0587651729584
0.0324528217316
0.239924192429
0.114973068237
0.0782761573792
0.0505840778351
0.08869099617
0.0819549560547
0.0430870056152
0.0246760845184
0.0161790847778
0.0109360218048
0.0105819702148
0.0124080181122
0.00900292396545
0.00568008422852
0.00794386863708
0.00649285316467
0.0326359272003
0.204619884491
0.215101957321
0.126993179321
0.12095618248
0.191152095795
0.114023208618
0.151614904404
0.0276579856873
0.0952920913696
0.0287539958954
0.0465400218964
0.0352828502655
0.728717088699
0.743172883987
0.718758821487
0.720100879669
2.42880892754
2.47989583015
2.14404320717
2.41091394424
0.0300121307373
0.0560791492462
0.0198040008545
0.0573618412018
0.0157940387726
0.0249321460724
1.03397488594
1.23748683929
1.01719999313
1.01778316498
0.805608034134
1.01140403748
0.00728487968445
0.00666689872742
0.00586199760437
0.0047070980072
0.00411009788513
0.00478005409241
0.00417399406433
0.00651097297668
0.00803804397583
0.0270600318909
0.0449450016022
0.0192339420319
0.0190088748932
0.0164148807526
0.0225648880005
0.0183970928192
0.00943279266357
0.00996804237366
0.00764989852905
0.00853300094604
0.00612497329712
0.229730129242
0.0778579711914
0.0645921230316
0.0785961151123
0.0948159694672
0.0271708965302
1.01782989502
0.637006044388
180.65751791
0.897183895111
0.728616952896
1.04420804977
0.809731006622
0.295314073563
0.47674703598
0.447872877121
0.443558931351
0.408514022827
0.0149369239807
0.02286195755
0.0207958221436
0.0252940654755
0.0200510025024
0.0200109481812
0.0214419364929
0.0207860469818
0.0242989063263
0.00467085838318
0.00517511367798
0.00531196594238
0.00345396995544
0.00413608551025
0.00462222099304
0.954941987991
180.372306108
0.164585828781
0.409134149551
0.0043580532074
0.0286710262299
0.00594687461853
0.00613403320312
0.00862789154053
0.00577807426453
0.00533604621887
0.00628304481506
0.00552010536194
0.0428948402405
0.00517296791077
0.0934250354767
0.165392875671
0.0353050231934
0.0770502090454
0.0221328735352
0.403663158417
0.0528738498688
0.178506135941
0.138751983643
0.088320016861
0.0341379642487
0.00962400436401
0.00985193252563
0.0106711387634
0.011244058609
0.0100231170654
0.0152039527893
0.00825309753418
0.0269629955292
0.00872707366943
0.0105381011963
0.0198550224304
0.00744605064392
0.0132658481598
0.00636601448059
0.0122330188751
0.0064811706543
0.00536417961121
0.0130851268768
0.00993919372559
0.0103859901428
0.0149931907654
0.0358319282532
0.00852203369141
0.00433778762817
0.00687098503113
0.0061399936676
0.00638198852539
0.00643301010132
0.00593686103821
0.647442102432
0.326611042023
0.130289077759
0.144239187241
0.279088020325
0.460319042206
0.776641130447
0.294994115829
0.219965934753
0.628506183624
0.456588029861
0.86679816246
0.0114090442657
0.00520801544189
0.00522089004517
0.0042359828949
0.00428104400635
0.00380802154541
0.0712640285492
0.0773451328278
0.0346140861511
0.137238025665
0.0799670219421
0.0254261493683
0.187522888184
0.0504789352417
0.113494157791
0.0485899448395
0.0647568702698
0.0281140804291
2.12298202515
1.08515405655
1.71540498734
1.66529011726
1.44117593765
1.65966796875
0.49588394165
0.338227987289
0.372221946716
0.389891147614
0.239964962006
0.267987966537
0.0313930511475
0.114796876907
0.0609941482544
0.0551872253418
0.0338439941406
0.0343289375305
1.16207814217
0.69415807724
0.654227018356
0.586652994156
0.75458407402
0.632890939713
0.611276865005
0.189612865448
0.377936840057
0.384431838989
0.353654146194
0.426691055298
0.310648918152
0.14159989357
0.0649988651276
0.0313310623169
0.0394389629364
0.0213589668274
0.0317831039429
0.0223290920258
0.138226032257
0.0869219303131
0.0972900390625
0.0945129394531
0.0431778430939
0.0813941955566
0.00290513038635
0.00328016281128
0.00346899032593
0.00378584861755
0.00317192077637
0.0036449432373
0.00340390205383
0.00325012207031
0.00409293174744
0.00394988059998
0.00325012207031
0.00347495079041
0.00623989105225
0.00374102592468
0.00315999984741
0.00821399688721
0.0945801734924
0.0960910320282
0.0382239818573
0.0180959701538
0.0330369472504
0.0265038013458
0.0722599029541
0.407124996185
1.69551801682
1.46092510223
1.6150200367
1.17084598541
1.6321041584
1.02453398705
0.002760887146
0.00331091880798
0.00247693061829
0.00256299972534
0.0036838054657
0.0956110954285
0.113569974899
0.0653359889984
0.114048957825
0.132874965668
0.0923030376434
0.00522398948669
0.00516200065613
0.00434494018555
0.00311017036438
0.005038022995
0.00452184677124
0.00326013565063
0.00371384620667
0.00469183921814
0.0056848526001
0.00975608825684
1.3382730484
1.25231790543
1.00762701035
1.12332987785
1.3469350338
1.02691698074
0.00495409965515
0.0068199634552
0.00718092918396
0.00690197944641
0.0093080997467
0.00562214851379
1.09594917297
0.4496281147
0.223245859146
0.592170000076
1.13840889931
0.665338993073
0.960561990738
180.936391115
0.767930030823
1.82698202133
0.00727391242981
0.0136029720306
0.0151059627533
0.0138099193573
0.0132579803467
0.0100090503693
0.525506973267
0.236872911453
0.304819822311
0.245857954025
0.223935842514
0.202575922012
0.124139070511
0.522326946259
0.0504860877991
0.0383138656616
0.0338778495789
0.0325610637665
0.01766705513
0.0404970645905
0.0292568206787
0.0559051036835
0.175055980682
0.0311388969421
0.0146200656891
0.0141129493713
0.00764799118042
0.0116209983826
0.010910987854
0.121659994125
0.0156750679016
180.381076097
0.0485730171204
0.0372881889343
0.0435559749603
0.0452089309692
0.0315389633179
0.0303640365601
0.0708570480347
0.0529119968414
0.294926166534
0.147778987885
0.125669002533
0.0792939662933
0.175585031509
0.104408979416
0.281108856201
0.189310073853
0.0749621391296
180.478945017
0.0913770198822
0.641226053238
0.276095867157
0.120590925217
0.177872180939
0.0885858535767
0.0708692073822
0.0284218788147
0.100371837616
1.63353490829
1.33840894699
1.23204493523
1.83761096001
1.36579012871
1.23061990738
0.031585931778
0.0194201469421
0.0168890953064
0.0136661529541
0.157232999802
0.0793490409851
0.0428590774536
0.0401639938354
0.0401790142059
0.0329389572144
0.825371026993
0.253435850143
0.126636981964
0.23141002655
0.24470615387
0.238352060318
0.026967048645
0.0156309604645
0.0129880905151
0.0136950016022
0.00463008880615
0.00674200057983
0.505573987961
0.371745109558
0.391130208969
0.381390094757
0.439009189606
0.394006967545
1.58370685577
1.16249895096
0.877070903778
1.11134409904
1.37573003769
1.30351805687
1.07212996483
1.08765912056
1.41563606262
0.00372505187988
0.00596714019775
0.00604486465454
0.00552701950073
0.00690793991089
0.00467014312744
0.118829011917
0.0590951442719
0.0287771224976
0.0412399768829
0.0760560035706
0.0221920013428
1.14707398415
0.51355099678
0.51650595665
0.620934009552
0.736776828766
0.709010839462
0.388797998428
0.399064064026
0.229671955109
0.246539115906
0.185130119324
0.281915903091
0.00308585166931
0.0036289691925
0.00634789466858
0.00336098670959
0.00743198394775
0.00468301773071
0.00292491912842
0.0037989616394
0.00345396995544
0.00345611572266
0.00127601623535
0.287798881531
0.213212966919
0.331064939499
0.183197021484
0.182002067566
0.0926601886749
1.27823996544
0.84625005722
0.897114038467
0.779011011124
0.833601951599
0.859061002731
0.0482759475708
0.0180258750916
0.0398411750793
0.0268058776855
0.300289154053
0.241101980209
0.0691239833832
0.0826680660248
0.102024078369
0.12385392189
0.164379835129
0.013867855072
0.0157699584961
0.0153880119324
0.0114769935608
0.0157978534698
0.021831035614
0.0138778686523
0.0137069225311
0.01145195961
0.0234570503235
0.011125087738
0.0137300491333
0.0467720031738
0.0559458732605
0.0189080238342
0.0409240722656
0.0413060188293
0.0376508235931
0.00997304916382
0.00412797927856
0.00432419776917
0.00428199768066
0.00642108917236
0.00405311584473
0.0459289550781
0.0309000015259
0.0351419448853
0.0249891281128
0.0410830974579
0.0232388973236
0.0120809078217
0.0273768901825
0.022980928421
0.0205318927765
0.0299751758575
0.019378900528
0.0113580226898
0.00861120223999
0.00496983528137
0.00385499000549
0.00405192375183
0.0107600688934
0.00836706161499
0.00647211074829
0.00832796096802
0.00491309165955
0.0326251983643
0.00602197647095
0.00707507133484
0.0520510673523
0.00992393493652
0.011999130249
0.0084981918335
0.00755405426025
0.00766110420227
0.00641512870789
0.00882387161255
0.00490808486938
0.0061731338501
0.00347399711609
0.00619912147522
0.00518989562988
0.284811019897
0.109885931015
0.281982898712
0.231054067612
0.0856080055237
0.0761539936066
0.192502975464
0.171988010406
0.159415960312
0.133449077606
0.155020952225
0.102960824966
0.119313001633
0.118833065033
0.135520935059
0.048348903656
0.254109859467
0.0613961219788
0.13019490242
0.0768530368805
0.107053995132
0.0684690475464
0.00733399391174
0.0101070404053
0.0114469528198
0.00765490531921
0.00790596008301
0.00476789474487
1.89797902107
1.42809510231
1.38714408875
1.50652909279
0.00740194320679
0.00758099555969
0.010421037674
0.00639891624451
0.00821900367737
0.00674796104431
0.0127699375153
0.0257449150085
0.0213630199432
0.0315520763397
0.0202598571777
0.0359971523285
0.9569439888
0.515802145004
0.53080201149
0.412105083466
0.481245040894
0.949069976807
0.174331903458
0.14647603035
0.0879790782928
0.287794113159
0.335098981857
0.0703659057617
0.240346908569
0.130023002625
0.0617480278015
0.233040809631
0.103554010391
0.165732145309
0.0789740085602
0.0118470191956
0.0235269069672
0.0210881233215
0.181280851364
0.00654697418213
0.0225930213928
0.0138320922852
0.0130939483643
0.0110650062561
0.0124518871307
0.0324800014496
0.0102369785309
0.00600004196167
0.00977516174316
0.010311126709
0.0109651088715
0.0322780609131
0.026214838028
0.0196030139923
0.0646450519562
0.0303509235382
0.0147190093994
0.0934021472931
0.108571052551
0.0675661563873
0.0451622009277
0.068589925766
0.076024055481
0.0492289066315
0.129872083664
0.322739124298
0.0788071155548
0.119572877884
0.0986149311066
0.121372938156
0.686589002609
0.213879108429
0.306792020798
0.210426092148
0.334542036057
0.226116895676
0.288017034531
0.192971944809
0.477567911148
0.21707201004
0.214360952377
0.353982925415
0.0102288722992
0.0203530788422
0.0197188854218
0.0182178020477
0.0174341201782
0.0178000926971
0.0276958942413
0.0310659408569
0.0562720298767
0.0618698596954
0.0191748142242
0.0164098739624
0.0185530185699
0.0142028331757
0.0188190937042
0.023796081543
0.00587320327759
0.0063328742981
0.00633788108826
0.00769996643066
0.00436592102051
0.101051092148
0.0519058704376
0.0467140674591
0.00993895530701
0.0571930408478
0.0670590400696
0.00868201255798
0.0288009643555
0.0251219272614
0.0303728580475
0.0306241512299
0.0257389545441
0.032075881958
0.024199962616
0.0217969417572
0.0235450267792
0.023129940033
0.0271391868591
0.0149660110474
0.0287439823151
0.0206608772278
0.0230951309204
0.0295879840851
0.0207839012146
0.196537017822
0.0801029205322
0.172192811966
0.109319925308
0.0684218406677
0.104814052582
1.01515603065
0.54206609726
0.538670063019
0.511253118515
1.52068805695
0.00673985481262
0.00409293174744
0.00377917289734
0.00427293777466
0.00418305397034
0.003249168396
1.48192000389
1.18002414703
1.15467691422
2.05951499939
0.911628007889
0.445838928223
0.209948062897
0.293253898621
0.239549160004
0.228542089462
0.246957063675
0.116926193237
0.0168488025665
0.0412900447845
0.0566759109497
0.055233001709
0.00831508636475
0.0890369415283
0.0982539653778
0.0491471290588
0.0389459133148
0.0749070644379
0.0213899612427
0.179052829742
0.177735090256
0.0478951931
0.076385974884
0.0170011520386
0.0659050941467
0.0742151737213
0.0438539981842
0.0428740978241
0.0220880508423
0.0227048397064
0.0150570869446
0.00824093818665
0.00950789451599
0.00852203369141
0.00710916519165
0.00773096084595
0.00828194618225
0.00783896446228
0.00695586204529
0.00859808921814
0.00777912139893
0.00724816322327
0.00760102272034
0.0191380977631
0.00460505485535
0.00393605232239
0.00515389442444
0.00742816925049
0.0538477897644
0.185465097427
0.138868093491
0.216226816177
0.24192404747
0.289772033691
0.279412984848
0.00539803504944
0.00557088851929
0.280328989029
0.101238965988
0.048691034317
0.148517847061
0.111812829971
0.0451872348785
0.0413839817047
0.0291719436646
0.0446929931641
0.0381329059601
0.0297701358795
0.0326509475708
0.0149230957031
0.0224599838257
0.0212459564209
0.032870054245
0.0163149833679
0.019700050354
0.0289421081543
0.0224850177765
0.0201840400696
0.0214478969574
0.0192317962646
0.0217480659485
0.0202538967133
0.0204789638519
0.0194909572601
0.0229659080505
0.0244989395142
0.0203161239624
0.0379908084869
0.0340850353241
0.02374792099
0.0295491218567
0.020984172821
0.0524899959564
0.0193200111389
0.0222790241241
0.0180439949036
0.110016822815
0.956344127655
0.599400997162
0.62359213829
0.629081964493
180.839578867
0.534237861633
0.471253156662
0.235358953476
0.271376848221
0.157554149628
0.310441970825
0.200628042221
0.124665021896
0.0911870002747
0.193441152573
0.118366956711
0.140055894852
0.108194828033
0.111603021622
0.292716026306
0.419673204422
0.455657958984
0.448377847672
0.374813079834
0.937430858612
0.459552049637
0.718242168427
0.686105966568
0.205513954163
1.27333188057
0.878854036331
0.960260152817
0.942873001099
0.779033184052
0.864521980286
1.98316192627
1.26251602173
1.3155901432
1.27487015724
1.26423311234
1.39808702469
0.00603318214417
0.00374794006348
0.00635480880737
0.00337696075439
0.00349712371826
0.0117571353912
0.19362616539
1.21194791794
1.17407608032
1.15705609322
1.12000083923
1.12432980537
1.13523793221
1.14111185074
0.0240230560303
0.0210700035095
0.0208971500397
0.0105991363525
0.0199368000031
0.00671696662903
0.122631788254
0.0297908782959
0.0356869697571
0.0186331272125
0.0352561473846
0.0342111587524
0.32892203331
0.154538869858
0.085834980011
0.112420082092
0.154996156693
0.0464181900024
0.120481967926
0.872760057449
0.145889997482
0.115474939346
0.0366110801697
0.066801071167
0.0431809425354
0.098904132843
0.204885959625
0.0382068157196
0.0438230037689
0.0530300140381
0.0623438358307
0.0714881420135
0.371795892715
0.224691152573
0.272782087326
0.0963201522827
0.0761389732361
0.0797140598297
0.101543903351
0.0790989398956
0.164137125015
0.105846881866
0.211647987366
0.0490570068359
0.00466203689575
0.00609517097473
0.00616884231567
0.0060601234436
0.00524497032166
0.00588512420654
0.00910806655884
0.0126729011536
0.0142028331757
0.0123198032379
0.0122170448303
0.0122919082642
0.0231420993805
0.0402581691742
0.0405371189117
0.0220568180084
0.0335741043091
0.0259099006653
0.0172400474548
0.0213239192963
0.02996301651
0.0282578468323
0.0342030525208
0.0220239162445
0.0361571311951
0.0204129219055
0.0284380912781
0.0481209754944
0.0372569561005
0.0251040458679
0.0777869224548
0.551810979843
0.363543987274
0.3005900383
0.265514135361
0.305649995804
0.345828056335
0.0217008590698
0.0447800159454
0.0394060611725
0.0399370193481
0.0441329479218
0.0356199741364
0.0348808765411
0.0427808761597
0.0474948883057
180.818763971
1.57764601707
1.67718195915
1.6752269268
1.53186798096
1.48524808884
0.516386985779
0.281461000443
0.158761024475
0.185909032822
0.296736001968
0.418374061584
0.0508291721344
0.0720360279083
0.0101878643036
0.0623180866241
0.0139520168304
0.0515530109406
0.0301291942596
0.0548379421234
0.071809053421
0.164453983307
0.0835568904877
0.0428020954132
0.0479419231415
0.04483294487
0.0412559509277
0.0733258724213
0.0387201309204
0.0784838199615
0.0542981624603
0.0856990814209
0.0413777828217
0.0664851665497
0.116641998291
0.0257699489594
0.096540927887
0.0157749652863
0.0639319419861
0.134151935577
0.0439620018005
0.053946018219
0.404024839401
0.0627548694611
0.0919232368469
0.16530418396
0.119667053223
0.180640935898
0.104230165482
0.0478248596191
0.663522005081
0.408149003983
0.438884019852
0.43928694725
0.342139005661
0.487869977951
0.0362780094147
0.0923011302948
0.0570120811462
0.0496580600739
0.0507609844208
0.0625269412994
0.0426559448242
0.0473580360413
0.0420489311218
0.066675901413
0.040060043335
0.0741338729858
0.0836310386658
0.0395312309265
0.0726728439331
0.0700998306274
0.0451650619507
0.0725610256195
0.0469980239868
0.0696270465851
0.122668027878
0.165099859238
0.0726940631866
0.0787069797516
0.00318098068237
0.0031521320343
0.0026581287384
0.00326180458069
0.00336599349976
0.893103122711
0.697548151016
1.38317608833
1.16291093826
1.26254701614
1.38104605675
1.52980899811
0.738760948181
1.16605019569
0.884631156921
0.871935129166
0.802425861359
0.0286569595337
0.00926494598389
0.0104260444641
0.00693082809448
0.0197820663452
0.0161859989166
0.0360779762268
0.0125820636749
0.00944590568542
0.0228369235992
0.0080349445343
0.00867295265198
0.832226037979
0.541962862015
0.506278991699
0.510565042496
0.568652153015
0.441625833511
0.011246919632
0.0348608493805
0.0307810306549
0.0295310020447
0.0301949977875
0.0300829410553
0.680061101913
0.409227132797
0.394726991653
0.513432979584
0.309725999832
0.381520032883
0.00956797599792
0.0148708820343
0.0126428604126
0.0137541294098
0.0119760036469
0.0114009380341
0.733649015427
0.273990869522
0.63739490509
0.362637996674
0.266903877258
0.648288011551
1.19189476967
1.07829880714
0.727074861526
0.810395956039
0.70904302597
1.03138709068
0.0242681503296
0.0699489116669
0.0548710823059
0.0142159461975
0.0201518535614
0.0244889259338
0.0536410808563
0.0319731235504
0.028146982193
0.018285036087
0.00338387489319
0.0143599510193
0.0226261615753
0.0230190753937
0.0174708366394
0.0251438617706
0.028883934021
0.0267338752747
0.0374939441681
0.0174880027771
0.992913007736
0.357357025146
0.618103027344
0.338818073273
0.533440113068
1.30490517616
0.426721096039
0.218039989471
0.17896604538
0.157761096954
0.255650043488
0.201041936874
0.254441022873
1.14891195297
0.00374603271484
0.00930619239807
0.00686597824097
0.00559210777283
0.00638103485107
0.00546002388
0.00848817825317
0.0251331329346
0.0261940956116
0.0376679897308
0.0240871906281
0.0261659622192
0.0890159606934
0.0374200344086
0.0702819824219
0.037917137146
0.0273039340973
0.0320010185242
0.00724291801453
0.00820589065552
0.00711512565613
0.00884008407593
0.00691199302673
0.007807970047
0.464728116989
0.483959913254
0.707091808319
0.44601392746
0.266648054123
0.55193901062
0.0051441192627
0.0193600654602
0.00608897209167
0.0091609954834
0.00975513458252
0.00516390800476
0.0952939987183
0.0769078731537
0.109334945679
0.100769996643
0.12610912323
0.0883309841156
0.297024965286
0.0142450332642
0.0778458118439
0.0455329418182
0.0825619697571
0.0939319133759
0.480190992355
1.18142294884
0.926244974136
1.1102809906
1.06211709976
0.968055963516
1.08554196358
0.160218000412
0.0329129695892
0.0556931495667
0.0488300323486
0.0241429805756
0.0791320800781
2.04012298584
1.29099607468
1.40047812462
1.55285692215
1.52284002304
1.73968505859
0.51158618927
0.0822010040283
0.107099056244
0.155103206635
0.0345950126648
0.485333919525
0.214442968369
0.119570970535
0.184818029404
0.264889001846
0.181803941727
0.139712095261
0.191478013992
0.66200709343
0.317188024521
2.26042199135
2.27648711205
1.69745898247
1.2641980648
1.08155417442
1.09659004211
1.3769698143
1.64450216293
0.0728378295898
0.0328450202942
0.0214231014252
0.0210919380188
0.0176448822021
0.0369319915771
0.0383949279785
0.0323379039764
0.0236089229584
0.0937922000885
0.0232651233673
0.0319309234619
0.0423500537872
0.0097188949585
0.0390470027924
0.01811003685
0.0226171016693
0.0304489135742
0.0441839694977
0.0790731906891
0.0360350608826
0.0367910861969
0.0243580341339
0.0674619674683
0.0299921035767
0.138109922409
0.0122709274292
0.0258212089539
0.0148820877075
0.0112059116364
0.10928106308
0.0441880226135
0.104497909546
0.018217086792
0.112487077713
0.164165019989
0.785967111588
0.437273979187
0.2726957798
0.341779947281
0.202840089798
0.446385145187
0.696051836014
0.672720909119
0.679305076599
0.653269052505
0.69530916214
0.67039680481
0.682972192764
0.711362123489
0.675075054169
0.0104200839996
0.0184378623962
0.00877690315247
0.0111999511719
0.00615096092224
0.0227191448212
0.640091896057
0.0327620506287
0.146950960159
0.619296073914
0.290718078613
0.191195964813
0.0934410095215
0.0807590484619
0.0398828983307
0.0425071716309
0.0489909648895
0.0171689987183
0.689736127853
0.668189048767
0.661967992783
0.675645112991
0.677375078201
0.705185890198
0.663656949997
0.664442062378
0.661937952042
0.206569910049
0.428352117538
0.0611569881439
0.0827610492706
0.228306055069
0.0863540172577
0.46856212616
0.0784249305725
0.196182966232
0.0347578525543
0.527829170227
0.00680994987488
0.00755310058594
0.00786399841309
0.00697493553162
0.0070481300354
0.00738501548767
0.0127718448639
0.00664305686951
0.00721096992493
0.00776195526123
0.00673317909241
0.00699996948242
0.00768303871155
0.00695896148682
0.00673317909241
0.0133521556854
0.00711584091187
0.00796508789062
0.00689721107483
0.00767302513123
0.0123920440674
0.432060956955
0.216690778732
0.135092020035
0.333688020706
0.181486129761
0.133746862411
0.214508056641
0.584709882736
0.421734809875
0.505109071732
0.127285957336
0.273551940918
0.00319194793701
0.00476312637329
0.00469994544983
0.00487613677979
0.00454211235046
0.00512909889221
0.00423097610474
0.00611782073975
0.00328898429871
0.00378203392029
0.0041880607605
0.00350999832153
0.0232329368591
0.0168468952179
0.0107319355011
0.0187890529633
0.012237071991
0.0128359794617
0.870556116104
0.259109020233
0.464606046677
0.580756902695
0.224044084549
0.405962944031
0.57111287117
0.367260217667
0.407075166702
0.289088964462
0.943793773651
0.00867319107056
0.00865697860718
0.00728702545166
0.00614404678345
0.0106148719788
0.0112018585205
0.181390047073
0.074676990509
0.16503405571
0.061084985733
0.113490104675
0.0407359600067
0.327313184738
0.172041893005
0.232333898544
0.149657964706
0.105976819992
0.242944002151
0.0747230052948
0.048367023468
0.0169229507446
0.0461630821228
0.0189259052277
0.0122680664062
0.599151849747
0.587689161301
0.268115997314
0.291567087173
0.393857002258
0.282736063004
0.292727947235
0.278684854507
0.105829000473
0.238077878952
0.112238883972
0.29257106781
0.0739250183105
0.00694894790649
0.0120890140533
180.301784992
0.0351128578186
0.0437619686127
0.0615198612213
0.0470969676971
0.0548219680786
0.0282289981842
0.0289850234985
0.056725025177
0.326462030411
0.162561893463
0.092512845993
0.106539964676
0.144966840744
0.131479978561
0.275985956192
0.0409550666809
0.0359239578247
0.0745990276337
0.0375719070435
0.0341680049896
0.293349981308
0.285793066025
0.213411092758
0.11868596077
0.106737136841
0.381179094315
0.00686407089233
0.0150079727173
0.00868988037109
0.0111968517303
0.00852918624878
0.00720310211182
0.682473897934
0.288242101669
0.112771034241
0.414758205414
0.266813993454
0.112582921982
0.15080499649
0.293474912643
0.255466938019
0.183716773987
0.463782072067
0.124081850052
0.019033908844
0.0187900066376
0.0529799461365
0.0297501087189
0.0338740348816
0.7035779953
0.681425094604
0.982329130173
0.656221866608
0.796820878983
0.840774059296
0.974222898483
180.42010498
1.16186308861
1.04325199127
0.688600063324
1.47156691551
2.20054388046
1.70734906197
2.06174182892
1.82025384903
0.985333919525
1.37719893456
1.10296678543
1.10944700241
1.35884904861
1.23466110229
0.968316078186
0.155789852142
0.0251100063324
0.0888378620148
0.0557329654694
0.103641986847
0.0374729633331
0.00798392295837
0.0107278823853
0.0108730792999
0.0184659957886
0.00436902046204
0.00706601142883
0.0046648979187
0.417955875397
0.0643999576569
0.746935844421
206.110512972
5.44362092018
187.165084839
1.10235786438
1.01447296143
0.938103914261
0.895456790924
1.16256785393
1.04604506493
1.15293693542
0.0520429611206
0.0479581356049
0.0653989315033
0.0740880966187
0.0222139358521
0.0146069526672
0.962321996689
0.29253411293
0.22821688652
0.631587028503
0.293556928635
0.474997997284
0.0136399269104
0.00538492202759
0.00516510009766
0.00426197052002
0.0315182209015
0.00558114051819
0.00631785392761
0.00397920608521
0.00453996658325
0.00483703613281
0.0123109817505
0.921559810638
0.235294818878
0.567933082581
0.188236951828
0.363778114319
0.42263007164
0.313684940338
0.16109585762
0.163033008575
0.150945901871
0.0367810726166
0.183080911636
0.118869066238
0.0377631187439
0.025141954422
0.0287320613861
0.0322868824005
0.0642709732056
0.0192089080811
0.0239458084106
0.0256679058075
0.0162661075592
0.0220761299133
0.0362169742584
0.0088198184967
0.0135879516602
0.0117089748383
0.013384103775
0.0126550197601
0.0155529975891
0.0153889656067
0.00973105430603
0.00733613967896
0.00724983215332
0.0221230983734
0.0216851234436
0.0482850074768
7.50410413742
1.20050597191
3.38113093376
7.41500091553
5.37587594986
5.01130485535
10.7279880047
104.633027077
11.9594969749
185.740206003
11.8679201603
3.90403103828
5.15817904472
187.622488022
7.33718299866
10.9244160652
187.370936871
6.47236895561
11.3388590813
8.5383169651
9.09663295746
11.3901128769
191.62072587
0.554173946381
0.233365058899
0.353476047516
0.328209161758
1.08102893829
0.00540804862976
0.00900793075562
0.0092670917511
0.0187439918518
0.00638484954834
0.00755405426025
0.0142960548401
0.0252737998962
0.0255661010742
0.0247559547424
0.0282318592072
0.0223028659821
0.0215048789978
0.02698802948
0.0212152004242
0.108988046646
0.0473120212555
0.0361158847809
0.00490307807922
0.0338320732117
0.0114710330963
0.0226349830627
0.00969982147217
0.0154631137848
0.0712268352509
0.0255990028381
0.029021024704
0.0490250587463
0.0227990150452
0.0448288917542
0.0218708515167
0.00842308998108
0.00725317001343
0.0105559825897
0.00542402267456
0.0821988582611
0.755176067352
0.533030986786
0.535760164261
0.226097106934
0.386272192001
0.581079006195
0.564093112946
0.392664909363
1.17896604538
0.161414861679
0.0246889591217
0.050313949585
0.0485260486603
0.0271470546722
0.0872721672058
1.69513607025
180.465653896
1.08987092972
1.51485300064
1.26067996025
1.89480113983
0.0110101699829
0.0300631523132
0.026948928833
0.0168931484222
0.0216469764709
0.0179710388184
0.0207080841064
0.0193059444427
0.023120880127
0.0218532085419
0.0199790000916
0.0236098766327
0.0199029445648
0.0223641395569
0.0258131027222
0.0224008560181
0.0261709690094
0.170973062515
0.110566139221
0.200210809708
0.104747056961
0.189643859863
0.0791211128235
0.00473713874817
0.00566983222961
0.00454783439636
0.00605583190918
0.00535082817078
0.00487589836121
180.444465876
0.275442123413
0.324851989746
0.248844146729
0.202502965927
0.263291835785
0.689974069595
0.440648078918
0.482649803162
0.373172044754
0.266558885574
0.306776046753
0.0767788887024
0.0219659805298
0.0130450725555
0.0159890651703
0.0168979167938
0.0185289382935
0.0090799331665
0.0182638168335
0.00987219810486
0.0109839439392
0.00896120071411
0.00874209403992
0.169784069061
0.145211935043
0.127012014389
0.0520560741425
0.119424104691
0.211672067642
0.125363111496
0.264474868774
0.074921131134
0.125998973846
0.092964887619
180.525501966
0.241688013077
0.186598062515
0.165563106537
0.131448984146
0.156939029694
0.106373071671
0.0353260040283
0.0348861217499
0.0381338596344
0.0325269699097
0.0227789878845
0.0235199928284
0.014710187912
0.0180420875549
0.0182089805603
0.0190410614014
0.0157499313354
0.0165278911591
0.0182690620422
0.0150690078735
0.0141699314117
0.0164661407471
0.0154359340668
0.0172209739685
0.202850103378
0.158275127411
0.154623031616
0.0911209583282
0.108016967773
0.173094987869
0.602275133133
0.410442113876
0.51936006546
0.364185094833
0.304969072342
2283.91721392
0.012255191803
0.00537991523743
0.00577402114868
0.00423908233643
0.00507783889771
0.0278768539429
0.616420030594
0.281334161758
0.152179956436
0.296065807343
0.428979873657
0.409201145172
0.221184968948
1.52107691765
1.50001192093
1.51004600525
1.48924589157
1.52340507507
1.51497387886
1.49839496613
1.4934399128
1.50724816322
1.53578495979
1.47627997398
0.45526099205
0.348555088043
0.549129962921
0.439782142639
0.314096927643
0.568445920944
0.659373998642
0.310844898224
0.336285114288
0.368988990784
0.504748106003
0.428828001022
0.0292980670929
0.018562078476
0.0189321041107
0.0212571620941
0.0681970119476
0.0154449939728
0.483831882477
0.368224143982
0.188350915909
0.169529914856
0.161278963089
0.147740840912
0.00361514091492
0.00398802757263
0.00373911857605
0.00350379943848
0.00311303138733
0.00532484054565
0.00376105308533
0.00385999679565
0.00400710105896
0.00323486328125
0.0194470882416
0.596894979477
0.371058940887
0.508642911911
0.607781171799
0.519549131393
0.615876197815
0.00289702415466
0.00252389907837
0.00321412086487
0.0123097896576
0.0060830116272
0.00703597068787
0.00541520118713
0.00890779495239
0.00389790534973
1.27869606018
0.919512987137
0.950747966766
0.835036039352
0.845099925995
1.02689695358
0.0647180080414
0.0265929698944
0.0486469268799
0.0154068470001
0.0319011211395
0.0326778888702
0.345503091812
0.230690956116
0.179714918137
0.1021900177
0.14972114563
0.158800125122
0.182225942612
0.0528600215912
0.0485470294952
0.0333709716797
0.029464006424
0.0273671150208
0.100893974304
0.152014970779
0.108901977539
0.0628318786621
0.0622539520264
0.0669939517975
0.010290145874
0.00643396377563
0.00701189041138
0.00501918792725
0.0068359375
0.00618886947632
0.148936986923
0.0522840023041
0.0504279136658
0.0452959537506
0.0452089309692
0.0473189353943
1.09779000282
0.66671204567
0.710745096207
0.938669919968
0.777740955353
0.69300198555
1.51686406136
1.12228488922
1.0664100647
1.33014178276
1.07489585876
1.22403502464
0.390129804611
0.043380022049
0.0577511787415
0.0922179222107
0.0868268013
0.161630153656
0.00262594223022
0.00129699707031
0.0100109577179
0.0123097896576
0.0269529819489
0.0118410587311
0.0121879577637
0.0111198425293
0.0109958648682
0.0111351013184
0.0120809078217
0.0117201805115
0.0113410949707
0.0109708309174
0.48584318161
0.319060087204
0.0923547744751
0.256290912628
0.184185028076
0.956711053848
0.0413780212402
0.0363349914551
0.0458548069
0.0505509376526
0.0200901031494
0.028580904007
0.0287480354309
0.0255670547485
0.0289101600647
0.0239589214325
0.0221490859985
0.0132141113281
0.00855898857117
0.00709986686707
0.00608706474304
0.0988609790802
0.295758962631
0.176769018173
0.10037612915
0.122263908386
0.0563430786133
0.183526039124
0.0251400470734
0.0387029647827
0.0148720741272
0.0174732208252
0.00646901130676
0.0134429931641
0.0154609680176
0.00906896591187
0.0103938579559
0.0094051361084
0.00931096076965
0.00862312316895
0.387314081192
0.396943807602
0.398859977722
0.394139051437
0.409382820129
0.397395133972
0.393285036087
0.389606952667
0.387594938278
0.898215055466
180.799787998
0.636662960052
0.811031103134
0.713511943817
0.831706047058
0.156342983246
0.0654571056366
0.115769863129
0.0308938026428
0.142917871475
0.0622189044952
0.0137689113617
0.0333878993988
0.0291209220886
0.0353031158447
0.0252230167389
0.0239470005035
0.410457134247
0.0412650108337
0.0439960956573
0.0968627929688
0.111574888229
0.0571250915527
0.0322360992432
0.0567409992218
0.0208990573883
0.0289180278778
0.122714996338
0.0547511577606
0.120683908463
0.0263030529022
0.0111100673676
0.130106925964
0.46662902832
0.343564033508
0.277802944183
0.292850017548
0.207895994186
0.519634008408
0.166927099228
0.0488710403442
0.0266511440277
0.0731790065765
0.0448439121246
0.0535731315613
0.0642659664154
0.0544760227203
0.502991914749
0.614218950272
0.640051841736
0.646811962128
0.792021036148
0.594804048538
0.820625066757
0.862977027893
0.714617013931
0.946652889252
0.527131080627
0.87877202034
0.6597468853
0.00483703613281
0.0036449432373
0.00409412384033
0.00312614440918
0.00470399856567
0.00330209732056
0.16431593895
0.114907979965
0.0247671604156
0.0632750988007
0.062735080719
0.0784771442413
0.00831294059753
0.0272669792175
0.0273280143738
0.0260779857635
0.0258519649506
0.0239181518555
0.0328099727631
0.00656294822693
0.00534892082214
0.00476384162903
0.00464487075806
0.00800609588623
0.0104870796204
0.0148751735687
0.0155239105225
0.017676115036
0.0102570056915
0.0123798847198
0.0931918621063
0.175860881805
0.0429649353027
0.137797117233
0.0573809146881
0.00734090805054
0.0380280017853
0.0179889202118
0.0157830715179
0.801546096802
0.136421918869
0.0696070194244
0.0970840454102
0.0852339267731
0.0409278869629
0.0805389881134
0.202805995941
0.0591349601746
0.0404529571533
0.112384080887
0.0850081443787
0.105149030685
0.332453012466
0.104228973389
0.0966320037842
0.078381061554
0.133033037186
0.175246953964
2.53273296356
2.18521499634
1.90899610519
2.53551006317
2.17797398567
1.68568181992
0.231621026993
1.5702021122
1.56145596504
1.55343389511
1.54498195648
1.61388587952
1.59592103958
1.58155488968
0.00778388977051
0.0177700519562
0.0110690593719
0.0127799510956
0.0106890201569
0.0116670131683
0.0163650512695
0.0260281562805
0.0198650360107
0.024600982666
0.0188610553741
0.015792131424
0.0377678871155
0.0158090591431
0.0257260799408
0.0275950431824
0.0265271663666
0.030296087265
0.481328010559
0.224030017853
0.188918113708
0.166598081589
0.211402177811
0.647505998611
1.38638114929
1.08092999458
1.16366004944
1.08895993233
1.51247000694
1.27092385292
0.137667894363
0.0596477985382
0.0877499580383
0.140123128891
0.0461480617523
0.0536270141602
0.481470108032
0.223231077194
0.152698993683
0.103425979614
0.212503910065
0.165519952774
0.00496196746826
0.00496101379395
0.00414991378784
0.00436997413635
0.00405311584473
0.00446486473083
0.0366888046265
0.049467086792
0.0109210014343
0.0259838104248
0.0226309299469
0.0123760700226
1.21254205704
0.53621006012
0.594186067581
0.746070861816
1.68351387978
2.19359493256
1.9166200161
1.6995871067
0.648803949356
0.0029730796814
0.00358891487122
0.00285387039185
0.00314283370972
1.12147808075
0.501609802246
0.649098873138
0.600970029831
0.547049045563
1.09448099136
0.38484787941
0.15407204628
0.0922911167145
0.147843122482
0.279262065887
0.246536970139
0.235293149948
0.229748010635
0.19029211998
0.205243110657
0.254629850388
0.159848928452
0.021703004837
0.118647098541
0.57807803154
0.274571180344
0.203544855118
0.262092113495
0.212791919708
0.254572153091
0.00504803657532
0.0059700012207
0.00478100776672
0.00433492660522
0.00368690490723
0.0122199058533
0.00402402877808
0.00486707687378
0.0272030830383
0.298267841339
0.0603110790253
0.0817739963531
0.186215877533
0.716808080673
0.395121097565
0.349747180939
0.427167892456
0.49452996254
0.415191888809
0.773345947266
0.856425046921
0.955306053162
0.957833051682
0.897295951843
0.69028711319
0.110221147537
0.0209848880768
0.0543940067291
0.0344190597534
0.0277788639069
0.0179200172424
0.326721906662
0.0461609363556
0.0949449539185
0.1218957901
0.0589230060577
0.0603668689728
0.320483207703
0.18604516983
0.318456888199
0.210718154907
0.277869939804
0.423321008682
0.263998031616
0.974683046341
0.0207920074463
0.0366811752319
0.0218601226807
0.0195670127869
0.0114839076996
0.0127699375153
0.231863975525
0.106130123138
0.110226869583
0.151659965515
0.163066864014
0.127260923386
0.100615978241
0.050185918808
0.0337929725647
0.0711441040039
0.138549089432
0.03147315979
0.0337769985199
0.0410940647125
0.0359477996826
0.0515689849854
0.0315449237823
0.260895967484
0.156672954559
0.0542089939117
0.0363738536835
0.0215821266174
0.0290191173553
0.0835409164429
0.0363621711731
0.136151075363
0.0992560386658
0.143347024918
0.16373705864
0.0900220870972
0.0903739929199
0.0515689849854
0.101031064987
0.122541904449
0.11479306221
0.0407309532166
0.0692908763885
0.0178961753845
0.336799860001
0.0859670639038
0.0437848567963
0.42332816124
0.217146873474
0.178010940552
0.278266906738
0.144330024719
0.0910751819611
0.0162250995636
0.00723004341125
0.0137238502502
0.0064070224762
0.00902104377747
0.00726199150085
0.00284695625305
0.0026421546936
0.00284814834595
0.00251698493958
0.00160980224609
0.044126033783
0.165603160858
0.0883021354675
0.155731201172
0.0808110237122
0.128791093826
0.950320005417
0.584426164627
0.541247844696
0.911141872406
0.525491952896
0.639090061188
0.561090946198
0.55220079422
0.490362882614
1.45180487633
1.1174621582
0.774949073792
0.889743089676
1.1104581356
0.996297836304
0.929805040359
0.471567869186
0.533660173416
0.414098978043
0.91491985321
0.0158529281616
0.00969791412354
0.00627303123474
0.131597995758
0.060898065567
0.0558149814606
0.0449948310852
0.0351281166077
0.100758075714
0.0064549446106
0.00770497322083
0.00890398025513
0.00809907913208
0.0081000328064
0.00821805000305
0.559026002884
0.177366018295
0.287150859833
0.394757032394
0.19827914238
0.600317955017
0.486263990402
0.495329856873
0.44692492485
0.278705835342
0.387838840485
0.389021873474
0.0333850383759
0.155360937119
0.014032125473
0.0728011131287
0.0215001106262
0.0593011379242
0.281939029694
0.202085018158
0.0919461250305
0.204398870468
0.0626850128174
0.054132938385
0.118635892868
0.0438389778137
0.0154089927673
0.0205039978027
0.0835831165314
0.027978181839
0.186620950699
0.16156411171
0.19761300087
0.140754938126
0.103641033173
0.0313549041748
0.135484933853
0.0986020565033
0.0720660686493
0.085765838623
0.101673126221
0.18670296669
0.00678396224976
0.0105271339417
0.0119230747223
0.00947093963623
0.0100028514862
0.00977516174316
0.0095751285553
0.0106329917908
0.00964212417603
0.00898909568787
0.00961685180664
0.00936603546143
0.103748083115
0.0406019687653
0.0478298664093
0.0974769592285
0.106286048889
0.0487360954285
0.499785900116
0.386741876602
0.143377065659
0.243175983429
0.303522825241
0.390339851379
0.760410070419
0.201731920242
0.283586978912
0.360392093658
0.634427070618
0.640548944473
0.628210067749
0.627902030945
0.639632940292
0.632128953934
0.648172855377
0.627679109573
0.624593019485
0.631461143494
0.632543087006
0.630846977234
0.641067028046
0.624210119247
0.63817191124
0.631016969681
0.63161611557
0.624845027924
0.624927043915
0.637449979782
0.633196115494
0.62544798851
0.62851691246
0.630298852921
0.00670790672302
0.00419807434082
0.00493907928467
0.00405311584473
0.00288987159729
0.0708239078522
0.0253069400787
0.0236518383026
0.0174179077148
0.096314907074
0.0264899730682
0.0114221572876
0.0129079818726
0.0121560096741
0.0109400749207
0.0111169815063
0.00682902336121
0.00590395927429
0.00573205947876
0.00568509101868
0.00517892837524
0.0057520866394
0.00376987457275
0.0263249874115
0.642560005188
0.37460899353
0.375116109848
0.529396057129
0.379281044006
0.365636110306
0.0502769947052
0.168713092804
0.17339015007
0.216506958008
0.17397403717
0.149029970169
0.296115875244
0.2260389328
0.16724395752
0.156821012497
0.160515069962
0.123217105865
0.328433990479
0.455432891846
0.193609952927
0.205844163895
0.348320960999
0.152549028397
0.200793981552
0.0362458229065
0.0594570636749
0.0523798465729
0.057051897049
0.0470881462097
1.12252521515
0.85941696167
0.927016019821
0.67085981369
3.0114440918
0.0512690544128
0.0182321071625
0.00942397117615
0.012423992157
0.0241022109985
0.0114669799805
0.0378460884094
0.0141677856445
0.0160279273987
0.0138831138611
0.0571191310883
0.844226121902
0.885968923569
0.801363945007
0.643069028854
0.798433065414
0.70432305336
1.02081489563
0.870636940002
0.752465963364
0.59255695343
0.813803911209
0.684225082397
0.503973960876
0.24777507782
0.324434041977
0.361830949783
0.482247114182
0.0141649246216
0.0205249786377
0.0217590332031
0.0162169933319
0.0166981220245
0.0435750484467
0.0137701034546
0.0213890075684
0.0207531452179
0.0204010009766
0.020015001297
0.0201990604401
0.0221271514893
0.0199661254883
0.0201978683472
3.77762389183
2.51252007484
3.51254796982
2.52515101433
2.7206530571
1.8870639801
0.890441894531
0.399359941483
0.485398054123
0.388849973679
0.407793998718
0.388993024826
0.00752997398376
0.00365996360779
0.00407886505127
0.00331711769104
0.00298595428467
0.0126600265503
0.023500919342
0.0133111476898
0.0136518478394
0.0226829051971
0.0101978778839
0.181190013885
0.00885486602783
0.00841307640076
0.00692677497864
0.00683307647705
0.00644397735596
0.00661993026733
0.0847210884094
0.12434887886
0.0948629379272
0.0651700496674
0.0522320270538
0.0223970413208
0.29163312912
0.38140296936
0.286749124527
0.215276956558
0.0692250728607
0.301002979279
0.501563072205
0.19794511795
0.134521007538
0.189445972443
0.243031978607
0.200395107269
0.153694868088
0.0313057899475
0.0245299339294
0.0465939044952
0.0181350708008
0.066116809845
0.0472900867462
0.0115370750427
0.0531749725342
0.152966022491
0.208817005157
0.308143138885
0.31086397171
0.305239915848
0.415171861649
0.349199056625
0.279615879059
0.112426996231
0.0518169403076
0.23283290863
0.17182803154
0.191266059875
0.112502098083
0.0709500312805
0.151647090912
0.0766520500183
0.0954818725586
0.0226910114288
0.167680978775
0.0827507972717
0.0906238555908
0.0232789516449
0.0433411598206
0.0506579875946
0.0202841758728
0.0293290615082
0.0197479724884
0.0134279727936
0.00819396972656
0.224248886108
0.055878162384
0.0175318717957
0.00598406791687
0.0209519863129
0.389077186584
0.365705966949
0.281763076782
0.312171936035
0.78873705864
0.51566696167
0.623011112213
0.552305936813
0.463990926743
0.155589103699
0.00919890403748
0.00709700584412
0.0122718811035
0.00565218925476
0.00620794296265
0.00585412979126
0.126181840897
0.0382769107819
0.0384409427643
0.0994029045105
0.0823879241943
0.0405540466309
1.51332402229
1.46818685532
1.89020395279
1.69214200974
1.27055692673
0.109117031097
0.0633671283722
0.0648829936981
0.0405089855194
0.024031162262
0.0652809143066
0.00676417350769
0.00669407844543
0.019364118576
0.0176911354065
0.0206780433655
0.0173819065094
0.395515918732
0.129852056503
0.225353002548
0.213226079941
0.30955696106
1.17650699615
0.970871925354
0.679785966873
0.746392011642
0.615628004074
0.830549955368
1.1578271389
2.09611392021
1.10132408142
1.40438008308
1.48250198364
1.57773208618
1.46716785431
0.572959899902
0.252227067947
0.309304952621
0.338735103607
0.371706008911
0.330950975418
0.307826042175
0.252665996552
0.102789878845
0.0743689537048
0.0845899581909
0.0782690048218
1.02708101273
0.651244878769
0.693484067917
0.958161830902
0.762612104416
0.817750930786
0.00634217262268
0.00897479057312
0.00891399383545
0.00679612159729
0.00797700881958
0.00841999053955
0.911445140839
0.620563030243
0.717387914658
0.845415115356
0.863533973694
0.719053030014
0.0338671207428
0.0111181735992
0.0115559101105
0.0111229419708
0.00867700576782
0.0108280181885
0.16352391243
0.0285491943359
0.0452499389648
0.0208728313446
0.00812411308289
0.432323932648
0.117152929306
0.106335163116
0.268774986267
0.135751008987
0.155544042587
0.0403189659119
0.0548598766327
0.0208139419556
0.0804951190948
0.0551788806915
0.0735402107239
1.08494400978
0.384176969528
0.787957906723
0.640683889389
0.653547048569
0.581819057465
1.63951086998
0.966678142548
1.24206399918
1.2718398571
1.09966087341
1.23975396156
0.0460910797119
0.048663854599
0.077467918396
0.0624339580536
0.157236099243
0.0512459278107
0.987362861633
0.628560066223
180.52736783
0.804011106491
0.114234924316
0.00945496559143
0.00418710708618
0.00363683700562
0.00382399559021
0.00378012657166
0.00429201126099
0.0420742034912
0.0118839740753
0.00927209854126
0.0128819942474
0.0407891273499
0.0170438289642
0.00957489013672
0.00455212593079
0.00425910949707
0.00510621070862
0.00435304641724
0.0229749679565
0.109059810638
0.0283908843994
0.138447999954
0.0370328426361
0.100467920303
0.0167629718781
0.711554050446
0.648744821548
0.632874011993
0.627887010574
0.633798837662
0.633835077286
0.645498037338
0.639261960983
0.666283130646
0.399527072906
0.178905963898
0.182677030563
0.0802080631256
0.171913862228
0.123342990875
0.012130022049
0.00502300262451
0.00546813011169
0.0049569606781
0.00388789176941
0.012932062149
1.5059940815
0.836883068085
0.876671791077
0.654237031937
1.02669405937
1.05663990974
0.11552977562
0.014820098877
0.0500440597534
0.124473810196
0.00909399986267
0.0257759094238
0.0137369632721
0.0136229991913
0.18755698204
0.256779909134
0.139350175858
0.123123884201
0.12446808815
0.0293660163879
0.0839579105377
0.353010892868
0.230402946472
0.151220798492
0.185077905655
0.20331788063
0.12709403038
0.362884998322
0.29056596756
0.205710172653
0.310080051422
0.178621053696
0.182708978653
0.112076044083
0.0614469051361
0.055547952652
0.0398600101471
0.0207619667053
0.110152006149
0.927882909775
0.476564884186
0.541507959366
0.622363090515
0.514153957367
0.649512052536
0.309203863144
0.0976071357727
0.114856004715
0.254631996155
0.160202026367
0.154319047928
0.440551996231
0.111702919006
0.242582082748
0.354109048843
0.190468072891
0.41509103775
0.00965285301208
0.00812888145447
0.00595808029175
0.00643301010132
0.00565886497498
0.00590896606445
0.315278053284
0.190549850464
0.172294139862
0.105267047882
0.074695110321
0.774061918259
0.429553031921
0.4764149189
0.476418018341
0.847752094269
0.00641894340515
0.00413584709167
0.0037989616394
0.0038321018219
0.00346112251282
0.00477290153503
0.301140069962
0.174499034882
0.0292060375214
0.0386939048767
0.0483181476593
0.103863954544
0.24089217186
0.0958559513092
0.168203830719
0.108392000198
0.0793759822845
0.0406730175018
0.0326478481293
0.0817029476166
0.0625550746918
0.142575025558
0.169006824493
0.0218632221222
0.00283408164978
0.00264000892639
0.00251889228821
0.0030689239502
0.137377977371
0.0636360645294
0.029736995697
0.0297050476074
0.0312211513519
0.0488219261169
0.00444507598877
0.0161890983582
0.010931968689
0.0112690925598
0.0141730308533
0.0129389762878
1.48849391937
1.09362912178
1.33002591133
0.82795715332
2.44992184639
0.0144128799438
0.0216920375824
0.0210530757904
0.0225629806519
0.025153875351
0.0218830108643
0.0209398269653
0.0215060710907
0.0269799232483
0.0207290649414
0.00873494148254
0.0113120079041
0.00915002822876
0.00940895080566
0.00768303871155
0.0488331317902
0.0162880420685
0.0180809497833
0.0242068767548
0.0342359542847
0.0995001792908
2.35552191734
2.16250085831
1.97720789909
2.1702401638
1.8716981411
1.88573288918
0.00520610809326
0.00742602348328
0.00737404823303
0.00552701950073
0.00537991523743
0.0215330123901
1.90871214867
1.30677509308
1.33916902542
1.26474905014
1.17171597481
1.51608681679
1.37869381905
1.51118206978
1.909897089
0.316250085831
0.118327140808
0.302864074707
0.164031982422
0.110249996185
0.288026094437
0.722053050995
0.577332019806
0.62468791008
0.678060054779
0.35178899765
0.456936120987
0.383396148682
0.359569072723
0.245010137558
0.237284183502
0.221657991409
0.109538078308
0.164751052856
0.0413839817047
0.0806360244751
0.0897760391235
0.0450179576874
0.790597915649
0.639456033707
0.571233987808
0.233202934265
0.526911973953
0.0970859527588
0.406355142593
0.173682928085
0.148786067963
0.207403182983
0.21870303154
0.309102058411
0.17908000946
0.0543510913849
0.0960240364075
0.117867946625
0.0990059375763
0.0540590286255
0.859158992767
0.177361965179
0.322139024734
0.356996059418
0.26740694046
1.67652583122
0.119145154953
0.0375099182129
0.0234909057617
0.0402808189392
0.0480968952179
3875.00050402
2.18191003799
2.06447911263
1.72059011459
2.02815794945
2.16833686829
1.86495399475
0.341262102127
0.16591501236
0.17497587204
0.532119035721
0.0268630981445
0.00268602371216
0.00257706642151
0.00262403488159
0.00333213806152
0.96318602562
0.80375790596
0.745724916458
0.884893894196
1.07741689682
0.815835952759
0.00264716148376
0.00357890129089
0.00324821472168
0.00264191627502
0.00146794319153
0.149672985077
0.125313997269
0.109149932861
0.0444149971008
0.122074127197
0.239876031876
1.490046978
1.05187320709
0.901412010193
1.1917309761
1.16733789444
1.20804715157
0.823188781738
0.470595121384
0.413228034973
0.457762002945
0.965194940567
0.0252690315247
0.0484628677368
0.0388691425323
0.0560789108276
0.0970048904419
0.0329060554504
0.0544700622559
0.0565929412842
0.0342791080475
0.0357530117035
0.0709080696106
0.0474829673767
0.0751528739929
0.145000219345
0.110497951508
0.1331179142
0.167598009109
0.153656959534
0.112680912018
0.0193610191345
0.042191028595
0.0564630031586
0.0553541183472
0.0249469280243
0.201467990875
0.142503023148
0.191585063934
0.203210115433
0.131305932999
0.15352678299
0.0520150661469
0.014496088028
0.0105440616608
0.0141899585724
0.0148000717163
0.0498299598694
0.0182111263275
0.0339059829712
0.0165441036224
0.00879883766174
0.0808100700378
0.0875799655914
0.619543075562
0.418762922287
0.315495967865
0.298666954041
0.40944314003
1.08485412598
0.0154628753662
0.070916891098
0.111984968185
0.0591681003571
0.0600838661194
0.0779979228973
0.0303449630737
0.0262432098389
0.0307860374451
0.65247297287
0.627321004868
0.628473043442
0.644097089767
0.646337032318
0.626628160477
0.636104106903
0.644498825073
0.632837057114
0.0644690990448
0.0239679813385
0.0125019550323
0.0244891643524
0.0286998748779
0.0160448551178
0.00890684127808
0.00679898262024
0.0126159191132
0.00521492958069
0.0264368057251
0.00645995140076
0.0265140533447
0.0262370109558
0.0247821807861
0.0535559654236
0.0102760791779
0.0262880325317
0.433965921402
0.129083871841
180.362201929
0.15761089325
0.194911003113
0.274683952332
0.0312840938568
0.0397951602936
0.0395231246948
0.046285867691
0.0243818759918
0.0306310653687
0.187062978745
0.183269023895
0.0204739570618
0.0386021137238
0.0886290073395
0.109611988068
0.48628282547
0.295614004135
0.410938024521
0.262398958206
0.0778789520264
0.231709003448
0.257318973541
0.204990148544
0.295268058777
0.330997943878
0.199863910675
1.17497396469
1.51827502251
180.995252848
1.33736491203
1.23908305168
0.692043066025
0.452928066254
0.79434800148
1.28411483765
0.0104539394379
0.011892080307
0.00748205184937
0.00724387168884
0.00785493850708
0.010360956192
0.0142078399658
0.0151660442352
0.0278148651123
0.0115079879761
0.0116581916809
0.0230848789215
0.470345973969
0.186290025711
0.161359071732
0.407567977905
0.382557868958
0.313291072845
0.111975908279
0.0127279758453
0.034991979599
0.1447660923
0.113034009933
0.0204911231995
0.066535949707
0.0510859489441
0.0586221218109
0.0730748176575
0.0942740440369
0.26904797554
0.0581459999084
0.0775580406189
0.0822110176086
0.0853171348572
0.0735440254211
0.138043880463
0.116383075714
0.0626609325409
0.0457220077515
0.0881769657135
0.0750708580017
0.871563196182
0.197469949722
0.184844970703
0.488603115082
0.444483995438
0.48986697197
0.342308998108
0.340723991394
0.336496114731
0.361958026886
0.334583997726
0.337922096252
0.0120220184326
0.0317599773407
0.0274128913879
0.0239410400391
0.0245850086212
0.0218949317932
0.0287017822266
0.00954794883728
0.00583505630493
0.00632405281067
0.00777888298035
0.114101886749
0.0545270442963
0.108934164047
0.0410048961639
0.0651199817657
0.0241680145264
0.0679779052734
0.0126519203186
0.00589418411255
0.0046751499176
0.00542593002319
0.00592017173767
0.0178279876709
0.0111899375916
0.0193221569061
0.017382144928
0.0158569812775
0.0161590576172
0.01624584198
0.0112509727478
0.0310328006744
0.0218200683594
0.0206220149994
0.01930809021
0.0226809978485
0.507309913635
0.673977136612
0.642420053482
0.761313915253
0.557677984238
0.853627920151
0.751561164856
0.644483089447
0.805706977844
0.46923494339
0.268311023712
0.0543920993805
0.141280889511
0.179645061493
0.0625879764557
0.0511529445648
0.260583162308
0.178689002991
0.315417051315
0.0977280139923
0.207777023315
0.321871995926
0.294172048569
0.114862203598
0.0839521884918
0.158217906952
0.345611095428
0.121203899384
0.590388059616
0.399957895279
0.372614145279
0.517357110977
0.372830867767
0.443561077118
0.0224268436432
0.016205072403
0.00930595397949
0.0136671066284
0.0138239860535
0.00739192962646
0.683697938919
0.337471008301
0.351413965225
0.331321001053
0.268035888672
0.4187541008
0.0026068687439
0.00128602981567
0.0897829532623
0.0600130558014
0.0378558635712
0.0148930549622
0.0658330917358
0.00711488723755
0.00726008415222
0.00753998756409
0.00638008117676
0.00759410858154
0.00696682929993
0.00639295578003
0.0510618686676
0.0152149200439
0.0206990242004
0.0133500099182
0.0175869464874
0.0304369926453
0.310017108917
0.0465440750122
0.0303127765656
0.143779993057
0.186219930649
0.0573868751526
0.471618890762
0.232017993927
0.185618877411
0.246318817139
0.221472978592
0.561144828796
0.0125188827515
0.0212841033936
0.0691990852356
0.0202708244324
0.0142168998718
0.014860868454
0.00683498382568
0.00357294082642
0.00374698638916
0.0141768455505
0.00329899787903
0.0176720619202
0.271167039871
0.121424913406
0.0732600688934
0.0725679397583
0.0780341625214
0.082202911377
0.603071928024
0.260069131851
0.344656944275
0.435754060745
0.334065914154
0.253119945526
2.08284306526
1.31539416313
1.26856899261
1.52122688293
1.15278983116
1.66128802299
0.153363227844
0.0444910526276
0.120251893997
0.084755897522
0.0139539241791
0.0968019962311
0.0107479095459
0.0063009262085
0.014456987381
0.00694513320923
0.00663614273071
0.00753617286682
0.00808620452881
0.00617098808289
0.00587201118469
0.0062530040741
0.00491213798523
0.00544214248657
4.93302989006
181.259064913
3.77747702599
2.52702212334
2.27940797806
0.741906881332
0.23983502388
0.26255607605
0.280894994736
0.689829111099
0.449208974838
0.0343890190125
0.0425570011139
0.0522820949554
0.0816659927368
0.0349469184875
0.0377781391144
0.058620929718
0.0262129306793
0.0495839118958
0.0573470592499
0.0232031345367
0.016725063324
0.231496095657
0.0376510620117
0.0222549438477
0.144546985626
0.197499990463
0.115926980972
0.0792810916901
0.0481541156769
0.0918011665344
0.0362179279327
0.0945830345154
0.0121610164642
0.00281095504761
0.0028669834137
0.00271201133728
0.00534296035767
0.0328090190887
0.0138149261475
0.00789999961853
0.00807905197144
0.008633852005
0.0171029567719
0.820421934128
0.462050914764
0.542020797729
0.587314128876
0.536931991577
0.433614969254
0.0075101852417
0.0191838741302
0.0152540206909
0.0182929039001
0.0140202045441
0.0221869945526
1.00200295448
180.582648993
0.967677116394
0.623378992081
0.815565109253
0.762825965881
0.531432151794
0.261075973511
0.3136510849
0.365038156509
0.365911960602
0.255725860596
0.00571608543396
0.00456404685974
0.00378394126892
0.00372099876404
0.00377702713013
0.0411901473999
0.0372738838196
0.028697013855
0.00971007347107
0.0292677879333
0.068156003952
0.0123100280762
2.17470502853
2.52513599396
1.52194499969
0.95540189743
1.16562509537
0.840403079987
0.865092039108
0.43022108078
0.568589925766
0.775747060776
0.00706601142883
0.00588583946228
0.00402998924255
0.00463509559631
0.00340700149536
0.00425004959106
0.13268995285
0.0272989273071
0.0517640113831
0.115482091904
0.0325078964233
0.101840019226
0.293932914734
0.087562084198
0.132213115692
0.110949039459
0.111443042755
0.0200898647308
0.137612819672
0.0778629779816
0.138650894165
0.0542819499969
0.147670984268
0.0784151554108
0.0467319488525
0.194119930267
0.158893823624
0.160325050354
0.167320013046
0.194339990616
0.0136699676514
0.00793409347534
0.0126690864563
0.012678861618
0.00983285903931
0.00931715965271
0.0148890018463
0.0257239341736
0.0193870067596
0.0122520923615
0.00888895988464
0.0162310600281
0.0487599372864
0.094288110733
0.0154330730438
0.0214970111847
0.0169639587402
0.025239944458
1.22815704346
1.18455719948
1.08272099495
1.15669298172
180.407207966
0.927046060562
1.66983604431
1.14638113976
1.19278311729
1.36278009415
0.700588941574
0.534810066223
0.363425016403
0.526700019836
0.560308933258
0.595999002457
1.26684594154
1.51539301872
1.20544600487
1.29818105698
0.00800108909607
0.00837016105652
0.0062460899353
0.0074520111084
0.00654292106628
0.00690603256226
0.0134971141815
0.0232410430908
0.0238959789276
0.0302319526672
0.0216958522797
0.0203409194946
0.0210499763489
0.0211651325226
0.0194120407104
0.144754171371
0.0592658519745
0.0192248821259
0.107237100601
0.0396311283112
0.0961399078369
0.0217728614807
0.0135049819946
0.0166189670563
0.0189988613129
0.0272550582886
0.0172431468964
0.106970787048
0.0144279003143
0.0198879241943
0.0698671340942
0.0233299732208
0.0237650871277
0.01069688797
0.0292670726776
0.0179059505463
0.0325939655304
0.0338430404663
0.0331439971924
0.015456199646
0.0302469730377
0.0183639526367
0.605222940445
0.272253036499
0.384691953659
0.360758066177
0.282543897629
1.02929902077
0.0307929515839
0.0152981281281
0.0197508335114
0.00769710540771
0.00757503509521
0.0108878612518
0.00455093383789
0.00466585159302
0.00380396842957
0.00341081619263
0.00320601463318
0.0143640041351
0.0823340415955
0.115783214569
0.0568928718567
0.0322868824005
0.0405750274658
0.0933468341827
0.0446770191193
0.0322501659393
0.0287721157074
0.0567669868469
0.0575399398804
0.0376760959625
0.493417978287
0.43096280098
0.25430393219
0.232570886612
0.354006052017
0.343930006027
0.742996931076
0.37348985672
0.470627069473
0.5422270298
0.462736129761
0.485771179199
0.415308952332
0.498606920242
0.478239059448
0.766403198242
0.406799793243
0.496510028839
0.730252027512
0.180079936981
0.399954080582
0.310747861862
0.437268972397
4.59954380989
0.0435268878937
0.00504684448242
0.00646185874939
0.00493383407593
0.0945811271667
0.00968503952026
0.114395141602
0.298398971558
0.149429798126
0.104775905609
0.102919101715
0.102188110352
0.126085042953
0.0237448215485
0.0364468097687
0.0289151668549
0.0333619117737
0.090568780899
0.0513579845428
0.0476651191711
0.0176570415497
0.0258131027222
0.0312359333038
0.0222160816193
0.0280110836029
2.28462100029
1.35471010208
1.90364098549
1.79187703133
0.593286037445
0.189808130264
0.0169579982758
0.0371098518372
0.0172588825226
0.0248241424561
0.023668050766
0.698506116867
0.24072098732
0.361757040024
0.3777821064
0.296912908554
0.419461965561
0.476923942566
0.428696870804
0.261000871658
0.434652090073
0.43048787117
0.452955007553
0.0105581283569
0.00523900985718
0.00409698486328
0.00501990318298
0.0175049304962
0.210518121719
0.113924026489
0.088103055954
0.0718281269073
0.0785269737244
0.101094961166
0.00610017776489
0.00469613075256
0.00588798522949
0.00431084632874
0.0037739276886
0.00514221191406
0.340274095535
0.119189023972
0.198101043701
0.046914100647
0.106929063797
0.118793010712
0.00284314155579
0.00321984291077
0.00537800788879
0.0037260055542
0.00682401657104
0.00709986686707
0.00542807579041
0.00654411315918
0.00582194328308
1.0895690918
0.453146934509
0.441302061081
0.776739120483
0.611016988754
0.742865085602
0.950754880905
1.15242004395
1.01851797104
1.16428804398
1.32826590538
1.08370709419
0.515534877777
0.226938009262
0.487409830093
0.13095998764
0.235690116882
0.197017908096
0.00934195518494
0.00818920135498
0.00714111328125
0.00791311264038
0.0070481300354
0.00747585296631
0.111076116562
0.0636200904846
0.130187988281
0.0642189979553
0.126437902451
0.0560500621796
0.104157924652
0.103076934814
0.0677402019501
0.0745840072632
0.0804159641266
0.110737085342
0.0203669071198
0.0380918979645
0.0330369472504
0.0415079593658
0.0392420291901
0.0305948257446
0.0236968994141
0.00836396217346
0.0133781433105
0.00545406341553
0.0837070941925
0.425398111343
0.26091003418
0.424721002579
0.281753063202
0.262179851532
0.446002006531
0.0485880374908
0.0475518703461
0.00727891921997
0.011146068573
0.0311970710754
0.00916814804077
0.172211885452
0.0788640975952
0.066713809967
0.0425159931183
0.084753036499
0.0680429935455
0.122093915939
0.138120174408
0.0641310214996
0.0489180088043
0.039430141449
0.0593447685242
0.678815841675
0.567919969559
0.467558145523
0.443344116211
0.404800891876
0.519078969955
0.0339579582214
0.0191369056702
0.0133481025696
0.0905051231384
0.0136549472809
0.353302001953
0.213561058044
0.107394933701
0.149243116379
0.153043031693
0.229866981506
0.00443482398987
0.00572800636292
0.00483012199402
0.00525188446045
0.00467896461487
0.00457215309143
0.323232889175
0.340229988098
0.171396970749
0.373155117035
0.0784158706665
0.165848016739
0.578032016754
0.406419992447
0.0351760387421
0.219191074371
0.0554618835449
0.067932844162
2.15942192078
1.06572818756
1.51342701912
1.09336519241
1.2149348259
0.837017059326
0.279855012894
0.127496004105
0.336129188538
0.29351401329
0.16835308075
0.295518875122
0.136337995529
0.0750439167023
0.198692083359
0.0720798969269
0.0644600391388
0.00828313827515
0.00541400909424
0.00335884094238
0.00390195846558
0.671011924744
0.539160966873
0.483424901962
0.397368192673
0.479541063309
1.77430915833
3.76490092278
2.52563905716
2.759308815
3.01392006874
3.01398706436
2.52506899834
1.01486611366
0.923001050949
0.711260080338
0.889127016068
0.884410142899
0.756016016006
0.0248770713806
0.0156819820404
0.0146691799164
0.0139379501343
0.025493144989
0.0163190364838
0.012601852417
0.0130138397217
0.0124099254608
0.0119831562042
0.0121290683746
0.0144910812378
0.903293132782
0.835234880447
0.939126014709
0.687024116516
0.893128156662
0.846253871918
0.0121488571167
0.0132279396057
0.0152840614319
0.00976800918579
0.0107998847961
0.0090229511261
0.0137319564819
0.0100660324097
0.0102128982544
0.0105311870575
0.0123598575592
0.00944900512695
0.0233299732208
0.015832901001
0.00941014289856
0.00647687911987
0.0115549564362
0.010479927063
0.298274040222
0.215577125549
0.350287914276
0.522047996521
0.286331176758
0.313817024231
0.724488973618
0.384778022766
0.379410028458
0.408267021179
0.290973901749
0.576044082642
0.0452699661255
0.0305058956146
0.010575056076
0.00892996788025
0.0266489982605
0.0083589553833
0.802646160126
0.599102020264
0.503098011017
0.370803833008
0.17648601532
0.012953042984
0.0245158672333
0.0180039405823
0.0160839557648
0.0166800022125
0.0289781093597
0.018079996109
0.0170559883118
0.0168218612671
0.023138999939
0.0151569843292
0.021497964859
0.012001991272
0.00950407981873
0.0172350406647
0.185814857483
0.0682339668274
0.0519869327545
0.120038032532
0.099848985672
0.107271909714
0.648916006088
0.310018777847
0.30850982666
0.382439136505
0.335520029068
0.851047992706
0.555562019348
0.660601139069
0.666635990143
0.713423013687
0.458355903625
0.428282976151
0.0123550891876
0.0123429298401
0.00960206985474
0.0104579925537
0.0104677677155
0.0586161613464
0.0841529369354
0.0408129692078
0.0380480289459
0.0623228549957
0.0459921360016
0.0568509101868
0.0611119270325
0.0171220302582
0.0427958965302
0.025545835495
0.0297570228577
0.0254380702972
0.136831045151
0.2226998806
0.191119909286
0.252948999405
0.158820152283
0.0580780506134
0.0103180408478
0.0223300457001
0.0188069343567
0.013247013092
0.0103540420532
0.00965404510498
0.344614982605
0.0590271949768
0.0421891212463
0.177165031433
0.247114896774
0.157584905624
0.806803941727
0.45499587059
0.622883081436
0.529115200043
0.553170919418
0.635173082352
0.00481510162354
0.00308609008789
0.00318503379822
0.00322508811951
0.00311803817749
0.00481986999512
0.0630979537964
0.0141429901123
0.0155489444733
0.0160930156708
0.0157790184021
0.0251848697662
1.68477201462
1.69529509544
1.68758416176
1.2728869915
1.69150090218
1.0989780426
0.402316093445
0.0815999507904
0.0525398254395
0.201825141907
0.116407871246
0.204688072205
0.0122120380402
0.0148010253906
0.00717186927795
0.007493019104
0.00684285163879
0.00725412368774
0.205282926559
0.183542013168
0.0430150032043
0.121615886688
0.0521960258484
0.233204841614
0.100470066071
0.0646259784698
0.0540719032288
0.1186439991
0.0715429782867
0.0941619873047
0.187654972076
0.0845680236816
0.105275154114
0.10263800621
0.0760939121246
0.0497381687164
0.387349843979
0.185235977173
0.135142087936
0.232644796371
0.11492395401
0.315700054169
0.45027589798
0.491003990173
0.209830999374
0.22551202774
0.481047153473
0.179584980011
0.00853991508484
0.0299479961395
0.0265600681305
0.0254130363464
0.0242929458618
0.0241861343384
0.325809001923
0.112207889557
0.085107088089
0.118659973145
0.11737203598
0.0616190433502
0.0214748382568
0.0164680480957
0.0110609531403
0.017049074173
0.0114998817444
0.00865793228149
0.229333877563
0.170079946518
0.0733580589294
0.0337719917297
0.0294041633606
0.0795791149139
0.0885720252991
0.0963368415833
0.0150210857391
0.0835289955139
0.0391340255737
0.0578649044037
0.193415880203
0.0691759586334
0.136507987976
0.0363030433655
0.071583032608
0.0496890544891
0.241431951523
0.246820926666
0.190110206604
0.117743968964
0.0943419933319
0.11646604538
0.168488025665
0.288089990616
0.00888514518738
0.00473093986511
0.00633382797241
0.00469183921814
0.00477004051208
0.00555205345154
0.257827997208
0.122579097748
0.0959670543671
0.163331985474
0.134397983551
0.0562040805817
0.227915048599
0.187906980515
0.127543926239
0.086855173111
0.545141935349
0.14235496521
0.142168045044
0.229846000671
0.106706142426
0.877041101456
0.158516168594
0.0960190296173
0.0277440547943
0.0384929180145
0.78236079216
0.459632158279
0.406639099121
0.384193897247
0.0328378677368
0.0374300479889
0.0644130706787
0.00599193572998
0.0290811061859
0.0709230899811
0.0204899311066
0.00578188896179
0.00716781616211
0.00797820091248
0.00922107696533
0.169010162354
0.00522899627686
0.00958013534546
0.00746989250183
0.00653100013733
0.049535036087
0.0236339569092
0.0207200050354
0.0198919773102
0.0238218307495
0.0110540390015
0.336220026016
0.112902164459
0.0428991317749
0.116984128952
0.0842301845551
0.133162975311
0.0228469371796
0.0356349945068
0.0432159900665
0.0272059440613
0.0360579490662
0.0241091251373
180.560359001
0.863764047623
1.0253059864
0.978164196014
0.849119901657
0.915550947189
0.00720000267029
0.00643801689148
0.00678300857544
0.00858998298645
0.0057909488678
0.00770783424377
0.172056913376
0.166687011719
0.0830428600311
0.0613629817963
0.0196888446808
0.0361618995667
2.15783405304
1.99411296844
1.77892708778
1.94970297813
1.87135791779
1.54788398743
0.216454029083
0.0492961406708
0.0235810279846
0.0399179458618
0.113903045654
0.0599701404572
0.0606729984283
0.0505390167236
0.0286290645599
0.0233459472656
1.37967920303
1.14643311501
1.11754703522
1.01458501816
1.00606608391
1.47116017342
0.143630981445
0.0560188293457
0.0384669303894
0.0243408679962
0.0833430290222
0.0321500301361
0.592857122421
0.583935976028
0.591579914093
0.51162314415
0.480813026428
0.449091911316
0.254971981049
0.105109930038
0.0825619697571
0.0786979198456
0.097470998764
0.160166025162
0.12987613678
0.234745979309
0.213236093521
0.274170875549
0.262761116028
0.147284984589
0.754601955414
0.619753837585
0.615485906601
0.449021100998
0.527863025665
0.547912120819
0.00681591033936
0.00682401657104
0.0055251121521
0.00618696212769
0.00456690788269
0.00487112998962
0.016056060791
0.00623416900635
0.00648403167725
0.0048840045929
0.00682401657104
0.00678086280823
0.109973192215
0.0208051204681
0.0404169559479
0.0224690437317
0.070240020752
0.0209600925446
0.600912094116
0.341396093369
0.315934896469
0.378308057785
0.357795953751
0.319952964783
2.69293308258
2.06321620941
2.16067290306
3245.82012296
2.16221189499
1.35081195831
0.200488090515
0.174576044083
0.0698280334473
0.0927770137787
0.106777191162
0.141538143158
0.38136100769
0.466897010803
0.166774988174
0.124863862991
0.133818864822
0.186435937881
0.313005924225
0.133622169495
0.168150186539
0.124029159546
0.111712217331
0.135564804077
0.0558569431305
0.0236258506775
0.0729100704193
0.0197539329529
0.0313649177551
0.0196449756622
0.545068979263
0.248204946518
0.202610969543
0.231942892075
0.242794036865
0.327995061874
0.0910329818726
0.0585310459137
0.0667119026184
0.021360874176
0.0826299190521
0.0241820812225
0.302518129349
0.149736881256
0.178279161453
0.0872490406036
0.141273021698
0.114428043365
0.0104541778564
0.00994801521301
0.016487121582
0.0104742050171
0.0108761787415
0.00725698471069
0.0136349201202
0.0143580436707
0.0128500461578
0.0127789974213
0.00962090492249
0.0854740142822
0.00259900093079
0.0024209022522
0.00265693664551
0.00511288642883
0.706878900528
0.281074047089
0.457828044891
0.410408973694
0.261406898499
0.313874006271
0.179532051086
0.05189204216
0.0546131134033
0.0827260017395
0.0217568874359
0.0149669647217
0.0131590366364
0.0187578201294
0.0144920349121
0.0108139514923
0.097718000412
0.193527936935
0.180070877075
0.215991020203
0.180364847183
0.192851066589
0.269125938416
0.148874044418
0.20648598671
0.161067008972
0.174367189407
0.259737014771
1.26184988022
0.421514987946
0.293967008591
0.349165916443
0.505301952362
0.530739068985
1.35288214684
0.639214038849
0.811995029449
1.13358902931
0.992807865143
1.94937586784
0.0621840953827
0.023078918457
0.0421149730682
0.0177550315857
0.0267009735107
0.0217709541321
0.046450138092
0.0148849487305
0.00811505317688
0.00972819328308
0.0170500278473
0.00797486305237
181.06786108
1.06480193138
0.967741012573
0.902241945267
0.836472988129
0.962449073792
0.0412781238556
0.0191640853882
0.0234789848328
0.0315759181976
0.0221650600433
0.0237410068512
0.0123109817505
0.0153589248657
0.00817704200745
0.228379011154
0.195289134979
0.0360970497131
0.196322917938
0.0667350292206
0.155333042145
0.20335316658
0.0818030834198
0.0655329227448
0.0225830078125
0.0183539390564
0.0354268550873
0.059504032135
0.0994219779968
0.0953040122986
0.0738990306854
0.119563817978
0.0947229862213
0.092649936676
0.0667870044708
0.067507982254
0.399886131287
0.0042941570282
0.00500392913818
0.00529599189758
0.01056599617
0.00484299659729
0.00477385520935
0.00497817993164
0.00556707382202
0.0129480361938
0.011659860611
0.00999593734741
0.0187690258026
0.0774788856506
0.0811309814453
0.0661818981171
0.0762739181519
0.0695099830627
0.0580749511719
0.00839614868164
0.0117399692535
0.0113759040833
0.011440038681
0.0135672092438
0.0122590065002
180.766717911
0.581765890121
0.414380073547
0.530029058456
0.645600795746
0.471050024033
0.76304101944
0.551837921143
0.267815113068
0.342405080795
0.441446781158
0.334831953049
0.517791986465
0.643999099731
0.50109577179
0.285186052322
0.303973197937
0.218995094299
0.00267696380615
0.00159811973572
0.0157821178436
0.0075089931488
0.00654911994934
0.00623083114624
0.00886821746826
0.00591683387756
0.222212076187
0.0725309848785
0.0402541160583
0.0659508705139
0.071949005127
0.0439429283142
0.234853029251
0.0568649768829
0.170413017273
0.210391998291
0.105271100998
0.0585968494415
0.0404300689697
0.0288460254669
0.0215020179749
0.0312321186066
0.0116839408875
0.0366070270538
0.0203649997711
0.0342969894409
0.0345809459686
0.0247638225555
0.0178411006927
0.0448970794678
0.061469078064
0.0283639431
0.0484969615936
0.107240200043
0.100781917572
0.0308928489685
0.0257589817047
0.22166800499
0.142146110535
0.193864107132
0.0188210010529
0.060065984726
0.0635747909546
0.00738906860352
0.013710975647
0.00852417945862
0.0120210647583
0.0079779624939
0.00768399238586
0.154367923737
0.00760102272034
0.0374710559845
0.0064799785614
0.0200750827789
0.0165479183197
0.16697716713
0.149842023849
0.14753985405
0.154423952103
0.142851829529
0.143487930298
0.0102269649506
0.0048348903656
0.00483512878418
0.00629901885986
0.00571703910828
0.00553584098816
1.04183101654
0.588254928589
0.567618131638
0.591359853745
0.706629991531
0.392395973206
0.209671974182
0.0324749946594
0.0516300201416
0.0180840492249
0.061017036438
0.0259120464325
3.16068792343
2.21756887436
3.09310817719
1.15023589134
0.00991916656494
0.0062141418457
0.00479602813721
0.00494194030762
0.00508308410645
0.0046238899231
0.685559988022
0.629607915878
0.63224196434
0.673640966415
0.637277841568
0.633888959885
0.123750925064
0.0774040222168
0.0863831043243
0.066214799881
0.0628690719604
0.0684380531311
0.940788984299
0.316123008728
0.368246078491
0.211435079575
0.464815855026
0.309484004974
0.0127501487732
0.0394389629364
0.0245251655579
0.0350060462952
0.0297651290894
0.0342481136322
0.246619939804
0.218147039413
0.119369983673
0.107868909836
0.11691403389
0.0753200054169
0.172102928162
0.0496702194214
0.0795161724091
0.0362060070038
0.0856120586395
0.00927805900574
0.0938858985901
0.0353829860687
0.065954208374
0.0154101848602
0.0877208709717
0.0253388881683
0.558495044708
0.0481159687042
0.293291091919
0.156131982803
0.111331939697
0.288151025772
0.0213398933411
0.0312840938568
0.0363221168518
0.0212030410767
0.019572019577
0.0156989097595
0.346543073654
0.178957939148
0.136214971542
0.0970270633698
0.33044219017
0.183346986771
0.0722768306732
0.0213780403137
0.125571966171
0.0458099842072
0.0246679782867
0.654819011688
0.379324913025
0.332630872726
0.372300863266
0.338354110718
0.858277082443
0.00469899177551
0.0049729347229
0.00318717956543
0.00325989723206
0.00292897224426
0.266319036484
0.0452020168304
0.0960729122162
0.0403990745544
0.037230014801
0.0386869907379
0.0429649353027
0.386280059814
0.132675170898
0.280137062073
0.34154009819
0.956505060196
0.794811010361
0.540190935135
0.741319894791
0.83403301239
0.943067789078
0.122750997543
0.0431039333344
0.06667304039
0.025032043457
0.0384089946747
0.0136420726776
0.447202920914
0.282012939453
0.251065969467
0.0843789577484
0.252008199692
0.256386041641
0.292835950851
0.114542007446
0.158236026764
0.0974109172821
0.134547948837
0.211629867554
0.307251930237
0.125221014023
0.236028194427
0.133177042007
0.0956201553345
0.0623080730438
0.190988063812
0.116005897522
0.0811629295349
0.0107650756836
0.0283708572388
0.0278098583221
0.0268478393555
0.0338308811188
0.0273590087891
0.14365696907
0.14870095253
0.131418943405
0.0871469974518
0.144013881683
0.0424699783325
0.632319927216
0.404292821884
0.341521024704
0.151621818542
0.31046295166
0.301245212555
0.452260017395
0.549386978149
0.633167028427
0.552238941193
0.428234100342
0.36706495285
0.43061208725
0.254909992218
0.17798614502
0.197298049927
0.155611991882
0.0512359142303
0.156107902527
1.26735210419
1.07520508766
1.3792309761
1.00347399712
0.977738142014
1.36113786697
0.00727295875549
0.00488305091858
0.00591492652893
0.00484490394592
0.00648999214172
0.00464200973511
0.0258190631866
0.0837769508362
0.0128169059753
0.0157120227814
0.0178201198578
0.097904920578
0.0114660263062
0.0235600471497
0.0105159282684
0.0190269947052
0.0130631923676
0.00738906860352
0.0153419971466
0.590785980225
0.328652143478
0.380789041519
0.349565029144
0.449501037598
1.27473306656
0.0819520950317
0.069641828537
0.0733079910278
0.04106092453
0.0584511756897
0.061448097229
180.57575202
0.137620925903
0.100008964539
0.0211598873138
0.0425820350647
0.0791230201721
1.17832899094
1.26266980171
1.50994420052
1.51446819305
1.68882918358
1.77158308029
1.48162388802
1.10525202751
1.03777813911
1.57713699341
1.3054060936
1.01544594765
1.65886116028
0.992817878723
1.11650085449
1.16817307472
1.00600099564
1.00320506096
0.00887012481689
0.00726413726807
0.00520277023315
0.00532197952271
0.00490403175354
0.00394105911255
0.84941983223
0.358271121979
0.373687982559
0.695938825607
0.524022102356
0.448683023453
0.00708317756653
0.0361349582672
0.0305051803589
0.0343039035797
0.0236299037933
0.0243599414825
0.00620698928833
0.00453114509583
0.00334787368774
0.00676202774048
0.00290608406067
0.00312995910645
0.958275079727
0.711782217026
0.76398897171
0.843837976456
0.797567129135
0.936565876007
0.374065160751
0.119980096817
0.0946490764618
0.105890989304
0.0801291465759
0.0669720172882
0.707766056061
0.633068084717
0.647508859634
0.631816148758
0.31858587265
1.06332707405
