# unix_time, cycles_done, cur_path, paths_total, pending_total, pending_favs, map_size, unique_crashes, unique_hangs, max_depth, execs_per_sec, total_execs
1712481072, 1, 0, 5, 5, 5, 1.24%, 0, 0, 1, 975.61, 40
1712481175, 1, 0, 155, 155, 5, 1.53%, 0, 0, 2, 0.77, 4680
1712481180, 1, 0, 205, 205, 5, 1.60%, 0, 0, 2, 880.37, 8772
1712481185, 1, 0, 230, 230, 5, 1.68%, 0, 0, 2, 917.54, 12668
1712481190, 1, 0, 245, 245, 5, 1.71%, 0, 0, 2, 753.04, 16088
1712481195, 1, 0, 265, 265, 5, 1.79%, 0, 0, 2, 787.62, 19968
1712481201, 1, 0, 276, 276, 5, 1.81%, 0, 0, 2, 778.52, 23506
1712485295, 1, 0, 278, 278, 5, 1.81%, 0, 0, 2, 0.01, 26822
1712485386, 1, 0, 279, 279, 5, 1.81%, 0, 0, 2, 1.10, 26922
1712485392, 1, 0, 296, 296, 5, 1.88%, 0, 0, 2, 857.05, 30597
1712485397, 1, 0, 308, 308, 5, 1.89%, 0, 0, 2, 692.96, 33932
1712485402, 1, 0, 331, 330, 4, 2.38%, 0, 0, 2, 741.29, 37257
1712485407, 1, 0, 802, 801, 4, 4.96%, 0, 0, 2, 806.52, 41593
1712485412, 1, 0, 1334, 1333, 4, 5.76%, 0, 0, 2, 954.94, 46621
1712485597, 1, 0, 1747, 1746, 4, 6.23%, 0, 0, 2, 0.88, 50688
1712485602, 1, 0, 2238, 2237, 4, 6.65%, 0, 0, 2, 950.91, 55596
1712485607, 1, 0, 2693, 2692, 4, 7.01%, 0, 0, 2, 924.77, 60305
1712485612, 1, 0, 3111, 3110, 4, 7.29%, 0, 0, 2, 876.36, 64738
1712485617, 1, 0, 3487, 3486, 4, 7.56%, 0, 0, 2, 826.98, 68970
1712485622, 1, 14, 3790, 3789, 1501, 7.77%, 0, 0, 2, 863.23, 73397
1712485807, 1, 14, 3791, 3790, 1501, 7.77%, 0, 0, 3, 0.24, 76687
1712485817, 1, 14, 3792, 3791, 1501, 7.77%, 0, 0, 3, 662.31, 82886
1712489600, 1, 30, 3793, 3791, 1500, 7.77%, 0, 0, 3, 340.50, 97771
1712489605, 1, 30, 3794, 3792, 1500, 7.77%, 0, 0, 3, 58.82, 101032
1712489811, 1, 30, 3795, 3793, 1500, 7.77%, 0, 0, 3, 766.63, 110163
1712489816, 1, 30, 3797, 3795, 1500, 7.77%, 0, 0, 3, 750.22, 113900
1712489821, 1, 30, 3798, 3796, 1500, 7.77%, 0, 0, 3, 729.29, 117674
1712489826, 1, 30, 3799, 3797, 1500, 7.77%, 0, 0, 3, 679.46, 120925
1712489831, 1, 31, 3800, 3797, 1499, 7.77%, 0, 0, 3, 701.86, 124473
1712490016, 1, 32, 3800, 3796, 1498, 7.77%, 0, 0, 3, 0.86, 127157
1712490026, 1, 32, 3800, 3796, 1498, 7.77%, 0, 1, 3, 15.05, 129828
1712490036, 1, 44, 3891, 3885, 1496, 8.45%, 0, 1, 3, 731.47, 134372
1712490041, 1, 44, 4352, 4346, 1496, 9.70%, 0, 1, 3, 814.03, 138599
1712490227, 1, 44, 4742, 4736, 1496, 10.22%, 0, 1, 3, 0.64, 142237
1712490232, 1, 44, 4776, 4770, 1496, 10.26%, 0, 1, 3, 26.74, 142554
1712490237, 1, 44, 4811, 4805, 1496, 10.30%, 0, 1, 3, 20.89, 142888
1712490242, 1, 44, 4903, 4897, 1496, 10.40%, 0, 1, 3, 17.10, 143753
1712490248, 1, 44, 5025, 5019, 1496, 10.51%, 0, 1, 3, 410.61, 144902
1712490253, 1, 70, 5313, 5307, 2281, 10.81%, 0, 1, 3, 710.48, 148635
1712490437, 1, 84, 5313, 5306, 2279, 10.81%, 0, 1, 3, 0.27, 152294
1712490448, 1, 92, 5313, 5305, 2278, 10.81%, 0, 1, 3, 64.48, 159132
1712490458, 1, 98, 5313, 5304, 2277, 10.81%, 0, 1, 3, 925.16, 163722
1712490464, 1, 98, 5314, 5305, 2277, 10.81%, 0, 1, 3, 22.27, 166472
1712490663, 1, 105, 5314, 5304, 2277, 10.81%, 0, 1, 3, 705.59, 178266
1712490668, 1, 142, 5314, 5303, 2276, 10.81%, 0, 1, 3, 711.94, 181906
1712490673, 1, 143, 5314, 5302, 2276, 10.81%, 0, 1, 3, 771.70, 185770
1712490870, 1, 151, 5314, 5301, 2275, 10.81%, 0, 1, 3, 1001.49, 193802
1712490875, 1, 151, 5315, 5302, 2275, 10.81%, 0, 1, 3, 767.22, 196005
1712491079, 1, 161, 5316, 5302, 2274, 10.81%, 0, 1, 3, 842.60, 209242
1712491089, 1, 161, 5317, 5303, 2274, 10.81%, 0, 1, 3, 160.40, 212372
1712491494, 1, 167, 5317, 5302, 2274, 10.81%, 0, 1, 3, 915.55, 233243
1712491500, 1, 167, 5318, 5303, 2274, 10.82%, 0, 1, 3, 632.77, 236149
1712493658, 1, 180, 5318, 5302, 2273, 10.82%, 0, 1, 3, 0.06, 247278
1712493669, 1, 180, 5319, 5303, 2273, 10.82%, 0, 1, 3, 787.09, 254340
1712493674, 1, 180, 5320, 5304, 2273, 10.82%, 0, 1, 3, 750.28, 258001
1712493684, 1, 180, 5321, 5305, 2273, 10.82%, 0, 1, 3, 723.77, 264995
1712493694, 1, 185, 5321, 5304, 2272, 10.82%, 0, 1, 3, 1098.64, 272871
1712493704, 1, 186, 5321, 5303, 2271, 10.82%, 0, 1, 3, 905.68, 280931
1712493709, 1, 191, 5321, 5302, 2270, 10.82%, 0, 1, 3, 998.73, 285846
1712494024, 1, 202, 5321, 5301, 2269, 10.82%, 0, 1, 3, 1074.78, 293688
1712494040, 1, 202, 5659, 5638, 2268, 11.20%, 0, 1, 3, 698.44, 303452
1712494225, 1, 203, 5771, 5750, 2442, 11.33%, 0, 2, 3, 1.09, 307670
1712494235, 1, 203, 5772, 5751, 2442, 11.33%, 0, 2, 3, 817.21, 316169
1712494441, 1, 204, 5774, 5752, 2442, 11.34%, 0, 2, 3, 743.05, 333224
1712494446, 1, 204, 5776, 5754, 2442, 11.34%, 0, 2, 3, 722.84, 336736
1712494451, 1, 204, 5777, 5755, 2442, 11.36%, 0, 2, 3, 719.66, 340496
1712494461, 1, 204, 5779, 5757, 2442, 11.36%, 0, 2, 3, 705.81, 347568
1712494651, 1, 207, 5779, 5756, 2447, 11.36%, 0, 2, 3, 762.20, 355582
1712494656, 1, 207, 5780, 5757, 2447, 11.36%, 0, 2, 3, 1212.91, 359327
1712494857, 1, 209, 5780, 5756, 2447, 11.36%, 0, 2, 3, 0.18, 370984
1712494872, 1, 213, 5781, 5756, 2447, 11.36%, 0, 2, 3, 812.94, 378803
1712495073, 1, 216, 5781, 5755, 2446, 11.36%, 0, 2, 3, 19.23, 392332
1712495083, 1, 219, 5781, 5754, 2445, 11.36%, 0, 2, 3, 1209.90, 397276
1712495094, 1, 223, 5781, 5753, 2445, 11.36%, 0, 2, 3, 964.26, 405792
1712495283, 1, 235, 5781, 5752, 2444, 11.36%, 0, 2, 3, 1005.99, 411252
1712495293, 1, 239, 5781, 5751, 2443, 11.36%, 0, 2, 3, 764.35, 417939
1712495303, 1, 259, 5781, 5748, 2440, 11.36%, 0, 2, 3, 802.70, 425969
1712495487, 1, 259, 5782, 5749, 2440, 11.36%, 0, 2, 3, 0.38, 429878
1712495497, 1, 259, 5784, 5751, 2440, 11.36%, 0, 2, 3, 827.61, 438400
1712495503, 1, 259, 5790, 5757, 2440, 11.36%, 0, 2, 3, 857.07, 442688
1712495508, 1, 259, 5791, 5758, 2440, 11.36%, 0, 2, 3, 826.14, 446728
1712495513, 1, 267, 5791, 5757, 2439, 11.36%, 0, 2, 3, 837.92, 450997
1712495698, 1, 270, 5791, 5756, 2438, 11.36%, 0, 2, 3, 0.47, 455287
1712495703, 1, 274, 5791, 5755, 2437, 11.36%, 0, 2, 3, 838.92, 460046
1712495708, 1, 274, 5792, 5756, 2437, 11.36%, 0, 2, 3, 863.59, 463619
1712495713, 1, 280, 5792, 5755, 2437, 11.36%, 0, 2, 3, 777.70, 466694
1712495723, 1, 281, 5792, 5754, 2436, 11.36%, 0, 2, 3, 879.19, 475448
1712497807, 1, 283, 5792, 5753, 2435, 11.36%, 0, 2, 3, 0.09, 479773
1712497812, 1, 283, 5793, 5754, 2435, 11.36%, 0, 2, 3, 1131.63, 485569
1712497817, 1, 283, 5796, 5757, 2435, 11.37%, 0, 2, 3, 1150.47, 491269
1712497827, 1, 283, 5799, 5760, 2435, 11.39%, 0, 2, 3, 1104.03, 502623
1712497834, 1, 284, 5799, 5759, 2438, 11.39%, 0, 2, 3, 78.82, 507561
1712497839, 1, 284, 5800, 5760, 2438, 11.39%, 0, 2, 3, 404.77, 511349
1712497849, 1, 284, 5801, 5760, 2437, 11.39%, 0, 2, 3, 133.56, 517799
1712497855, 1, 284, 6102, 6061, 2437, 11.83%, 0, 4, 3, 821.87, 520701
1712497860, 1, 284, 6398, 6357, 2437, 12.10%, 0, 5, 3, 510.55, 523631
1712497865, 1, 286, 6840, 6799, 2846, 12.65%, 0, 5, 3, 898.44, 528623
1712497870, 1, 286, 6841, 6800, 2846, 12.65%, 0, 5, 3, 59.83, 531963
1712497875, 1, 286, 6842, 6801, 2846, 12.65%, 0, 5, 3, 1154.70, 534519
1712497901, 1, 304, 6842, 6800, 2846, 12.65%, 0, 5, 3, 902.63, 555600
1712497916, 1, 314, 6842, 6799, 2845, 12.65%, 0, 5, 3, 1243.37, 567068
1712497921, 1, 318, 6842, 6798, 2844, 12.65%, 0, 5, 3, 67.69, 570937
1712498018, 1, 319, 6844, 6799, 2843, 12.65%, 0, 5, 3, 900.29, 575986
1712498023, 1, 319, 6845, 6800, 2843, 12.65%, 0, 5, 3, 73.86, 578293
1712498039, 1, 319, 6846, 6801, 2843, 12.65%, 0, 5, 3, 1044.78, 587750
1712498223, 1, 319, 6847, 6802, 2843, 12.65%, 0, 5, 3, 0.20, 590320
1712498228, 1, 319, 6848, 6803, 2843, 12.65%, 0, 5, 3, 984.58, 595536
1712498233, 1, 322, 6848, 6802, 2843, 12.65%, 0, 5, 3, 1094.23, 601080
1712498645, 1, 322, 6849, 6803, 2843, 12.65%, 0, 5, 3, 0.28, 604402
1712498651, 1, 322, 6850, 6804, 2843, 12.65%, 0, 5, 3, 18.56, 606462
1712498666, 1, 322, 6851, 6805, 2843, 12.65%, 0, 5, 3, 40.48, 610562
1712498674, 1, 322, 6852, 6806, 2843, 12.65%, 0, 5, 3, 43.84, 612624
1712498872, 1, 322, 6853, 6807, 2843, 12.65%, 0, 5, 3, 404.41, 620981
1712498878, 1, 322, 6854, 6808, 2843, 12.65%, 0, 5, 3, 679.59, 623894
1712498883, 1, 323, 6854, 6807, 2843, 12.65%, 0, 5, 3, 954.66, 627276
1712502226, 1, 324, 6855, 6807, 2842, 12.65%, 0, 5, 3, 990.54, 633693
1712502236, 1, 324, 6856, 6808, 2842, 12.65%, 0, 5, 3, 855.23, 642564
1712502436, 1, 327, 6856, 6807, 2840, 12.65%, 0, 5, 3, 861.45, 660719
1712502441, 1, 332, 6856, 6806, 2840, 12.65%, 0, 5, 3, 995.17, 665844
1712502446, 1, 332, 7152, 7101, 2839, 13.28%, 0, 5, 3, 917.01, 670651
1712502452, 1, 332, 7589, 7538, 2839, 14.05%, 0, 6, 3, 84.78, 674870
1712502457, 1, 332, 7983, 7932, 2839, 14.40%, 0, 6, 3, 890.12, 678800
1712502641, 1, 333, 8183, 8132, 3423, 14.57%, 0, 6, 3, 1.37, 683002
1712502646, 1, 334, 8183, 8131, 3422, 14.57%, 0, 6, 3, 898.46, 687467
1712502657, 1, 335, 8183, 8130, 3421, 14.57%, 0, 6, 3, 791.21, 695603
1712502667, 1, 336, 8183, 8129, 3420, 14.57%, 0, 6, 3, 960.71, 705027
1712502852, 1, 349, 8183, 8128, 3419, 14.57%, 0, 6, 3, 0.32, 709521
1712502857, 1, 352, 8183, 8127, 3418, 14.57%, 0, 6, 3, 760.60, 713841
1712502867, 1, 354, 8183, 8126, 3417, 14.57%, 0, 6, 3, 976.07, 723850
1712502877, 1, 357, 8183, 8125, 3416, 14.57%, 0, 6, 3, 1226.96, 730051
1712503067, 1, 369, 8183, 8124, 3415, 14.57%, 0, 6, 3, 1228.73, 736533
1712503077, 1, 371, 8183, 8123, 3414, 14.57%, 0, 6, 3, 975.28, 745419
1712503085, 1, 372, 8183, 8122, 3413, 14.57%, 0, 6, 3, 14.80, 749921
1712503278, 1, 374, 8183, 8121, 3412, 14.57%, 0, 6, 3, 898.39, 756502
1712503288, 1, 380, 8183, 8120, 3411, 14.57%, 0, 6, 3, 883.77, 765383
1712503293, 1, 383, 8183, 8119, 3410, 14.57%, 0, 6, 3, 53.10, 769330
1712503298, 1, 383, 8184, 8120, 3410, 14.57%, 0, 6, 3, 328.31, 772962
1712503483, 1, 383, 8185, 8121, 3410, 14.57%, 0, 6, 3, 1.05, 776081
1712503493, 1, 383, 8186, 8122, 3410, 14.57%, 0, 6, 3, 818.41, 782952
1712503498, 1, 383, 8188, 8124, 3410, 14.57%, 0, 6, 3, 897.99, 787282
1712503508, 1, 384, 8189, 8124, 3410, 14.57%, 0, 6, 3, 884.98, 796544
1712503698, 1, 384, 8190, 8125, 3410, 14.57%, 0, 6, 3, 961.13, 805012
1712503703, 1, 384, 8192, 8127, 3410, 14.57%, 0, 6, 3, 928.64, 809664
1712503708, 1, 384, 8193, 8128, 3410, 14.57%, 0, 6, 3, 906.53, 814154
1712503714, 1, 385, 8194, 8128, 3409, 14.57%, 0, 6, 3, 967.30, 819128
1712506338, 1, 387, 8194, 8127, 3408, 14.57%, 0, 6, 3, 0.08, 827964
1712506434, 1, 402, 8194, 8126, 3407, 14.57%, 0, 6, 3, 1226.20, 833312
1712506439, 1, 403, 8194, 8125, 3406, 14.57%, 0, 6, 3, 1855.00, 837259
1712506449, 1, 406, 8194, 8124, 3405, 14.57%, 0, 6, 3, 1079.80, 847166
1712506455, 1, 406, 8195, 8125, 3405, 14.57%, 0, 6, 3, 111.70, 850555
1712506640, 1, 406, 8196, 8126, 3405, 14.58%, 0, 6, 3, 0.61, 853629
1712506655, 1, 406, 8263, 8192, 3404, 14.86%, 0, 6, 3, 1090.39, 869594
1712506660, 1, 406, 8841, 8770, 3404, 15.44%, 0, 6, 3, 1066.63, 875149
1712506665, 1, 406, 9352, 9281, 3404, 15.82%, 0, 6, 3, 1038.38, 880385
1712506850, 1, 407, 9379, 9308, 3867, 15.84%, 0, 6, 3, 0.21, 884579
1712506855, 1, 417, 9379, 9307, 3866, 15.84%, 0, 6, 3, 1180.78, 890141
1712506860, 1, 424, 9379, 9306, 3865, 15.84%, 0, 6, 3, 1152.64, 895601
1712506865, 1, 434, 9379, 9305, 3865, 15.84%, 0, 6, 3, 1083.91, 901073
1712506875, 1, 435, 9379, 9304, 3864, 15.84%, 0, 6, 3, 857.29, 910155
1712507066, 1, 435, 9380, 9305, 3864, 15.84%, 0, 6, 3, 1012.58, 915943
1712507087, 1, 436, 9380, 9304, 3863, 15.84%, 0, 6, 3, 1547.45, 930576
1712507270, 1, 440, 9380, 9303, 3862, 15.84%, 0, 6, 3, 1.25, 933111
1712507281, 1, 443, 9380, 9302, 3861, 15.84%, 0, 6, 3, 1121.10, 943952
1712507286, 1, 449, 9380, 9301, 3860, 15.84%, 0, 6, 3, 1059.90, 949458
1712507291, 1, 452, 9380, 9300, 3859, 15.84%, 0, 6, 3, 1389.86, 954841
1712507296, 1, 457, 9380, 9299, 3858, 15.84%, 0, 6, 3, 1104.22, 960150
1712507481, 1, 462, 9380, 9298, 3857, 15.84%, 0, 6, 3, 0.23, 965048
1712507493, 1, 464, 9380, 9297, 3857, 15.84%, 0, 6, 3, 36.01, 971807
1712507499, 1, 464, 9381, 9298, 3857, 15.84%, 0, 6, 3, 112.90, 973840
1712507510, 1, 464, 9382, 9299, 3857, 15.84%, 0, 6, 3, 1168.90, 982664
1712507701, 1, 467, 9382, 9298, 3857, 15.84%, 0, 6, 3, 1230.61, 996310
1712507711, 1, 472, 9382, 9297, 3856, 15.84%, 0, 6, 3, 756.43, 1004730
1712507901, 1, 474, 9383, 9297, 3855, 15.84%, 0, 6, 3, 0.78, 1011696
1712507912, 1, 477, 9383, 9296, 3854, 15.84%, 0, 6, 3, 1195.20, 1024079
1712507917, 1, 485, 9383, 9295, 3854, 15.84%, 0, 6, 3, 1113.35, 1029752
1712507922, 1, 486, 9383, 9294, 3853, 15.84%, 0, 6, 3, 1047.34, 1034867
1712507927, 1, 487, 9383, 9293, 3852, 15.84%, 0, 6, 3, 1061.46, 1040191
1712508117, 1, 488, 9383, 9292, 3851, 15.84%, 0, 6, 3, 81.48, 1046167
1712508128, 1, 491, 9383, 9291, 3850, 15.84%, 0, 6, 3, 1083.89, 1055071
1712508138, 1, 492, 9383, 9290, 3849, 15.84%, 0, 6, 3, 1170.75, 1067267
1712508322, 1, 497, 9383, 9289, 3847, 15.84%, 0, 6, 3, 0.40, 1070687
1712508327, 1, 498, 9384, 9289, 3846, 15.84%, 0, 6, 3, 836.68, 1076266
1712508338, 1, 500, 9384, 9288, 3846, 15.84%, 0, 6, 3, 1083.11, 1088476
1712508343, 1, 506, 9384, 9287, 3845, 15.84%, 0, 6, 3, 1356.75, 1093727
1712508348, 1, 507, 9385, 9287, 3844, 15.84%, 0, 6, 3, 1094.57, 1098946
1712510347, 1, 515, 9385, 9286, 3843, 15.84%, 0, 6, 3, 1142.95, 1109888
1712510352, 1, 518, 9385, 9285, 3842, 15.84%, 0, 6, 3, 1137.72, 1115462
1712510357, 1, 518, 9439, 9338, 3841, 15.93%, 0, 6, 3, 1128.53, 1120979
1712510362, 1, 518, 9981, 9880, 3841, 16.35%, 0, 6, 3, 1088.55, 1126413
1712510367, 1, 520, 10069, 9968, 4007, 16.38%, 0, 6, 3, 1032.48, 1131519
1712510373, 1, 522, 10069, 9967, 4006, 16.38%, 0, 6, 3, 127.32, 1135960
1712510378, 1, 527, 10069, 9966, 4005, 16.38%, 0, 6, 3, 1348.26, 1140311
1712510383, 1, 527, 10070, 9967, 4005, 16.38%, 0, 6, 3, 163.42, 1144334
1712510388, 1, 527, 10073, 9970, 4005, 16.38%, 0, 6, 3, 527.58, 1148044
1712510394, 1, 527, 10074, 9971, 4005, 16.38%, 0, 6, 3, 871.58, 1152808
1712510409, 1, 536, 10074, 9970, 4004, 16.38%, 0, 6, 3, 1063.22, 1168940
1712510414, 1, 540, 10074, 9969, 4003, 16.38%, 0, 6, 3, 1061.12, 1174395
1712510419, 1, 540, 10075, 9970, 4003, 16.38%, 0, 6, 3, 1000.81, 1179401
1712510424, 1, 542, 10075, 9969, 4003, 16.38%, 0, 6, 3, 952.24, 1184139
1712510440, 1, 546, 10075, 9968, 4002, 16.38%, 0, 6, 3, 79.30, 1190036
1712510450, 1, 547, 10075, 9967, 4001, 16.38%, 0, 6, 3, 991.50, 1198866
1712510455, 1, 549, 10075, 9966, 4000, 16.38%, 0, 6, 3, 990.66, 1203855
1712510465, 1, 553, 10075, 9965, 3999, 16.38%, 0, 6, 3, 1840.09, 1210194
1712510475, 1, 557, 10075, 9963, 3997, 16.38%, 0, 6, 3, 1128.66, 1217969
1712510641, 1, 558, 10075, 9962, 3996, 16.38%, 0, 6, 3, 1100.55, 1226099
1712510646, 1, 560, 10075, 9961, 3994, 16.38%, 0, 6, 3, 1060.30, 1231251
1712510651, 1, 560, 10077, 9963, 3994, 16.38%, 0, 6, 3, 1141.69, 1237168
1712510852, 1, 561, 10078, 9963, 3992, 16.38%, 0, 6, 3, 1140.47, 1259470
1712510862, 1, 561, 10080, 9965, 3992, 16.38%, 0, 6, 3, 1062.04, 1269834
1712510873, 1, 562, 10082, 9966, 3991, 16.38%, 0, 6, 3, 79.96, 1281528
1712511068, 1, 576, 10082, 9965, 3990, 16.38%, 0, 6, 3, 1279.41, 1290287
1712511074, 1, 577, 10082, 9964, 3989, 16.38%, 0, 6, 3, 1084.67, 1295829
1712511079, 1, 579, 10083, 9964, 3988, 16.38%, 0, 6, 3, 1056.21, 1300996
1712511267, 1, 584, 10083, 9963, 3986, 16.38%, 0, 6, 3, 0.27, 1310986
1712511283, 1, 587, 10083, 9962, 3985, 16.38%, 0, 6, 3, 1355.40, 1322022
1712511288, 1, 590, 10083, 9961, 3984, 16.38%, 0, 6, 3, 1078.16, 1325975
1712511294, 1, 597, 10083, 9960, 3983, 16.38%, 0, 6, 3, 211.15, 1329588
1712511483, 1, 597, 10084, 9961, 3983, 16.38%, 0, 6, 3, 1002.23, 1334386
1712511488, 1, 601, 10084, 9960, 3982, 16.38%, 0, 6, 3, 1122.44, 1340379
1712511498, 1, 603, 10085, 9960, 3981, 16.38%, 0, 6, 3, 135.14, 1350685
1712511503, 1, 603, 10086, 9961, 3981, 16.38%, 0, 6, 3, 963.50, 1355200
1712511703, 1, 608, 10087, 9961, 3981, 16.38%, 0, 6, 3, 1171.52, 1376774
1712511713, 1, 609, 10087, 9960, 3980, 16.38%, 0, 6, 3, 1088.47, 1388039
1712511898, 1, 613, 10088, 9960, 3978, 16.38%, 0, 6, 3, 1.26, 1393237
1712511903, 1, 613, 10089, 9961, 3978, 16.38%, 0, 6, 3, 1086.01, 1398586
1712511918, 1, 615, 10090, 9961, 3977, 16.38%, 0, 6, 3, 1225.79, 1415781
1712512109, 1, 615, 10091, 9962, 3977, 16.38%, 0, 6, 3, 0.61, 1424501
1712512114, 1, 623, 10091, 9961, 3978, 16.38%, 0, 6, 3, 967.42, 1429014
1712512119, 1, 625, 10092, 9961, 3977, 16.39%, 0, 6, 3, 1081.87, 1434529
1712512130, 1, 625, 10093, 9962, 3977, 16.39%, 0, 6, 3, 129.03, 1439251
1712512135, 1, 625, 10096, 9965, 3977, 16.40%, 0, 6, 3, 999.21, 1443831
1712512319, 1, 625, 10098, 9967, 3977, 16.40%, 0, 6, 3, 0.61, 1447621
1712512324, 1, 625, 10099, 9968, 3977, 16.40%, 0, 6, 3, 1090.75, 1453131
1712512329, 1, 629, 10099, 9967, 3984, 16.40%, 0, 6, 3, 1128.41, 1458929
1712512334, 1, 631, 10099, 9966, 3983, 16.40%, 0, 6, 3, 1167.37, 1464891
1712512339, 1, 633, 10099, 9965, 3983, 16.40%, 0, 6, 3, 1096.12, 1470172
1712512529, 1, 635, 10099, 9964, 3982, 16.40%, 0, 6, 3, 0.14, 1479267
1712512534, 1, 636, 10099, 9963, 3981, 16.40%, 0, 6, 3, 1201.08, 1484334
1712512545, 1, 638, 10099, 9962, 3980, 16.40%, 0, 6, 3, 43.83, 1491067
1712512551, 1, 638, 10100, 9963, 3980, 16.40%, 0, 6, 3, 116.55, 1494145
1712514127, 1, 640, 10100, 9962, 3980, 16.40%, 0, 6, 3, 1276.90, 1504550
1712514132, 1, 645, 10100, 9961, 3979, 16.40%, 0, 6, 3, 1225.89, 1510871
1712514137, 1, 649, 10100, 9960, 3978, 16.40%, 0, 6, 3, 1161.82, 1515548
1712514148, 1, 649, 10453, 10312, 3977, 16.71%, 0, 6, 3, 1048.76, 1523636
1712514153, 1, 659, 10631, 10490, 4071, 16.77%, 0, 6, 3, 1440.00, 1528141
1712514158, 1, 661, 10631, 10489, 4069, 16.77%, 0, 6, 3, 1048.95, 1532628
1712514163, 1, 662, 10631, 10488, 4068, 16.77%, 0, 6, 3, 1169.94, 1538750
1712514168, 1, 666, 10631, 10487, 4067, 16.77%, 0, 6, 3, 1105.88, 1544072
1712514179, 1, 670, 10631, 10486, 4066, 16.77%, 0, 6, 3, 1249.28, 1552479
1712514184, 1, 672, 10631, 10485, 4065, 16.77%, 0, 6, 3, 110.38, 1555573
1712514195, 1, 682, 10631, 10484, 4064, 16.77%, 0, 6, 3, 1153.60, 1566302
1712514200, 1, 687, 10631, 10483, 4063, 16.77%, 0, 6, 3, 1119.56, 1571760
1712514205, 1, 687, 10632, 10484, 4063, 16.77%, 0, 6, 3, 1045.16, 1576932
1712514210, 1, 691, 10632, 10483, 4063, 16.77%, 0, 6, 3, 1246.07, 1583273
1712514215, 1, 693, 10632, 10482, 4062, 16.77%, 0, 6, 3, 1252.06, 1589368
1712514220, 1, 697, 10632, 10481, 4061, 16.77%, 0, 6, 3, 1241.48, 1595538
1712514225, 1, 701, 10632, 10480, 4059, 16.77%, 0, 6, 3, 1211.74, 1601660
1712514235, 1, 702, 10632, 10479, 4058, 16.77%, 0, 6, 3, 1192.04, 1612797
1712514240, 1, 703, 10634, 10480, 4057, 16.77%, 0, 6, 3, 1161.42, 1618738
1712514245, 1, 703, 10636, 10482, 4057, 16.77%, 0, 6, 3, 1030.62, 1623942
1712514260, 1, 704, 10636, 10481, 4057, 16.77%, 0, 6, 3, 1185.14, 1641659
1712514265, 1, 709, 10636, 10480, 4056, 16.77%, 0, 6, 3, 1132.68, 1647228
1712514271, 1, 722, 10636, 10479, 4055, 16.77%, 0, 6, 3, 1528.12, 1652582
1712514276, 1, 722, 10637, 10480, 4055, 16.77%, 0, 6, 3, 1175.91, 1657610
1712514286, 1, 730, 10637, 10479, 4055, 16.77%, 0, 6, 3, 1122.98, 1668265
1712514291, 1, 733, 10637, 10478, 4054, 16.77%, 0, 6, 3, 1169.01, 1673293
1712514296, 1, 734, 10637, 10477, 4053, 16.77%, 0, 6, 3, 1152.01, 1678982
1712514301, 1, 750, 10637, 10476, 4052, 16.77%, 0, 6, 3, 1072.97, 1682324
1712514307, 1, 753, 10637, 10475, 4051, 16.77%, 0, 6, 3, 56.10, 1684460
1712514312, 1, 754, 10637, 10474, 4049, 16.77%, 0, 6, 3, 1399.00, 1690794
1712514323, 1, 759, 10637, 10473, 4048, 16.77%, 0, 6, 3, 1002.60, 1700691
1712514328, 1, 761, 10637, 10472, 4047, 16.77%, 0, 6, 3, 120.33, 1703748
1712514338, 1, 775, 10637, 10471, 4046, 16.77%, 0, 6, 3, 1218.60, 1713538
1712514343, 1, 777, 10637, 10470, 4044, 16.77%, 0, 6, 3, 1451.45, 1718892
1712514348, 1, 779, 10637, 10469, 4043, 16.77%, 0, 6, 3, 1157.57, 1724291
1712514353, 1, 779, 10638, 10470, 4043, 16.77%, 0, 6, 3, 1208.58, 1730325
1712514358, 1, 784, 10638, 10469, 4041, 16.77%, 0, 6, 3, 1173.67, 1736190
1712514368, 1, 788, 10638, 10468, 4040, 16.77%, 0, 6, 3, 993.07, 1746612
1712514373, 1, 790, 10638, 10467, 4039, 16.77%, 0, 6, 3, 1018.40, 1751740
1712514379, 1, 793, 10638, 10466, 4038, 16.77%, 0, 6, 3, 28.09, 1756174
1712514384, 1, 795, 10638, 10465, 4037, 16.77%, 0, 6, 3, 302.75, 1761278
1712514394, 1, 802, 10638, 10464, 4036, 16.77%, 0, 6, 3, 1015.27, 1771538
1712514399, 1, 803, 10638, 10463, 4036, 16.77%, 0, 6, 3, 1082.22, 1777040
1712514409, 1, 805, 10638, 10462, 4035, 16.77%, 0, 6, 3, 1127.05, 1788383
1712514414, 1, 818, 10638, 10461, 4034, 16.77%, 0, 6, 3, 1115.20, 1794034
1712514419, 1, 827, 10638, 10460, 4033, 16.77%, 0, 6, 3, 1129.75, 1799584
1712514424, 1, 827, 10639, 10461, 4033, 16.77%, 0, 6, 3, 1092.92, 1804866
1712514429, 1, 829, 10639, 10460, 4032, 16.77%, 0, 6, 3, 1091.30, 1810601
1712514440, 1, 830, 10639, 10459, 4031, 16.77%, 0, 6, 3, 920.60, 1820748
1712514445, 1, 834, 10639, 10458, 4030, 16.77%, 0, 6, 3, 994.55, 1825030
1712514450, 1, 834, 10640, 10459, 4030, 16.77%, 0, 6, 3, 84.76, 1828114
1712514455, 1, 834, 10642, 10461, 4030, 16.78%, 0, 6, 3, 1160.14, 1834057
1712514460, 1, 834, 10643, 10462, 4030, 16.78%, 0, 6, 3, 1233.60, 1840210
1712514471, 1, 836, 10643, 10461, 4032, 16.78%, 0, 6, 3, 1120.42, 1852012
1712514477, 1, 842, 10643, 10460, 4031, 16.78%, 0, 6, 3, 90.29, 1856032
1712514487, 1, 843, 10643, 10459, 4030, 16.78%, 0, 6, 3, 1642.48, 1862629
1712514492, 1, 844, 10643, 10458, 4029, 16.78%, 0, 6, 3, 1485.00, 1866760
1712514844, 1, 846, 10643, 10457, 4028, 16.78%, 0, 6, 3, 0.18, 1875784
1712514849, 1, 847, 10643, 10456, 4027, 16.78%, 0, 6, 3, 1367.61, 1882120
1712514854, 1, 852, 10643, 10455, 4026, 16.78%, 0, 6, 3, 1281.12, 1888554
1712514859, 1, 854, 10644, 10455, 4025, 16.78%, 0, 6, 3, 1251.78, 1894740
1712514869, 1, 857, 10644, 10454, 4024, 16.78%, 0, 6, 3, 1192.88, 1906978
1712515054, 1, 859, 10647, 10456, 4024, 16.78%, 0, 6, 3, 0.89, 1912674
1712515059, 1, 865, 10647, 10455, 4023, 16.78%, 0, 6, 3, 1701.12, 1917789
1712515064, 1, 867, 10647, 10454, 4022, 16.78%, 0, 6, 3, 1328.85, 1924023
1712515070, 1, 868, 10647, 10453, 4021, 16.78%, 0, 6, 3, 1159.96, 1930025
1712515075, 1, 869, 10647, 10452, 4020, 16.78%, 0, 6, 3, 1123.33, 1935795
1712515080, 1, 869, 10648, 10453, 4020, 16.78%, 0, 6, 3, 1191.47, 1941775
1712515264, 1, 869, 10650, 10455, 4020, 16.78%, 0, 6, 3, 0.42, 1947403
1712515269, 1, 870, 10650, 10454, 4021, 16.78%, 0, 6, 3, 1371.08, 1954133
1712515275, 1, 870, 10651, 10455, 4021, 16.78%, 0, 6, 3, 1345.76, 1960890
1712515280, 1, 870, 10653, 10457, 4021, 16.78%, 0, 6, 3, 1162.35, 1966393
1712515290, 1, 881, 10653, 10456, 4021, 16.78%, 0, 6, 3, 1359.42, 1977727
1712515480, 1, 883, 10653, 10455, 4020, 16.78%, 0, 6, 3, 1244.42, 1985478
1712515485, 1, 884, 10653, 10454, 4019, 16.78%, 0, 6, 3, 1232.44, 1990611
1712515490, 1, 887, 10653, 10453, 4018, 16.78%, 0, 6, 3, 1240.86, 1996430
1712515500, 1, 890, 10653, 10452, 4017, 16.78%, 0, 6, 3, 236.10, 2004832
1712515685, 1, 891, 10653, 10451, 4016, 16.78%, 0, 6, 3, 0.54, 2007711
1712515696, 1, 900, 10653, 10450, 4015, 16.78%, 0, 6, 3, 128.28, 2013957
1712515707, 1, 907, 10653, 10449, 4014, 16.78%, 0, 6, 3, 8.36, 2019047
1712515712, 1, 907, 10654, 10450, 4014, 16.78%, 0, 6, 3, 1142.24, 2024797
1712515902, 1, 913, 10654, 10449, 4013, 16.78%, 0, 6, 3, 179.94, 2034607
1712515918, 1, 916, 10654, 10448, 4012, 16.78%, 0, 6, 3, 1367.70, 2046423
1712515923, 1, 918, 10654, 10447, 4011, 16.78%, 0, 6, 3, 1255.07, 2052600
1712516106, 1, 920, 10654, 10446, 4010, 16.78%, 0, 6, 3, 1.30, 2055893
1712516111, 1, 920, 10655, 10447, 4010, 16.78%, 0, 6, 3, 1338.68, 2061808
1712516116, 1, 920, 10658, 10450, 4010, 16.78%, 0, 6, 3, 1312.95, 2067182
1712516121, 1, 920, 10660, 10452, 4010, 16.78%, 0, 6, 3, 1309.39, 2073802
1712516126, 1, 921, 10660, 10451, 4010, 16.78%, 0, 6, 3, 1278.18, 2080154
1712516131, 1, 925, 10660, 10450, 4009, 16.78%, 0, 6, 3, 989.06, 2086108
1712516321, 1, 935, 10661, 10450, 4008, 16.78%, 0, 6, 3, 1333.87, 2096957
1712516331, 1, 945, 10661, 10449, 4008, 16.78%, 0, 6, 3, 1493.92, 2109080
1712516336, 1, 948, 10661, 10448, 4007, 16.78%, 0, 6, 3, 1357.92, 2115837
1712516342, 1, 949, 10662, 10448, 4006, 16.78%, 0, 6, 3, 1198.95, 2122062
1712516531, 1, 949, 10663, 10449, 4006, 16.78%, 0, 6, 3, 1072.64, 2132627
1712516536, 1, 949, 10664, 10450, 4006, 16.78%, 0, 6, 3, 1064.87, 2137969
1712516542, 1, 953, 10673, 10458, 4004, 16.78%, 0, 6, 3, 1235.76, 2144372
1712516547, 1, 958, 10673, 10457, 4003, 16.78%, 0, 6, 3, 80.76, 2149476
1712516737, 1, 962, 10673, 10456, 4002, 16.78%, 0, 6, 3, 1.11, 2160526
1712516748, 1, 973, 10673, 10455, 4001, 16.78%, 0, 6, 3, 146.53, 2165645
1712516759, 1, 976, 10673, 10454, 4000, 16.78%, 0, 6, 3, 1416.99, 2177098
1712516764, 1, 977, 10674, 10454, 3999, 16.79%, 0, 6, 3, 1260.14, 2183408
1712518329, 1, 977, 10675, 10455, 3999, 16.79%, 0, 6, 3, 0.19, 2187191
1712518334, 1, 977, 10676, 10456, 3999, 16.79%, 0, 6, 3, 1160.77, 2193603
1712518339, 1, 977, 11030, 10809, 3998, 16.87%, 0, 6, 3, 1335.29, 2200531
1712518344, 1, 978, 11182, 10961, 4028, 16.88%, 0, 6, 3, 1312.76, 2207220
1712518350, 1, 984, 11182, 10960, 4027, 16.88%, 0, 6, 3, 1300.03, 2213452
1712518355, 1, 987, 11182, 10958, 4025, 16.88%, 0, 6, 3, 263.74, 2218761
1712518365, 1, 993, 11182, 10957, 4024, 16.88%, 0, 6, 3, 1349.20, 2228999
1712518370, 1, 993, 11185, 10960, 4024, 16.88%, 0, 6, 3, 1197.80, 2234870
1712518386, 1, 995, 11185, 10958, 4024, 16.88%, 0, 6, 3, 1270.77, 2254085
1712518397, 1, 997, 11185, 10957, 4023, 16.88%, 0, 6, 3, 143.04, 2260204
1712518413, 1, 999, 11185, 10956, 4022, 16.88%, 0, 6, 3, 1233.50, 2270991
1712518418, 1, 1001, 11185, 10955, 4021, 16.88%, 0, 6, 3, 1240.19, 2277432
1712518423, 1, 1002, 11185, 10954, 4020, 16.88%, 0, 6, 3, 1415.18, 2281905
1712518428, 1, 1007, 11185, 10953, 4019, 16.88%, 0, 6, 3, 1920.00, 2285801
1712518438, 1, 1010, 11185, 10952, 4018, 16.88%, 0, 6, 3, 1153.44, 2295978
1712518443, 1, 1013, 11185, 10951, 4017, 16.88%, 0, 6, 3, 1331.47, 2300572
1712518449, 1, 1017, 11185, 10950, 4016, 16.88%, 0, 6, 3, 142.18, 2306271
1712518459, 1, 1019, 11185, 10949, 4015, 16.88%, 0, 6, 3, 109.63, 2313634
1712518469, 1, 1020, 11185, 10948, 4014, 16.88%, 0, 6, 3, 905.18, 2321775
1712518474, 1, 1022, 11185, 10947, 4013, 16.88%, 0, 6, 3, 1154.74, 2327859
1712518479, 1, 1027, 11185, 10946, 4012, 16.88%, 0, 6, 3, 1264.03, 2334382
1712518484, 1, 1033, 11185, 10945, 4011, 16.88%, 0, 6, 3, 23.46, 2339624
1712518494, 1, 1037, 11185, 10944, 4010, 16.88%, 0, 6, 3, 1266.95, 2347556
1712518500, 1, 1037, 11186, 10945, 4010, 16.88%, 0, 6, 3, 1101.34, 2352352
1712518505, 1, 1037, 11187, 10946, 4010, 16.88%, 0, 6, 3, 1243.95, 2357283
1712518510, 1, 1037, 11188, 10947, 4010, 16.88%, 0, 6, 3, 1221.99, 2363579
1712518515, 1, 1038, 11188, 10946, 4009, 16.88%, 0, 6, 3, 1275.10, 2370028
1712518520, 1, 1045, 11188, 10945, 4008, 16.88%, 0, 6, 3, 1345.39, 2376763
1712518530, 1, 1049, 11188, 10944, 4007, 16.88%, 0, 6, 3, 1162.26, 2388410
1712518535, 1, 1053, 11188, 10943, 4006, 16.88%, 0, 6, 3, 1177.99, 2394455
1712518540, 1, 1056, 11188, 10942, 4005, 16.88%, 0, 6, 3, 1088.90, 2398818
1712518546, 1, 1059, 11188, 10941, 4004, 16.88%, 0, 6, 3, 1529.34, 2403220
1712518551, 1, 1063, 11188, 10940, 4003, 16.88%, 0, 6, 3, 1305.89, 2409531
1712518556, 1, 1065, 11188, 10939, 4002, 16.88%, 0, 6, 3, 1104.97, 2414911
1712518566, 1, 1065, 11191, 10942, 4002, 16.88%, 0, 6, 3, 1129.82, 2425565
1712518576, 1, 1065, 11193, 10944, 4002, 16.88%, 0, 6, 3, 1240.55, 2438243
1712518581, 1, 1066, 11193, 10943, 4002, 16.88%, 0, 6, 3, 1378.11, 2442026
1712518592, 1, 1076, 11193, 10942, 4001, 16.88%, 0, 6, 3, 1340.65, 2449594
1712518597, 1, 1077, 11193, 10941, 3999, 16.88%, 0, 6, 3, 47.21, 2453332
1712518609, 1, 1079, 11193, 10940, 3998, 16.88%, 0, 6, 3, 1445.00, 2458740
1712518614, 1, 1081, 11194, 10940, 3997, 16.88%, 0, 6, 3, 1360.04, 2464166
1712518619, 1, 1081, 11195, 10941, 3997, 16.88%, 0, 6, 3, 1226.18, 2468848
1712518624, 1, 1081, 11198, 10944, 3997, 16.88%, 0, 6, 3, 1214.09, 2473768
1712518634, 1, 1081, 11199, 10945, 3997, 16.88%, 0, 6, 3, 1264.00, 2486404
1712518640, 1, 1082, 11199, 10944, 3998, 16.88%, 0, 6, 3, 75.77, 2491872
1712518651, 1, 1083, 11199, 10943, 3997, 16.88%, 0, 6, 3, 91.36, 2500304
1712518662, 1, 1093, 11199, 10942, 3996, 16.88%, 0, 6, 3, 1502.97, 2506313
1712518667, 1, 1094, 11199, 10941, 3995, 16.88%, 0, 6, 3, 1432.90, 2513325
1712518672, 1, 1099, 11199, 10940, 3994, 16.88%, 0, 6, 3, 1372.40, 2520138
1712518677, 1, 1105, 11199, 10939, 3993, 16.88%, 0, 6, 3, 1289.61, 2526440
1712518682, 1, 1110, 11199, 10938, 3992, 16.88%, 0, 6, 3, 1213.14, 2532496
1712518687, 1, 1114, 11199, 10937, 3991, 16.88%, 0, 6, 3, 1223.26, 2538654
1712518692, 1, 1115, 11199, 10936, 3990, 16.88%, 0, 6, 3, 1200.03, 2544709
1712518702, 1, 1118, 11199, 10935, 3989, 16.88%, 0, 6, 3, 962.26, 2553800
1712518718, 1, 1119, 11199, 10934, 3988, 16.88%, 0, 6, 3, 1564.37, 2566481
1712518723, 1, 1120, 11199, 10933, 3987, 16.88%, 0, 6, 3, 1410.66, 2572133
1712518728, 1, 1124, 11199, 10932, 3986, 16.88%, 0, 6, 3, 1258.57, 2577254
1712518734, 1, 1127, 11199, 10931, 3985, 16.88%, 0, 6, 3, 99.49, 2583570
1712519050, 1, 1129, 11201, 10932, 3984, 16.88%, 0, 6, 3, 0.60, 2595038
1712519061, 1, 1129, 11203, 10934, 3984, 16.89%, 0, 6, 3, 1291.03, 2605754
1712519066, 1, 1129, 11204, 10935, 3984, 16.89%, 0, 6, 3, 1260.27, 2612037
1712519071, 1, 1130, 11207, 10937, 3985, 16.89%, 0, 6, 3, 1251.90, 2618391
1712519076, 1, 1130, 11208, 10938, 3985, 16.89%, 0, 6, 3, 1273.46, 2624874
1712519271, 1, 1131, 11212, 10941, 3986, 16.89%, 0, 6, 3, 1395.31, 2644218
1712519276, 1, 1134, 11212, 10940, 3985, 16.89%, 0, 6, 3, 1265.88, 2649807
1712519286, 1, 1136, 11212, 10939, 3984, 16.89%, 0, 6, 3, 1387.76, 2660773
1712519471, 1, 1137, 11212, 10938, 3983, 16.89%, 0, 6, 3, 0.58, 2666631
1712519476, 1, 1139, 11212, 10937, 3982, 16.89%, 0, 6, 3, 1300.55, 2673264
1712519481, 1, 1140, 11212, 10936, 3981, 16.89%, 0, 6, 3, 1315.04, 2678051
1712519486, 1, 1142, 11212, 10935, 3979, 16.89%, 0, 6, 3, 1484.98, 2682440
1712519497, 1, 1144, 11212, 10933, 3977, 16.89%, 0, 6, 3, 1340.81, 2693392
1712519686, 1, 1145, 11212, 10932, 3976, 16.89%, 0, 6, 3, 931.78, 2703218
1712519692, 1, 1148, 11212, 10931, 3975, 16.89%, 0, 6, 3, 1402.88, 2709165
1712519697, 1, 1150, 11212, 10930, 3974, 16.89%, 0, 6, 3, 1468.25, 2714216
1712519702, 1, 1151, 11212, 10929, 3973, 16.89%, 0, 6, 3, 818.65, 2718504
1712519892, 1, 1152, 11212, 10928, 3972, 16.89%, 0, 6, 3, 1.66, 2729375
1712519897, 1, 1154, 11212, 10927, 3971, 16.89%, 0, 6, 3, 1308.01, 2735861
1712519902, 1, 1155, 11212, 10926, 3970, 16.89%, 0, 6, 3, 1050.44, 2741212
1712519907, 1, 1156, 11212, 10925, 3969, 16.89%, 0, 6, 3, 1093.02, 2746496
1712519912, 1, 1157, 11212, 10924, 3968, 16.89%, 0, 6, 3, 1258.06, 2753006
1712519917, 1, 1158, 11212, 10923, 3967, 16.89%, 0, 6, 3, 1263.98, 2758139
1712520102, 1, 1159, 11212, 10922, 3966, 16.89%, 0, 6, 3, 1.05, 2764554
1712520107, 1, 1159, 11213, 10923, 3966, 16.89%, 0, 6, 3, 1254.25, 2768975
1712520117, 1, 1164, 11213, 10922, 3965, 16.89%, 0, 6, 3, 1194.64, 2779872
1712520122, 1, 1173, 11213, 10921, 3964, 16.89%, 0, 6, 3, 1055.00, 2785020
1712520312, 1, 1178, 11213, 10920, 3963, 16.89%, 0, 6, 3, 1.11, 2791128
1712520323, 1, 1179, 11213, 10919, 3962, 16.89%, 0, 6, 3, 128.31, 2796458
1712520339, 1, 1182, 11213, 10918, 3961, 16.89%, 0, 6, 3, 1239.39, 2804635
1712520528, 1, 1186, 11213, 10917, 3960, 16.89%, 0, 6, 3, 1371.51, 2809772
1712520533, 1, 1188, 11213, 10916, 3960, 16.89%, 0, 6, 3, 1273.28, 2816165
1712520538, 1, 1189, 11214, 10916, 3959, 16.89%, 0, 6, 3, 1274.69, 2822215
1712520548, 1, 1191, 11214, 10915, 3958, 16.89%, 0, 6, 3, 1345.29, 2834465
1712520955, 1, 1192, 11214, 10914, 3957, 16.89%, 0, 6, 3, 418.80, 2839965
1712520965, 1, 1193, 11214, 10913, 3956, 16.89%, 0, 6, 3, 1381.48, 2847630
1712520970, 1, 1200, 11214, 10912, 3955, 16.89%, 0, 6, 3, 1380.00, 2853122
1712523066, 1, 1201, 11214, 10911, 3954, 16.89%, 0, 6, 3, 1418.44, 2861637
1712523071, 1, 1202, 11214, 10910, 3953, 16.89%, 0, 6, 3, 1339.60, 2868132
1712523076, 1, 1203, 11214, 10909, 3952, 16.89%, 0, 6, 3, 1176.75, 2872645
1712523082, 1, 1203, 11346, 11040, 3951, 16.99%, 0, 7, 3, 82.41, 2876949
1712523088, 1, 1203, 11391, 11085, 3951, 17.01%, 0, 8, 3, 2.00, 2877429
1712523093, 1, 1211, 11455, 11149, 4022, 17.05%, 0, 8, 3, 1107.33, 2881569
1712523098, 1, 1215, 11455, 11148, 4021, 17.05%, 0, 8, 3, 1103.85, 2887393
1712523103, 1, 1218, 11455, 11147, 4020, 17.05%, 0, 8, 3, 1277.64, 2893906
1712523108, 1, 1221, 11455, 11146, 4019, 17.05%, 0, 8, 3, 1342.21, 2900830
1712523113, 1, 1223, 11455, 11145, 4018, 17.05%, 0, 8, 3, 1256.52, 2907196
1712523126, 1, 1224, 11456, 11145, 4017, 17.05%, 0, 8, 3, 11.09, 2914013
1712523469, 1, 1224, 11457, 11146, 4017, 17.05%, 0, 8, 3, 0.13, 2923224
1712524312, 1, 1225, 11457, 11145, 4017, 17.05%, 0, 8, 3, 0.83, 2936525
1712524323, 1, 1227, 11457, 11144, 4016, 17.05%, 0, 8, 3, 1605.23, 2947507
1712524328, 1, 1228, 11457, 11143, 4015, 17.05%, 0, 8, 3, 1445.08, 2954508
1712524333, 1, 1231, 11457, 11142, 4014, 17.05%, 0, 8, 3, 1434.96, 2961702
1712524338, 1, 1238, 11457, 11140, 4012, 17.05%, 0, 8, 3, 1520.39, 2969593
1712524524, 1, 1239, 11457, 11139, 4011, 17.05%, 0, 8, 3, 1472.36, 2977619
1712524529, 1, 1250, 11458, 11139, 4010, 17.05%, 0, 8, 3, 1499.28, 2983201
1712524544, 1, 1251, 11458, 11138, 4010, 17.05%, 0, 8, 3, 1455.39, 2998892
1712524729, 1, 1259, 11458, 11137, 4009, 17.05%, 0, 8, 3, 0.96, 3002193
1712524740, 1, 1265, 11459, 11137, 4008, 17.05%, 0, 8, 3, 1877.34, 3010191
1712524750, 1, 1275, 11459, 11136, 4008, 17.05%, 0, 8, 3, 1523.54, 3025856
1712524755, 1, 1276, 11459, 11135, 4007, 17.05%, 0, 8, 3, 1494.74, 3032889
1712524939, 1, 1282, 11459, 11134, 4006, 17.05%, 0, 8, 3, 1.58, 3039030
1712524944, 1, 1289, 11459, 11133, 4005, 17.05%, 0, 8, 3, 1525.25, 3044850
1712524955, 1, 1290, 11459, 11132, 4004, 17.05%, 0, 8, 3, 1510.52, 3056664
1712524960, 1, 1300, 11460, 11131, 4002, 17.05%, 0, 8, 3, 1490.75, 3064705
1712525150, 1, 1301, 11460, 11130, 4001, 17.05%, 0, 8, 3, 0.07, 3075939
1712525160, 1, 1306, 11460, 11128, 3999, 17.05%, 0, 8, 3, 1367.05, 3090037
1712525165, 1, 1306, 11461, 11129, 3999, 17.05%, 0, 8, 3, 1597.74, 3098191
1712525170, 1, 1307, 11461, 11128, 3999, 17.05%, 0, 8, 3, 1601.99, 3105404
1712525175, 1, 1309, 11461, 11127, 3998, 17.05%, 0, 8, 3, 1429.45, 3111576
1712527463, 1, 1315, 11461, 11126, 3997, 17.05%, 0, 8, 3, 0.09, 3114780
1712527468, 1, 1322, 11549, 11213, 4005, 17.08%, 0, 8, 3, 1389.05, 3121888
1712527478, 1, 1325, 11549, 11212, 4004, 17.08%, 0, 8, 3, 48.83, 3131652
1712527484, 1, 1325, 11550, 11213, 4004, 17.08%, 0, 8, 3, 1288.52, 3134228
1712527684, 1, 1326, 11550, 11212, 4003, 17.08%, 0, 8, 3, 644.82, 3145100
1712527690, 1, 1328, 11550, 11211, 4002, 17.08%, 0, 8, 3, 180.84, 3149498
1712527695, 1, 1330, 11550, 11210, 4001, 17.08%, 0, 8, 3, 843.20, 3154608
1712527700, 1, 1333, 11550, 11209, 4000, 17.08%, 0, 8, 3, 1398.33, 3162395
1712527888, 1, 1335, 11550, 11208, 3999, 17.08%, 0, 8, 3, 1270.87, 3172126
1712527894, 1, 1344, 11551, 11208, 3998, 17.08%, 0, 8, 3, 1506.55, 3180100
1712527899, 1, 1344, 11552, 11209, 3998, 17.08%, 0, 8, 3, 1558.78, 3188015
1712527909, 1, 1346, 11552, 11208, 3998, 17.08%, 0, 8, 3, 1339.58, 3201680
1712531578, 1, 1349, 11552, 11207, 3997, 17.08%, 0, 8, 3, 0.06, 3205259
1712531674, 1, 1349, 11951, 11605, 3996, 17.17%, 0, 8, 3, 1529.30, 3213623
1712531679, 1, 1350, 12023, 11677, 4036, 17.18%, 0, 8, 3, 1424.37, 3220639
1712531685, 1, 1354, 12023, 11676, 4035, 17.18%, 0, 8, 3, 82.43, 3224003
1712531690, 1, 1359, 12023, 11675, 4034, 17.18%, 0, 8, 3, 1368.16, 3227328
1712531695, 1, 1364, 12023, 11674, 4033, 17.18%, 0, 8, 3, 90.67, 3234653
1712531880, 1, 1366, 12023, 11673, 4032, 17.18%, 0, 8, 3, 1.16, 3240656
1712531885, 1, 1368, 12023, 11672, 4031, 17.18%, 0, 8, 3, 1312.44, 3247565
1712531890, 1, 1369, 12023, 11671, 4030, 17.18%, 0, 8, 3, 1240.20, 3253669
1712531895, 1, 1371, 12023, 11670, 4029, 17.18%, 0, 8, 3, 1303.82, 3260226
1712531900, 1, 1379, 12023, 11669, 4028, 17.18%, 0, 8, 3, 1244.67, 3266333
1712532090, 1, 1381, 12023, 11668, 4027, 17.18%, 0, 8, 3, 0.84, 3272690
1712532101, 1, 1385, 12023, 11667, 4026, 17.18%, 0, 8, 3, 163.71, 3278226
1712532112, 1, 1398, 12023, 11665, 4024, 17.18%, 0, 8, 3, 1299.69, 3290928
1712532117, 1, 1398, 12024, 11666, 4024, 17.18%, 0, 8, 3, 1330.23, 3297670
1712532300, 1, 1399, 12024, 11665, 4024, 17.18%, 0, 8, 3, 0.44, 3301092
1712532305, 1, 1400, 12024, 11664, 4023, 17.18%, 0, 8, 3, 731.17, 3305950
1712532310, 1, 1400, 12025, 11665, 4023, 17.18%, 0, 8, 3, 1179.61, 3312678
1712532316, 1, 1401, 12026, 11665, 4022, 17.18%, 0, 8, 3, 1286.84, 3319271
1712532321, 1, 1401, 12027, 11666, 4022, 17.18%, 0, 8, 3, 1317.68, 3325890
1712532516, 1, 1406, 12027, 11665, 4021, 17.18%, 0, 8, 3, 1357.95, 3346499
1712532521, 1, 1412, 12027, 11664, 4020, 17.18%, 0, 8, 3, 1365.93, 3352962
1712532526, 1, 1414, 12027, 11663, 4019, 17.18%, 0, 8, 3, 1429.08, 3360277
1712532531, 1, 1417, 12027, 11662, 4018, 17.18%, 0, 8, 3, 1314.97, 3365864
1712532721, 1, 1418, 12027, 11661, 4017, 17.18%, 0, 8, 3, 0.80, 3374046
1712532726, 1, 1419, 12027, 11660, 4016, 17.18%, 0, 8, 3, 1.15, 3378126
1712532732, 1, 1428, 12027, 11659, 4015, 17.18%, 0, 8, 3, 1516.65, 3385427
1712532737, 1, 1429, 12027, 11658, 4014, 17.18%, 0, 8, 3, 1304.85, 3391942
1712532742, 1, 1431, 12027, 11657, 4013, 17.18%, 0, 8, 3, 1263.80, 3397678
1712532747, 1, 1433, 12027, 11656, 4012, 17.18%, 0, 8, 3, 1238.11, 3404038
1712532931, 1, 1436, 12027, 11655, 4011, 17.18%, 0, 8, 3, 1.05, 3408884
1712532936, 1, 1436, 12028, 11656, 4011, 17.18%, 0, 8, 3, 1423.23, 3414242
1712532941, 1, 1436, 12029, 11657, 4011, 17.18%, 0, 8, 3, 1525.52, 3421290
1712532952, 1, 1438, 12030, 11657, 4011, 17.18%, 0, 8, 3, 1384.90, 3436188
1712532957, 1, 1438, 12031, 11658, 4011, 17.18%, 0, 8, 3, 1262.19, 3442510
1712533152, 1, 1439, 12031, 11657, 4011, 17.18%, 0, 8, 3, 246.41, 3460624
1712533158, 1, 1439, 12032, 11658, 4011, 17.18%, 0, 8, 3, 1138.79, 3464744
1712533168, 1, 1439, 12033, 11659, 4011, 17.18%, 0, 8, 3, 1421.03, 3472616
1712533357, 1, 1442, 12033, 11658, 4011, 17.18%, 0, 8, 3, 1414.33, 3484378
1712533362, 1, 1446, 12033, 11657, 4010, 17.18%, 0, 8, 3, 1353.39, 3491230
1712533367, 1, 1450, 12033, 11656, 4009, 17.18%, 0, 8, 3, 1364.41, 3497877
1712533372, 1, 1451, 12033, 11655, 4008, 17.18%, 0, 8, 3, 1286.26, 3504475
1712533377, 1, 1453, 12033, 11654, 4007, 17.18%, 0, 8, 3, 1413.04, 3511920
1712533562, 1, 1454, 12033, 11653, 4006, 17.18%, 0, 8, 3, 0.41, 3517725
1712533567, 1, 1457, 12033, 11652, 4005, 17.18%, 0, 8, 3, 1433.82, 3525027
1712533572, 1, 1457, 12034, 11653, 4005, 17.18%, 0, 8, 3, 1430.36, 3531503
1712533577, 1, 1465, 12034, 11652, 4005, 17.18%, 0, 8, 3, 1337.47, 3538157
1712533583, 1, 1467, 12034, 11651, 4004, 17.18%, 0, 8, 3, 1301.23, 3544543
1712533588, 1, 1470, 12034, 11650, 4003, 17.18%, 0, 8, 3, 1281.43, 3550795
1712535084, 1, 1475, 12034, 11649, 4002, 17.18%, 0, 8, 3, 0.08, 3553494
1712535100, 1, 1477, 12137, 11751, 4012, 17.22%, 0, 8, 3, 1502.61, 3561672
1712535121, 1, 1478, 12137, 11750, 4011, 17.22%, 0, 8, 3, 1348.79, 3573902
1712535126, 1, 1479, 12137, 11749, 4010, 17.22%, 0, 8, 3, 1409.85, 3581528
1712535131, 1, 1484, 12137, 11748, 4009, 17.22%, 0, 8, 3, 1427.89, 3588702
1712535136, 1, 1487, 12137, 11747, 4008, 17.22%, 0, 8, 3, 625.42, 3594536
1712535142, 1, 1493, 12137, 11746, 4006, 17.22%, 0, 8, 3, 33.15, 3598040
1712535153, 1, 1495, 12137, 11745, 4005, 17.22%, 0, 8, 3, 1523.59, 3606417
1712535158, 1, 1496, 12137, 11744, 4004, 17.22%, 0, 8, 3, 1344.81, 3612394
1712535163, 1, 1503, 12137, 11743, 4003, 17.22%, 0, 8, 3, 1416.36, 3619287
1712535168, 1, 1508, 12137, 11742, 4002, 17.22%, 0, 8, 3, 1395.64, 3626487
1712535173, 1, 1511, 12137, 11741, 4001, 17.22%, 0, 8, 3, 227.33, 3630701
1712535179, 1, 1511, 12140, 11744, 4001, 17.22%, 0, 8, 3, 1569.16, 3634697
1712535184, 1, 1511, 12141, 11745, 4001, 17.22%, 0, 8, 3, 1531.08, 3642367
1712535194, 1, 1522, 12141, 11744, 4001, 17.22%, 0, 8, 3, 1185.45, 3654230
1712535204, 1, 1528, 12141, 11743, 4000, 17.22%, 0, 8, 3, 1472.36, 3662878
1712535209, 1, 1530, 12141, 11742, 3999, 17.22%, 0, 8, 3, 1205.70, 3666700
1712535214, 1, 1532, 12141, 11741, 3998, 17.22%, 0, 8, 3, 1726.84, 3670401
1712535219, 1, 1533, 12141, 11740, 3997, 17.22%, 0, 8, 3, 1239.79, 3675943
1712535224, 1, 1534, 12141, 11739, 3996, 17.22%, 0, 8, 3, 1949.91, 3681499
1712535229, 1, 1538, 12141, 11738, 3995, 17.22%, 0, 8, 3, 340.26, 3687033
1712535235, 1, 1539, 12141, 11737, 3994, 17.22%, 0, 8, 3, 1069.61, 3693021
1712535240, 1, 1539, 12142, 11738, 3994, 17.22%, 0, 8, 3, 1371.26, 3700556
1712535245, 1, 1541, 12142, 11737, 3994, 17.22%, 0, 8, 3, 1554.96, 3707404
1712535250, 1, 1545, 12142, 11736, 3993, 17.22%, 0, 8, 3, 181.09, 3711832
1712535255, 1, 1547, 12142, 11735, 3991, 17.22%, 0, 8, 3, 99.79, 3716165
1712535265, 1, 1553, 12142, 11734, 3990, 17.22%, 0, 8, 3, 1638.06, 3725245
1712535271, 1, 1555, 12142, 11733, 3989, 17.22%, 0, 8, 3, 1391.59, 3731908
1712535276, 1, 1562, 12143, 11733, 3988, 17.22%, 0, 8, 3, 1720.69, 3737902
1712535286, 1, 1566, 12143, 11732, 3987, 17.22%, 0, 8, 3, 1331.49, 3748620
1712535291, 1, 1571, 12143, 11731, 3986, 17.22%, 0, 8, 3, 1355.24, 3755520
1712535296, 1, 1576, 12144, 11731, 3985, 17.22%, 0, 8, 3, 1392.51, 3762118
1712535306, 1, 1577, 12144, 11730, 3985, 17.22%, 0, 8, 3, 1700.13, 3775946
1712535312, 1, 1578, 12144, 11729, 3984, 17.22%, 0, 8, 3, 1395.31, 3782698
1712535317, 1, 1578, 12145, 11730, 3984, 17.22%, 0, 8, 3, 1296.90, 3789238
1712535327, 1, 1579, 12145, 11729, 3984, 17.22%, 0, 8, 3, 1478.74, 3802103
1712535332, 1, 1583, 12145, 11727, 3982, 17.22%, 0, 8, 3, 1525.74, 3809965
1712535337, 1, 1584, 12145, 11726, 3981, 17.22%, 0, 8, 3, 1523.47, 3817890
1712535342, 1, 1586, 12145, 11725, 3981, 17.22%, 0, 8, 3, 1457.80, 3823237
1712535347, 1, 1589, 12145, 11724, 3980, 17.22%, 0, 8, 3, 1565.85, 3827111
1712535352, 1, 1591, 12145, 11723, 3979, 17.22%, 0, 8, 3, 1751.26, 3831296
1712535363, 1, 1592, 12145, 11722, 3978, 17.22%, 0, 8, 3, 1780.00, 3837271
1712535373, 1, 1598, 12145, 11720, 3976, 17.22%, 0, 8, 3, 1470.95, 3847613
1712535378, 1, 1600, 12145, 11719, 3975, 17.22%, 0, 8, 3, 1451.47, 3854578
1712535383, 1, 1604, 12145, 11718, 3974, 17.22%, 0, 8, 3, 1454.46, 3861225
1712535388, 1, 1609, 12145, 11717, 3973, 17.22%, 0, 8, 3, 1771.37, 3866549
1712535398, 1, 1612, 12145, 11716, 3972, 17.22%, 0, 8, 3, 804.43, 3877088
1712535404, 1, 1614, 12145, 11715, 3971, 17.22%, 0, 8, 3, 1347.99, 3883536
1712535409, 1, 1615, 12145, 11714, 3970, 17.22%, 0, 8, 3, 1414.11, 3890878
1712535414, 1, 1618, 12146, 11714, 3969, 17.22%, 0, 8, 3, 1256.98, 3896970
1712535424, 1, 1620, 12147, 11714, 3969, 17.22%, 0, 8, 3, 1342.36, 3910030
1712535429, 1, 1624, 12147, 11713, 3969, 17.22%, 0, 8, 3, 1398.53, 3917168
1712535434, 1, 1626, 12147, 11712, 3968, 17.22%, 0, 8, 3, 1303.91, 3923639
1712535444, 1, 1633, 12147, 11710, 3966, 17.22%, 0, 8, 3, 956.66, 3933647
1712535450, 1, 1633, 12148, 11711, 3966, 17.22%, 0, 8, 3, 102.86, 3938477
1712535455, 1, 1633, 12151, 11714, 3966, 17.22%, 0, 8, 3, 1212.97, 3942077
1712535465, 1, 1633, 12152, 11715, 3966, 17.22%, 0, 8, 3, 1186.62, 3949512
1712535470, 1, 1633, 12153, 11716, 3966, 17.22%, 0, 8, 3, 228.95, 3952845
1712535481, 1, 1636, 12154, 11716, 3966, 17.22%, 0, 8, 3, 1223.93, 3961476
1712535486, 1, 1638, 12154, 11715, 3965, 17.22%, 0, 8, 3, 1402.04, 3968859
1712535491, 1, 1644, 12154, 11714, 3964, 17.22%, 0, 8, 3, 1417.28, 3976017
1712535496, 1, 1645, 12154, 11713, 3963, 17.22%, 0, 8, 3, 1467.03, 3983269
1712535501, 1, 1650, 12154, 11712, 3962, 17.22%, 0, 8, 3, 1424.12, 3988725
1712535506, 1, 1655, 12154, 11711, 3961, 17.22%, 0, 8, 3, 2178.54, 3994877
1712535512, 1, 1657, 12154, 11710, 3960, 17.22%, 0, 8, 3, 911.62, 4000468
1712535522, 1, 1661, 12154, 11709, 3959, 17.22%, 0, 8, 3, 1230.01, 4011119
1712535527, 1, 1663, 12154, 11708, 3958, 17.22%, 0, 8, 3, 1242.32, 4017016
1712535533, 1, 1672, 12154, 11707, 3957, 17.22%, 0, 8, 3, 200.19, 4021660
1712535544, 1, 1677, 12154, 11706, 3956, 17.22%, 0, 8, 3, 1416.60, 4031776
1712535550, 1, 1681, 12154, 11704, 3954, 17.22%, 0, 8, 3, 1409.15, 4039018
1712535560, 1, 1687, 12154, 11703, 3953, 17.22%, 0, 8, 3, 201.64, 4045942
1712535571, 1, 1691, 12154, 11702, 3952, 17.22%, 0, 8, 3, 87.08, 4055405
1712535576, 1, 1692, 12154, 11701, 3951, 17.22%, 0, 8, 3, 1771.75, 4061228
1712535581, 1, 1704, 12154, 11700, 3950, 17.22%, 0, 8, 3, 1382.67, 4067794
1712535586, 1, 1709, 12154, 11699, 3949, 17.22%, 0, 8, 3, 1294.63, 4074217
1712535610, 1, 1713, 12154, 11698, 3948, 17.22%, 0, 8, 3, 1560.26, 4082398
1712535615, 1, 1714, 12154, 11697, 3947, 17.22%, 0, 8, 3, 1282.99, 4087052
1712535620, 1, 1720, 12154, 11696, 3946, 17.22%, 0, 8, 3, 1480.86, 4094961
1712535626, 1, 1720, 12155, 11697, 3946, 17.22%, 0, 8, 3, 1431.52, 4102200
1712535631, 1, 1726, 12155, 11696, 3945, 17.22%, 0, 8, 3, 1575.18, 4110432
1712535636, 1, 1728, 12155, 11695, 3944, 17.22%, 0, 8, 3, 1434.99, 4117817
1712535641, 1, 1730, 12155, 11694, 3943, 17.22%, 0, 8, 3, 1456.85, 4123904
1712535646, 1, 1734, 12155, 11693, 3942, 17.22%, 0, 8, 3, 1482.24, 4129604
1712535651, 1, 1737, 12156, 11693, 3941, 17.22%, 0, 8, 3, 1622.73, 4137098
1712535656, 1, 1737, 12159, 11696, 3941, 17.23%, 0, 8, 3, 911.42, 4144486
1712535662, 1, 1737, 12160, 11697, 3941, 17.23%, 0, 8, 3, 1372.97, 4152163
1712535667, 1, 1740, 12160, 11696, 3943, 17.23%, 0, 8, 3, 1324.51, 4158590
1712535672, 1, 1743, 12160, 11695, 3942, 17.23%, 0, 8, 3, 1476.34, 4163931
1712535677, 1, 1748, 12160, 11694, 3941, 17.23%, 0, 8, 3, 1364.13, 4169859
1712535682, 1, 1750, 12160, 11693, 3940, 17.23%, 0, 8, 3, 1427.18, 4176795
1712535687, 1, 1757, 12160, 11692, 3939, 17.23%, 0, 8, 3, 1395.18, 4183874
1712535692, 1, 1763, 12160, 11691, 3938, 17.23%, 0, 8, 3, 1751.48, 4191531
1712535698, 1, 1767, 12160, 11689, 3936, 17.23%, 0, 8, 3, 187.71, 4197329
1712535708, 1, 1772, 12160, 11687, 3934, 17.23%, 0, 8, 3, 1578.67, 4209624
1712535715, 1, 1776, 12160, 11686, 3933, 17.23%, 0, 8, 3, 184.93, 4216371
1712535725, 1, 1778, 12160, 11685, 3932, 17.23%, 0, 8, 3, 1298.52, 4221858
1712535730, 1, 1787, 12160, 11684, 3931, 17.23%, 0, 8, 3, 1404.87, 4228808
1712535735, 1, 1789, 12160, 11683, 3930, 17.23%, 0, 8, 3, 1408.46, 4235908
1712535740, 1, 1797, 12160, 11682, 3929, 17.23%, 0, 8, 3, 94.98, 4241008
1712535753, 1, 1798, 12160, 11681, 3928, 17.23%, 0, 8, 3, 78.83, 4248552
1712535764, 1, 1802, 12160, 11680, 3927, 17.23%, 0, 8, 3, 1900.30, 4254735
1712535774, 1, 1804, 12160, 11679, 3926, 17.23%, 0, 8, 3, 1516.75, 4266270
1712535779, 1, 1806, 12160, 11678, 3925, 17.23%, 0, 8, 3, 1531.85, 4270204
1712535784, 1, 1807, 12160, 11677, 3924, 17.23%, 0, 8, 3, 2027.42, 4274222
1712535880, 1, 1812, 12160, 11676, 3923, 17.23%, 0, 8, 3, 1606.14, 4281412
1712535886, 1, 1817, 12160, 11675, 3922, 17.23%, 0, 8, 3, 69.32, 4285252
1712535891, 1, 1819, 12160, 11674, 3921, 17.23%, 0, 8, 3, 1558.83, 4292621
1712535896, 1, 1823, 12160, 11673, 3920, 17.23%, 0, 8, 3, 1324.63, 4298584
1712535901, 1, 1826, 12160, 11672, 3919, 17.23%, 0, 8, 3, 1256.16, 4304435
1712536086, 1, 1827, 12160, 11671, 3918, 17.23%, 0, 8, 3, 2.30, 4309694
1712536096, 1, 1829, 12160, 11670, 3917, 17.23%, 0, 8, 3, 123.79, 4316912
1712536107, 1, 1831, 12160, 11669, 3916, 17.23%, 0, 8, 3, 1860.60, 4323613
1712536113, 1, 1833, 12160, 11668, 3915, 17.23%, 0, 8, 3, 195.84, 4329919
1712536301, 1, 1834, 12160, 11667, 3913, 17.23%, 0, 8, 3, 1505.45, 4338427
1712536306, 1, 1841, 12160, 11665, 3911, 17.23%, 0, 8, 3, 1479.09, 4346139
1712536311, 1, 1842, 12160, 11664, 3910, 17.23%, 0, 8, 3, 1487.52, 4353810
1712536316, 1, 1845, 12160, 11663, 3909, 17.23%, 0, 8, 3, 1415.64, 4360749
1712536512, 1, 1846, 12160, 11662, 3908, 17.23%, 0, 8, 3, 1568.18, 4370963
1712536517, 1, 1848, 12160, 11661, 3907, 17.23%, 0, 8, 3, 1330.44, 4377269
1712536522, 1, 1852, 12160, 11660, 3906, 17.23%, 0, 8, 3, 123.25, 4383496
1712536533, 1, 1856, 12161, 11660, 3905, 17.23%, 0, 8, 3, 1644.19, 4391815
1712536722, 1, 1856, 12162, 11661, 3905, 17.23%, 0, 8, 3, 1377.99, 4403454
1712536732, 1, 1861, 12162, 11660, 3905, 17.23%, 0, 8, 3, 1428.83, 4418456
1712536737, 1, 1866, 12162, 11659, 3904, 17.23%, 0, 8, 3, 765.16, 4424740
1712536742, 1, 1868, 12162, 11658, 3903, 17.23%, 0, 8, 3, 1059.62, 4430434
1712536927, 1, 1874, 12162, 11657, 3902, 17.23%, 0, 8, 3, 0.29, 4436669
1712536932, 1, 1875, 12162, 11656, 3902, 17.23%, 0, 8, 3, 1365.00, 4441529
1712536937, 1, 1876, 12162, 11655, 3901, 17.23%, 0, 8, 3, 1254.78, 4445348
1712536948, 1, 1879, 12162, 11654, 3900, 17.23%, 0, 8, 3, 1146.92, 4456188
1712536953, 1, 1886, 12162, 11653, 3899, 17.23%, 0, 8, 3, 1415.48, 4463210
1712537137, 1, 1887, 12162, 11652, 3898, 17.23%, 0, 8, 3, 0.13, 4468432
1712537142, 1, 1894, 12162, 11651, 3897, 17.23%, 0, 8, 3, 1169.64, 4472968
1712537148, 1, 1896, 12162, 11650, 3896, 17.23%, 0, 8, 3, 1318.87, 4478482
1712537153, 1, 1900, 12162, 11649, 3895, 17.23%, 0, 8, 3, 1332.39, 4485407
1712537158, 1, 1901, 12163, 11649, 3894, 17.23%, 0, 8, 3, 1330.79, 4492143
1712537348, 1, 1905, 12163, 11648, 3894, 17.23%, 0, 8, 3, 0.67, 4504314
1712537353, 1, 1907, 12163, 11647, 3893, 17.23%, 0, 8, 3, 1335.03, 4511309
1712537358, 1, 1908, 12163, 11646, 3892, 17.23%, 0, 8, 3, 1301.51, 4517856
1712537363, 1, 1911, 12163, 11645, 3891, 17.23%, 0, 8, 3, 204.49, 4521257
1712537375, 1, 1913, 12163, 11644, 3890, 17.23%, 0, 8, 3, 1259.17, 4530641
1712537563, 1, 1918, 12163, 11642, 3888, 17.23%, 0, 8, 3, 1483.22, 4541577
1712537568, 1, 1922, 12163, 11641, 3887, 17.23%, 0, 8, 3, 1422.11, 4548665
1712537584, 1, 1923, 12163, 11640, 3886, 17.23%, 0, 8, 3, 12.47, 4553941
1712537773, 1, 1927, 12164, 11640, 3885, 17.23%, 0, 8, 3, 1410.00, 4562760
1712537779, 1, 1927, 12165, 11641, 3885, 17.23%, 0, 8, 3, 18.43, 4565534
1712540081, 1, 1927, 12167, 11643, 3885, 17.23%, 0, 8, 3, 0.04, 4584818
1712540086, 1, 1929, 12167, 11642, 3884, 17.23%, 0, 8, 3, 1323.03, 4590496
1712540091, 1, 1933, 12228, 11702, 3893, 17.25%, 0, 8, 3, 1253.69, 4595236
1712540097, 1, 1935, 12228, 11701, 3892, 17.25%, 0, 8, 3, 262.30, 4599244
1712540102, 1, 1936, 12228, 11700, 3891, 17.25%, 0, 8, 3, 1028.89, 4604989
1712540107, 1, 1938, 12228, 11699, 3890, 17.25%, 0, 8, 3, 307.06, 4611076
1712540292, 1, 1938, 12228, 11699, 3890, 17.25%, 0, 9, 3, 0.75, 4615156
1712540298, 1, 1942, 12228, 11698, 3889, 17.25%, 0, 9, 3, 1365.86, 4621548
1712540303, 1, 1943, 12228, 11697, 3888, 17.25%, 0, 9, 3, 1344.63, 4627904
1712540308, 1, 1944, 12228, 11696, 3887, 17.25%, 0, 9, 3, 733.92, 4633004
1712540313, 1, 1944, 12229, 11697, 3887, 17.25%, 0, 9, 3, 1689.31, 4636942
1712540318, 1, 1945, 12229, 11696, 3887, 17.25%, 0, 9, 3, 1331.18, 4643268
1712544197, 1, 1947, 12229, 11695, 3886, 17.25%, 0, 9, 3, 0.01, 4647800
1712544304, 1, 1956, 12229, 11694, 3885, 17.25%, 0, 9, 3, 30.07, 4654127
1712544309, 1, 1956, 12263, 11727, 3884, 17.27%, 0, 9, 3, 1172.44, 4659289
1712544314, 1, 1956, 12762, 12226, 3884, 17.55%, 0, 10, 3, 1814.04, 4664114
1712544498, 1, 1967, 12775, 12238, 3977, 17.56%, 0, 10, 3, 1.12, 4668999
1712544508, 1, 1968, 12775, 12237, 3976, 17.56%, 0, 10, 3, 1455.00, 4675540
1712544513, 1, 1974, 12775, 12236, 3975, 17.56%, 0, 10, 3, 1546.33, 4683620
1712544519, 1, 1981, 12775, 12235, 3974, 17.56%, 0, 10, 3, 187.03, 4688456
1712544708, 1, 1985, 12775, 12234, 3973, 17.56%, 0, 10, 3, 1.08, 4694384
1712544713, 1, 1985, 12776, 12235, 3973, 17.56%, 0, 10, 3, 81.00, 4697876
1712544718, 1, 1987, 12776, 12234, 3973, 17.56%, 0, 10, 3, 1515.20, 4705572
1712544723, 1, 1987, 12777, 12235, 3973, 17.56%, 0, 10, 3, 1410.50, 4712628
1712544728, 1, 1991, 12777, 12234, 3972, 17.56%, 0, 10, 3, 1391.50, 4719223
1712544734, 1, 1993, 12777, 12233, 3971, 17.56%, 0, 10, 3, 1713.52, 4725429
1712544919, 1, 1997, 12777, 12232, 3970, 17.56%, 0, 10, 3, 0.30, 4731315
1712544929, 1, 2000, 12778, 12232, 3970, 17.56%, 0, 10, 3, 1381.25, 4743741
1712544939, 1, 2001, 12778, 12231, 3969, 17.56%, 0, 10, 3, 1591.14, 4755134
1712544944, 1, 2002, 12778, 12230, 3968, 17.56%, 0, 10, 3, 2396.14, 4760453
1712545129, 1, 2003, 12778, 12229, 3967, 17.56%, 0, 10, 3, 1.06, 4767039
1712545145, 1, 2004, 12778, 12228, 3966, 17.56%, 0, 10, 3, 1819.33, 4780609
1712545150, 1, 2007, 12778, 12227, 3965, 17.56%, 0, 10, 3, 1551.81, 4787896
1712545155, 1, 2011, 12778, 12226, 3964, 17.56%, 0, 10, 3, 1402.72, 4794881
1712545339, 1, 2012, 12778, 12225, 3963, 17.56%, 0, 10, 3, 1.05, 4799620
1712545344, 1, 2017, 12778, 12224, 3962, 17.56%, 0, 10, 3, 1219.64, 4805344
1712545349, 1, 2026, 12778, 12223, 3961, 17.56%, 0, 10, 3, 1194.09, 4811442
1712545354, 1, 2029, 12778, 12222, 3960, 17.56%, 0, 10, 3, 384.77, 4817398
1712545360, 1, 2035, 12778, 12221, 3959, 17.56%, 0, 10, 3, 1174.16, 4822288
1712545366, 1, 2044, 12778, 12220, 3958, 17.56%, 0, 10, 3, 70.63, 4828100
1712545555, 1, 2045, 12778, 12219, 3957, 17.56%, 0, 10, 3, 1596.73, 4833924
1712545565, 1, 2050, 12778, 12218, 3956, 17.56%, 0, 10, 3, 1436.20, 4844748
1712545570, 1, 2058, 12778, 12217, 3955, 17.56%, 0, 10, 3, 1305.64, 4851428
1712545575, 1, 2060, 12778, 12216, 3954, 17.56%, 0, 10, 3, 1160.91, 4856742
1712545760, 1, 2062, 12778, 12215, 3953, 17.56%, 0, 10, 3, 1.23, 4861448
1712545765, 1, 2063, 12779, 12215, 3952, 17.56%, 0, 10, 3, 1215.24, 4867820
1712545770, 1, 2068, 12779, 12214, 3951, 17.56%, 0, 10, 3, 1223.54, 4873786
1712545775, 1, 2070, 12779, 12213, 3950, 17.56%, 0, 10, 3, 1271.55, 4880317
1712545780, 1, 2071, 12779, 12212, 3949, 17.56%, 0, 10, 3, 1196.83, 4885452
1712545785, 1, 2072, 12779, 12211, 3949, 17.56%, 0, 10, 3, 2594.06, 4890326
1712545975, 1, 2073, 12779, 12210, 3948, 17.56%, 0, 10, 3, 1710.05, 4901318
1712545980, 1, 2078, 12779, 12209, 3947, 17.56%, 0, 10, 3, 1302.47, 4907432
1712545985, 1, 2079, 12779, 12208, 3946, 17.56%, 0, 10, 3, 1357.37, 4914180
1712545991, 1, 2081, 12779, 12207, 3945, 17.56%, 0, 10, 3, 1407.75, 4920992
1712545996, 1, 2087, 12779, 12206, 3944, 17.56%, 0, 10, 3, 1482.92, 4928757
1712546180, 1, 2090, 12779, 12205, 3943, 17.56%, 0, 10, 3, 0.72, 4934483
1712546186, 1, 2095, 12781, 12206, 3943, 17.56%, 0, 10, 3, 203.22, 4939896
1712548494, 1, 2101, 12781, 12205, 3943, 17.56%, 0, 10, 3, 0.06, 4964706
1712548499, 1, 2102, 12781, 12204, 3942, 17.56%, 0, 10, 3, 1526.21, 4971105
1712548504, 1, 2102, 12782, 12205, 3942, 17.56%, 0, 10, 3, 1266.07, 4976339
1712548509, 1, 2106, 12782, 12204, 3941, 17.56%, 0, 10, 3, 1218.57, 4981953
1712548519, 1, 2108, 12782, 12203, 3940, 17.56%, 0, 10, 3, 1116.72, 4992163
1712548704, 1, 2109, 12782, 12202, 3938, 17.56%, 0, 10, 3, 0.31, 4997227
1712548709, 1, 2112, 12861, 12280, 3950, 17.58%, 0, 10, 3, 591.02, 5002115
1712548715, 1, 2120, 12861, 12279, 3949, 17.58%, 0, 10, 3, 1122.39, 5008630
1712548720, 1, 2126, 12861, 12278, 3948, 17.58%, 0, 10, 3, 1283.75, 5015345
1712548725, 1, 2127, 12861, 12277, 3947, 17.58%, 0, 10, 3, 1226.28, 5021829
1712548730, 1, 2128, 12861, 12276, 3946, 17.58%, 0, 10, 3, 1189.73, 5028037
1712548915, 1, 2129, 12861, 12275, 3945, 17.58%, 0, 10, 3, 1.81, 5033221
1712548920, 1, 2131, 12861, 12274, 3944, 17.58%, 0, 10, 3, 1131.83, 5039408
1712548925, 1, 2137, 12861, 12273, 3943, 17.58%, 0, 10, 3, 1253.96, 5045852
1712548930, 1, 2140, 12861, 12272, 3942, 17.58%, 0, 10, 3, 1169.31, 5051720
1712548935, 1, 2144, 12861, 12271, 3941, 17.58%, 0, 10, 3, 1484.64, 5057559
1712548942, 1, 2145, 12861, 12270, 3940, 17.58%, 0, 10, 3, 40.48, 5062323
1712549136, 1, 2148, 12861, 12269, 3939, 17.58%, 0, 10, 3, 1219.38, 5070760
1712549141, 1, 2153, 12862, 12269, 3938, 17.58%, 0, 10, 3, 1285.23, 5077268
1712549153, 1, 2155, 12862, 12268, 3937, 17.58%, 0, 10, 3, 23.20, 5087528
1712549346, 1, 2156, 12862, 12267, 3936, 17.58%, 0, 10, 3, 97.54, 5091110
1712549356, 1, 2157, 12862, 12266, 3935, 17.58%, 0, 10, 3, 1562.69, 5102834
1712549361, 1, 2158, 12862, 12265, 3934, 17.58%, 0, 10, 3, 1377.71, 5109993
1712549546, 1, 2159, 12862, 12264, 3933, 17.58%, 0, 10, 3, 0.58, 5114791
1712549551, 1, 2160, 12862, 12263, 3932, 17.58%, 0, 10, 3, 1220.54, 5120715
1712549556, 1, 2161, 12862, 12262, 3931, 17.58%, 0, 10, 3, 1405.69, 5127976
1712549561, 1, 2169, 12862, 12260, 3929, 17.58%, 0, 10, 3, 1471.13, 5135373
1712549571, 1, 2176, 12862, 12259, 3928, 17.58%, 0, 10, 3, 1321.67, 5144834
1712549756, 1, 2183, 12862, 12258, 3927, 17.58%, 0, 10, 3, 0.37, 5149285
1712549766, 1, 2186, 12862, 12257, 3926, 17.58%, 0, 10, 3, 781.46, 5157644
1712549771, 1, 2191, 12862, 12256, 3925, 17.58%, 0, 10, 3, 1322.53, 5163520
1712549776, 1, 2194, 12862, 12255, 3924, 17.58%, 0, 10, 3, 1477.94, 5171217
1712549783, 1, 2197, 12862, 12254, 3923, 17.58%, 0, 10, 3, 104.05, 5174567
1712549971, 1, 2215, 12862, 12253, 3922, 17.58%, 0, 10, 3, 1417.91, 5180183
1712549982, 1, 2218, 12862, 12252, 3921, 17.58%, 0, 10, 3, 1545.24, 5190071
1712549987, 1, 2224, 12862, 12251, 3920, 17.58%, 0, 10, 3, 1465.84, 5197387
1712549992, 1, 2231, 12862, 12250, 3919, 17.58%, 0, 10, 3, 1247.01, 5203177
1712550176, 1, 2233, 12862, 12249, 3918, 17.58%, 0, 10, 3, 0.61, 5207814
1712550182, 1, 2236, 12862, 12248, 3917, 17.58%, 0, 10, 3, 1530.83, 5214964
1712550187, 1, 2237, 12862, 12247, 3917, 17.58%, 0, 10, 3, 1521.38, 5220842
1712550192, 1, 2239, 12862, 12246, 3916, 17.58%, 0, 10, 3, 1383.95, 5228025
1712550197, 1, 2240, 12862, 12245, 3915, 17.58%, 0, 10, 3, 1461.93, 5235519
1712550202, 1, 2241, 12862, 12244, 3914, 17.58%, 0, 10, 3, 230.11, 5239431
1712550393, 1, 2251, 12862, 12243, 3913, 17.58%, 0, 10, 3, 160.00, 5245759
1712550399, 1, 2253, 12862, 12242, 3912, 17.58%, 0, 10, 3, 280.34, 5249044
1712550409, 1, 2254, 12862, 12241, 3911, 17.58%, 0, 10, 3, 95.94, 5256428
1712552700, 1, 2260, 12862, 12240, 3910, 17.58%, 0, 10, 3, 0.01, 5263932
1712552705, 1, 2263, 12862, 12239, 3909, 17.58%, 0, 10, 3, 1414.49, 5270907
1712552710, 1, 2273, 12862, 12238, 3908, 17.58%, 0, 10, 3, 1327.28, 5277433
1712552715, 1, 2278, 12862, 12237, 3907, 17.58%, 0, 10, 3, 1312.16, 5283927
1712552720, 1, 2278, 12954, 12328, 3906, 17.60%, 0, 10, 3, 1254.09, 5290250
1712552725, 1, 2289, 12957, 12331, 3913, 17.60%, 0, 10, 3, 1152.64, 5296108
1712552910, 1, 2294, 12957, 12330, 3912, 17.60%, 0, 10, 3, 1.15, 5302653
1712552915, 1, 2302, 12957, 12329, 3911, 17.60%, 0, 10, 3, 1378.71, 5308632
1712552921, 1, 2307, 12957, 12328, 3910, 17.60%, 0, 10, 3, 190.63, 5312704
1712552926, 1, 2310, 12957, 12327, 3909, 17.60%, 0, 10, 3, 1388.16, 5319170
1712552931, 1, 2312, 12957, 12326, 3907, 17.60%, 0, 10, 3, 1318.28, 5325645
1712552936, 1, 2313, 12957, 12325, 3906, 17.60%, 0, 10, 3, 1510.59, 5333382
1712553121, 1, 2315, 12957, 12324, 3905, 17.60%, 0, 10, 3, 0.14, 5339110
1712553131, 1, 2316, 12957, 12323, 3904, 17.60%, 0, 10, 3, 1220.00, 5348343
1712553136, 1, 2318, 12957, 12322, 3903, 17.60%, 0, 10, 3, 1733.43, 5352634
1712553147, 1, 2322, 12957, 12321, 3902, 17.60%, 0, 10, 3, 1229.50, 5360240
1712553331, 1, 2323, 12957, 12320, 3901, 17.60%, 0, 10, 3, 0.53, 5364334
1712553336, 1, 2323, 12959, 12322, 3901, 17.60%, 0, 10, 3, 1459.97, 5371757
1712553351, 1, 2327, 12959, 12321, 3901, 17.60%, 0, 10, 3, 1243.42, 5391267
1712553356, 1, 2330, 12959, 12320, 3900, 17.60%, 0, 10, 3, 1265.10, 5397711
1712553541, 1, 2335, 12959, 12319, 3900, 17.60%, 0, 10, 3, 1.44, 5403933
1712553547, 1, 2336, 12959, 12318, 3900, 17.60%, 0, 10, 3, 58.46, 5409690
1712553558, 1, 2337, 12959, 12317, 3899, 17.60%, 0, 10, 3, 1089.38, 5415570
1712553563, 1, 2341, 12959, 12316, 3898, 17.60%, 0, 10, 3, 120.10, 5420831
1712553568, 1, 2344, 12959, 12315, 3897, 17.60%, 0, 10, 3, 60.34, 5425940
1712553757, 1, 2351, 12959, 12314, 3896, 17.60%, 0, 10, 3, 1548.83, 5433839
1712553762, 1, 2354, 12959, 12313, 3895, 17.60%, 0, 10, 3, 1435.17, 5441207
1712553767, 1, 2358, 12959, 12312, 3894, 17.60%, 0, 10, 3, 1503.28, 5448663
1712553772, 1, 2365, 12959, 12311, 3893, 17.60%, 0, 10, 3, 1399.96, 5455548
1712553777, 1, 2368, 12959, 12310, 3892, 17.60%, 0, 10, 3, 1377.57, 5462248
1712553962, 1, 2370, 12959, 12309, 3891, 17.60%, 0, 10, 3, 1.50, 5468590
1712553967, 1, 2373, 12959, 12308, 3890, 17.60%, 0, 10, 3, 1334.20, 5472820
1712553973, 1, 2378, 12959, 12307, 3888, 17.60%, 0, 10, 3, 251.71, 5476284
1712553983, 1, 2382, 12959, 12306, 3887, 17.60%, 0, 10, 3, 551.22, 5482977
1712553989, 1, 2383, 12959, 12305, 3886, 17.60%, 0, 10, 3, 1267.59, 5488770
1712554177, 1, 2386, 12959, 12304, 3886, 17.60%, 0, 10, 3, 1314.83, 5500025
1712554183, 1, 2395, 12959, 12302, 3884, 17.60%, 0, 10, 3, 1324.36, 5507053
1712554188, 1, 2403, 12959, 12301, 3883, 17.60%, 0, 10, 3, 1303.08, 5513877
1712554193, 1, 2403, 12960, 12302, 3883, 17.60%, 0, 10, 3, 1300.93, 5520510
1712554198, 1, 2404, 12960, 12301, 3882, 17.60%, 0, 10, 3, 1320.82, 5527451
1712554388, 1, 2409, 12960, 12300, 3881, 17.60%, 0, 10, 3, 1390.64, 5537839
1712554393, 1, 2416, 12961, 12300, 3880, 17.60%, 0, 10, 3, 1250.99, 5544172
1712554403, 1, 2417, 12961, 12299, 3880, 17.60%, 0, 10, 3, 107.49, 5555050
1712554408, 1, 2420, 12961, 12298, 3879, 17.60%, 0, 10, 3, 1665.71, 5560793
1712554593, 1, 2422, 12961, 12297, 3878, 17.60%, 0, 10, 3, 0.69, 5565852
1712554598, 1, 2428, 12961, 12296, 3877, 17.60%, 0, 10, 3, 1289.87, 5571730
1712554603, 1, 2429, 12961, 12295, 3876, 17.60%, 0, 10, 3, 1277.65, 5578444
1712554608, 1, 2436, 12961, 12293, 3874, 17.60%, 0, 10, 3, 1490.00, 5584217
1712554613, 1, 2440, 12961, 12292, 3873, 17.60%, 0, 10, 3, 1280.00, 5589104
1712554618, 1, 2442, 12961, 12291, 3872, 17.60%, 0, 10, 3, 1350.46, 5592651
1712556498, 1, 2442, 13174, 12503, 3871, 18.06%, 0, 10, 3, 1319.40, 5599199
1712556503, 1, 2449, 13564, 12893, 4065, 18.27%, 0, 10, 3, 1181.73, 5605360
1712556508, 1, 2465, 13564, 12892, 4064, 18.27%, 0, 10, 3, 737.48, 5611021
1712556513, 1, 2467, 13564, 12891, 4063, 18.27%, 0, 10, 3, 1170.22, 5617380
1712556518, 1, 2473, 13564, 12890, 4062, 18.27%, 0, 10, 3, 1615.76, 5623222
1712556524, 1, 2479, 13564, 12889, 4061, 18.27%, 0, 10, 3, 64.98, 5626326
1712556548, 1, 2481, 13564, 12888, 4060, 18.27%, 0, 10, 3, 26.79, 5633911
1712556558, 1, 2483, 13565, 12888, 4059, 18.27%, 0, 10, 3, 1906.91, 5642068
1712556568, 1, 2485, 13565, 12887, 4058, 18.27%, 0, 10, 3, 208.42, 5654018
1712556579, 1, 2487, 13566, 12887, 4057, 18.27%, 0, 10, 3, 1527.81, 5663213
1712556589, 1, 2492, 13566, 12885, 4055, 18.27%, 0, 10, 3, 1517.26, 5677916
1712556599, 1, 2499, 13566, 12884, 4054, 18.27%, 0, 10, 3, 1295.83, 5687339
1712556604, 1, 2500, 13566, 12883, 4053, 18.27%, 0, 10, 3, 1759.34, 5692961
1712556609, 1, 2502, 13566, 12882, 4052, 18.27%, 0, 10, 3, 50.79, 5698576
1712556615, 1, 2505, 13566, 12881, 4051, 18.27%, 0, 10, 3, 1319.05, 5704432
1712556620, 1, 2506, 13566, 12880, 4050, 18.27%, 0, 10, 3, 1410.05, 5711485
1712556625, 1, 2507, 13566, 12879, 4049, 18.27%, 0, 10, 3, 1416.89, 5718698
1712556630, 1, 2513, 13566, 12878, 4048, 18.27%, 0, 10, 3, 180.48, 5724689
1712556636, 1, 2516, 13566, 12877, 4047, 18.27%, 0, 10, 3, 115.58, 5729807
1712556646, 1, 2518, 13566, 12876, 4046, 18.27%, 0, 10, 3, 1484.54, 5739613
1712556651, 1, 2521, 13566, 12875, 4045, 18.27%, 0, 10, 3, 1344.15, 5746360
1712556656, 1, 2523, 13566, 12874, 4044, 18.27%, 0, 10, 3, 1393.93, 5753505
1712556661, 1, 2524, 13566, 12873, 4043, 18.27%, 0, 10, 3, 1271.98, 5759808
1712556666, 1, 2526, 13566, 12872, 4042, 18.27%, 0, 10, 3, 1330.55, 5766464
1712556671, 1, 2527, 13566, 12871, 4041, 18.27%, 0, 10, 3, 1350.92, 5772825
1712556677, 1, 2528, 13566, 12870, 4040, 18.27%, 0, 10, 3, 248.67, 5777445
1712556682, 1, 2530, 13566, 12869, 4039, 18.27%, 0, 10, 3, 194.13, 5781517
1712556687, 1, 2533, 13566, 12868, 4038, 18.27%, 0, 10, 3, 1431.06, 5788751
1712556693, 1, 2535, 13566, 12867, 4037, 18.27%, 0, 10, 3, 125.61, 5795378
1712556705, 1, 2536, 13566, 12866, 4036, 18.27%, 0, 10, 3, 169.77, 5800478
1712556715, 1, 2545, 13566, 12865, 4035, 18.27%, 0, 10, 3, 1464.10, 5813090
1712556720, 1, 2547, 13566, 12864, 4034, 18.27%, 0, 10, 3, 1341.51, 5819444
1712556725, 1, 2549, 13566, 12863, 4033, 18.27%, 0, 10, 3, 1231.58, 5825324
1712556730, 1, 2550, 13566, 12862, 4032, 18.27%, 0, 10, 3, 1242.60, 5831608
1712556735, 1, 2556, 13566, 12861, 4031, 18.27%, 0, 10, 3, 1631.04, 5837452
1712556740, 1, 2557, 13566, 12860, 4030, 18.27%, 0, 10, 3, 1474.20, 5842432
1712556745, 1, 2559, 13566, 12859, 4029, 18.27%, 0, 10, 3, 1692.96, 5848518
1712556751, 1, 2561, 13566, 12858, 4028, 18.27%, 0, 10, 3, 1341.61, 5854745
1712556756, 1, 2566, 13566, 12857, 4027, 18.27%, 0, 10, 3, 1245.42, 5860693
1712556761, 1, 2568, 13566, 12856, 4026, 18.27%, 0, 10, 3, 1244.45, 5867115
1712556766, 1, 2570, 13566, 12855, 4025, 18.27%, 0, 10, 3, 1253.38, 5873546
1712556771, 1, 2571, 13566, 12854, 4023, 18.27%, 0, 10, 3, 1250.54, 5879783
1712556776, 1, 2572, 13566, 12853, 4022, 18.27%, 0, 10, 3, 1279.34, 5886073
1712556781, 1, 2572, 13567, 12854, 4022, 18.27%, 0, 10, 3, 1560.00, 5891993
1712556786, 1, 2573, 13567, 12853, 4022, 18.27%, 0, 10, 3, 1433.94, 5898547
1712556791, 1, 2578, 13567, 12852, 4021, 18.27%, 0, 10, 3, 1366.95, 5905255
1712556796, 1, 2589, 13567, 12851, 4020, 18.27%, 0, 10, 3, 1662.00, 5911749
1712556802, 1, 2590, 13567, 12850, 4019, 18.27%, 0, 10, 3, 1487.28, 5917760
1712556807, 1, 2592, 13567, 12849, 4018, 18.27%, 0, 10, 3, 1646.45, 5922949
1712556812, 1, 2595, 13567, 12848, 4017, 18.27%, 0, 10, 3, 1485.00, 5928003
1712556906, 1, 2596, 13567, 12847, 4016, 18.27%, 0, 10, 3, 1.13, 5934430
1712556912, 1, 2599, 13568, 12847, 4015, 18.27%, 0, 10, 3, 1364.38, 5941206
1712556917, 1, 2604, 13568, 12846, 4015, 18.27%, 0, 10, 3, 1334.70, 5947717
1712556922, 1, 2605, 13568, 12845, 4014, 18.27%, 0, 10, 3, 1227.74, 5953802
1712556927, 1, 2608, 13568, 12844, 4013, 18.27%, 0, 10, 3, 1275.00, 5959916
1712556932, 1, 2610, 13568, 12843, 4012, 18.27%, 0, 10, 3, 1382.29, 5966854
1712557117, 1, 2614, 13568, 12842, 4011, 18.27%, 0, 10, 3, 1.05, 5972825
1712557127, 1, 2617, 13568, 12841, 4010, 18.27%, 0, 10, 3, 1487.88, 5980755
1712557132, 1, 2618, 13568, 12840, 4009, 18.27%, 0, 10, 3, 1420.68, 5986563
1712557139, 1, 2619, 13568, 12839, 4008, 18.27%, 0, 10, 3, 23.70, 5991866
1712557332, 1, 2620, 13568, 12838, 4007, 18.27%, 0, 10, 3, 1816.54, 5998196
1712557338, 1, 2621, 13568, 12837, 4006, 18.27%, 0, 10, 3, 1393.68, 6005028
1712557343, 1, 2623, 13568, 12836, 4005, 18.27%, 0, 10, 3, 1390.88, 6009662
1712557353, 1, 2624, 13568, 12835, 4004, 18.27%, 0, 10, 3, 1586.52, 6015810
1712557537, 1, 2627, 13568, 12834, 4003, 18.27%, 0, 10, 3, 1.48, 6021003
1712557548, 1, 2630, 13568, 12833, 4002, 18.27%, 0, 10, 3, 1356.94, 6029687
1712557553, 1, 2636, 13568, 12832, 4001, 18.27%, 0, 10, 3, 1186.73, 6035431
1712557559, 1, 2637, 13568, 12831, 4000, 18.27%, 0, 10, 3, 142.01, 6040725
1712557748, 1, 2643, 13568, 12830, 3999, 18.27%, 0, 10, 3, 1.73, 6048448
1712557753, 1, 2651, 13568, 12829, 3998, 18.27%, 0, 10, 3, 1468.48, 6055868
1712557758, 1, 2653, 13568, 12828, 3997, 18.27%, 0, 10, 3, 1336.99, 6062736
1712557763, 1, 2655, 13568, 12827, 3996, 18.27%, 0, 10, 3, 1285.47, 6068102
1712557770, 1, 2656, 13568, 12826, 3995, 18.27%, 0, 10, 3, 111.11, 6072377
1712561118, 1, 2663, 13568, 12825, 3994, 18.27%, 0, 10, 3, 2093.00, 6078219
1712561129, 1, 2666, 13568, 12824, 3993, 18.27%, 0, 10, 3, 1403.84, 6088793
1712561134, 1, 2671, 13568, 12823, 3992, 18.27%, 0, 10, 3, 1300.69, 6094664
1712561139, 1, 2671, 13983, 13237, 3991, 18.35%, 0, 10, 3, 1270.93, 6100997
1712561324, 1, 2674, 14057, 13311, 4010, 18.36%, 0, 10, 3, 1.52, 6107069
1712561329, 1, 2675, 14057, 13310, 4009, 18.36%, 0, 10, 3, 1261.20, 6112696
1712561334, 1, 2676, 14057, 13309, 4008, 18.36%, 0, 10, 3, 1508.04, 6118489
1712561339, 1, 2679, 14057, 13308, 4007, 18.36%, 0, 10, 3, 1299.04, 6124541
1712561344, 1, 2681, 14057, 13307, 4006, 18.36%, 0, 10, 3, 1223.46, 6130317
1712561349, 1, 2681, 14058, 13308, 4006, 18.36%, 0, 10, 3, 1406.09, 6137693
1712561534, 1, 2682, 14058, 13307, 4006, 18.36%, 0, 10, 3, 0.75, 6143902
1712561539, 1, 2683, 14058, 13306, 4005, 18.36%, 0, 10, 3, 1261.96, 6148886
1712561544, 1, 2684, 14058, 13305, 4004, 18.36%, 0, 10, 3, 1284.07, 6153830
1712561549, 1, 2687, 14058, 13304, 4003, 18.36%, 0, 10, 3, 1313.90, 6160336
1712561554, 1, 2692, 14059, 13304, 4002, 18.36%, 0, 10, 3, 1584.16, 6167142
1712561744, 1, 2693, 14059, 13303, 4002, 18.36%, 0, 10, 3, 0.42, 6176963
1712561754, 1, 2698, 14059, 13302, 4001, 18.36%, 0, 10, 3, 1338.10, 6184129
1712561765, 1, 2699, 14059, 13301, 4000, 18.36%, 0, 10, 3, 1898.31, 6190711
1712561770, 1, 2702, 14059, 13300, 3999, 18.36%, 0, 10, 3, 1511.89, 6197725
1712561955, 1, 2710, 14059, 13299, 3998, 18.36%, 0, 10, 3, 1.34, 6202687
1712561965, 1, 2712, 14059, 13298, 3997, 18.36%, 0, 10, 3, 879.62, 6209925
1712561970, 1, 2712, 14060, 13299, 3997, 18.36%, 0, 10, 3, 1098.06, 6215765
1712561975, 1, 2715, 14060, 13298, 3997, 18.36%, 0, 10, 3, 1300.78, 6222224
1712561980, 1, 2721, 14060, 13297, 3996, 18.36%, 0, 10, 3, 1222.95, 6228156
1712562165, 1, 2726, 14060, 13296, 3995, 18.36%, 0, 10, 3, 0.67, 6233500
1712562170, 1, 2726, 14061, 13297, 3995, 18.36%, 0, 10, 3, 1194.37, 6239613
1712562180, 1, 2729, 14061, 13296, 3995, 18.36%, 0, 10, 3, 1263.07, 6251809
1712562185, 1, 2742, 14061, 13294, 3993, 18.36%, 0, 10, 3, 1499.19, 6259761
1712562190, 1, 2747, 14061, 13293, 3992, 18.36%, 0, 10, 3, 1349.69, 6266432
1712562375, 1, 2748, 14061, 13292, 3991, 18.36%, 0, 10, 3, 0.75, 6272029
1712562386, 1, 2752, 14061, 13291, 3990, 18.36%, 0, 10, 3, 85.81, 6280471
1712562391, 1, 2754, 14061, 13290, 3989, 18.36%, 0, 10, 3, 270.39, 6284767
1712562401, 1, 2757, 14061, 13288, 3987, 18.36%, 0, 10, 3, 1402.25, 6295550
1712562586, 1, 2758, 14061, 13287, 3986, 18.36%, 0, 10, 3, 0.73, 6300034
1712562591, 1, 2762, 14061, 13285, 3984, 18.36%, 0, 10, 3, 1238.59, 6306105
1712562596, 1, 2764, 14061, 13284, 3983, 18.36%, 0, 10, 3, 1272.56, 6312366
1712562601, 1, 2767, 14061, 13283, 3982, 18.36%, 0, 10, 3, 1333.65, 6319200
1712562606, 1, 2770, 14061, 13282, 3981, 18.36%, 0, 10, 3, 1274.52, 6325514
1712562611, 1, 2771, 14061, 13281, 3980, 18.36%, 0, 10, 3, 1166.59, 6331393
1712562801, 1, 2777, 14061, 13279, 3978, 18.36%, 0, 10, 3, 1287.73, 6344409
1712562806, 1, 2784, 14061, 13278, 3977, 18.36%, 0, 10, 3, 1454.82, 6351187
1712562816, 1, 2785, 14061, 13277, 3976, 18.36%, 0, 10, 3, 1380.38, 6363492
1712562822, 1, 2786, 14061, 13276, 3975, 18.36%, 0, 10, 3, 212.08, 6368028
1712563006, 1, 2797, 14061, 13275, 3974, 18.36%, 0, 10, 3, 1.13, 6371647
1712563011, 1, 2799, 14061, 13274, 3973, 18.36%, 0, 10, 3, 1292.06, 6377938
1712563029, 1, 2800, 14061, 13273, 3972, 18.36%, 0, 10, 3, 1180.21, 6387814
1712563035, 1, 2806, 14061, 13272, 3971, 18.36%, 0, 10, 3, 48.64, 6393852
1712565325, 1, 2812, 14061, 13271, 3971, 18.36%, 0, 10, 3, 1767.95, 6398955
1712565330, 1, 2815, 14111, 13320, 3977, 18.38%, 0, 10, 3, 1320.94, 6404959
1712565340, 1, 2816, 14111, 13319, 3976, 18.38%, 0, 10, 3, 1388.55, 6415549
1712565345, 1, 2817, 14111, 13318, 3975, 18.38%, 0, 10, 3, 1238.48, 6421063
1712565530, 1, 2818, 14111, 13317, 3974, 18.38%, 0, 10, 3, 0.84, 6426960
1712565535, 1, 2819, 14111, 13316, 3973, 18.38%, 0, 10, 3, 1413.22, 6434163
1712565540, 1, 2822, 14111, 13315, 3972, 18.38%, 0, 10, 3, 1348.21, 6440264
1712565545, 1, 2829, 14111, 13314, 3971, 18.38%, 0, 10, 3, 1205.51, 6445856
1712565550, 1, 2830, 14111, 13313, 3970, 18.38%, 0, 10, 3, 1150.78, 6451506
1712565555, 1, 2833, 14111, 13312, 3969, 18.38%, 0, 10, 3, 1313.75, 6457059
1712565745, 1, 2837, 14111, 13311, 3968, 18.38%, 0, 10, 3, 1620.00, 6467615
1712565750, 1, 2843, 14111, 13310, 3967, 18.38%, 0, 10, 3, 1438.55, 6473022
1712565755, 1, 2844, 14111, 13309, 3966, 18.38%, 0, 10, 3, 1165.00, 6478652
1712565761, 1, 2845, 14111, 13308, 3965, 18.38%, 0, 10, 3, 1839.48, 6484338
1712565766, 1, 2847, 14111, 13307, 3964, 18.38%, 0, 10, 3, 289.42, 6488887
1712565955, 1, 2848, 14111, 13306, 3963, 18.38%, 0, 10, 3, 1493.35, 6497120
1712565961, 1, 2849, 14111, 13305, 3962, 18.38%, 0, 10, 3, 1276.34, 6502679
1712565966, 1, 2857, 14111, 13304, 3961, 18.38%, 0, 10, 3, 477.09, 6508085
1712565971, 1, 2858, 14111, 13303, 3960, 18.38%, 0, 10, 3, 951.27, 6513177
1712565976, 1, 2858, 14112, 13304, 3960, 18.38%, 0, 10, 3, 1008.98, 6517914
1712566161, 1, 2858, 14114, 13306, 3960, 18.38%, 0, 10, 3, 0.85, 6523191
1712566171, 1, 2858, 14115, 13307, 3960, 18.38%, 0, 10, 3, 1273.62, 6535878
1712566176, 1, 2861, 14115, 13306, 3961, 18.38%, 0, 10, 3, 1283.07, 6542542
1712566181, 1, 2867, 14115, 13305, 3960, 18.38%, 0, 10, 3, 1120.11, 6548054
1712566186, 1, 2874, 14115, 13304, 3959, 18.38%, 0, 10, 3, 1142.91, 6553214
1712566371, 1, 2875, 14115, 13303, 3958, 18.38%, 0, 10, 3, 2.01, 6557961
1712566381, 1, 2878, 14115, 13302, 3957, 18.38%, 0, 10, 3, 1524.46, 6566771
1712566388, 1, 2890, 14115, 13300, 3955, 18.38%, 0, 10, 3, 172.18, 6572717
1712566399, 1, 2898, 14116, 13300, 3954, 18.38%, 0, 10, 3, 1441.83, 6579545
1712566592, 1, 2901, 14116, 13299, 3954, 18.38%, 0, 10, 3, 1247.67, 6595799
1712566597, 1, 2902, 14116, 13298, 3953, 18.38%, 0, 10, 3, 1392.33, 6602750
1712566602, 1, 2904, 14116, 13297, 3953, 18.38%, 0, 10, 3, 1268.82, 6607438
1712566607, 1, 2906, 14116, 13296, 3952, 18.38%, 0, 10, 3, 1372.57, 6611532
1712566792, 1, 2908, 14116, 13295, 3951, 18.38%, 0, 10, 3, 0.40, 6616770
1712566797, 1, 2910, 14116, 13294, 3950, 18.38%, 0, 10, 3, 1186.04, 6622541
1712566813, 1, 2912, 14116, 13293, 3949, 18.38%, 0, 10, 3, 1307.48, 6630298
1712567007, 1, 2913, 14116, 13292, 3948, 18.38%, 0, 10, 3, 28.29, 6636783
1712567018, 1, 2916, 14116, 13291, 3947, 18.38%, 0, 10, 3, 1610.70, 6645996
1712567023, 1, 2917, 14116, 13290, 3946, 18.38%, 0, 10, 3, 1325.11, 6650630
1712567028, 1, 2921, 14116, 13289, 3945, 18.38%, 0, 10, 3, 2178.50, 6655512
1712567212, 1, 2927, 14116, 13288, 3944, 18.38%, 0, 10, 3, 0.17, 6660850
1712567218, 1, 2933, 14116, 13287, 3943, 18.38%, 0, 10, 3, 1230.08, 6667345
1712567228, 1, 2946, 14116, 13286, 3942, 18.38%, 0, 10, 3, 1502.21, 6674079
1712567233, 1, 2949, 14116, 13285, 3941, 18.38%, 0, 10, 3, 1436.37, 6681061
