# unix_time, cycles_done, cur_path, paths_total, pending_total, pending_favs, map_size, unique_crashes, unique_hangs, max_depth, execs_per_sec
1712685920, 0, 0, 5, 5, 5, 1.24%, 0, 0, 1, 2666.67
1712686049, 0, 0, 126, 126, 5, 1.61%, 0, 0, 2, 2.31
1712686055, 0, 0, 157, 157, 5, 1.73%, 0, 0, 2, 1874.72
1712686060, 0, 0, 169, 169, 5, 1.74%, 0, 0, 2, 1732.52
1712686065, 0, 0, 177, 177, 5, 1.74%, 0, 0, 2, 1880.97
1712686070, 0, 0, 215, 215, 5, 1.95%, 0, 0, 2, 1854.13
1712690136, 0, 0, 231, 231, 5, 1.99%, 0, 0, 2, 0.03
1712690266, 0, 0, 235, 235, 5, 1.99%, 0, 0, 2, 2264.07
1712690282, 0, 0, 236, 236, 5, 1.99%, 0, 0, 2, 1962.17
1712690467, 0, 0, 240, 240, 5, 2.00%, 0, 0, 2, 0.62
1712694479, 0, 0, 242, 242, 5, 2.00%, 0, 0, 2, 1928.45
1712694484, 0, 0, 264, 264, 5, 2.02%, 0, 0, 2, 1872.19
1712694489, 0, 0, 267, 267, 5, 2.02%, 0, 0, 2, 1918.83
1712694674, 0, 0, 273, 273, 5, 2.03%, 0, 0, 2, 1.94
1712694679, 0, 0, 277, 277, 5, 2.03%, 0, 0, 2, 2166.15
1712694684, 0, 0, 284, 284, 5, 2.04%, 0, 0, 2, 2094.12
1712694689, 0, 0, 286, 286, 5, 2.04%, 0, 0, 2, 2075.99
1712694694, 0, 0, 372, 372, 5, 2.05%, 0, 0, 2, 1765.42
1712694699, 0, 0, 395, 395, 5, 2.07%, 0, 0, 2, 1638.25
1712694884, 0, 0, 420, 420, 5, 2.11%, 0, 0, 2, 0.12
1712694889, 0, 0, 444, 444, 5, 2.17%, 0, 0, 2, 1866.78
1712694895, 0, 0, 1082, 1081, 4, 6.25%, 0, 0, 2, 1636.18
1712694900, 0, 0, 1919, 1918, 4, 7.77%, 0, 0, 2, 1545.18
1712694905, 0, 0, 2742, 2741, 4, 8.84%, 0, 0, 2, 1547.95
1712694910, 0, 0, 3506, 3505, 4, 9.58%, 0, 0, 2, 1491.55
1712695095, 0, 0, 4125, 4124, 4, 10.14%, 0, 0, 2, 1.39
1712695100, 0, 0, 4857, 4856, 4, 10.72%, 0, 0, 2, 1473.60
1712695105, 0, 451, 4910, 4909, 2270, 10.76%, 0, 0, 2, 1788.32
1712695110, 0, 451, 4911, 4910, 2270, 10.76%, 0, 0, 2, 2054.01
1712695120, 0, 460, 4912, 4910, 2270, 10.76%, 0, 0, 2, 1952.99
1712695315, 0, 460, 4916, 4914, 2270, 10.77%, 0, 0, 2, 2163.18
1712695320, 0, 482, 4916, 4913, 2272, 10.77%, 0, 0, 2, 2019.72
1712695331, 0, 485, 4916, 4912, 2271, 10.77%, 0, 0, 2, 1978.40
1712695521, 0, 535, 4916, 4911, 2270, 10.77%, 0, 0, 2, 2139.19
1712695526, 0, 535, 4917, 4912, 2270, 10.77%, 0, 0, 2, 2120.33
1712695541, 0, 535, 4918, 4913, 2270, 10.77%, 0, 0, 2, 1983.94
1712695726, 0, 535, 4919, 4914, 2270, 10.77%, 0, 0, 2, 0.95
1712695731, 0, 589, 4919, 4913, 2272, 10.77%, 0, 0, 2, 2062.40
1712695741, 0, 612, 4921, 4914, 2271, 10.78%, 0, 0, 2, 2022.85
1712695751, 0, 624, 4922, 4914, 2273, 10.78%, 0, 0, 2, 1895.97
1712696162, 0, 628, 4922, 4913, 2272, 10.78%, 0, 0, 2, 2098.14
1712696167, 0, 628, 4923, 4914, 2272, 10.78%, 0, 0, 2, 2070.66
1712696357, 0, 628, 4923, 4914, 2272, 10.78%, 0, 1, 2, 0.67
1712696362, 0, 628, 4924, 4915, 2272, 10.79%, 0, 1, 2, 1923.59
1712696367, 0, 636, 4924, 4914, 2272, 10.79%, 0, 1, 2, 1921.54
1712696383, 0, 644, 4925, 4914, 2271, 10.79%, 0, 1, 2, 1914.46
1712698261, 0, 644, 4925, 4914, 2271, 10.79%, 0, 2, 2, 0.04
1712698266, 0, 659, 4925, 4913, 2270, 10.79%, 0, 2, 2, 1998.34
1712698271, 0, 659, 4926, 4914, 2270, 10.79%, 0, 2, 2, 1991.78
1712698281, 0, 735, 4926, 4913, 2270, 10.79%, 0, 2, 2, 2013.32
1712698286, 0, 737, 4927, 4913, 2269, 10.79%, 0, 2, 2, 2046.50
1712698296, 0, 745, 4928, 4913, 2268, 10.79%, 0, 2, 2, 2055.81
1712698301, 0, 745, 4929, 4914, 2268, 10.79%, 0, 2, 2, 2153.00
1712698311, 0, 745, 4930, 4915, 2268, 10.79%, 0, 2, 2, 2232.35
1712698316, 0, 745, 5174, 5158, 2267, 11.46%, 0, 2, 2, 2010.22
1712698321, 0, 745, 5927, 5911, 2267, 12.27%, 0, 2, 2, 1609.93
1712698326, 0, 809, 6576, 6560, 2928, 12.71%, 0, 2, 2, 1517.18
1712698342, 0, 817, 6576, 6559, 2927, 12.71%, 0, 2, 2, 2044.06
1712698357, 0, 817, 6577, 6560, 2927, 12.71%, 0, 2, 2, 2151.28
1712698362, 0, 904, 6577, 6559, 2927, 12.71%, 0, 2, 2, 2092.33
1712698377, 0, 919, 6577, 6558, 2926, 12.71%, 0, 2, 2, 2163.67
1712698908, 0, 919, 6578, 6559, 2926, 12.71%, 0, 2, 2, 1729.48
1712699540, 0, 950, 6578, 6558, 2924, 12.71%, 0, 2, 2, 1946.72
1712699729, 0, 970, 6581, 6560, 2924, 12.71%, 0, 2, 2, 2145.69
1712699935, 0, 1003, 6581, 6559, 2923, 12.71%, 0, 2, 2, 0.75
1712699940, 0, 1003, 6582, 6560, 2923, 12.71%, 0, 2, 2, 2159.05
1712699955, 0, 1006, 6582, 6559, 2923, 12.71%, 0, 2, 2, 2059.79
1712700145, 0, 1019, 6583, 6559, 2922, 12.71%, 0, 2, 2, 1.26
1712700155, 0, 1035, 6583, 6558, 2922, 12.71%, 0, 2, 2, 2140.39
1712700160, 0, 1035, 6585, 6560, 2922, 12.72%, 0, 2, 2, 2151.88
1712702893, 0, 1035, 7279, 7253, 2921, 14.54%, 0, 2, 2, 1471.65
1712702898, 0, 1035, 7963, 7937, 2921, 14.98%, 0, 2, 2, 1399.45
1712702903, 0, 1043, 8514, 8488, 3586, 15.34%, 0, 2, 2, 1299.28
1712702908, 0, 1043, 8521, 8495, 3586, 15.35%, 0, 2, 2, 1421.83
1712703103, 0, 1043, 8524, 8498, 3586, 15.36%, 0, 2, 2, 2112.82
1712703113, 0, 1043, 8527, 8501, 3586, 15.36%, 0, 2, 2, 2083.12
1712703304, 0, 1102, 8527, 8500, 3594, 15.36%, 0, 3, 2, 1.84
1712703324, 0, 1208, 8527, 8499, 3593, 15.36%, 0, 3, 2, 2136.45
1712703514, 0, 1237, 8527, 8498, 3592, 15.36%, 0, 3, 2, 0.51
1712703534, 0, 1274, 8527, 8497, 3591, 15.36%, 0, 3, 2, 1927.79
1712703945, 0, 1438, 8527, 8496, 3590, 15.36%, 0, 3, 2, 1919.77
1712704145, 0, 1444, 8527, 8495, 3589, 15.36%, 0, 3, 2, 0.81
1712704355, 0, 1444, 8528, 8496, 3589, 15.36%, 0, 3, 2, 1.20
1712704360, 0, 1473, 8529, 8496, 3588, 15.36%, 0, 3, 2, 1858.64
1712704371, 0, 1499, 8529, 8495, 3587, 15.36%, 0, 3, 2, 1805.59
1712704576, 0, 1512, 8529, 8494, 3586, 15.36%, 0, 3, 2, 1924.78
1712704776, 0, 1512, 8530, 8495, 3586, 15.36%, 0, 3, 2, 0.21
1712704781, 0, 1517, 8530, 8494, 3586, 15.36%, 0, 3, 2, 1897.40
1712704801, 0, 1565, 8530, 8493, 3585, 15.36%, 0, 3, 2, 1871.40
1712706847, 0, 1618, 8530, 8492, 3584, 15.36%, 0, 3, 2, 2004.30
1712706857, 0, 1680, 8530, 8491, 3583, 15.36%, 0, 3, 2, 1841.51
1712706868, 0, 1694, 8530, 8490, 3582, 15.36%, 0, 3, 2, 1810.12
1712706883, 0, 1694, 9136, 9095, 3581, 15.84%, 0, 3, 2, 1386.51
1712706888, 0, 1724, 9630, 9589, 3808, 16.05%, 0, 3, 2, 1335.70
1712706913, 0, 1730, 9630, 9588, 3807, 16.05%, 0, 3, 2, 1809.17
1712706934, 0, 1735, 9630, 9587, 3806, 16.05%, 0, 3, 2, 1822.81
1712706949, 0, 1787, 9632, 9588, 3805, 16.05%, 0, 3, 2, 1839.79
1712706959, 0, 1787, 9633, 9589, 3805, 16.05%, 0, 3, 2, 1864.74
1712707101, 0, 1787, 9634, 9590, 3805, 16.05%, 0, 3, 2, 1977.98
1712707106, 0, 1798, 9636, 9591, 3808, 16.06%, 0, 3, 2, 2100.68
1712707738, 0, 1810, 9636, 9590, 3808, 16.06%, 0, 3, 2, 1795.39
1712707748, 0, 1832, 9636, 9589, 3807, 16.06%, 0, 3, 2, 1858.04
1712707943, 0, 1858, 9636, 9588, 3806, 16.06%, 0, 3, 2, 1954.76
1712707948, 0, 1871, 9636, 9587, 3804, 16.06%, 0, 3, 2, 1919.25
1712707958, 0, 1871, 9637, 9588, 3804, 16.06%, 0, 3, 2, 1730.17
1712708143, 0, 1888, 9637, 9587, 3803, 16.06%, 0, 3, 2, 1.23
1712708158, 0, 1968, 9637, 9586, 3802, 16.06%, 0, 3, 2, 1957.25
1712708168, 0, 1975, 9637, 9585, 3801, 16.06%, 0, 3, 2, 1849.20
1712708364, 0, 1992, 9637, 9584, 3800, 16.06%, 0, 3, 2, 2003.88
1712708369, 0, 1992, 9638, 9585, 3800, 16.06%, 0, 3, 2, 2050.50
1712708379, 0, 2016, 9639, 9585, 3800, 16.06%, 0, 3, 2, 1908.28
1712708569, 0, 2017, 9640, 9585, 3800, 16.06%, 0, 3, 2, 1963.16
1712708790, 0, 2017, 9643, 9588, 3800, 16.06%, 0, 3, 2, 1934.20
1712708795, 0, 2017, 9644, 9589, 3800, 16.06%, 0, 3, 2, 1931.57
1712708800, 0, 2034, 9646, 9590, 3798, 16.06%, 0, 3, 2, 1784.35
1712708995, 0, 2035, 9646, 9589, 3797, 16.06%, 0, 3, 2, 2174.78
1712709005, 0, 2057, 9646, 9588, 3796, 16.06%, 0, 3, 2, 1972.94
1712711095, 0, 2138, 9646, 9587, 3795, 16.06%, 0, 3, 2, 1900.05
1712711100, 0, 2160, 9649, 9589, 3794, 16.06%, 0, 3, 2, 1952.13
1712711110, 0, 2160, 9678, 9617, 3793, 16.15%, 0, 3, 2, 1970.19
1712711116, 0, 2160, 9944, 9883, 3793, 16.61%, 0, 7, 2, 178.76
1712711121, 0, 2160, 10235, 10174, 3793, 16.96%, 0, 9, 2, 1362.05
1712711127, 0, 2160, 10387, 10326, 3793, 17.09%, 0, 10, 2, 166.07
1712711132, 0, 2172, 10530, 10469, 4258, 17.21%, 0, 10, 2, 1684.34
1712711143, 0, 2176, 10530, 10468, 4257, 17.21%, 0, 10, 2, 1864.51
1712711158, 0, 2216, 10530, 10467, 4256, 17.21%, 0, 10, 2, 1791.73
1712711168, 0, 2239, 10530, 10466, 4255, 17.21%, 0, 10, 2, 1939.24
1712711311, 0, 2303, 10530, 10465, 4254, 17.21%, 0, 10, 2, 1887.58
1712711326, 0, 2331, 10530, 10464, 4253, 17.21%, 0, 10, 2, 1726.24
1712711521, 0, 2456, 10530, 10463, 4252, 17.21%, 0, 10, 2, 2005.89
1712711531, 0, 2496, 10530, 10462, 4251, 17.21%, 0, 10, 2, 2009.63
1712711721, 0, 2509, 10530, 10461, 4250, 17.21%, 0, 10, 2, 1.73
1712711731, 0, 2517, 10530, 10460, 4249, 17.21%, 0, 10, 2, 2019.16
1712711746, 0, 2525, 10530, 10459, 4248, 17.21%, 0, 10, 2, 1989.08
1712715508, 0, 2535, 10530, 10458, 4247, 17.21%, 0, 10, 2, 0.50
1712715523, 0, 2576, 10530, 10457, 4246, 17.21%, 0, 10, 2, 1922.57
1712715533, 0, 2576, 10531, 10458, 4246, 17.21%, 0, 10, 2, 1834.15
1712715718, 0, 2583, 10531, 10457, 4245, 17.21%, 0, 10, 2, 0.79
1712715734, 0, 2605, 10531, 10456, 4244, 17.21%, 0, 10, 2, 1947.05
1712715744, 0, 2605, 10635, 10559, 4243, 17.33%, 0, 10, 2, 1706.45
1712715929, 0, 2605, 11279, 11203, 4243, 17.65%, 0, 10, 2, 0.47
1712715934, 0, 2625, 11563, 11487, 4476, 17.78%, 0, 10, 2, 1646.17
1712715944, 0, 2661, 11563, 11486, 4475, 17.78%, 0, 10, 2, 1998.94
1712715954, 0, 2684, 11563, 11485, 4474, 17.78%, 0, 10, 2, 1870.00
1712716144, 0, 2710, 11564, 11485, 4473, 17.78%, 0, 10, 2, 2128.08
1712716560, 0, 2731, 11564, 11484, 4472, 17.78%, 0, 10, 2, 0.91
1712717006, 0, 2734, 11564, 11483, 4471, 17.78%, 0, 10, 2, 1879.32
1712717422, 0, 2741, 11564, 11482, 4470, 17.78%, 0, 10, 2, 2003.66
1712719726, 0, 2741, 11565, 11483, 4470, 17.78%, 0, 10, 2, 2135.87
1712719731, 0, 2754, 11566, 11483, 4469, 17.78%, 0, 10, 2, 2084.10
1712719742, 0, 2899, 11567, 11483, 4470, 17.78%, 0, 10, 2, 1818.75
1712719927, 0, 2899, 11568, 11484, 4470, 17.78%, 0, 10, 2, 1.79
1712719937, 0, 2966, 11568, 11483, 4470, 17.78%, 0, 10, 2, 2023.93
1712719947, 0, 3027, 11695, 11609, 4500, 17.86%, 0, 10, 2, 1657.82
1712720147, 0, 3121, 11695, 11608, 4499, 17.86%, 0, 10, 2, 1965.82
1712720152, 0, 3270, 11695, 11607, 4498, 17.86%, 0, 10, 2, 2064.63
1712720368, 0, 3270, 11696, 11608, 4498, 17.86%, 0, 10, 2, 1883.93
1712720373, 0, 3303, 11696, 11607, 4498, 17.86%, 0, 10, 2, 1750.18
1712720563, 0, 3324, 11696, 11606, 4497, 17.86%, 0, 10, 2, 2077.01
1712723653, 0, 3324, 11697, 11607, 4497, 17.86%, 0, 10, 2, 1785.97
1712724766, 0, 3324, 11697, 11607, 4497, 17.86%, 0, 11, 2, 1.24
1712725628, 0, 3324, 11698, 11608, 4497, 17.86%, 0, 11, 2, 1869.59
1712728362, 0, 3324, 11699, 11609, 4497, 17.86%, 0, 11, 2, 1342.44
1712728367, 0, 3324, 11873, 11782, 4496, 18.04%, 0, 11, 2, 1252.77
1712728553, 0, 3372, 12188, 12097, 4622, 18.21%, 0, 11, 2, 0.86
1712728568, 0, 3401, 12188, 12096, 4621, 18.21%, 0, 11, 2, 2002.92
1712728578, 0, 3535, 12188, 12095, 4620, 18.21%, 0, 11, 2, 1922.75
1712728773, 0, 3577, 12188, 12094, 4619, 18.21%, 0, 11, 2, 2001.11
1712728788, 0, 3593, 12188, 12093, 4617, 18.21%, 0, 11, 2, 1934.10
1712728978, 0, 3694, 12188, 12092, 4616, 18.21%, 0, 11, 2, 1847.22
1712729404, 0, 3701, 12188, 12091, 4615, 18.21%, 0, 11, 2, 1997.94
1712729414, 0, 3763, 12188, 12090, 4614, 18.21%, 0, 11, 2, 1950.81
1712729604, 0, 3815, 12188, 12089, 4613, 18.21%, 0, 12, 2, 2.38
1712729614, 0, 3820, 12188, 12088, 4612, 18.21%, 0, 12, 2, 1891.72
1712729630, 0, 3958, 12188, 12087, 4611, 18.21%, 0, 12, 2, 1931.81
1712729830, 0, 3967, 12188, 12086, 4610, 18.21%, 0, 12, 2, 1925.59
1712729840, 0, 3970, 12188, 12085, 4609, 18.21%, 0, 12, 2, 1947.17
1712730030, 0, 4000, 12188, 12084, 4608, 18.21%, 0, 12, 2, 1914.11
1712730040, 0, 4052, 12188, 12083, 4607, 18.21%, 0, 12, 2, 2109.44
1712732344, 0, 4122, 12345, 12239, 4625, 18.26%, 0, 12, 2, 1596.22
1712732550, 0, 4179, 12345, 12238, 4624, 18.26%, 0, 12, 2, 1.94
1712732555, 0, 4185, 12346, 12238, 4623, 18.26%, 0, 12, 2, 2006.77
1712732565, 0, 4202, 12346, 12237, 4622, 18.26%, 0, 12, 2, 2043.46
1712733196, 0, 4233, 12346, 12236, 4621, 18.26%, 0, 12, 2, 2000.41
1712733206, 0, 4327, 12346, 12235, 4620, 18.26%, 0, 12, 2, 1827.51
1712733401, 0, 4327, 12347, 12236, 4620, 18.26%, 0, 12, 2, 2028.75
1712733406, 0, 4377, 12347, 12235, 4619, 18.26%, 0, 12, 2, 2042.26
1712733416, 0, 4378, 12347, 12234, 4618, 18.26%, 0, 12, 2, 1886.91
1712733837, 0, 4526, 12347, 12233, 4617, 18.26%, 0, 12, 2, 1927.78
1712734027, 0, 4552, 12347, 12232, 4616, 18.26%, 0, 12, 2, 1742.98
1712734037, 0, 4575, 12347, 12231, 4615, 18.26%, 0, 12, 2, 1884.60
1712734232, 0, 4627, 12347, 12230, 4614, 18.26%, 0, 12, 2, 0.14
1712734243, 0, 4657, 12347, 12229, 4613, 18.26%, 0, 12, 2, 1973.08
1712734258, 0, 4658, 12347, 12228, 4612, 18.26%, 0, 12, 2, 1902.72
1712736557, 0, 4659, 12347, 12227, 4611, 18.26%, 0, 12, 2, 1871.24
1712736562, 0, 4714, 12444, 12323, 4617, 18.31%, 0, 12, 2, 1755.74
1712736757, 0, 4832, 12444, 12322, 4616, 18.31%, 0, 12, 2, 1.94
1712736762, 0, 4832, 12445, 12323, 4616, 18.31%, 0, 12, 2, 1793.06
1712737188, 0, 4867, 12445, 12322, 4615, 18.31%, 0, 12, 2, 1934.12
1712737198, 0, 4872, 12445, 12321, 4614, 18.31%, 0, 12, 2, 1841.73
1712737393, 0, 4894, 12445, 12320, 4613, 18.31%, 0, 12, 2, 1791.60
1712737409, 0, 4923, 12445, 12319, 4612, 18.31%, 0, 12, 2, 1799.94
1712737414, 0, 4923, 12446, 12320, 4612, 18.31%, 0, 12, 3, 1873.50
1712737619, 0, 5015, 12446, 12319, 4612, 18.31%, 0, 12, 3, 1865.22
1712737809, 0, 5022, 12446, 12318, 4611, 18.31%, 0, 12, 3, 0.40
1712737814, 0, 5048, 12446, 12317, 4610, 18.31%, 0, 12, 3, 1822.38
1712737834, 0, 5193, 12446, 12316, 4609, 18.31%, 0, 12, 3, 1835.34
1712738030, 0, 5247, 12447, 12316, 4608, 18.31%, 0, 12, 3, 1856.50
1712738040, 0, 5247, 12450, 12319, 4608, 18.32%, 0, 12, 3, 1947.23
1712738230, 0, 5325, 12451, 12319, 4612, 18.32%, 0, 12, 3, 0.80
1712738245, 0, 5395, 12453, 12320, 4611, 18.32%, 0, 12, 3, 1843.38
1712740966, 0, 5437, 12453, 12319, 4610, 18.32%, 0, 12, 3, 0.18
1712740971, 0, 5437, 12454, 12320, 4610, 18.32%, 0, 12, 3, 1929.60
1712741186, 0, 5498, 12454, 12319, 4610, 18.32%, 0, 12, 3, 1907.03
1712741197, 0, 5498, 12762, 12626, 4609, 18.84%, 0, 12, 3, 1446.58
1712741202, 0, 5500, 13239, 13103, 4782, 18.95%, 0, 12, 3, 1115.00
1712741397, 0, 5533, 13239, 13102, 4781, 18.95%, 0, 12, 3, 2019.62
1712741407, 0, 5611, 13239, 13101, 4780, 18.95%, 0, 12, 3, 1850.02
1712741597, 0, 5906, 13239, 13100, 4779, 18.95%, 0, 12, 3, 0.97
1712741612, 0, 5906, 13245, 13106, 4779, 18.95%, 0, 12, 3, 1881.10
1712741617, 0, 5906, 13246, 13107, 4779, 18.95%, 0, 12, 3, 1775.71
1712741622, 0, 5906, 13247, 13108, 4779, 18.96%, 0, 12, 3, 1620.01
1712741807, 0, 5920, 13248, 13108, 4781, 18.96%, 0, 12, 3, 2.15
1712741833, 0, 6098, 13248, 13107, 4780, 18.96%, 0, 12, 3, 1843.40
1712742028, 0, 6103, 13248, 13106, 4779, 18.96%, 0, 12, 3, 1854.23
1712742254, 0, 6129, 13248, 13105, 4778, 18.96%, 0, 12, 3, 1863.64
1712742454, 0, 6129, 13249, 13106, 4778, 18.96%, 0, 12, 3, 1921.40
1712742464, 0, 6331, 13250, 13106, 4777, 18.96%, 0, 12, 3, 1802.40
1712742664, 0, 6358, 13250, 13105, 4776, 18.96%, 0, 12, 3, 1707.49
1712742745, 0, 6361, 13358, 13212, 4776, 18.96%, 0, 12, 3, 1664.54
1712742805, 0, 6361, 13359, 13213, 4776, 18.96%, 0, 12, 3, 1755.01
1712742992, 0, 6361, 13362, 13216, 4776, 18.96%, 0, 12, 3, 1506.85
1712742998, 0, 6361, 13364, 13218, 4776, 18.96%, 0, 12, 3, 1390.12
1712743003, 0, 6367, 13364, 13217, 4772, 18.96%, 0, 12, 3, 1437.95
1712743013, 0, 6388, 13364, 13216, 4771, 18.96%, 0, 12, 3, 1791.40
1712743028, 0, 6436, 13364, 13215, 4770, 18.96%, 0, 12, 3, 1834.41
1712743038, 0, 6471, 13364, 13214, 4769, 18.96%, 0, 12, 3, 1864.25
1712743043, 0, 6471, 13366, 13216, 4769, 18.96%, 0, 12, 3, 1906.56
1712743054, 0, 6483, 13366, 13215, 4768, 18.96%, 0, 12, 3, 1852.56
1712743059, 0, 6483, 13367, 13216, 4768, 18.96%, 0, 12, 3, 1832.85
1712743064, 0, 6483, 13368, 13217, 4768, 18.97%, 0, 12, 3, 1901.79
1712743069, 0, 6534, 13368, 13216, 4769, 18.97%, 0, 12, 3, 1848.77
1712743084, 0, 6576, 13370, 13217, 4768, 18.98%, 0, 12, 3, 1815.97
1712743104, 0, 6576, 13371, 13218, 4768, 18.98%, 0, 12, 3, 1832.80
1712743109, 0, 6580, 13371, 13217, 4769, 18.98%, 0, 12, 3, 1782.45
1712743561, 0, 6580, 13372, 13218, 4769, 18.98%, 0, 12, 3, 1397.65
1712759477, 0, 6580, 13372, 13218, 4769, 18.98%, 0, 13, 3, 0.47
1712763476, 0, 6580, 13372, 13218, 4769, 18.98%, 0, 14, 3, 0.53
