0.0030460357666
0.00591397285461
0.00543117523193
0.00275492668152
0.00292611122131
0.00531816482544
0.0090651512146
0.0516469478607
0.266088008881
0.23526096344
0.20375418663
0.192003011703
0.183088064194
0.29935002327
0.215027809143
0.231583833694
0.200200080872
0.187190771103
0.230064153671
0.234340190887
0.266246080399
0.205804109573
0.221797943115
0.228948116302
0.256556987762
0.27584695816
0.22584605217
0.228224039078
0.300843000412
0.197136878967
0.209703922272
0.223265886307
0.224253177643
0.223556041718
0.227725028992
0.198069095612
0.196549892426
0.00358080863953
0.00186014175415
0.00256705284119
0.013396024704
0.00371217727661
0.0223820209503
0.011559009552
0.00404214859009
0.00393891334534
0.00301599502563
0.0045211315155
0.0103149414062
0.0050311088562
0.00281000137329
0.00177502632141
0.00293707847595
0.00311207771301
0.00374698638916
0.00526905059814
0.00317597389221
0.00222396850586
0.0027060508728
0.0105409622192
0.0035240650177
0.00141191482544
0.0030460357666
0.00216197967529
0.00269103050232
0.00299096107483
0.00311493873596
1.87034010887
1.11399197578
1.03816604614
1.17244410515
0.972904920578
0.901647090912
0.00269484519958
0.00262999534607
0.0026421546936
0.0030529499054
0.00165200233459
1.51882910728
1.14298987389
1.36321496964
1.83439397812
1.3624060154
1.51367998123
0.00274705886841
0.00147604942322
0.0126121044159
0.0337629318237
0.0293440818787
0.0247979164124
0.0297338962555
0.024080991745
0.0257890224457
0.0264348983765
0.0298421382904
0.0397429466248
0.0314979553223
0.0243198871613
0.030375957489
0.0354979038239
0.0300271511078
0.023619890213
0.0298848152161
0.0316741466522
0.0238831043243
0.0333180427551
0.0321841239929
0.0364060401917
0.0309791564941
0.0301511287689
0.70646905899
0.715699911118
0.700941801071
0.694018125534
0.709336996078
0.696726083755
0.704966068268
0.693732023239
0.686058998108
0.663066148758
0.690135002136
0.70783996582
0.727144002914
0.694566011429
0.680623054504
0.685657024384
0.669233083725
0.700317144394
0.172117948532
0.175910949707
0.170016050339
0.154587030411
0.159754991531
0.159951925278
0.161525964737
0.175208091736
0.158987998962
0.157279968262
0.168785095215
0.161741018295
0.178066968918
0.170648097992
0.168852090836
0.168452978134
0.160045862198
0.162870883942
0.159074068069
0.169724941254
0.172171115875
0.184272050858
0.148896932602
0.187505960464
0.00757694244385
0.0344269275665
0.0265910625458
0.0269179344177
0.046247959137
0.032054901123
0.0326352119446
0.0259518623352
0.0245249271393
0.0324709415436
0.0337810516357
0.0289580821991
0.00722908973694
0.0331161022186
0.0262959003448
0.0246379375458
0.0259139537811
0.0319421291351
0.026848077774
0.0469310283661
0.0259959697723
0.0234220027924
0.0329749584198
0.0297200679779
0.032573223114
0.0333700180054
0.0263659954071
0.023864030838
0.0238659381866
0.0307409763336
0.026163816452
0.237145185471
0.163236856461
0.162198066711
0.235836029053
0.155636787415
0.164942026138
0.00286793708801
0.00126791000366
0.709053039551
0.732036113739
0.703126907349
0.691917896271
0.679949998856
0.698384046555
0.699641942978
0.701884031296
0.78410410881
0.011125087738
0.032772064209
0.0258269309998
0.0256819725037
0.0299880504608
0.0303709506989
0.0289978981018
0.0341668128967
0.0288860797882
0.0323760509491
0.0236670970917
0.0289449691772
0.164073944092
0.159105062485
0.159999132156
0.162480831146
0.17058801651
0.150974035263
0.00746297836304
0.0394308567047
0.025417804718
0.0281269550323
0.0336380004883
0.0364720821381
0.0306189060211
0.0269298553467
0.0258300304413
0.0433149337769
0.025563955307
0.0316359996796
0.0294370651245
0.0260169506073
0.0285048484802
0.0439920425415
0.0283958911896
0.0294017791748
0.0314490795135
0.0291609764099
0.0346910953522
0.0327332019806
0.0328509807587
0.028678894043
0.00719594955444
0.0453159809113
0.0242569446564
0.0279750823975
0.0334599018097
0.0240831375122
0.0298388004303
0.0253798961639
0.0312731266022
0.0312421321869
0.0305829048157
0.0393359661102
0.00739908218384
0.0321140289307
0.0308330059052
0.0245931148529
0.0334751605988
0.0320730209351
0.0321719646454
0.0311119556427
0.0294511318207
0.0321941375732
0.0308539867401
0.0327928066254
0.160764932632
0.152924060822
0.155564069748
0.156600952148
0.15562081337
0.185806035995
0.15628194809
0.14909696579
0.167237043381
0.165252923965
0.160286903381
0.15486907959
0.179510116577
0.148512125015
0.153398990631
0.152075052261
0.153520107269
0.165096998215
0.158612966537
0.165331125259
0.187105894089
0.156822919846
0.151532888412
0.151061058044
0.154304027557
0.15623998642
0.154544115067
0.152981996536
0.15366101265
0.160056114197
0.00716996192932
0.0400540828705
0.0326178073883
0.0311238765717
0.0291550159454
0.0316162109375
0.0313630104065
0.029128074646
0.0319621562958
0.0275540351868
0.0295770168304
0.0289959907532
0.0466940402985
0.20975112915
0.199320077896
0.222551822662
0.190354824066
0.165653944016
0.0197451114655
0.00446200370789
0.00320792198181
0.00418186187744
0.00362300872803
0.00543284416199
0.823328971863
0.712527036667
0.704746961594
0.682217121124
0.675141096115
0.710875988007
0.671043157578
0.671607017517
0.68860578537
0.00708913803101
0.0349040031433
0.0266380310059
0.0257539749146
0.0291800498962
0.0315840244293
0.00721406936646
0.0364260673523
0.0247731208801
0.0231261253357
0.0273129940033
0.036612033844
0.710373163223
0.662024021149
0.701729774475
0.712685823441
0.695785045624
0.718347072601
0.68253993988
0.696106910706
0.704894065857
0.172423124313
0.159922838211
0.150210857391
0.159435987473
0.154662132263
0.156076908112
0.164877176285
0.176054000854
0.154469966888
0.163640975952
0.157411813736
0.169903993607
0.167219877243
0.153855800629
0.251439094543
0.165944814682
0.16450214386
0.159162998199
0.15460395813
0.163176059723
0.162482976913
0.162940979004
0.168069124222
0.158521175385
0.33348608017
2.4739511013
2.41001605988
0.00884199142456
0.0324549674988
0.0272109508514
0.0271911621094
0.0269730091095
0.0242419242859
0.163223981857
0.166256904602
0.172034025192
0.171728849411
0.17342710495
0.160259008408
0.160982131958
0.156023979187
0.152934074402
0.154451847076
0.172736883163
0.153920173645
0.691409111023
0.689635038376
0.698056936264
181.001246929
0.706443071365
0.695286035538
0.722415924072
0.751950979233
0.721388101578
0.703172922134
0.69158911705
0.698340892792
0.682708024979
0.679556846619
0.679636001587
0.697304010391
0.709275960922
0.699962854385
0.00874710083008
0.0341529846191
0.0250310897827
0.029452085495
0.0267219543457
0.0321869850159
0.943617105484
0.837510108948
0.884639024734
0.793997049332
0.660317182541
1.19208192825
0.0375049114227
0.237987041473
0.26877617836
0.0798869132996
0.154390096664
0.144711971283
1.68400812149
1.51061820984
1.45732188225
1.81275892258
1.66638803482
1.96411991119
1.39779686928
3.0447280407
2.52043819427
3.03389906883
3.03041291237
2.39679408073
0.0831310749054
0.246255159378
0.211256027222
0.292536020279
180.439908028
0.170612812042
0.730542182922
0.653693199158
0.736207008362
0.853354930878
0.852563858032
0.896506071091
2.18802905083
2.16255092621
2.09452486038
1.70442581177
2.16169595718
2.17467594147
0.22209405899
0.356825113297
0.296994924545
0.0911610126495
0.233140945435
0.212899923325
0.305783987045
0.394009113312
0.350467920303
0.245949983597
0.242900133133
0.251170873642
0.106455802917
0.240777015686
0.221099853516
0.207398891449
0.152723073959
0.289245128632
0.0465521812439
0.189261198044
0.169537067413
0.178303003311
0.240386009216
0.172408103943
1.27927184105
180.371432781
0.660443067551
0.678264856339
0.535315036774
0.666347026825
1.17570400238
1.02393007278
1.39218497276
1.91267681122
1.69428014755
1.4582901001
3.02761507034
2.16162395477
2.53067398071
2.17096304893
2.5068089962
2.5223839283
1.38652610779
1.10742306709
1.37389683723
1.16681003571
1.08452320099
1.38443517685
1.07500505447
0.653725147247
0.596796989441
1.12235784531
1.00790405273
1.08634901047
0.00366115570068
0.00163292884827
0.0126180648804
0.00619411468506
0.00777006149292
0.00647401809692
0.0405302047729
0.00775384902954
0.00512194633484
0.00451993942261
0.00456786155701
0.00211596488953
0.0308649539948
0.00933909416199
0.0129969120026
0.00857591629028
0.00445294380188
0.125617027283
0.00804591178894
0.00547099113464
0.0046808719635
0.0223560333252
0.268383979797
0.337865114212
0.239506006241
0.421059131622
0.220042943954
0.448932886124
0.00580096244812
0.00796103477478
0.00492596626282
0.00388813018799
0.005038022995
0.0332679748535
0.016270160675
0.00898694992065
0.00735998153687
0.00815486907959
0.505571842194
0.00663208961487
0.00446200370789
0.00525498390198
0.0121018886566
0.00497984886169
0.00438213348389
0.0108211040497
0.00586581230164
0.00692105293274
0.00956010818481
0.00955700874329
0.391550064087
0.443557024002
0.447520017624
0.367480039597
0.348651885986
0.280817985535
0.141716957092
0.0534038543701
0.0532519817352
0.0775120258331
0.439676046371
0.356977939606
0.14674782753
0.169972896576
0.281785011292
0.250528097153
0.10272693634
0.240990161896
0.189740180969
0.112442970276
0.256649971008
0.146525144577
0.760001182556
0.202358007431
0.0256788730621
0.0673530101776
0.00834989547729
0.0853979587555
0.07599401474
0.401803016663
1.52753186226
1.04118704796
1.10449504852
1.55512595177
1.19384503365
1.49762487411
0.189265012741
0.110147953033
0.0382170677185
0.017077922821
0.0249681472778
0.0173110961914
0.0689980983734
0.021742105484
0.0829029083252
0.0399007797241
0.0269191265106
0.0340969562531
0.0706498622894
0.00862002372742
0.0123929977417
0.0304479598999
0.0541429519653
0.00988602638245
0.00594305992126
0.00879096984863
0.0130989551544
0.00593709945679
0.00499796867371
0.00561308860779
0.00982403755188
0.420260906219
0.740859031677
0.809824943542
0.951585054398
0.965376853943
0.907255887985
0.910259962082
0.0242149829865
0.0355699062347
0.0184910297394
0.0117280483246
0.103903055191
0.417440891266
0.0817410945892
0.236481904984
0.113363981247
0.0814139842987
0.0298211574554
0.310168027878
2.01530599594
2.04586696625
0.7070748806
0.623777151108
0.690737009048
0.702239990234
0.813933134079
0.816859006882
0.643960952759
0.359399080276
0.415973186493
0.739393949509
0.503692865372
0.65841293335
0.0794861316681
0.0346190929413
0.00829601287842
0.0546698570251
0.0430629253387
0.02876496315
0.0875930786133
0.0279741287231
0.0262491703033
0.0488440990448
0.0623989105225
0.0339319705963
0.115998029709
0.0303380489349
0.0305750370026
180.36381197
0.0137948989868
0.21066403389
0.351801872253
0.38303399086
0.345541954041
0.137326002121
0.297564983368
0.534193992615
0.0803499221802
0.0735809803009
0.164337873459
0.126304864883
0.106151103973
0.092865228653
0.861652135849
1.17057394981
0.772473096848
1.2685739994
1.02061200142
1.01026296616
0.00591492652893
0.00584292411804
0.00537800788879
0.0047299861908
0.00521993637085
0.00457215309143
0.00289607048035
0.00261902809143
0.00271916389465
0.00268507003784
0.0950798988342
0.143251180649
0.141456127167
0.146821022034
0.128164052963
0.141036987305
0.132134914398
0.151225090027
0.124636173248
0.135187864304
0.134442090988
0.153995990753
0.126075029373
0.455198049545
0.315397024155
0.105198860168
0.58907699585
0.140516042709
0.301632881165
0.507543087006
0.218204021454
0.241169929504
0.280122041702
0.247340917587
0.164324045181
0.0925409793854
0.0258519649506
0.0251190662384
0.0239429473877
0.0122580528259
0.0112419128418
0.0738570690155
0.0537860393524
0.029755115509
0.0147728919983
0.0125517845154
0.0120809078217
1.28376102448
1.16307997704
1.27026605606
1.53166985512
1.16629695892
1.0234849453
0.728034973145
0.0562889575958
0.109016895294
0.424457073212
0.321918010712
0.365607023239
0.730558156967
0.670013904572
0.609255075455
0.752446174622
0.919694900513
0.702940940857
0.274019956589
0.214523077011
0.31103682518
0.347085952759
0.312174081802
0.183674097061
0.406366825104
0.514219999313
0.267684221268
0.152439117432
0.414380073547
1.56100702286
0.00592112541199
0.0100381374359
0.00472688674927
0.00548195838928
0.00330805778503
0.00385904312134
0.00466299057007
0.003830909729
0.0176239013672
0.118762016296
0.0464668273926
0.0405550003052
0.067626953125
0.0425419807434
0.125188112259
0.0942561626434
0.0524001121521
0.151678800583
0.0256600379944
0.0158100128174
0.0235660076141
0.0076630115509
0.0109519958496
0.00640296936035
0.00570917129517
0.00586700439453
0.0156440734863
0.0107190608978
0.00801181793213
0.0107088088989
0.595299005508
0.819700956345
0.305402040482
0.307467937469
0.234522104263
0.25501704216
0.415660142899
0.144667863846
0.236340045929
0.267577886581
0.0607991218567
0.702322006226
0.562552928925
0.51876616478
0.49390912056
0.543137073517
0.520530939102
0.0177819728851
0.0109250545502
0.0082061290741
0.00952696800232
0.0101120471954
0.00686120986938
0.0346250534058
0.00543403625488
0.0189509391785
180.63579917
0.211198091507
0.136981010437
0.205843925476
0.0748381614685
0.172116994858
0.120946884155
0.0138411521912
0.0305709838867
0.0221087932587
0.0148298740387
0.0154459476471
0.652118206024
0.091178894043
0.418105840683
0.27760887146
0.0321359634399
0.00792002677917
0.0344038009644
0.0278189182281
0.0308980941772
0.0347630977631
0.0232348442078
0.0811831951141
0.0468888282776
0.0464768409729
0.029983997345
0.0503559112549
0.0490870475769
0.0140919685364
0.0139300823212
0.0172431468964
0.0143179893494
0.012836933136
0.0101041793823
0.128308773041
0.100435018539
0.0521168708801
0.032655954361
0.0229179859161
0.0217020511627
0.00600600242615
0.00915503501892
0.00722289085388
0.00655198097229
0.00694799423218
0.00724101066589
0.0269560813904
0.0230851173401
0.418319940567
0.276717185974
0.248807907104
0.25709104538
1.48381304741
1.08200502396
0.767552137375
1.26414704323
0.854119062424
0.893794059753
0.901572942734
1.1754860878
0.00318002700806
0.00291585922241
0.00521397590637
0.00539898872375
0.00637197494507
0.00268292427063
0.0109519958496
0.00929594039917
0.0117430686951
0.00696802139282
0.00786113739014
0.00813293457031
0.00627994537354
0.00723600387573
0.0117409229279
0.0755369663239
0.00423407554626
0.00748801231384
0.00999307632446
0.00819301605225
0.00636410713196
0.00695705413818
0.807606935501
0.319133043289
0.802839994431
0.782366037369
0.679657936096
0.58037686348
0.0684320926666
0.0387079715729
0.0301561355591
0.0153520107269
0.0330510139465
0.0566298961639
0.0126991271973
0.023206949234
0.350831031799
0.0964198112488
0.0144000053406
0.0649218559265
0.014573097229
0.0495529174805
0.026939868927
0.0137798786163
0.0130360126495
0.00995111465454
0.0169298648834
0.00919413566589
0.00983691215515
0.015025138855
0.00947618484497
0.00850391387939
0.00931310653687
0.00948786735535
0.00836396217346
0.00947713851929
0.01495885849
0.0116531848907
0.0129060745239
0.0105421543121
0.00920295715332
0.0126399993896
0.0312831401825
0.0292189121246
0.028018951416
0.988545894623
0.722757101059
0.495764970779
0.489630937576
0.638219833374
0.897925138474
0.253866910934
0.299822092056
0.47753405571
0.38468003273
0.589188814163
0.486346960068
0.387335062027
0.848239183426
0.691758871078
0.608588933945
0.572489976883
0.633369922638
0.508925914764
0.42213511467
0.0586709976196
0.0415499210358
0.0382449626923
0.0195300579071
0.0217509269714
0.0293159484863
0.345952987671
0.226534128189
0.21835899353
0.269913196564
0.121742963791
0.672883033752
2.51769900322
1.59054708481
1.73840093613
1.78607916832
1.91350293159
2.13968491554
0.321208000183
0.125289201736
0.173900842667
0.15935087204
0.0631039142609
0.0740520954132
0.525722980499
0.355092048645
0.0991179943085
0.17723107338
0.121472120285
0.0857172012329
0.204830169678
0.0141150951385
0.0223879814148
0.0144231319427
0.00929188728333
0.0214538574219
0.0133719444275
0.0248601436615
0.0139899253845
0.0149109363556
0.00808191299438
0.00992894172668
0.0242741107941
0.0982718467712
0.0500509738922
0.0335700511932
0.0376169681549
0.0156190395355
0.0323488712311
1.39394712448
1.09529805183
1.17142009735
1.62729620934
0.968993902206
0.704586029053
0.724324941635
0.724107027054
0.719079971313
0.716023921967
0.706353187561
0.727063894272
0.721150875092
0.723153829575
0.730896949768
0.692440986633
0.702641963959
0.711928844452
0.712092161179
0.719265937805
0.706300020218
0.738717079163
0.699243068695
0.182872056961
0.11213183403
0.0600099563599
0.0715999603271
0.12580704689
0.0729780197144
0.0270020961761
0.0436630249023
0.822165966034
0.21119093895
0.440572977066
0.533571958542
0.551876068115
0.460540056229
0.0197911262512
0.0296258926392
0.0143179893494
0.0161139965057
0.0498080253601
0.0666179656982
0.26577091217
1.93029093742
1.89649200439
0.808653116226
0.61488699913
0.910101175308
0.525521039963
0.66694188118
0.947329998016
0.463369131088
1.09288406372
0.0617938041687
0.0326590538025
0.0276069641113
0.0275640487671
0.181211948395
0.0187239646912
0.0473110675812
0.0191991329193
0.185706138611
0.0211298465729
0.0128209590912
0.0166680812836
0.0131800174713
0.0135109424591
0.0129508972168
0.483199119568
0.253550052643
0.23379778862
0.421070098877
0.308135986328
0.22275185585
0.00922989845276
0.0172190666199
0.0138058662415
0.0128998756409
0.0302758216858
0.0122530460358
0.0229909420013
0.0443592071533
0.0290670394897
0.0237910747528
0.0201981067657
0.0142300128937
0.0162529945374
0.0202171802521
0.0159759521484
0.0163660049438
0.0117509365082
0.0114920139313
0.0129389762878
0.0126309394836
0.0137701034546
0.0150640010834
0.0115640163422
0.0164902210236
0.013631105423
0.0109550952911
0.0110659599304
0.671999931335
0.664211988449
0.897255182266
0.804942131042
0.891996860504
0.6937251091
0.00379395484924
0.002690076828
0.00347304344177
0.00435614585876
0.00691103935242
0.0348560810089
0.0350210666656
0.0260660648346
0.0312728881836
0.0251450538635
0.853660821915
0.611364841461
0.722456932068
0.804527997971
0.720143079758
0.873104810715
0.0343241691589
0.0424218177795
0.0268630981445
0.0290579795837
0.0120837688446
0.0251779556274
0.208165168762
0.0630741119385
0.0205459594727
0.0449090003967
0.0463099479675
0.0738399028778
0.0426888465881
0.0219058990479
0.00808191299438
0.0262699127197
0.00386595726013
0.026566028595
0.015967130661
0.011864900589
0.0235288143158
0.0187699794769
0.0130829811096
0.0263979434967
0.0124878883362
0.0148811340332
0.144314050674
0.016252040863
0.128670930862
0.00746989250183
0.0102870464325
0.0318620204926
0.168246984482
1.18161606789
0.91246509552
0.851938962936
1.30265712738
1.01986002922
1.02103590965
0.952684879303
0.440498113632
0.951840877533
0.691756010056
0.516902923584
0.382845878601
0.461400985718
0.141510009766
0.0375859737396
0.298887968063
0.253546953201
0.20055603981
0.0164201259613
0.0689768791199
0.0439939498901
0.0702369213104
0.0428810119629
0.0261700153351
0.336225986481
2.14191603661
2.01488900185
0.856825828552
0.692995071411
0.679115056992
0.577341079712
0.667970180511
0.773395061493
0.315272808075
2.03836488724
2.07932496071
1.08928799629
0.947485923767
0.768145084381
0.596182107925
0.830892086029
1.28284692764
0.0212490558624
0.0602049827576
0.0345029830933
0.018345117569
0.0147550106049
0.0235741138458
0.0028350353241
0.00302195549011
0.0028920173645
0.00317192077637
1.18558216095
0.890094995499
1.15272498131
0.944554805756
0.946408033371
1.08656692505
0.853382825851
0.487649917603
1.08518004417
0.747709035873
0.913171052933
1.23391103745
0.0516250133514
0.033417224884
0.0313510894775
0.105854988098
0.052551984787
0.013023853302
0.0205528736115
0.0133218765259
0.0179839134216
0.0178239345551
0.646811008453
0.0389709472656
0.319987773895
0.061007976532
0.0512201786041
0.384098052979
0.0377631187439
0.0252311229706
0.0118298530579
0.0282502174377
0.0031909942627
0.00863289833069
0.00921607017517
0.00873899459839
0.00802803039551
0.00797700881958
0.0209147930145
1.18381905556
0.707990884781
0.746681928635
0.847487211227
0.93714594841
0.800275087357
0.497898817062
0.573423862457
0.276834011078
0.353492021561
0.35174703598
0.412232875824
0.74099111557
0.70881986618
0.669764041901
0.71993303299
0.695693969727
0.754166841507
1.4358317852
0.767127037048
0.758614063263
0.733187913895
0.771426200867
0.781060934067
0.732129096985
0.772256851196
0.708369016647
0.716903209686
0.0552201271057
0.0104229450226
0.0107378959656
0.00686192512512
0.0100078582764
0.00567817687988
0.0102190971375
0.00682902336121
0.00763702392578
0.00652980804443
0.00467085838318
0.00668692588806
0.813184022903
0.800780057907
1.01649093628
1.26188898087
1.02472090721
1.09325098991
0.910935878754
0.673820018768
0.758245944977
0.571082830429
0.636348009109
0.474246025085
0.0322079658508
0.0101599693298
0.0217771530151
0.0167047977448
0.0109088420868
0.00740909576416
0.04789686203
0.0231750011444
0.0354070663452
0.0207381248474
0.0236079692841
0.0174310207367
0.150948047638
0.13255906105
0.0957729816437
0.105967998505
0.117336988449
0.0960299968719
0.0232121944427
0.0294909477234
0.0909380912781
0.0115170478821
0.0105409622192
0.00808596611023
0.0773978233337
0.164944171906
0.0389130115509
0.0280420780182
0.0545129776001
0.125591993332
0.0117919445038
0.00775384902954
0.0117268562317
0.0143938064575
0.00487995147705
0.00916314125061
0.0222101211548
0.0361099243164
0.760541915894
0.667433977127
0.859709978104
0.525662899017
0.715543031693
0.46817612648
0.270005941391
0.0305738449097
0.064032793045
0.0701777935028
0.0775539875031
0.0800559520721
0.00866103172302
0.00895595550537
0.0120449066162
0.00600719451904
0.00592494010925
0.00738382339478
1.37459492683
1.18451690674
1.01830601692
1.13063001633
0.852126121521
0.893911123276
0.642150163651
0.667706012726
0.631755828857
0.772026062012
0.616777181625
0.668852090836
0.205712080002
0.11439704895
0.0865919589996
0.0258028507233
0.0366477966309
0.0512080192566
0.00774884223938
0.0366699695587
0.031103849411
0.0297470092773
0.0266840457916
0.0280678272247
0.00756907463074
0.0210020542145
0.00972104072571
0.0179090499878
0.0193839073181
0.0114798545837
1.12690782547
180.375854969
0.784420013428
0.820815086365
0.738041877747
1.27948021889
1.32133698463
0.844242095947
1.01818704605
1.03954410553
1.05126595497
0.00744700431824
0.00746297836304
0.00727295875549
0.00828003883362
0.00711584091187
0.00843381881714
0.0252990722656
0.0379481315613
0.0332090854645
0.0248439311981
0.0187540054321
0.020751953125
0.17716217041
0.116539001465
0.0521328449249
0.0196490287781
0.00913095474243
0.00821208953857
0.00793504714966
0.00994205474854
0.081670999527
0.486221075058
0.0838229656219
0.096079826355
0.207619905472
0.116839885712
0.0444431304932
0.0608830451965
0.109810829163
0.0531911849976
0.0446209907532
0.150069952011
0.0661361217499
0.420958995819
0.422793149948
0.127765893936
0.113178014755
0.209152936935
0.0324509143829
0.0158779621124
0.00648713111877
0.00745296478271
0.00525999069214
0.00418877601624
0.00457882881165
0.0111150741577
0.0101370811462
0.0085289478302
0.0080099105835
0.0115699768066
0.00867199897766
0.0280890464783
0.0150210857391
0.0118470191956
0.0189681053162
0.0108861923218
0.0120849609375
0.0196318626404
0.0176379680634
0.0082859992981
0.00994777679443
180.37845397
0.0242450237274
0.0144090652466
0.0240669250488
0.0126807689667
0.0189452171326
0.0216221809387
0.00692701339722
0.842330932617
0.618585109711
0.436036109924
0.489526987076
0.651489973068
0.455585956573
0.30539393425
0.189175844193
0.477140903473
0.626857042313
0.40175485611
0.430998086929
0.846871137619
0.805070161819
0.234956979752
0.430370092392
0.264683961868
0.282739162445
0.25452709198
0.150815010071
0.550687074661
0.178461074829
0.101940155029
0.177860021591
1.25661611557
0.809791088104
0.710394859314
1.62359404564
0.906344890594
0.734032869339
0.845244169235
0.735953807831
0.600933074951
180.490900993
0.0535390377045
0.0251779556274
0.0300788879395
0.0116131305695
0.0153949260712
0.00873804092407
0.0507280826569
0.0132200717926
0.0131168365479
0.0327298641205
0.0267808437347
0.429573059082
0.00868892669678
0.0129370689392
0.0121109485626
0.0119822025299
0.0121171474457
0.0102741718292
0.347455978394
0.0993638038635
0.0951988697052
0.00884819030762
0.234730005264
0.124303817749
0.745402097702
0.6119389534
0.509825944901
0.578954935074
0.822466850281
0.851077079773
0.806006908417
0.430229902267
0.397665023804
0.493564128876
0.447417020798
1.3903439045
0.30158495903
0.265576839447
0.104306221008
0.0683469772339
0.105507135391
0.130167007446
0.0186021327972
0.0238511562347
0.02481508255
0.0145289897919
0.0124549865723
0.0115160942078
0.0180628299713
0.0143258571625
0.0187048912048
0.014340877533
0.0109870433807
0.0103719234467
0.475588798523
0.375633955002
0.161387205124
0.234890937805
0.147243976593
0.341924905777
0.0141501426697
0.00986409187317
0.00866007804871
0.0134680271149
0.00730800628662
0.0063579082489
0.0495181083679
0.0558359622955
0.0400359630585
0.0351350307465
0.158103942871
0.027792930603
1.146930933
0.515105009079
0.385295152664
0.758667945862
0.480942964554
1.09180188179
0.114036798477
0.075786113739
0.0668411254883
0.0679578781128
0.0387599468231
0.0574190616608
0.00897979736328
0.0938909053802
0.0447671413422
0.0244290828705
0.0320179462433
0.0209619998932
0.0879640579224
0.0214018821716
0.0105018615723
0.0152969360352
0.0410349369049
0.0309369564056
0.543426990509
0.0843040943146
0.597773075104
0.0653221607208
0.069650888443
0.167327880859
0.0567150115967
0.0195751190186
0.0107247829437
0.0265600681305
0.00905299186707
0.0147659778595
0.0138969421387
0.00666284561157
0.0180377960205
0.0187301635742
0.0129461288452
0.0387449264526
0.0126190185547
0.274791955948
0.25146317482
0.137355089188
0.269058942795
0.228288173676
0.083240032196
1.1336171627
0.84706401825
1.30225992203
0.915635108948
1.21721506119
1.20815110207
0.532474994659
0.23602104187
0.332104206085
0.195561170578
0.202841997147
0.290508031845
0.0313730239868
0.00557804107666
0.00722312927246
0.00846004486084
0.00566601753235
0.0665059089661
0.0113120079041
0.0595259666443
0.0387010574341
0.0263731479645
0.00756406784058
0.0410361289978
0.0109958648682
0.00545907020569
0.449053049088
0.19683599472
0.113205194473
0.0310969352722
0.0771119594574
0.152280807495
0.818165063858
0.134029150009
0.554716110229
0.0692181587219
0.291584014893
0.158620834351
0.134739160538
0.204321146011
0.139194011688
0.138868093491
0.201019048691
0.154643058777
0.0328419208527
0.0169801712036
0.0218200683594
0.0467309951782
0.00843000411987
0.0408480167389
0.684635877609
0.387597799301
0.236563920975
0.119064807892
0.297892808914
0.0694649219513
0.195298910141
0.137456893921
0.827934026718
0.0445868968964
0.014683008194
0.018294095993
0.0533640384674
0.00874400138855
0.00955581665039
0.0133240222931
0.00927400588989
0.0184650421143
0.0124959945679
0.034863948822
0.343538999557
0.0495009422302
0.0422728061676
0.135056018829
0.0833029747009
0.088180065155
0.727841854095
0.892544031143
0.60643696785
0.711245775223
1.08352518082
0.00960803031921
0.00726699829102
0.00711798667908
0.00428700447083
0.00467491149902
0.0426919460297
0.0399498939514
0.0114510059357
0.00931811332703
0.0165448188782
0.00460815429688
0.151961803436
0.0278210639954
0.0278060436249
0.0619778633118
0.0326941013336
0.0657081604004
0.0131499767303
0.019248008728
0.0207040309906
0.106333017349
0.030543088913
0.0143070220947
0.174614906311
0.172793149948
0.230111837387
0.108039855957
0.0271339416504
0.0820381641388
0.0208690166473
0.0167078971863
0.0164380073547
0.00966596603394
0.0211958885193
0.0144150257111
0.692850112915
0.567828893661
0.718487977982
0.614881038666
0.737580060959
0.74987411499
0.400033950806
0.685013055801
0.801569223404
0.605643987656
0.024472951889
0.0163400173187
0.0117380619049
0.0132930278778
0.0128631591797
0.0152490139008
0.0227251052856
0.093024969101
0.00837588310242
0.0191190242767
0.00819683074951
0.00512504577637
0.719390153885
0.598062038422
0.428051948547
0.249511957169
0.706399917603
0.673812866211
0.0178570747375
0.00694513320923
0.00729918479919
0.0110599994659
0.00650000572205
0.111327886581
0.734621047974
0.87077498436
0.846867084503
1.02485609055
0.743849039078
1.09407901764
1.52502298355
1.25792312622
1.37271499634
1.34623193741
1.25957393646
1.18467283249
0.849628925323
0.860801935196
0.728274822235
0.61253285408
0.665798902512
0.286018133163
0.055802822113
0.0577569007874
0.115059137344
0.0548090934753
0.0653359889984
0.0370771884918
0.0825088024139
0.0185520648956
0.0532569885254
0.0412049293518
0.0631370544434
0.0660998821259
0.0120301246643
0.0314080715179
0.0115520954132
0.0110290050507
0.0107359886169
0.00999999046326
0.435571908951
0.183080911636
0.357583999634
0.408795833588
0.375458955765
0.33113694191
0.119352817535
0.251703023911
0.0768370628357
0.239024162292
0.781111001968
1.12372088432
0.467535972595
0.337224006653
0.662670850754
0.517596960068
0.595869064331
0.170575857162
0.0817308425903
0.0530261993408
0.0856320858002
0.0709569454193
0.192932844162
0.18621301651
0.062203168869
0.138514995575
0.153417110443
0.0322349071503
0.461582183838
0.183120965958
0.073832988739
0.20760011673
0.191715955734
0.128838062286
0.0311479568481
0.10959482193
0.119149923325
0.150858163834
0.17964887619
0.190969944
0.0876200199127
0.914964914322
0.505830049515
0.598494052887
0.54442191124
0.602020978928
0.526280164719
0.0151469707489
0.0102450847626
0.0879008769989
0.0081799030304
0.00749683380127
0.00928282737732
0.241312980652
0.15004491806
0.086578130722
0.128937005997
0.078528881073
0.0484178066254
0.0126411914825
0.00922799110413
0.00878000259399
0.00806403160095
0.0090651512146
0.0107271671295
0.27321600914
0.244827985764
0.259048938751
0.183247804642
0.10315489769
0.191201925278
0.0731229782104
0.0459249019623
0.0627191066742
0.0987989902496
0.0213630199432
0.0478010177612
0.00296998023987
0.00338101387024
0.00321984291077
0.00364303588867
0.00356197357178
0.0051908493042
0.61821603775
1.01629090309
0.844921827316
1.0363650322
0.876173973083
180.5383389
0.813976049423
0.636081933975
0.799002885818
0.895092010498
0.728248119354
0.798732042313
0.00942897796631
0.00949597358704
0.00963807106018
0.00829100608826
0.0117080211639
0.00798296928406
0.850694179535
1.08377313614
1.25775909424
1.27033090591
1.50917577744
1.16833591461
0.566042900085
0.466804027557
0.356824874878
0.0721559524536
0.271589994431
0.134821176529
0.109012126923
0.14981508255
0.138230800629
0.762450933456
0.450433969498
0.637041091919
0.860713005066
0.849454879761
1.01880407333
0.772727966309
0.695530891418
0.953373908997
0.811191082001
0.905716180801
0.960969209671
0.65426492691
0.220527172089
0.180188894272
0.261788129807
0.512266874313
0.773990869522
0.434172868729
0.291270971298
0.285815000534
0.424107789993
0.117136001587
0.182749986649
1.10393977165
1.17229413986
0.955484867096
181.139946938
1.60359311104
0.127641201019
0.156779050827
0.054132938385
0.0705239772797
0.144747972488
0.222208976746
0.508261919022
0.705397844315
0.312304973602
0.277552843094
0.238156080246
0.483810901642
0.351698875427
0.243004083633
180.826580048
0.22724199295
0.07084608078
0.0261600017548
0.0118169784546
0.0392529964447
0.0546388626099
0.669433832169
0.706569910049
0.564697027206
0.697772979736
0.70977306366
0.61581993103
0.485230922699
0.369587898254
0.381844043732
0.571573972702
0.625931978226
0.63813495636
0.0184049606323
0.00445199012756
0.0103280544281
0.00735902786255
0.0352299213409
0.959981918335
0.707473993301
0.676081895828
0.642519950867
0.674535989761
0.732537031174
0.902981996536
0.903425931931
0.699826002121
0.691965818405
0.492105007172
0.606721878052
0.563384056091
0.473861932755
0.0200781822205
0.00778198242188
0.0118269920349
0.010635137558
0.00462102890015
0.00538492202759
0.493108987808
0.381427049637
0.0702219009399
0.164107084274
0.302766084671
0.157211065292
0.0810790061951
0.0363080501556
0.038703918457
0.387988090515
0.699615001678
0.808387994766
0.669092178345
0.778270959854
0.456836938858
0.917617797852
0.108831882477
0.0193250179291
0.00845003128052
0.0612819194794
0.0178031921387
0.0488719940186
1.89133381844
1.88358998299
1.51634597778
1.6870970726
1.68092107773
180.50169611
0.287992954254
0.0870380401611
0.0652441978455
0.0992639064789
0.0663778781891
0.0572831630707
0.196453809738
0.109553098679
0.0959920883179
0.0429420471191
0.0340769290924
0.0286560058594
0.0561211109161
0.0312070846558
0.0357069969177
0.0352461338043
0.068146944046
0.126431941986
0.850672960281
0.722538948059
0.801716089249
0.640592098236
1.0723130703
2284.30675602
0.145550012589
0.0298309326172
0.0721819400787
0.0712521076202
0.0191860198975
0.0650248527527
1.17742800713
1.52029204369
1.27545595169
1.69234418869
1.16898989677
1.1739320755
0.70427107811
0.403730869293
0.118349790573
0.139950990677
0.134540081024
0.113212108612
0.0123770236969
0.00621700286865
0.0057590007782
0.0123767852783
0.00413990020752
0.00411200523376
0.00436210632324
0.0290079116821
0.00718116760254
0.0145411491394
0.00831413269043
0.0260939598083
0.0130138397217
0.00984907150269
0.0144789218903
0.0102009773254
0.486320972443
0.476897954941
0.310516119003
0.212660074234
0.17650103569
0.180514097214
1.28414702415
0.0343339443207
0.02969789505
0.0115990638733
0.0127818584442
0.0157170295715
0.0222659111023
0.774370193481
0.613606214523
0.621193885803
0.320461988449
0.410198926926
0.594654798508
0.00530505180359
0.0040488243103
0.00368499755859
0.00740194320679
0.00421595573425
0.0346429347992
0.595155954361
0.652055978775
0.639254808426
0.720351934433
0.56823015213
0.792289018631
0.0163400173187
0.0154778957367
0.0343911647797
0.019061088562
0.0128691196442
0.0233688354492
0.0277669429779
0.0467319488525
0.0187239646912
0.0128290653229
0.0419249534607
0.00952100753784
0.011803150177
0.00679802894592
0.00909399986267
0.235635995865
0.0716819763184
0.173028945923
0.110774993896
0.173009157181
0.141980171204
0.642134904861
0.721827030182
0.752578020096
0.680721998215
0.594768047333
0.491478919983
0.133238077164
0.136429786682
0.0420200824738
0.205243110657
0.0565948486328
0.0502262115479
0.0561289787292
0.105698108673
0.113890886307
0.0214757919312
0.107386827469
0.0642659664154
0.116119861603
0.0945129394531
0.485020875931
0.00956797599792
0.0127959251404
0.010293006897
0.0106680393219
0.0104539394379
0.0120820999146
0.662486076355
0.437216997147
0.411348104477
0.518279790878
0.3211581707
0.399449825287
0.37228012085
0.348149061203
0.109136819839
0.133895874023
0.21940612793
0.248010873795
0.602239131927
0.0121831893921
0.0110499858856
0.0123960971832
0.00605487823486
0.00507807731628
0.0123419761658
0.00492906570435
0.0119199752808
0.00881791114807
0.0407240390778
0.00538897514343
0.0349869728088
0.113584041595
0.0657408237457
0.157926082611
0.0540399551392
0.0496728420258
0.103021144867
1.7017159462
0.993566989899
1.08337497711
1.24515604973
1.21065187454
181.277078867
0.244378805161
0.090873003006
0.12940788269
0.0510549545288
0.11953997612
0.0665068626404
0.0853769779205
0.0466527938843
0.67832493782
0.00440382957458
0.00311303138733
0.00441479682922
0.00349402427673
0.00213599205017
0.00741386413574
0.00717282295227
0.0130259990692
0.00682902336121
0.00592017173767
0.00634598731995
0.030287027359
0.0168991088867
0.00615906715393
0.0114538669586
0.0124878883362
0.0112929344177
0.530457019806
0.315050125122
0.129025936127
0.343763113022
0.283617019653
0.304874897003
0.174314022064
0.0930089950562
0.130748033524
0.0837759971619
0.0355770587921
0.0701260566711
0.0076858997345
0.0352389812469
0.0269589424133
0.0261611938477
0.026239156723
0.0332629680634
0.019926071167
0.0110700130463
0.0113310813904
0.00573492050171
0.00721192359924
0.00610589981079
0.521214962006
0.307244062424
0.324920892715
0.0509560108185
0.0268898010254
0.0116078853607
0.0136380195618
0.012687921524
0.0127022266388
0.0200979709625
0.00847506523132
0.00741791725159
0.267731904984
0.028391122818
0.0254259109497
0.017725944519
0.00977611541748
0.013160943985
0.0422141551971
0.0179340839386
0.0772540569305
0.0168480873108
0.0746018886566
0.211859941483
0.134764194489
0.0716300010681
0.0786731243134
0.0736839771271
0.126932144165
0.123774051666
0.0809168815613
0.0505928993225
0.00815296173096
0.0384299755096
0.102212190628
0.0373818874359
0.0274140834808
0.103163003922
0.0146450996399
0.0190958976746
0.300312042236
0.0178308486938
0.081207036972
0.0199639797211
0.395046949387
0.772376060486
0.769256830215
0.69220495224
0.756025075912
0.803228855133
1.10135412216
0.514230966568
0.268691062927
0.412395000458
0.317511796951
0.266853809357
0.267153978348
0.141530990601
0.0711839199066
0.0551640987396
0.0271379947662
0.0395379066467
0.0296111106873
1.21511697769
0.751847982407
0.590896129608
0.753139019012
0.623468875885
0.996339082718
1.39072608948
0.995562076569
0.79222202301
0.750309944153
1.07576990128
1.07749390602
0.00765490531921
0.00812602043152
0.00598907470703
0.00843811035156
0.00641202926636
0.00586295127869
0.0312581062317
0.0325109958649
0.00925612449646
0.01602602005
0.0174930095673
0.0147700309753
0.013356924057
0.00924015045166
0.0224578380585
0.0261290073395
0.0296919345856
0.0120098590851
0.54608798027
0.353234052658
0.235610961914
0.322337150574
0.293004989624
0.812520027161
0.561393976212
0.183187961578
0.0750370025635
0.112480163574
0.222496032715
0.0164558887482
0.164035081863
0.154428005219
0.188606977463
0.014151096344
0.0884299278259
0.160495042801
2.16678500175
1.51225686073
2.18504619598
1.167552948
0.0230910778046
0.00840997695923
0.00828194618225
0.0085289478302
0.00966191291809
0.0122780799866
0.569210767746
0.616050004959
0.495527982712
0.437992095947
0.573215961456
0.617610931396
0.0172798633575
0.00687980651855
0.00942897796631
0.00669598579407
0.00922894477844
0.0621268749237
0.00859999656677
0.0078661441803
0.0818660259247
0.0200979709625
0.0225260257721
0.0230379104614
0.023964881897
0.0166351795197
0.0320470333099
0.670049905777
0.850867986679
1.37849497795
1.33258414268
0.963096857071
0.322137117386
0.18199801445
0.1169090271
0.162332057953
0.0625319480896
0.0268919467926
0.00541400909424
0.00747299194336
0.0133078098297
0.00938510894775
0.00372886657715
0.00134110450745
0.304045915604
0.0977129936218
0.17049908638
0.182872056961
0.0950410366058
0.153985023499
0.226869106293
0.100068807602
0.125613212585
0.0950410366058
0.0668811798096
0.0577681064606
0.111878871918
0.0317709445953
0.666264057159
0.498819828033
0.513768911362
0.699711084366
0.640244960785
0.760223865509
0.752721071243
0.66522693634
1.02506017685
0.14213514328
0.0339341163635
0.0241332054138
0.0875308513641
0.0692658424377
0.0733950138092
0.855276823044
0.473986148834
0.450192928314
0.315788030624
0.424548864365
0.468389034271
0.0642921924591
0.0190470218658
0.0636470317841
0.0294051170349
0.0355219841003
0.0135769844055
0.0405728816986
0.0324349403381
0.0105118751526
0.0221190452576
0.0077018737793
0.011668920517
0.828788995743
0.58155798912
0.749126195908
0.67271399498
0.607125997543
0.664787054062
0.648631095886
0.618191957474
0.497766971588
0.695286035538
0.878847122192
0.514443159103
0.0348129272461
0.0320498943329
0.0308399200439
0.0145819187164
0.0230619907379
0.0226759910583
0.0335249900818
0.00509810447693
0.0113220214844
0.00634694099426
0.0040590763092
0.0375218391418
0.125789880753
0.172556877136
0.0649600028992
0.164061069489
0.0596041679382
0.0863330364227
0.0255410671234
0.027107000351
0.0698449611664
0.285495042801
0.143810033798
0.0980291366577
0.235508918762
0.153775930405
0.15257692337
0.0549218654633
0.0335628986359
0.023833990097
0.0405578613281
0.0252788066864
0.0380659103394
0.303320884705
0.673833847046
0.718228816986
1.04017400742
0.756595134735
0.784548997879
1.09365415573
0.594079971313
0.654871940613
0.855686187744
0.758109092712
0.82831788063
0.663023948669
0.739531993866
0.711003065109
0.704339981079
0.773346185684
0.860097885132
0.73990893364
0.746000051498
0.774796009064
0.715301036835
0.426254034042
0.272371053696
0.203891992569
0.0699319839478
0.0276870727539
0.0498080253601
0.0177049636841
0.0267519950867
0.029748916626
0.149509191513
0.0406069755554
0.0500600337982
0.0445849895477
0.0429298877716
0.0599250793457
0.155164003372
0.0284829139709
0.0340669155121
0.0294380187988
0.0200061798096
0.0142397880554
1.09761309624
0.920287847519
0.901103019714
0.896852970123
1.09896016121
0.97260093689
0.64707493782
0.503575086594
0.668370962143
0.50066113472
0.595613002777
0.510298967361
1.89969801903
1.11038804054
1.22125291824
1.23852705956
1.41036701202
1.13545203209
0.0503590106964
0.0477769374847
0.0369708538055
0.129036903381
0.0412120819092
0.0239582061768
0.0385138988495
0.050076007843
0.210129022598
0.0327498912811
0.0461840629578
0.0355930328369
0.220978975296
0.141344070435
0.0743429660797
0.121828794479
0.127267122269
0.113508939743
0.0202450752258
0.0151529312134
0.0159080028534
0.0532948970795
0.020035982132
0.0125000476837
0.468278169632
0.320555925369
0.19654083252
0.224129915237
0.244652986526
0.123641014099
0.582695007324
0.13104391098
0.256418943405
0.195284843445
0.397588968277
0.184931993484
0.198059082031
0.0735280513763
0.125721931458
0.0749530792236
0.0920379161835
0.0753560066223
0.830754995346
0.459274053574
0.472887039185
0.542011976242
0.480594873428
0.597149133682
0.0454621315002
0.0326170921326
0.0282549858093
0.0228638648987
0.0214359760284
0.0240910053253
1.18392515182
1.12377119064
0.916422843933
1.17289185524
0.89732003212
1.26247191429
1.1293759346
0.906723976135
0.0181159973145
0.00691199302673
0.00620293617249
0.00743007659912
0.0331151485443
0.0139589309692
0.00426912307739
0.013256072998
0.00505805015564
0.00594186782837
0.00489592552185
1.08873105049
0.21207690239
0.171984910965
180.48964715
0.443245887756
0.35381603241
0.670743942261
0.552626132965
0.54435300827
0.762382030487
0.803876161575
0.00834012031555
0.0118479728699
0.0143740177155
0.0116169452667
0.011157989502
0.0115032196045
0.416075944901
0.241191864014
0.170298099518
0.188191890717
0.152812004089
0.198332071304
0.00883889198303
0.00973606109619
0.0148649215698
0.0137331485748
0.0151700973511
0.0122771263123
0.0128538608551
0.0106890201569
0.00829005241394
0.0158610343933
0.00705409049988
0.00598502159119
0.846925020218
0.350929021835
0.739473819733
0.524621009827
0.69065284729
0.773527860641
0.840493917465
0.313958883286
0.39569401741
0.440389156342
0.208836078644
0.393305063248
0.091292142868
0.0525729656219
0.0590710639954
0.0270891189575
0.023854970932
0.859330177307
0.00899696350098
0.0115919113159
0.00971102714539
0.0110991001129
0.00766611099243
0.00912117958069
0.0119860172272
0.00981903076172
0.0133578777313
0.00775980949402
0.0123770236969
0.00830483436584
0.00885105133057
0.0108859539032
0.0136590003967
0.00852513313293
0.0446870326996
0.00921988487244
0.0104069709778
0.00929403305054
0.00935888290405
0.0312299728394
0.00944399833679
0.00836896896362
0.00465798377991
0.00557088851929
0.0239069461823
0.0341539382935
0.0286290645599
0.0328631401062
0.028167963028
0.0205550193787
0.76832818985
0.711791038513
0.633134841919
0.613758087158
0.517189025879
0.730834960938
0.158418893814
0.104843139648
0.0710389614105
0.196526050568
0.0791578292847
0.152573108673
0.161605119705
0.145045042038
0.139346122742
0.191991090775
0.142014026642
0.126552820206
0.136391878128
0.135995864868
0.148890018463
0.131186008453
0.130223989487
0.00673484802246
0.011953830719
0.0148868560791
0.00860714912415
0.0207901000977
0.00945806503296
0.0206089019775
0.0120692253113
0.0107960700989
0.0111420154572
0.0199611186981
0.0131230354309
0.00580501556396
0.00617909431458
0.0102179050446
0.0059928894043
0.00567197799683
0.00557804107666
180.684760094
0.194761037827
0.125058889389
0.0338869094849
0.239484071732
0.247592926025
0.388576030731
0.186532020569
0.322764873505
0.222270011902
0.271655082703
1.10077500343
1.70768094063
1.63417983055
1.51525688171
1.71835803986
1.66272807121
1.31287693977
180.583991051
0.770081996918
0.488566875458
0.590908050537
0.456341981888
1.02689599991
0.0107522010803
0.0116300582886
0.00473999977112
0.00780487060547
0.00737905502319
0.0086989402771
0.136914968491
0.0814139842987
0.0378148555756
0.0638570785522
0.0878789424896
0.0848970413208
0.107069015503
0.0275030136108
0.047504901886
0.042014837265
0.0396630764008
0.0112679004669
0.0353269577026
0.0274260044098
0.0162210464478
0.063845872879
0.015331029892
0.0157589912415
0.00628304481506
0.00619196891785
0.00632309913635
0.00945210456848
0.00730395317078
1.28007483482
0.531642913818
0.585875988007
0.596754074097
0.620303153992
0.594593048096
1.38059282303
1.33992314339
1.49167299271
1.37851309776
1.52095890045
181.681034088
0.0490238666534
0.0347249507904
0.101321935654
0.0763430595398
0.0643680095673
0.0275650024414
0.575902938843
0.454871892929
0.276754140854
0.100343942642
0.292542934418
0.329040765762
0.568976163864
0.855033874512
0.607784032822
0.604017019272
0.554954051971
0.557287931442
0.705814123154
0.724155902863
0.803227901459
0.814692020416
0.694454908371
0.825035095215
0.208093881607
0.11221408844
0.173853874207
0.10945892334
0.110132932663
0.202754974365
1.51606082916
1.28803801537
1.2142739296
1.56219696999
0.97668504715
1.30921196938
0.00884413719177
0.0106270313263
0.00964093208313
0.0113821029663
0.0104439258575
0.0103130340576
0.0152020454407
0.010626077652
0.0111999511719
0.0115170478821
0.00829291343689
0.0111949443817
0.503035068512
0.72380900383
0.666944980621
0.658019065857
0.586791992188
0.475965023041
1.1770260334
1.17321205139
1.37983608246
1.01460909843
2.16973781586
1.68318510056
0.324110984802
0.0627980232239
0.0869679450989
0.184026002884
0.117719173431
0.0944108963013
0.0159139633179
0.0092990398407
0.0259611606598
0.00898194313049
0.0109050273895
0.0167541503906
0.10018491745
0.331494808197
0.431437015533
0.205617904663
0.226864099503
0.393564939499
0.500538825989
0.101721048355
0.272454023361
0.0703032016754
0.114023208618
0.104871034622
0.20889878273
0.188591957092
0.144767045975
0.0846600532532
0.50994515419
0.168426036835
0.136309862137
0.179758071899
0.10599398613
0.924368858337
0.140834093094
0.493074893951
0.0095911026001
0.00791788101196
0.00803995132446
0.1148250103
0.00662398338318
0.0293920040131
0.454212903976
0.056410074234
0.0154829025269
0.040552854538
0.0746359825134
0.661861181259
0.504666090012
0.499449014664
0.428689956665
0.246309041977
0.242376089096
0.361689805984
0.569164991379
0.396440029144
0.20427107811
0.405402183533
0.160218000412
0.247797966003
0.122249126434
0.0312030315399
0.111588001251
0.0204870700836
0.0896098613739
0.0733389854431
0.0765378475189
0.122346878052
0.0557861328125
0.0746130943298
0.108652114868
0.313982009888
0.132385969162
0.0689749717712
0.32426404953
0.666654109955
0.664416074753
0.940503120422
0.472018003464
0.432384967804
0.321310043335
0.011255979538
0.026291847229
0.0147528648376
0.0138800144196
0.0134258270264
0.0137588977814
0.307767868042
0.0552580356598
0.0567212104797
0.072300195694
0.0521008968353
0.366702079773
0.851311922073
0.724561929703
0.928612947464
0.50758600235
1.17930984497
0.733370065689
0.312600851059
0.401082992554
0.352778911591
0.601479053497
180.484084129
0.203552961349
0.389848947525
0.159605979919
0.163677930832
0.228874921799
0.186509847641
0.0858988761902
0.0475971698761
0.153775930405
0.204319000244
0.0151782035828
0.148806095123
0.0717630386353
0.0914618968964
0.0320348739624
0.00665497779846
0.469350099564
0.0110440254211
0.0306210517883
0.010143995285
0.021008014679
0.0145180225372
0.0365591049194
0.0827708244324
0.0406701564789
0.054986000061
0.0544350147247
0.0810279846191
0.0284788608551
0.027498960495
0.0169200897217
0.0101048946381
0.0160279273987
0.0126159191132
0.0311751365662
0.0141108036041
0.0108280181885
0.0759580135345
0.0225648880005
0.08758020401
0.0430541038513
0.0117628574371
0.051922082901
0.0116450786591
0.0154929161072
0.0106999874115
0.0634589195251
0.0118219852448
0.0144128799438
0.00703310966492
0.0183939933777
0.0128808021545
0.0205991268158
0.00545001029968
0.00463390350342
0.00449299812317
0.00549101829529
0.00664496421814
0.0142028331757
0.0233700275421
0.0121829509735
0.0195589065552
0.012629032135
0.0117740631104
0.567541837692
180.897169113
0.313498973846
0.100532054901
0.310568094254
0.32048201561
0.761715888977
0.14715385437
0.404372930527
0.578361988068
0.239403009415
0.302766084671
0.95775103569
1.08169198036
1.0886490345
0.900827884674
0.957211971283
0.843591928482
0.0239651203156
0.0151519775391
0.0341339111328
0.0185182094574
0.012307882309
0.0177810192108
0.0106818675995
0.0104289054871
0.0138020515442
0.00893998146057
0.00888800621033
0.00908613204956
0.847329139709
1.08836317062
1.38140916824
1.04061317444
0.134027004242
0.0875649452209
0.103240013123
0.0703771114349
0.0465321540833
0.0719130039215
0.0145320892334
0.0285019874573
0.370559930801
0.550018072128
0.507099866867
0.593327045441
0.529298067093
0.355586051941
0.363390922546
0.00350904464722
0.00636196136475
0.00659394264221
0.00583410263062
0.0385799407959
0.0334241390228
0.00839900970459
0.00856590270996
0.0105950832367
0.0130360126495
0.0981810092926
0.0371389389038
0.0292279720306
0.0518488883972
0.0315330028534
0.0272879600525
0.0211808681488
0.0158569812775
0.014230966568
0.0491600036621
0.135538816452
0.0814950466156
0.0645358562469
0.0571100711823
0.00799608230591
0.0138621330261
0.0232019424438
0.00611996650696
0.00758385658264
0.00766611099243
0.0130660533905
0.0871691703796
0.0479650497437
0.0168440341949
0.0862760543823
0.0377490520477
0.724905014038
0.73832988739
0.733284950256
0.724608898163
0.725054979324
0.726634979248
0.901561975479
0.688883066177
0.673430919647
0.733942985535
0.406752824783
0.792526960373
0.160946846008
0.103353023529
0.0529448986053
0.0371549129486
0.0196480751038
0.0319590568542
0.0162699222565
0.01265001297
0.0161430835724
0.0123879909515
0.0114469528198
0.0196650028229
0.00326204299927
0.00661993026733
0.0053539276123
0.00569891929626
0.00581002235413
0.00629997253418
0.60106086731
0.522877216339
0.688780069351
0.393265008926
0.497744083405
1.02179884911
0.0743038654327
0.117067098618
0.0195360183716
0.00642514228821
0.0282039642334
0.0242800712585
1.39989209175
180.718745947
0.667104959488
0.965615034103
0.608201980591
1.37780690193
0.0178918838501
0.00622415542603
0.00660705566406
0.0056140422821
0.00470304489136
0.0848848819733
1.17910194397
1.06575489044
1.05852603912
1.03290581703
1.06404590607
0.992167949677
0.0134780406952
0.00928902626038
0.00651288032532
0.00596594810486
0.021586894989
0.900413990021
0.720621109009
0.558380842209
0.643038988113
0.834347963333
0.626830101013
0.0644490718842
0.0800321102142
0.0209259986877
0.109210968018
0.0340750217438
2.04658913612
1.51315999031
182.234597206
1.70661497116
1.32158112526
2.05666303635
1.01213216782
0.783984899521
1.04044890404
0.623803138733
0.897086143494
0.980729103088
0.4776699543
0.515296936035
0.662483930588
0.691960811615
0.478651046753
1.01644682884
0.583884000778
0.19690990448
0.231689929962
0.28161907196
0.196569919586
0.388340950012
0.00994801521301
0.0125589370728
0.0111649036407
0.0143280029297
0.0107510089874
0.0111520290375
0.0462691783905
0.0245089530945
0.025398015976
0.00791501998901
0.019483089447
0.0131690502167
2.16064786911
1.25369095802
1.19379496574
180.682668924
1.77583312988
1.40695405006
0.030492067337
0.0202798843384
0.0128579139709
0.00911283493042
0.00741791725159
0.0101301670074
0.00707197189331
0.0050630569458
0.00361299514771
0.00385904312134
0.00360608100891
0.283970117569
0.533573150635
0.119822978973
0.0224151611328
0.0931951999664
0.0116941928864
0.208822965622
1.82730412483
1.7935769558
1.33621692657
1.96683192253
0.648597002029
0.00777792930603
0.00712895393372
0.00884389877319
0.00608992576599
0.00440001487732
0.00554013252258
0.0949468612671
0.0211069583893
0.0136749744415
0.0438919067383
0.798904180527
0.747932910919
0.687545061111
0.880084037781
0.360649824142
0.0531198978424
0.0611088275909
0.0193150043488
0.644520998001
0.892264127731
0.68967294693
0.0170090198517
0.0160839557648
0.0123829841614
0.0121529102325
0.0109798908234
0.00903487205505
0.0166389942169
0.0176048278809
0.049008846283
0.0120151042938
0.0218939781189
0.0345058441162
0.079176902771
0.120340824127
0.0305240154266
0.0303988456726
0.0254838466644
0.0544369220734
0.00861120223999
0.0192809104919
0.0151491165161
0.0091700553894
0.0397698879242
0.0103399753571
0.488857030869
0.382237911224
0.0891048908234
0.211158037186
0.16207909584
0.0908250808716
0.431482076645
0.29306602478
0.234228849411
0.195208072662
182.098090887
1.52248692513
0.00496816635132
0.00718188285828
0.00627398490906
0.00639295578003
0.00701403617859
0.00582718849182
0.0295219421387
0.0233659744263
0.0329120159149
0.0242490768433
0.0311748981476
0.0322499275208
0.638535022736
0.394944906235
0.828545093536
0.498225927353
0.408216953278
0.430176973343
0.161803007126
0.0861949920654
0.0522639751434
0.119879007339
0.0347089767456
0.0579810142517
0.306405067444
0.0976438522339
0.105296850204
0.101660013199
0.0341129302979
0.299022197723
0.259868144989
0.155846834183
0.118499994278
0.0712192058563
0.11660695076
0.0913550853729
0.0586810112
0.0160129070282
0.0269689559937
0.0433809757233
0.229940891266
0.0161800384521
0.00571703910828
0.00859189033508
0.00489091873169
0.00539112091064
0.010176897049
0.698623895645
0.102705955505
0.210968971252
0.304323911667
0.213896989822
0.366099834442
0.0509939193726
0.0256419181824
0.0419750213623
0.0132930278778
0.0139691829681
0.0202581882477
0.152356863022
0.100124835968
0.0413830280304
0.0629320144653
0.0485038757324
0.0255749225616
0.969134092331
0.639111042023
0.128575086594
0.0910539627075
0.0397889614105
0.0109720230103
0.0828981399536
0.356371164322
0.152538061142
0.491777896881
0.410743951797
0.249268054962
0.571477174759
0.577022075653
0.665182828903
0.485780954361
0.628398180008
0.57280087471
0.312142133713
0.0966551303864
0.0462999343872
0.0305790901184
0.202459096909
0.156131982803
0.865805149078
0.587264060974
0.574032068253
0.943019866943
1022.78250599
0.465635061264
0.07803606987
0.0334331989288
0.0389609336853
0.0386900901794
0.51774096489
0.241364002228
0.776391029358
0.33648109436
0.351576089859
0.305877923965
0.233507871628
0.325896024704
0.191400051117
0.100391864777
0.0784509181976
0.0382719039917
0.0474920272827
0.131248950958
0.086138010025
0.0398008823395
0.0978970527649
0.0421757698059
0.0836460590363
0.117605924606
0.133167028427
0.0628118515015
0.0531959533691
0.0721170902252
0.091784954071
0.550030946732
0.702811002731
0.364833116531
0.398058176041
0.387798786163
0.287458896637
0.243101119995
0.636608123779
0.539025068283
0.815477132797
0.610455036163
0.566143989563
0.472733020782
0.0307190418243
0.00752305984497
0.0116090774536
0.0129539966583
0.0095648765564
0.0115280151367
0.0140428543091
0.00775909423828
0.0072910785675
0.00796389579773
0.0543298721313
0.00707197189331
0.0390248298645
0.0908498764038
0.0918190479279
0.0879299640656
0.0908517837524
0.0900800228119
0.0941789150238
0.0821440219879
0.0858008861542
0.0292048454285
0.0147559642792
0.0529880523682
0.0408229827881
0.0486359596252
0.0523190498352
0.0243198871613
0.0332219600677
0.0443768501282
0.0250430107117
0.0192070007324
0.0466389656067
0.460361003876
0.221153020859
0.401546955109
0.355525970459
0.51972413063
0.38535284996
0.013188123703
0.0191378593445
0.06618309021
0.0103840827942
0.0141990184784
0.0185611248016
0.559476137161
0.144457101822
0.0795459747314
0.184148073196
0.126091957092
0.13259100914
0.804068088531
0.49387216568
0.419527053833
0.410751104355
0.568608999252
0.48406791687
0.0111298561096
0.010085105896
0.00645804405212
0.0123920440674
0.00940012931824
0.007817029953
0.223829030991
0.048271894455
0.0854299068451
0.0755519866943
0.0776190757751
0.0539989471436
0.00768280029297
0.0067310333252
0.00747990608215
0.00656509399414
0.00666904449463
0.00614881515503
0.730544090271
0.690351963043
0.573919057846
0.797430038452
0.5784740448
0.436825990677
0.0905520915985
0.0285079479218
0.028636932373
0.0205121040344
0.0274920463562
0.0326769351959
0.00816488265991
0.0141530036926
0.0109920501709
0.0104570388794
0.0104088783264
0.00926399230957
0.0298070907593
0.0101609230042
0.0123438835144
0.00836396217346
0.868704795837
0.0128338336945
0.0189528465271
0.017970085144
0.0163190364838
0.0448498725891
0.028470993042
0.0113110542297
0.0132400989532
0.0116670131683
0.00280284881592
0.00281381607056
0.000728845596313
0.314348936081
0.191397190094
0.234860181808
0.148409843445
0.240278959274
0.130550861359
0.0243530273438
0.0065279006958
0.0079870223999
0.0119569301605
0.00665187835693
0.00494718551636
0.959859132767
0.443686962128
0.461668968201
0.84739279747
0.666692972183
0.713973045349
0.00716495513916
0.00920796394348
0.0053288936615
0.00845694541931
0.00911593437195
0.00590085983276
0.00614309310913
0.008957862854
0.00585699081421
0.00542807579041
0.0129861831665
0.766122102737
0.799890041351
0.801015138626
0.675420045853
0.641793012619
0.644778013229
0.740457057953
0.334925889969
0.409044981003
0.576519966125
0.428295850754
0.4329829216
0.0173599720001
0.00919985771179
0.00619292259216
0.00843596458435
0.00572896003723
0.00414395332336
0.00528788566589
0.00806903839111
0.00549983978271
0.00797915458679
0.00436806678772
0.00628685951233
0.637511968613
0.513396978378
0.394562005997
0.308381080627
0.00958895683289
0.00728011131287
0.00559592247009
0.00394606590271
0.0038800239563
0.00369310379028
0.467530965805
0.465533018112
0.495651960373
0.268640041351
0.409683942795
0.375941038132
0.369063854218
0.27384018898
0.576047897339
0.574729919434
0.805525064468
0.794585943222
0.687609195709
0.609893083572
1.26981186867
0.00627779960632
0.00600790977478
0.0067720413208
0.00686383247375
0.00387907028198
0.00438690185547
0.00398397445679
0.0708429813385
0.548528194427
0.488779067993
0.418259859085
0.557908058167
0.369758844376
0.394097089767
0.974836111069
0.582305908203
0.682981967926
0.847130060196
0.515933036804
0.547806978226
1.01530814171
0.724894046783
0.553267002106
0.470079898834
0.730814933777
0.852473020554
0.326004981995
0.360584020615
0.0353348255157
0.0313098430634
0.03169298172
0.121742010117
0.0805521011353
0.123554944992
0.0647449493408
0.0262680053711
0.0634400844574
0.105672836304
0.186553001404
0.361958026886
0.287748813629
0.363835096359
0.663461923599
0.344282865524
0.536615133286
0.486351013184
0.53967499733
0.552359104156
0.893348932266
0.131077051163
0.072240114212
0.0562551021576
0.0381989479065
0.113786935806
0.0350701808929
0.0498080253601
0.0252258777618
0.0219180583954
0.0229830741882
0.0214681625366
0.0369219779968
0.161876916885
0.11051607132
0.062077999115
0.071545124054
0.183239936829
0.0306549072266
0.00746202468872
0.0135769844055
0.00641298294067
0.00772905349731
0.00696706771851
0.00882792472839
0.897766113281
0.400717020035
0.347369194031
0.447391986847
1.02145791054
0.100723028183
0.0855050086975
0.0195648670197
0.268491029739
0.057825088501
0.0617499351501
0.00956797599792
0.0218369960785
0.0227339267731
0.0136251449585
0.0148739814758
0.0134270191193
0.0206589698792
0.00669598579407
0.00776791572571
0.0106489658356
0.00692796707153
0.00719594955444
0.00782418251038
0.0144410133362
0.00808501243591
0.0114459991455
0.00875091552734
0.00662517547607
0.11417889595
0.0267639160156
0.0959780216217
0.0121920108795
0.0211288928986
0.0925600528717
0.289350986481
0.0704638957977
0.143504858017
0.118604898453
0.11599111557
0.168274879456
0.710218906403
0.182287931442
0.104762077332
0.389649868011
0.173637151718
0.447117090225
0.042464017868
0.078418970108
0.0165770053864
0.0193190574646
0.0333149433136
0.013298034668
0.0650129318237
0.0341758728027
0.0849258899689
0.0362958908081
0.0509679317474
0.0851531028748
0.331252098083
0.0994682312012
0.335851192474
0.206305027008
0.111082077026
0.21160197258
0.712349891663
0.77366399765
0.856021881104
0.90283703804
0.908372879028
1.09451794624
0.0294439792633
0.023405790329
0.0217480659485
0.0302050113678
0.0163760185242
0.0312850475311
0.672636032104
0.694010972977
0.694900989532
0.690524816513
0.930869102478
0.666302204132
0.873214960098
1.04968690872
0.916364908218
0.738573074341
1.10604596138
1.35344409943
0.904970169067
0.44877409935
0.624810934067
0.551465988159
0.499387025833
0.699490070343
0.645197153091
0.638724803925
0.768906831741
0.799232959747
0.568623065948
1.06056904793
1.03428792953
1.09031891823
1.27221918106
1.57554388046
1.17522907257
1.09405303001
0.736166954041
0.73991394043
0.689877033234
0.692764997482
0.710304021835
0.695520877838
0.706408977509
0.824934959412
0.710145950317
0.330641031265
0.0543529987335
0.0590071678162
0.102599859238
0.0566110610962
0.0488591194153
0.395943880081
0.158313035965
0.236067056656
0.21799492836
0.166431903839
0.141106843948
0.597489118576
0.361881017685
0.54528594017
0.411948919296
0.393998146057
0.423485040665
0.0368130207062
0.00792407989502
0.0111079216003
0.00749802589417
0.014016866684
0.00707507133484
0.684768915176
0.556782007217
0.559792995453
0.541693925858
0.575236797333
0.629932880402
0.584614992142
0.553751945496
0.528260946274
0.609215974808
0.541069030762
0.590176105499
0.00896596908569
0.0126371383667
0.00612998008728
0.0128109455109
0.010931968689
0.0100049972534
0.0139670372009
0.00698685646057
0.0313830375671
1.38118505478
1.09085607529
1.08664417267
180.647482157
1.2661178112
1.27833819389
0.322594165802
0.855638980865
0.144546031952
0.522289991379
0.647685050964
0.345468997955
1.27723312378
0.958217859268
1.25794219971
1.37803578377
1.51625299454
0.83689904213
1.28454995155
1.01445913315
1.17081093788
1.68681907654
1.13478589058
1.0204410553
0.69593501091
0.572517156601
0.523807048798
0.524966001511
0.527602910995
0.55760884285
0.555960893631
0.572021961212
0.50866985321
0.939496994019
0.493737220764
0.496480941772
0.597118854523
0.581022977829
0.634559869766
1.09861922264
0.721542835236
0.704836130142
0.803807020187
0.784231901169
0.706582069397
0.914927959442
0.958457946777
0.88871383667
0.902812957764
0.895920038223
0.877976894379
0.0173289775848
0.0136201381683
0.0466480255127
0.0122728347778
0.0115721225739
0.014053106308
0.0191128253937
0.0132880210876
0.0149400234222
0.0128679275513
0.0121371746063
0.0108189582825
0.00893592834473
0.00967788696289
0.010852098465
0.00785803794861
0.00937604904175
0.0139470100403
2.03381490707
0.54181599617
0.904299020767
0.742103099823
0.784609079361
1.91126799583
0.602647066116
0.768905878067
0.732648134232
0.961026906967
0.849424123764
0.960825920105
0.0465848445892
0.0210468769073
0.0082540512085
0.0143249034882
0.00959181785583
0.0131220817566
0.131531000137
0.538717985153
0.287490844727
0.302229166031
0.466362953186
0.262784957886
0.843368053436
0.206290960312
0.189185142517
0.048681974411
0.108026027679
0.267713069916
0.154618024826
0.126585960388
0.0356960296631
0.0193948745728
0.0667929649353
0.171022891998
0.0130181312561
0.635165929794
0.278935909271
0.306111097336
0.282372236252
0.446694850922
0.254168987274
1.85085511208
1.58481502533
1.18553590775
1.55081605911
1.12721705437
1.63610982895
0.51503610611
0.173215866089
0.212255001068
0.206977128983
0.0272839069366
0.0250010490417
0.0108690261841
0.0112819671631
0.894703149796
0.721801996231
0.849687099457
0.789858818054
0.735831022263
0.796563148499
0.0185608863831
0.00744295120239
0.0146329402924
0.00668406486511
0.00562000274658
0.019660949707
0.418756961823
0.295838117599
0.147219896317
0.203243970871
0.17889380455
0.201142072678
0.728489160538
0.429620981216
0.175121068954
0.109679937363
0.152989864349
0.517840862274
0.200423955917
0.0759270191193
0.107589006424
0.107450962067
0.117765188217
0.0657901763916
0.0890629291534
0.175179958344
0.0275249481201
0.0544581413269
0.111388921738
0.0632100105286
0.99138212204
0.851019144058
0.920586109161
1.01946306229
0.874529838562
0.688282012939
0.108649969101
0.0142629146576
0.0609021186829
0.0649321079254
0.0347809791565
0.0128629207611
0.615502119064
0.402940988541
0.33186006546
0.458559036255
0.157392978668
0.46127986908
0.248465061188
0.0235230922699
0.151123046875
0.0676739215851
0.163228988647
0.0497801303864
0.12362408638
0.067067861557
0.152993917465
0.0673780441284
0.238565921783
0.0781910419464
0.0110831260681
0.00885105133057
0.015084028244
0.0132761001587
0.00945806503296
0.0144078731537
0.711801052094
0.815896987915
1.52478599548
1.6100051403
1.10956597328
1.38665699959
0.0207579135895
0.024384021759
0.0257239341736
0.0179309844971
0.0153501033783
0.0155279636383
0.00874495506287
0.0115330219269
0.0102360248566
0.0112609863281
0.0178129673004
0.0125470161438
180.917006969
0.400541067123
0.39288187027
0.312038898468
0.455019950867
0.242944955826
0.207993030548
0.0786950588226
0.172472000122
0.0603837966919
0.0680480003357
0.110069990158
0.289122819901
0.0861749649048
0.228317022324
0.101901054382
0.0977890491486
0.16161608696
0.0650300979614
0.018669128418
0.0119569301605
0.0198450088501
0.0165040493011
0.031102180481
0.034973859787
0.0738880634308
0.039971113205
0.0155432224274
0.0124669075012
0.0139150619507
0.0151019096375
0.0161731243134
0.377129077911
0.0732040405273
0.219159126282
0.218240022659
0.251729011536
0.135249853134
0.112699985504
0.0817461013794
0.0849301815033
0.0359590053558
0.0374460220337
0.0505080223083
0.702080011368
0.172247171402
0.204629182816
0.0105059146881
0.278153181076
0.461097002029
0.105808019638
0.0320329666138
0.0119268894196
0.0315449237823
0.0458841323853
0.0292100906372
0.0357642173767
0.00367188453674
0.00674104690552
0.00401496887207
0.00402092933655
0.00370407104492
0.0391728878021
0.0190670490265
0.020791053772
0.0257670879364
0.017865896225
0.14704990387
0.0799601078033
0.0716791152954
0.019721031189
0.011225938797
0.0227191448212
0.0482630729675
0.668449878693
0.0209670066833
0.596618175507
0.428126096725
0.534275054932
180.951426983
0.0256040096283
0.014564037323
0.0178039073944
0.0175321102142
0.0127229690552
0.0209739208221
0.81976890564
1.17203807831
1.01514005661
1.04117321968
1.52205204964
0.506826162338
0.178268194199
0.0848789215088
0.0923659801483
0.118731021881
0.0412750244141
0.277630805969
2.10980415344
2.01428580284
0.0180990695953
0.00435709953308
0.00612902641296
0.00576591491699
0.00472092628479
0.00639796257019
0.0323100090027
0.0130879878998
0.0170879364014
0.00998997688293
0.00790190696716
0.0880010128021
0.0179150104523
0.024169921875
0.010421037674
0.017735004425
0.00997591018677
0.147117137909
0.00768399238586
0.0345520973206
0.0259990692139
0.033499956131
0.0331990718842
0.0532479286194
0.18385887146
0.108824014664
0.0415270328522
0.110203027725
0.062155008316
0.0652749538422
0.4696829319
0.341421842575
0.246863126755
0.212838888168
0.32051897049
0.243996143341
0.0221920013428
0.00889801979065
0.00733208656311
0.00494599342346
0.121999979019
0.0458769798279
0.0660960674286
0.0843341350555
0.08189702034
0.0634479522705
0.145361185074
0.0330610275269
0.0435500144958
0.0226049423218
0.736740112305
0.670052051544
0.601094007492
0.727864027023
0.722706079483
0.618170022964
1.02857089043
1.17379808426
0.897141933441
1.26398301125
1.17703390121
1.16770482063
0.0202429294586
0.00848293304443
0.00868606567383
0.00669407844543
0.0542900562286
0.416146993637
0.0948078632355
0.22889995575
0.0851008892059
0.185445070267
0.191992998123
0.671177864075
0.241132974625
0.278134822845
0.571712017059
0.290055990219
0.243250846863
0.0232670307159
0.00837302207947
0.00601196289062
0.0073881149292
0.00588703155518
0.00551199913025
0.017117023468
0.0120329856873
0.0205919742584
0.0138750076294
0.0185189247131
0.0167179107666
0.192184925079
0.0505089759827
0.104789972305
0.0745601654053
0.0770330429077
0.0592949390411
0.0160758495331
0.0244669914246
0.00721216201782
0.00953197479248
0.0135469436646
0.031299829483
1.46260690689
0.905085086823
1.39331197739
1.0356400013
1.37035894394
0.0290429592133
0.0134937763214
0.0151119232178
0.00551581382751
0.0935068130493
0.125070095062
0.0895628929138
0.0403659343719
0.0780780315399
0.0417230129242
0.105232954025
0.189431190491
0.0980010032654
0.155405044556
0.0919499397278
0.0709490776062
0.0714049339294
0.291520118713
0.111734867096
0.106180906296
0.117240190506
0.153062105179
0.141751050949
0.464271068573
0.186861038208
0.27307009697
0.114553928375
0.144838809967
0.088634967804
0.103154182434
0.134572982788
0.128499031067
0.0236420631409
0.696890115738
0.1385679245
0.0836050510406
0.0615820884705
0.0658090114594
0.139626979828
0.0474760532379
0.0224628448486
0.0108361244202
0.0127470493317
0.00854206085205
0.00893616676331
0.00961709022522
0.808676958084
0.900372982025
0.895842075348
0.968034982681
1.16861104965
1.03711700439
0.131744861603
0.0450119972229
0.124667167664
0.0265350341797
0.0385210514069
0.023097038269
0.568562030792
0.280170917511
0.499243974686
0.279112815857
0.345614910126
0.16063284874
0.329096078873
0.219491004944
0.589605093002
0.776578903198
0.713922023773
0.967024087906
0.744205951691
0.831723928452
0.995949983597
0.0211288928986
0.022381067276
0.0211710929871
0.0140528678894
0.00829100608826
0.0219810009003
0.369052886963
0.126415967941
0.134857177734
0.139096021652
0.352217912674
180.481853008
0.0548419952393
0.0148351192474
0.0215620994568
0.0432012081146
0.0338091850281
0.0223588943481
0.690249919891
0.691752910614
0.683341026306
0.945693016052
0.743121147156
0.704255104065
0.0269770622253
0.0214290618896
0.0154359340668
0.0211730003357
0.0324151515961
0.670289039612
180.583794832
0.80587387085
0.894830942154
0.853468894958
0.931616067886
0.965895175934
0.846436977386
0.707085132599
0.00872683525085
0.00886392593384
0.00792407989502
0.00647902488708
0.0065929889679
0.00843095779419
0.691121816635
0.15124297142
0.114503860474
0.396178007126
0.410373926163
0.19354391098
0.640160083771
0.39138007164
0.479197978973
0.423602104187
0.359601020813
0.329470872879
0.0333571434021
0.00879096984863
0.0144000053406
0.00855994224548
0.0110311508179
0.00754189491272
0.0867068767548
0.077409029007
0.0294890403748
0.0201230049133
0.0343871116638
0.0396518707275
0.0204110145569
0.524406194687
0.147205114365
0.285304069519
0.194863080978
0.368674993515
0.237848043442
0.808339118958
0.76796412468
0.868870019913
0.853333950043
0.65333199501
0.778342008591
0.856951236725
1.08924293518
0.900080919266
0.774893045425
0.966188907623
1.1751730442
0.00909018516541
0.0054030418396
0.0057520866394
0.00439190864563
0.00357985496521
0.00439620018005
0.685393095016
0.537724971771
0.32030582428
0.459264039993
0.487222909927
0.647440910339
0.0325999259949
0.0211849212646
0.00802397727966
0.00938677787781
0.14116191864
0.576253890991
0.356981039047
0.212692022324
0.149514198303
0.189049005508
0.421190023422
0.105998039246
0.279438018799
0.172786951065
0.447698116302
0.215274095535
0.0866670608521
0.036721944809
0.0907061100006
0.0900499820709
0.171848058701
0.0844089984894
0.111242055893
0.0858559608459
0.0929229259491
0.0873601436615
0.802675008774
0.631204843521
0.448720932007
0.590106010437
0.761519908905
0.476837873459
0.108157873154
0.100134134293
0.0512709617615
0.060791015625
0.071769952774
0.0215029716492
0.104585170746
0.0442709922791
0.0249700546265
0.0660400390625
0.114840984344
0.0456638336182
0.96880197525
0.782487154007
0.495652914047
0.594635009766
0.590119123459
1.58714818954
0.761625051498
0.622350931168
0.234813928604
0.0811431407928
0.0911769866943
0.0405180454254
0.0218329429626
0.031888961792
0.0359489917755
0.10315489769
0.130895137787
0.0947210788727
0.0377991199493
0.0438358783722
0.134686946869
0.0376210212708
0.10483288765
0.101438999176
0.112421035767
0.0985598564148
0.0949320793152
0.104340076447
0.0985188484192
0.0858948230743
0.162620067596
0.0400519371033
0.0766150951385
0.0359508991241
0.0276041030884
0.051903963089
0.141125917435
0.0177030563354
0.0120389461517
0.0866620540619
0.0779860019684
0.0151000022888
0.0866508483887
0.0685548782349
0.0943839550018
0.086198091507
0.0226171016693
0.0370819568634
0.024188041687
0.0243389606476
0.0110340118408
0.012943983078
0.0124561786652
0.0087559223175
0.0386219024658
0.0158700942993
0.0218179225922
0.0157427787781
0.0136561393738
0.0170860290527
0.767473936081
0.0547358989716
0.209203004837
0.041228055954
0.133065223694
0.166850090027
0.0094518661499
0.0162210464478
0.00848817825317
0.00564217567444
0.00942707061768
0.015949010849
0.0857338905334
0.0567388534546
0.0254290103912
0.0455720424652
0.0677990913391
0.0407230854034
0.00681710243225
0.00851202011108
0.00831007957458
0.00692701339722
0.00704503059387
0.0240249633789
0.00728797912598
0.0075671672821
0.00643992424011
0.0291759967804
0.788152933121
0.482235908508
0.962505102158
0.556109905243
0.470141887665
0.550347089767
0.0164260864258
0.0133769512177
0.0114369392395
0.0107860565186
0.0104849338531
0.0123729705811
0.856364965439
0.698163986206
0.658726930618
0.708705186844
0.807854175568
0.710090875626
0.0411398410797
0.0199451446533
0.0230982303619
0.0195429325104
0.0521988868713
0.763010025024
0.739125967026
0.640413999557
1.08610916138
1.16530704498
0.957594156265
0.698967933655
0.0371589660645
0.0155668258667
0.0106661319733
0.0263838768005
0.0179970264435
1.05718111992
0.319941043854
2.07613301277
2.11642694473
0.116477966309
0.0374729633331
0.027529001236
0.0418179035187
0.0361211299896
0.0318150520325
0.236933946609
0.091906785965
0.0824711322784
0.0392758846283
0.0208559036255
0.21310210228
1.26708912849
0.733790159225
1.37775301933
1.46448588371
1.44473004341
1.45088982582
0.101689815521
0.140582084656
0.202532052994
0.13065290451
0.184408187866
0.0715439319611
0.00417613983154
0.00689196586609
0.00570607185364
0.00570201873779
0.00608205795288
0.0062038898468
0.235049009323
0.0998711585999
0.0785429477692
0.200979232788
0.183458089828
0.222698926926
0.960936069489
1.02934408188
1.52888607979
0.805521965027
0.701967954636
0.554315090179
0.387549877167
0.882927179337
0.46234703064
0.349845170975
0.573907852173
0.368330001831
0.260813951492
0.497298955917
0.258296012878
0.284419775009
0.56756401062
0.0873990058899
0.0543100833893
0.194405078888
0.119940042496
0.344128131866
0.0184640884399
0.012542963028
0.0149700641632
0.0271310806274
0.00789904594421
0.0172069072723
0.202829837799
0.149061203003
0.110478162766
0.0667190551758
0.0948350429535
0.131330013275
0.00779414176941
0.0436668395996
0.0339460372925
0.0122759342194
0.0093629360199
0.00903296470642
0.381467103958
0.355721950531
0.113010883331
0.131291151047
0.127147912979
0.266376018524
0.038027048111
0.117152929306
0.0448880195618
0.0466198921204
0.0198271274567
0.0208959579468
0.617499113083
0.380794048309
0.677441835403
0.169896125793
0.362344026566
0.899266958237
0.699080944061
0.333858966827
0.248772859573
0.218944072723
0.259541988373
0.179932832718
0.268821001053
1.02305603027
0.777247905731
0.473795890808
0.364609956741
0.53953909874
0.497272014618
1.52263402939
0.0155999660492
0.0120639801025
0.0102338790894
0.0110731124878
0.0094301700592
0.0143280029297
0.0120358467102
0.0111770629883
0.0205829143524
0.0139210224152
0.0143949985504
0.0151481628418
0.822364091873
1.17356705666
0.861533880234
1.09078383446
0.917729854584
1.00698590279
1.17228913307
1.88547801971
0.914143800735
0.95988202095
0.770915985107
1.07624101639
1.27216506004
1.17384195328
0.432709932327
0.0668878555298
0.0440421104431
0.0674631595612
0.115375995636
0.130708932877
0.768536090851
0.504276037216
0.274260997772
0.650912046432
0.600564002991
0.723121166229
0.614837884903
0.62403512001
0.52737903595
0.454869031906
0.344033002853
0.673212766647
1.52184200287
1.18254899979
1.34628891945
1.12567996979
0.621910095215
0.722243070602
0.244793176651
0.230234861374
0.397105932236
1.07984209061
0.601009845734
0.239903926849
0.192983150482
0.36394906044
0.171431064606
0.478073120117
0.00520205497742
0.00801301002502
0.00624203681946
0.00812911987305
0.00649499893188
0.00645804405212
0.165153980255
0.0978229045868
0.0619170665741
0.058315038681
0.0845029354095
0.0589430332184
0.0110349655151
0.0116519927979
0.0139060020447
0.0130751132965
0.010272026062
0.0139410495758
0.0100350379944
0.0103478431702
0.0107080936432
0.243753194809
0.0999820232391
0.0924890041351
0.0541570186615
0.0477819442749
0.0649948120117
0.774301052094
0.806719064713
0.943749904633
0.793699026108
0.785801887512
0.849337816238
0.239336967468
0.0993320941925
0.154152154922
0.040491104126
0.0692598819733
0.0902287960052
0.0846390724182
0.0216729640961
0.0106999874115
0.0163378715515
0.00957894325256
0.0137369632721
0.0172169208527
0.00829100608826
0.00761699676514
0.00939798355103
0.0454499721527
0.0447900295258
0.0361199378967
0.0167398452759
0.0387530326843
0.0162987709045
0.0126671791077
0.265168905258
0.0698959827423
0.093955039978
0.0506510734558
0.0684628486633
0.121912956238
0.0374460220337
0.0232310295105
0.0480790138245
0.0242359638214
0.0152518749237
0.0217039585114
0.583846092224
0.766685009003
0.955365896225
0.809711933136
1.01329898834
0.0744118690491
0.050626039505
0.0520858764648
0.0384039878845
0.155028104782
0.0541298389435
0.0380439758301
0.0267548561096
0.0206921100616
0.0187220573425
1.25290179253
0.647181987762
0.606966972351
0.579335927963
0.654711961746
0.626386880875
1.17109084129
1.19205522537
1.17483210564
0.99494099617
2.75685691833
0.887647867203
0.496123075485
0.627071857452
0.562522172928
0.589241981506
0.496140003204
0.00306391716003
0.00368714332581
0.00300216674805
0.00350403785706
0.00166702270508
1.69038081169
1.52421402931
1.5273771286
1.90773797035
2.17775893211
1.26240801811
0.758831977844
1.04289102554
0.866894006729
1.08894896507
1.17286109924
0.715620994568
0.237092018127
0.258136987686
0.594930171967
0.379955053329
0.959770917892
0.389463186264
0.411519050598
0.430653810501
0.306873083115
0.28630399704
0.42561006546
0.0103619098663
0.014720916748
0.00778293609619
0.0197811126709
0.0131611824036
0.0174069404602
0.6494140625
1.05311393738
0.759490013123
0.732875108719
0.809390068054
0.747252941132
0.0399060249329
0.0149731636047
0.0106239318848
0.0344269275665
0.0193099975586
0.0131230354309
0.856725931168
0.475468873978
0.273962974548
0.159761190414
0.523772001266
0.274795055389
0.0104768276215
0.0112009048462
0.0124409198761
0.01997590065
0.0116829872131
0.0112640857697
0.0226469039917
0.0115580558777
0.0112340450287
0.0110659599304
0.0146820545197
0.00919890403748
0.239785909653
0.145859003067
0.0684847831726
0.12844991684
0.0963480472565
0.171108961105
0.0217700004578
0.00996494293213
0.0172479152679
0.00604200363159
0.00702881813049
0.00803709030151
0.042140007019
0.040431022644
0.0997200012207
0.047935962677
0.150254011154
0.0679800510406
0.045117855072
0.0228269100189
0.0147290229797
0.0097279548645
0.46973490715
0.392835140228
0.452621936798
0.361220121384
0.486202955246
0.595986843109
0.0735161304474
0.0415740013123
0.0827369689941
0.0307190418243
0.0355248451233
0.0285189151764
0.0105340480804
0.0123310089111
0.0161941051483
0.00965309143066
0.0114629268646
0.00808787345886
0.128745794296
0.0132820606232
0.0428469181061
0.0245850086212
0.0288069248199
0.0141382217407
0.349552154541
0.112877130508
0.207296848297
0.331659078598
0.198267936707
0.24186205864
0.851680994034
0.955020904541
1.12542891502
0.767569065094
0.944320201874
0.947602033615
0.624215126038
0.587651014328
0.568588972092
0.717512130737
0.958497047424
180.868371964
1.26996207237
0.897319078445
1.37281513214
1.26363706589
1.17330503464
1.25830793381
0.904474973679
0.693396091461
0.496071100235
0.505449056625
0.69972205162
1.08949613571
0.0243620872498
0.00912284851074
0.00678896903992
0.00554609298706
0.00504899024963
0.00575017929077
0.00617694854736
0.00740098953247
0.007807970047
0.0876851081848
0.00527000427246
0.0754640102386
0.00675702095032
0.0903151035309
0.00512194633484
0.0768129825592
0.0872578620911
0.0542540550232
0.0200679302216
0.00910997390747
0.0116469860077
0.0180559158325
0.716684103012
0.465939998627
0.513984918594
0.451822042465
0.501533031464
0.410784959793
0.251109838486
0.173514127731
0.289808034897
0.141937017441
0.156126976013
0.148717164993
0.185387849808
0.14325594902
0.225185155869
0.043319940567
0.152358055115
0.714828014374
0.161223173141
0.113320112228
0.068619966507
0.0397551059723
0.0990798473358
0.0705540180206
0.529565095901
0.169506072998
0.362743139267
0.397767066956
0.26978302002
0.336822986603
0.405240058899
0.193213939667
0.0848751068115
0.180618047714
0.158768892288
0.15872502327
0.0958459377289
0.211923837662
0.720957040787
0.901342153549
0.368885993958
0.605820894241
0.418596982956
0.694431066513
0.562166929245
0.437559127808
0.356812953949
0.232583045959
0.232509851456
0.360225915909
0.236255884171
0.0344178676605
0.0355629920959
0.030238866806
0.00947999954224
0.00831604003906
0.00848984718323
0.615655899048
0.76026391983
0.805246829987
0.589593172073
1.06963396072
0.515591859818
0.0773830413818
0.0640568733215
0.0562829971313
0.040009021759
0.100220918655
0.0664138793945
0.116702079773
0.143816947937
0.068913936615
0.0993177890778
0.0242087841034
0.0553398132324
0.0412909984589
0.0173759460449
0.0153520107269
0.61860203743
0.664123058319
0.798930168152
0.89066195488
0.74400806427
0.744981050491
1.15698313713
0.313055038452
0.461694002151
0.67963218689
0.408802986145
0.601583957672
0.445650100708
0.642475128174
0.751800060272
0.675406932831
0.780501842499
0.05748295784
0.0161998271942
0.00914192199707
0.00621891021729
0.0159718990326
0.00828409194946
0.0210900306702
0.00721311569214
0.00699210166931
0.0094690322876
0.0052502155304
0.026163816452
0.094566822052
0.020546913147
0.0799608230591
0.0451250076294
0.0656080245972
0.0173251628876
0.839375019073
0.306148052216
0.504580020905
0.552920818329
0.135806798935
0.730810880661
0.630326986313
0.654581069946
0.517422914505
0.648219823837
0.475643157959
0.00797605514526
0.0135569572449
0.0163359642029
0.00741386413574
0.0151691436768
0.0178790092468
0.585557937622
0.250912904739
0.42885184288
0.220916032791
0.784629821777
0.259042024612
0.194052934647
0.128525972366
0.120923042297
0.0826652050018
0.116891145706
0.101907968521
0.242264986038
0.214506149292
0.328643798828
0.173514842987
0.0477080345154
0.0856738090515
0.481201887131
0.484280109406
0.199604988098
0.496062994003
0.541817903519
0.372398853302
0.0469908714294
0.0237131118774
0.0473809242249
0.056006193161
0.0143449306488
0.0201480388641
0.160844802856
0.0488078594208
0.0778579711914
0.621345043182
0.587843179703
0.369276046753
0.166903018951
0.021201133728
0.0930390357971
0.0980458259583
0.110611915588
0.243343114853
0.197260856628
0.373420000076
0.693013906479
0.802664041519
0.566930055618
0.65422296524
0.552965164185
0.475957870483
0.00576996803284
0.0048999786377
0.00615000724792
0.00621294975281
0.00673413276672
0.00551795959473
0.00630903244019
0.00577783584595
0.00676798820496
0.00431299209595
0.00550603866577
0.00473999977112
0.0212850570679
0.0225331783295
0.0108950138092
0.00654482841492
0.0178699493408
0.0120720863342
0.206450939178
0.1329600811
0.109992027283
0.0892391204834
0.111732959747
0.0710580348969
0.394357919693
0.360722064972
0.484644889832
0.401000976562
0.332381010056
0.386538982391
0.623483896255
0.292434930801
0.42430305481
0.342033863068
0.277460813522
0.320606946945
0.019012928009
0.0130920410156
0.0106840133667
0.0125269889832
0.00722789764404
0.0160820484161
0.00563311576843
0.0455181598663
0.0106101036072
0.0147230625153
0.00603604316711
0.00585508346558
0.010507106781
0.0299100875854
0.004714012146
0.0126149654388
0.0054349899292
0.00501203536987
0.0046181678772
0.0148859024048
0.00545382499695
0.0733160972595
0.0117290019989
0.00841212272644
0.00693106651306
0.00587797164917
0.00604796409607
0.00771403312683
0.489597797394
0.25669503212
0.129787921906
0.169275999069
0.07120013237
0.140772819519
0.733670949936
0.810769081116
0.751902103424
0.836416959763
0.898426055908
1.05006289482
0.0735259056091
0.0579388141632
0.0294899940491
0.0939989089966
0.00510907173157
0.0179150104523
0.00701189041138
0.00628685951233
0.00640201568604
0.00714683532715
0.00656199455261
0.00647592544556
0.499878883362
0.238348960876
0.26660990715
0.297966003418
0.187265872955
0.301728010178
0.897746801376
0.73503112793
0.62279009819
0.339027166367
0.713881969452
0.792149066925
0.121733903885
0.0255417823792
0.0514228343964
0.0289030075073
0.0137162208557
0.0464420318604
0.0278768539429
0.0168609619141
0.0636169910431
1.29126787186
1.25867009163
180.762794018
1.9000658989
1.27475190163
1.37539696693
0.349349021912
0.16699886322
0.0879309177399
0.155294895172
0.140011787415
0.125620126724
0.766478061676
0.599519968033
0.815690994263
0.722411870956
1.07835793495
1.0136590004
0.265645980835
0.323992013931
0.203006029129
0.165048837662
0.137913942337
0.247649908066
0.0970251560211
0.0415160655975
0.0968451499939
0.116278886795
0.0159618854523
0.0908210277557
0.269239187241
0.0498991012573
0.157852172852
0.0525031089783
0.13770699501
0.0129909515381
0.617535829544
0.397817850113
0.490601062775
0.276255846024
0.242979049683
0.262305021286
0.609485149384
0.545464038849
0.79962515831
0.765127897263
0.70446896553
0.706248044968
0.0268840789795
0.0219287872314
0.0182549953461
0.020663022995
0.0127899646759
0.0165150165558
1.02199101448
0.898269176483
0.996921062469
1.09319210052
0.0100600719452
0.00704288482666
0.00776481628418
0.00859904289246
0.00604104995728
0.00699019432068
0.00498509407043
0.00765490531921
0.00528907775879
0.00658917427063
0.00967979431152
0.00610899925232
0.0752539634705
0.838388204575
0.870669126511
0.888074874878
2332.69600296
199.924048901
0.955529928207
1.01126384735
0.903469085693
1.3729789257
1.51464104652
2283.77847695
