# unix_time, cycles_done, cur_path, paths_total, pending_total, pending_favs, map_size, unique_crashes, unique_hangs, max_depth, execs_per_sec, total_execs
1712685938, 1, 0, 5, 5, 5, 1.24%, 0, 0, 1, 2352.94, 40
1712686014, 1, 0, 79, 79, 5, 1.51%, 0, 0, 2, 4.37, 5807
1712686019, 1, 0, 85, 85, 5, 1.52%, 0, 0, 2, 1795.64, 14719
1712686024, 1, 0, 86, 86, 5, 1.52%, 0, 0, 2, 1773.80, 23512
1712686029, 1, 0, 87, 87, 5, 1.52%, 0, 0, 2, 1784.08, 32445
1712686034, 1, 4, 389, 388, 160, 2.02%, 0, 0, 2, 1452.13, 39602
1712686039, 1, 4, 410, 409, 160, 2.08%, 0, 0, 2, 1199.68, 44671
1712690160, 1, 4, 425, 424, 160, 2.10%, 0, 0, 2, 0.04, 48180
1712690220, 1, 4, 426, 425, 160, 2.10%, 0, 0, 2, 2.66, 48342
1712690226, 1, 4, 441, 440, 160, 2.14%, 0, 0, 2, 1681.87, 54284
1712690231, 1, 4, 454, 453, 160, 2.15%, 0, 0, 2, 1123.13, 59810
1712690236, 1, 4, 461, 460, 160, 2.29%, 0, 0, 2, 1176.09, 65342
1712690241, 1, 4, 473, 472, 160, 2.34%, 0, 0, 2, 1412.79, 71204
1712690246, 1, 12, 480, 475, 206, 2.34%, 0, 0, 3, 1590.37, 79279
1712694368, 1, 12, 493, 488, 206, 2.36%, 0, 0, 3, 0.06, 86348
1712694429, 1, 12, 494, 489, 206, 2.36%, 0, 0, 3, 2.44, 86837
1712694434, 1, 12, 497, 492, 206, 2.37%, 0, 0, 3, 1687.64, 95422
1712694439, 1, 12, 1193, 1187, 205, 7.37%, 0, 0, 3, 1496.70, 103108
1712694444, 1, 12, 1938, 1932, 205, 9.17%, 0, 0, 3, 1403.26, 109956
1712694449, 1, 12, 2697, 2691, 205, 10.35%, 0, 0, 3, 1372.65, 117008
1712694454, 1, 12, 3420, 3414, 205, 11.22%, 0, 0, 3, 1375.54, 123820
1712694639, 1, 12, 4150, 4144, 205, 12.08%, 0, 0, 3, 0.26, 130820
1712694644, 1, 12, 4830, 4824, 205, 12.76%, 0, 0, 3, 1309.22, 137345
1712694649, 1, 12, 5532, 5526, 205, 13.41%, 0, 0, 3, 1345.51, 144188
1712694655, 1, 12, 6161, 6155, 205, 13.96%, 0, 0, 3, 1230.60, 150408
1712694660, 1, 19, 6303, 6295, 3215, 14.09%, 0, 0, 3, 1304.21, 156798
1712694665, 1, 51, 6303, 6292, 3212, 14.09%, 0, 0, 3, 1340.67, 163607
1712694850, 1, 67, 6303, 6290, 3210, 14.09%, 0, 0, 3, 0.30, 170229
1712694855, 1, 68, 6303, 6289, 3209, 14.09%, 0, 0, 3, 53.56, 172686
1712694865, 1, 78, 6303, 6287, 3207, 14.09%, 0, 0, 3, 1272.72, 182042
1712695060, 1, 89, 6303, 6285, 3205, 14.09%, 0, 0, 3, 2.16, 190536
1712695065, 1, 89, 6305, 6287, 3205, 14.09%, 0, 0, 3, 1458.04, 197723
1712695081, 1, 101, 6305, 6286, 3202, 14.09%, 0, 0, 3, 24.62, 217249
1712695086, 1, 101, 6306, 6287, 3202, 14.09%, 0, 0, 3, 1600.43, 220935
1712695270, 1, 101, 6306, 6287, 3202, 14.09%, 0, 1, 3, 0.35, 223470
1712695291, 1, 118, 6307, 6287, 3201, 14.09%, 0, 1, 3, 1527.09, 239886
1712695481, 1, 118, 6308, 6288, 3201, 14.09%, 0, 1, 3, 1.76, 250156
1712695496, 1, 171, 6309, 6288, 3201, 14.09%, 0, 1, 3, 1257.47, 267174
1712695506, 1, 179, 6310, 6288, 3201, 14.09%, 0, 1, 3, 1359.05, 280760
1712695691, 1, 179, 6312, 6290, 3201, 14.09%, 0, 1, 3, 0.90, 286758
1712695701, 1, 179, 6315, 6293, 3201, 14.09%, 0, 1, 3, 1206.40, 298554
1712695706, 1, 186, 6315, 6292, 3201, 14.09%, 0, 1, 3, 1254.51, 304893
1712695712, 1, 219, 6315, 6290, 3199, 14.09%, 0, 1, 3, 1386.62, 311567
1712695907, 1, 221, 6315, 6289, 3198, 14.09%, 0, 1, 3, 1818.03, 322970
1712695912, 1, 221, 6316, 6290, 3198, 14.09%, 0, 1, 3, 1504.13, 330190
1712695917, 1, 226, 6316, 6289, 3198, 14.09%, 0, 1, 3, 1374.01, 336994
1712695922, 1, 228, 6316, 6288, 3197, 14.09%, 0, 1, 3, 1381.66, 343471
1712695927, 1, 228, 6317, 6289, 3197, 14.09%, 0, 1, 3, 1332.73, 350191
1712696112, 1, 228, 6320, 6292, 3197, 14.09%, 0, 1, 3, 1.05, 356759
1712696122, 1, 237, 6321, 6292, 3196, 14.09%, 0, 1, 3, 1460.57, 370398
1712696132, 1, 242, 6322, 6292, 3195, 14.09%, 0, 1, 3, 1350.66, 383938
1712696322, 1, 243, 6322, 6291, 3194, 14.09%, 0, 1, 3, 1.05, 397135
1712696327, 1, 244, 6323, 6291, 3193, 14.09%, 0, 1, 3, 1120.07, 402882
1712696333, 1, 244, 6325, 6293, 3193, 14.10%, 0, 1, 3, 1270.74, 408238
1712696338, 1, 244, 6327, 6295, 3193, 14.10%, 0, 1, 3, 1128.44, 413534
1712696343, 1, 244, 6328, 6296, 3193, 14.10%, 0, 1, 3, 1095.72, 418834
1712696348, 1, 244, 6329, 6297, 3193, 14.11%, 0, 1, 3, 1142.42, 424423
1712698517, 1, 250, 6330, 6297, 3196, 14.11%, 0, 1, 3, 0.13, 429997
1712698527, 1, 251, 6330, 6296, 3195, 14.11%, 0, 1, 3, 1324.55, 442989
1712698532, 1, 255, 6330, 6295, 3194, 14.11%, 0, 1, 3, 1241.17, 448396
1712698537, 1, 255, 6433, 6397, 3193, 14.35%, 0, 1, 3, 1228.21, 454523
1712698542, 1, 255, 7057, 7021, 3193, 14.92%, 0, 1, 3, 1213.16, 460672
1712698547, 1, 255, 7623, 7587, 3193, 15.24%, 0, 1, 3, 1143.63, 466389
1712698553, 1, 263, 7905, 7869, 3693, 15.40%, 0, 1, 3, 94.52, 472143
1712698568, 1, 272, 7905, 7868, 3692, 15.40%, 0, 1, 3, 1359.61, 484114
1712698573, 1, 275, 7905, 7867, 3691, 15.40%, 0, 1, 3, 1251.72, 490189
1712698637, 1, 279, 7905, 7866, 3690, 15.40%, 0, 1, 3, 3.32, 494531
1712698652, 1, 292, 7905, 7865, 3689, 15.40%, 0, 1, 3, 1005.19, 505529
1712698657, 1, 292, 7906, 7866, 3689, 15.40%, 0, 1, 3, 1258.38, 511431
1712698663, 1, 292, 7907, 7867, 3689, 15.40%, 0, 1, 3, 1143.77, 517022
1712698864, 1, 298, 7907, 7866, 3688, 15.40%, 0, 1, 3, 68.13, 535139
1712698875, 1, 298, 7908, 7867, 3688, 15.40%, 0, 1, 3, 1379.51, 545480
1712699062, 1, 312, 7908, 7866, 3688, 15.40%, 0, 1, 3, 1082.65, 553875
1712699068, 1, 314, 7908, 7865, 3688, 15.40%, 0, 1, 3, 1296.08, 560434
1712699078, 1, 325, 7908, 7864, 3688, 15.40%, 0, 1, 3, 1117.87, 571057
1712699083, 1, 350, 7908, 7863, 3687, 15.40%, 0, 1, 3, 233.64, 577024
1712699278, 1, 364, 7908, 7862, 3687, 15.40%, 0, 1, 3, 1353.19, 587290
1712699294, 1, 370, 7908, 7861, 3686, 15.40%, 0, 1, 3, 809.38, 597724
1712699483, 1, 389, 7908, 7860, 3685, 15.40%, 0, 1, 3, 806.56, 606012
1712699489, 1, 393, 7908, 7859, 3684, 15.40%, 0, 1, 3, 5.70, 609404
1712699500, 1, 403, 7909, 7859, 3683, 15.40%, 0, 1, 3, 150.60, 618683
1712699698, 1, 411, 7909, 7858, 3683, 15.40%, 0, 1, 3, 2019.97, 626886
1712699718, 1, 426, 7909, 7857, 3682, 15.40%, 0, 1, 3, 1823.24, 636676
1712699904, 1, 432, 7909, 7856, 3681, 15.40%, 0, 1, 3, 1189.52, 641498
1712699916, 1, 434, 7909, 7855, 3680, 15.40%, 0, 1, 3, 58.41, 647243
1712699927, 1, 446, 7909, 7854, 3679, 15.40%, 0, 1, 3, 86.03, 651307
1712700114, 1, 446, 7910, 7855, 3679, 15.40%, 0, 1, 3, 1158.07, 657441
1712700124, 1, 454, 7910, 7854, 3678, 15.40%, 0, 1, 3, 1874.16, 667002
1712700134, 1, 456, 7910, 7853, 3677, 15.40%, 0, 1, 3, 1374.03, 678582
1712700319, 1, 462, 7910, 7852, 3676, 15.40%, 0, 1, 3, 0.91, 682731
1712700325, 1, 463, 7910, 7851, 3675, 15.40%, 0, 1, 3, 44.96, 686808
1712700343, 1, 465, 7910, 7850, 3674, 15.40%, 0, 1, 3, 78.38, 694545
1712700541, 1, 469, 7910, 7849, 3673, 15.40%, 0, 1, 3, 129.45, 700968
1712700552, 1, 474, 7910, 7848, 3672, 15.40%, 0, 1, 3, 62.21, 706072
1712702849, 1, 484, 7910, 7846, 3670, 15.40%, 0, 1, 3, 1160.02, 714900
1712702854, 1, 485, 7910, 7845, 3669, 15.40%, 0, 1, 3, 1204.09, 720901
1712702859, 1, 485, 8156, 8090, 3668, 15.61%, 0, 1, 3, 1035.27, 726317
1712702864, 1, 488, 8191, 8125, 3747, 15.65%, 0, 1, 4, 1071.94, 731862
1712702869, 1, 488, 8192, 8126, 3747, 15.65%, 0, 1, 4, 1255.88, 738438
1712703060, 1, 489, 8193, 8126, 3746, 15.65%, 0, 1, 4, 1069.96, 749912
1712703065, 1, 489, 8194, 8127, 3746, 15.65%, 0, 1, 4, 1108.70, 755576
1712703075, 1, 492, 8194, 8126, 3745, 15.65%, 0, 1, 4, 152.78, 766925
1712703080, 1, 493, 8195, 8126, 3744, 15.65%, 0, 1, 4, 1179.92, 772206
1712703270, 1, 494, 8195, 8125, 3743, 15.65%, 0, 1, 4, 1145.42, 783742
1712703275, 1, 495, 8195, 8124, 3742, 15.65%, 0, 1, 4, 1145.58, 788880
1712703280, 1, 497, 8195, 8123, 3741, 15.65%, 0, 1, 4, 1254.57, 795047
1712703285, 1, 499, 8195, 8122, 3740, 15.65%, 0, 1, 4, 1283.74, 801429
1712703475, 1, 503, 8195, 8121, 3739, 15.65%, 0, 1, 4, 1.10, 810761
1712703480, 1, 504, 8196, 8121, 3738, 15.65%, 0, 1, 4, 948.39, 814868
1712703490, 1, 504, 8197, 8122, 3738, 15.65%, 0, 1, 4, 980.50, 824110
1712703495, 1, 504, 8198, 8123, 3738, 15.65%, 0, 1, 4, 1258.36, 829775
1712703685, 1, 507, 8199, 8123, 3739, 15.65%, 0, 1, 4, 0.27, 841587
1712703691, 1, 507, 8200, 8124, 3739, 15.66%, 0, 1, 4, 973.15, 846611
1712703696, 1, 507, 8202, 8126, 3739, 15.66%, 0, 1, 4, 980.19, 851605
1712703707, 1, 510, 8202, 8125, 3739, 15.66%, 0, 1, 4, 92.11, 862465
1712703901, 1, 511, 8202, 8124, 3738, 15.66%, 0, 1, 4, 1326.59, 870968
1712703906, 1, 515, 8202, 8123, 3737, 15.66%, 0, 1, 4, 1027.69, 875849
1712703911, 1, 516, 8202, 8122, 3735, 15.66%, 0, 1, 4, 1060.90, 881117
1712703916, 1, 516, 8203, 8123, 3735, 15.66%, 0, 1, 4, 1074.32, 886753
1712703921, 1, 516, 8204, 8124, 3735, 15.66%, 0, 1, 4, 1146.90, 892599
1712704116, 1, 518, 8204, 8123, 3734, 15.66%, 0, 1, 4, 1072.90, 907227
1712704126, 1, 519, 8204, 8122, 3733, 15.66%, 0, 1, 4, 1295.01, 913792
1712704132, 1, 519, 8205, 8123, 3733, 15.66%, 0, 1, 4, 1318.34, 920352
1712704316, 1, 523, 8205, 8122, 3732, 15.66%, 0, 1, 4, 1.11, 925601
1712704327, 1, 530, 8205, 8121, 3731, 15.66%, 0, 1, 4, 19.36, 933920
1712704332, 1, 530, 8206, 8122, 3731, 15.66%, 0, 1, 4, 1075.06, 937664
1712704337, 1, 530, 8208, 8124, 3731, 15.66%, 0, 1, 4, 1176.26, 943390
1712704527, 1, 531, 8208, 8123, 3732, 15.66%, 0, 1, 4, 1.09, 953052
1712704537, 1, 535, 8208, 8122, 3731, 15.66%, 0, 1, 4, 331.12, 959424
1712704543, 1, 537, 8208, 8121, 3730, 15.66%, 0, 1, 4, 705.67, 963048
1712704553, 1, 538, 8208, 8120, 3729, 15.66%, 0, 1, 4, 1141.45, 975116
1712704737, 1, 544, 8209, 8120, 3728, 15.66%, 0, 1, 4, 0.76, 979969
1712704742, 1, 544, 8210, 8121, 3728, 15.66%, 0, 1, 4, 1018.42, 985480
1712704758, 1, 547, 8210, 8120, 3728, 15.66%, 0, 1, 4, 286.58, 1001917
1712706896, 1, 553, 8210, 8119, 3727, 15.66%, 0, 1, 4, 0.02, 1011292
1712706901, 1, 555, 8210, 8118, 3726, 15.66%, 0, 1, 4, 219.20, 1015577
1712706912, 1, 556, 8210, 8117, 3725, 15.66%, 0, 1, 4, 1379.43, 1024198
1712706917, 1, 560, 8210, 8115, 3723, 15.66%, 0, 1, 4, 1415.33, 1031351
1712706922, 1, 560, 8211, 8116, 3723, 15.66%, 0, 1, 4, 1208.56, 1037153
1712706932, 1, 560, 8606, 8510, 3722, 15.99%, 0, 1, 4, 1098.30, 1048297
1712706937, 1, 560, 9047, 8951, 3722, 16.14%, 0, 2, 4, 1108.00, 1052731
1712706942, 1, 563, 9100, 9004, 3893, 16.16%, 0, 2, 4, 1273.90, 1058128
1712706947, 1, 564, 9100, 9003, 3892, 16.16%, 0, 2, 4, 1846.95, 1063213
1712706952, 1, 565, 9100, 9002, 3891, 16.16%, 0, 2, 4, 1434.33, 1068640
1712706957, 1, 568, 9100, 9001, 3890, 16.16%, 0, 2, 4, 1246.26, 1074782
1712706963, 1, 571, 9100, 9000, 3889, 16.16%, 0, 2, 4, 126.71, 1080040
1712706975, 1, 571, 9103, 9003, 3889, 16.16%, 0, 2, 4, 1744.09, 1087224
1712706991, 1, 574, 9104, 9003, 3888, 16.16%, 0, 2, 4, 1293.77, 1106477
1712707057, 1, 575, 9104, 9002, 3887, 16.16%, 0, 2, 4, 226.03, 1111242
1712707068, 1, 576, 9104, 9001, 3886, 16.16%, 0, 2, 4, 260.87, 1118645
1712707073, 1, 581, 9104, 9000, 3885, 16.16%, 0, 2, 4, 1174.30, 1123860
1712707262, 1, 585, 9104, 8999, 3884, 16.16%, 0, 2, 4, 0.89, 1131076
1712707267, 1, 585, 9105, 9000, 3884, 16.16%, 0, 2, 4, 979.88, 1136218
1712707272, 1, 585, 9108, 9003, 3884, 16.16%, 0, 2, 4, 904.61, 1140681
1712707288, 1, 587, 9109, 9003, 3886, 16.16%, 0, 2, 4, 1035.09, 1156710
1712707483, 1, 589, 9110, 9003, 3885, 16.16%, 0, 2, 4, 927.59, 1170606
1712707493, 1, 592, 9110, 9002, 3884, 16.16%, 0, 2, 4, 398.03, 1180892
1712707498, 1, 594, 9110, 9001, 3883, 16.16%, 0, 2, 4, 1222.81, 1185110
1712707688, 1, 598, 9110, 9000, 3882, 16.16%, 0, 2, 4, 784.38, 1193193
1712707693, 1, 602, 9111, 9000, 3881, 16.16%, 0, 2, 4, 1081.83, 1196948
1712707703, 1, 602, 9112, 9001, 3881, 16.16%, 0, 2, 4, 1269.96, 1209651
1712707708, 1, 602, 9113, 9002, 3881, 16.16%, 0, 2, 4, 1264.53, 1216534
1712707893, 1, 606, 9113, 9001, 3880, 16.16%, 0, 2, 4, 0.29, 1222122
1712707903, 1, 609, 9113, 9000, 3879, 16.16%, 0, 2, 4, 1013.10, 1232044
1712707909, 1, 610, 9113, 8999, 3879, 16.16%, 0, 2, 4, 941.24, 1236727
1712707914, 1, 614, 9113, 8998, 3878, 16.16%, 0, 2, 4, 1214.99, 1242223
1712707919, 1, 617, 9113, 8997, 3877, 16.16%, 0, 2, 4, 1234.58, 1248381
1712708104, 1, 618, 9113, 8996, 3876, 16.16%, 0, 2, 4, 0.83, 1254298
1712708109, 1, 621, 9113, 8995, 3875, 16.16%, 0, 2, 4, 1033.74, 1259564
1712708114, 1, 626, 9113, 8994, 3874, 16.16%, 0, 2, 4, 1022.50, 1264606
1712708119, 1, 628, 9113, 8993, 3873, 16.16%, 0, 2, 4, 1207.74, 1271094
1712708124, 1, 629, 9113, 8992, 3872, 16.16%, 0, 2, 4, 1229.02, 1275883
1712708130, 1, 630, 9115, 8993, 3871, 16.16%, 0, 2, 4, 61.58, 1279731
1712708340, 1, 631, 9115, 8992, 3870, 16.16%, 0, 2, 4, 1275.16, 1306561
1712708524, 1, 632, 9115, 8991, 3869, 16.16%, 0, 2, 4, 1.71, 1312834
1712708529, 1, 632, 9116, 8992, 3869, 16.16%, 0, 2, 4, 1300.98, 1319023
1712708534, 1, 632, 9118, 8994, 3869, 16.16%, 0, 2, 4, 1209.42, 1324813
1712708545, 1, 633, 9118, 8993, 3870, 16.16%, 0, 2, 4, 1140.13, 1336253
1712708550, 1, 636, 9118, 8992, 3869, 16.16%, 0, 2, 4, 227.73, 1342116
1712708740, 1, 639, 9119, 8992, 3868, 16.16%, 0, 2, 4, 1316.01, 1349578
1712708750, 1, 642, 9119, 8991, 3868, 16.16%, 0, 2, 4, 1233.87, 1360872
1712708755, 1, 644, 9119, 8990, 3867, 16.16%, 0, 2, 4, 1178.04, 1366468
1712708760, 1, 644, 9120, 8991, 3867, 16.17%, 0, 2, 4, 1261.46, 1372966
1712708945, 1, 645, 9120, 8990, 3868, 16.17%, 0, 2, 4, 0.21, 1378654
1712708955, 1, 651, 9120, 8988, 3867, 16.17%, 0, 2, 4, 1234.94, 1390547
1712708966, 1, 651, 9122, 8990, 3867, 16.17%, 0, 2, 4, 934.50, 1398057
1712710223, 1, 654, 9122, 8989, 3866, 16.17%, 0, 2, 4, 1200.22, 1416148
1712710228, 1, 654, 9123, 8990, 3866, 16.17%, 0, 2, 4, 1360.00, 1419990
1712710233, 1, 654, 9124, 8991, 3866, 16.17%, 0, 2, 4, 1255.21, 1424300
1712710249, 1, 655, 9124, 8990, 3866, 16.17%, 0, 2, 4, 235.46, 1442469
1712710254, 1, 657, 9124, 8989, 3865, 16.17%, 0, 2, 4, 1401.03, 1447174
1712710259, 1, 657, 9289, 9153, 3864, 16.47%, 0, 2, 4, 1259.76, 1453405
1712710264, 1, 659, 9635, 9499, 4025, 16.69%, 0, 2, 4, 1472.31, 1458817
1712710269, 1, 659, 9636, 9500, 4025, 16.69%, 0, 2, 4, 231.24, 1463369
1712710275, 1, 664, 9636, 9499, 4025, 16.69%, 0, 2, 4, 88.73, 1467706
1712710291, 1, 666, 9637, 9499, 4024, 16.69%, 0, 2, 4, 1274.53, 1475333
1712710301, 1, 667, 9637, 9498, 4024, 16.69%, 0, 2, 4, 1219.70, 1486406
1712710306, 1, 668, 9637, 9497, 4023, 16.69%, 0, 2, 4, 1177.27, 1491987
1712710311, 1, 669, 9637, 9496, 4022, 16.69%, 0, 2, 4, 1240.84, 1498415
1712710316, 1, 671, 9637, 9495, 4021, 16.69%, 0, 2, 4, 1266.30, 1504789
1712710321, 1, 675, 9637, 9494, 4020, 16.69%, 0, 2, 4, 1257.47, 1510979
1712710332, 1, 676, 9637, 9493, 4019, 16.69%, 0, 2, 4, 1345.72, 1517299
1712710348, 1, 676, 9638, 9494, 4019, 16.69%, 0, 2, 4, 1335.00, 1528079
1712710364, 1, 677, 9638, 9493, 4018, 16.69%, 0, 2, 4, 1542.05, 1538769
1712710369, 1, 679, 9638, 9492, 4017, 16.69%, 0, 2, 4, 1348.34, 1545222
1712710375, 1, 681, 9638, 9491, 4016, 16.69%, 0, 2, 4, 74.07, 1549908
1712710380, 1, 682, 9638, 9490, 4015, 16.69%, 0, 2, 4, 1099.86, 1555006
1712710385, 1, 684, 9638, 9489, 4013, 16.69%, 0, 2, 4, 1214.10, 1561322
1712710395, 1, 684, 9639, 9490, 4013, 16.69%, 0, 2, 4, 1071.84, 1568197
1712710405, 1, 686, 9639, 9489, 4012, 16.69%, 0, 2, 4, 1167.01, 1579411
1712710411, 1, 686, 9640, 9490, 4012, 16.69%, 0, 2, 4, 86.66, 1582573
1712710421, 1, 689, 9640, 9489, 4012, 16.69%, 0, 2, 4, 1287.30, 1591350
1712710426, 1, 689, 9642, 9491, 4012, 16.70%, 0, 2, 4, 1185.80, 1597287
1712710436, 1, 689, 9643, 9492, 4012, 16.70%, 0, 2, 4, 1218.13, 1609428
1712710441, 1, 691, 9643, 9491, 4014, 16.70%, 0, 2, 4, 1318.35, 1615989
1712710446, 1, 693, 9643, 9490, 4013, 16.70%, 0, 2, 4, 1289.77, 1622437
1712710457, 1, 694, 9643, 9489, 4012, 16.70%, 0, 2, 4, 1225.88, 1633667
1712710462, 1, 696, 9644, 9489, 4011, 16.70%, 0, 2, 4, 1237.72, 1639917
1712710472, 1, 697, 9644, 9488, 4010, 16.70%, 0, 2, 4, 1227.56, 1652443
1712710477, 1, 699, 9644, 9487, 4009, 16.70%, 0, 2, 4, 155.04, 1657954
1712710487, 1, 700, 9644, 9486, 4008, 16.70%, 0, 2, 4, 1366.53, 1666084
1712710492, 1, 701, 9644, 9485, 4007, 16.70%, 0, 2, 4, 1322.64, 1672877
1712710497, 1, 703, 9644, 9484, 4006, 16.70%, 0, 2, 4, 1383.84, 1677600
1712710503, 1, 705, 9644, 9483, 4005, 16.70%, 0, 2, 4, 273.74, 1680882
1712710508, 1, 707, 9644, 9482, 4004, 16.70%, 0, 2, 4, 1405.61, 1687624
1712710513, 1, 708, 9644, 9481, 4003, 16.70%, 0, 2, 4, 1229.64, 1693572
1712710518, 1, 713, 9645, 9481, 4002, 16.70%, 0, 2, 4, 1151.99, 1699595
1712710523, 1, 713, 9647, 9483, 4002, 16.71%, 0, 2, 4, 1191.06, 1705729
1712710528, 1, 713, 9652, 9488, 4002, 16.72%, 0, 2, 4, 1146.19, 1711864
1712710533, 1, 713, 9653, 9489, 4002, 16.72%, 0, 2, 4, 1197.76, 1718082
1712710539, 1, 717, 9660, 9495, 4013, 16.73%, 0, 2, 4, 40.75, 1724472
1712710550, 1, 719, 9660, 9494, 4012, 16.73%, 0, 2, 4, 123.94, 1730913
1712710560, 1, 722, 9660, 9493, 4011, 16.73%, 0, 2, 4, 889.66, 1739104
1712710565, 1, 726, 9660, 9492, 4010, 16.73%, 0, 2, 4, 1106.01, 1744502
1712710571, 1, 734, 9660, 9491, 4009, 16.73%, 0, 2, 4, 1290.34, 1751054
1712710582, 1, 739, 9660, 9490, 4008, 16.73%, 0, 2, 4, 1206.08, 1759610
1712710592, 1, 751, 9660, 9489, 4007, 16.73%, 0, 2, 4, 1799.26, 1767739
1712710609, 1, 752, 9660, 9488, 4006, 16.73%, 0, 2, 4, 1634.19, 1779902
1712710614, 1, 753, 9660, 9487, 4005, 16.73%, 0, 2, 4, 1833.92, 1783601
1712710620, 1, 754, 9660, 9486, 4004, 16.73%, 0, 2, 4, 1604.22, 1791414
1712710625, 1, 757, 9660, 9485, 4003, 16.73%, 0, 2, 4, 1075.70, 1796201
1712710630, 1, 757, 9661, 9486, 4003, 16.73%, 0, 2, 4, 1338.14, 1798852
1712710635, 1, 757, 9662, 9487, 4003, 16.73%, 0, 2, 4, 1225.63, 1802451
1712710640, 1, 757, 9663, 9488, 4003, 16.73%, 0, 2, 4, 1122.40, 1807979
1712710645, 1, 757, 9664, 9489, 4003, 16.73%, 0, 2, 4, 1147.93, 1813839
1712710650, 1, 760, 9664, 9488, 4005, 16.73%, 0, 2, 4, 1153.30, 1819579
1712710660, 1, 763, 9664, 9487, 4004, 16.73%, 0, 2, 4, 1774.45, 1825845
1712710665, 1, 763, 9665, 9488, 4004, 16.74%, 0, 2, 4, 1266.50, 1831358
1712710671, 1, 763, 9666, 9489, 4004, 16.74%, 0, 2, 4, 1073.20, 1836727
1712710686, 1, 764, 9666, 9488, 4005, 16.74%, 0, 2, 4, 1186.44, 1853553
1712710691, 1, 765, 9666, 9487, 4004, 16.74%, 0, 2, 4, 1176.86, 1859496
1712710696, 1, 767, 9666, 9486, 4003, 16.74%, 0, 2, 4, 239.73, 1863200
1712710706, 1, 768, 9666, 9485, 4002, 16.74%, 0, 2, 4, 1367.77, 1870196
1712710712, 1, 771, 9667, 9485, 4001, 16.74%, 0, 2, 4, 1470.56, 1874427
1712710717, 1, 771, 9668, 9486, 4001, 16.74%, 0, 2, 4, 24.13, 1877955
1712710728, 1, 771, 9669, 9487, 4001, 16.74%, 0, 2, 4, 1175.40, 1886835
1712710738, 1, 772, 9669, 9486, 4001, 16.74%, 0, 2, 4, 1277.66, 1899207
1712710754, 1, 778, 9669, 9485, 4000, 16.74%, 0, 2, 4, 846.16, 1909378
1712710759, 1, 778, 9670, 9486, 4000, 16.74%, 0, 2, 4, 1143.74, 1915693
1712710770, 1, 779, 9670, 9485, 3999, 16.74%, 0, 2, 4, 105.26, 1925205
1712711260, 1, 787, 9670, 9484, 3998, 16.74%, 0, 2, 4, 0.06, 1930190
1712711271, 1, 788, 9670, 9483, 3997, 16.74%, 0, 2, 4, 924.02, 1939024
1712711276, 1, 789, 9670, 9482, 3995, 16.74%, 0, 2, 4, 980.55, 1944367
1712711281, 1, 791, 9670, 9481, 3994, 16.74%, 0, 2, 4, 1037.60, 1949810
1712711286, 1, 795, 9670, 9480, 3993, 16.74%, 0, 2, 4, 1126.83, 1955332
1712711471, 1, 797, 9702, 9511, 3994, 16.75%, 0, 2, 4, 0.73, 1960301
1712711481, 1, 799, 9704, 9512, 3993, 16.75%, 0, 2, 4, 1088.18, 1970732
1712711496, 1, 799, 9705, 9513, 3993, 16.75%, 0, 2, 4, 1282.36, 1988743
1712711681, 1, 800, 9705, 9512, 3993, 16.75%, 0, 2, 4, 1.06, 1993398
1712711692, 1, 804, 9705, 9511, 3992, 16.75%, 0, 2, 4, 1506.76, 2001645
1712711697, 1, 805, 9705, 9510, 3991, 16.75%, 0, 2, 4, 1263.30, 2007716
1712711702, 1, 808, 9705, 9509, 3990, 16.75%, 0, 2, 4, 1240.03, 2012325
1712711891, 1, 812, 9705, 9508, 3989, 16.75%, 0, 2, 4, 1.28, 2016924
1712711901, 1, 815, 9705, 9507, 3988, 16.75%, 0, 2, 4, 1525.69, 2023839
1712711907, 1, 818, 9705, 9506, 3987, 16.75%, 0, 2, 4, 929.55, 2029394
1712711917, 1, 820, 9705, 9505, 3986, 16.75%, 0, 2, 4, 1088.96, 2040706
1712712102, 1, 827, 9705, 9504, 3985, 16.75%, 0, 2, 4, 0.31, 2044752
1712712112, 1, 828, 9705, 9503, 3984, 16.75%, 0, 2, 4, 905.97, 2050562
1712712122, 1, 829, 9705, 9502, 3983, 16.75%, 0, 2, 4, 1100.12, 2057657
1712712127, 1, 831, 9705, 9501, 3982, 16.75%, 0, 2, 4, 1139.77, 2063436
1712715407, 1, 835, 9705, 9500, 3981, 16.75%, 0, 2, 4, 0.01, 2068260
1712715473, 1, 835, 9899, 9693, 3981, 17.15%, 0, 2, 4, 950.77, 2073006
1712715478, 1, 835, 10404, 10198, 3981, 17.36%, 0, 2, 4, 1031.77, 2078020
1712715483, 1, 836, 10437, 10231, 4159, 17.37%, 0, 2, 4, 1020.10, 2083419
1712715488, 1, 837, 10437, 10230, 4157, 17.37%, 0, 2, 4, 980.07, 2087760
1712715493, 1, 838, 10437, 10229, 4156, 17.37%, 0, 2, 4, 1050.41, 2092832
1712715678, 1, 839, 10437, 10228, 4155, 17.37%, 0, 3, 4, 1.60, 2097545
1712715689, 1, 845, 10437, 10227, 4154, 17.37%, 0, 3, 4, 836.14, 2105828
1712715694, 1, 847, 10437, 10226, 4153, 17.37%, 0, 3, 4, 955.32, 2110623
1712715704, 1, 850, 10437, 10225, 4152, 17.37%, 0, 3, 4, 1155.75, 2121746
1712715889, 1, 850, 10438, 10226, 4152, 17.37%, 0, 3, 4, 1.46, 2127675
1712715894, 1, 851, 10438, 10225, 4151, 17.37%, 0, 3, 4, 985.89, 2132890
1712715899, 1, 854, 10438, 10224, 4150, 17.37%, 0, 3, 4, 855.42, 2137023
1712715909, 1, 860, 10438, 10223, 4149, 17.37%, 0, 3, 4, 936.27, 2144794
1712715915, 1, 863, 10438, 10222, 4148, 17.37%, 0, 3, 4, 169.10, 2148912
1712716104, 1, 865, 10438, 10221, 4147, 17.37%, 0, 3, 4, 1005.46, 2156145
1712716114, 1, 874, 10438, 10220, 4146, 17.37%, 0, 3, 4, 918.18, 2163053
1712716125, 1, 875, 10438, 10219, 4145, 17.37%, 0, 3, 4, 38.46, 2169992
1712716310, 1, 880, 10438, 10218, 4144, 17.37%, 0, 3, 4, 0.03, 2173054
1712716315, 1, 880, 10440, 10220, 4144, 17.37%, 0, 3, 4, 1112.93, 2178535
1712716335, 1, 881, 10440, 10219, 4144, 17.37%, 0, 3, 4, 1131.90, 2199528
1712716520, 1, 882, 10440, 10218, 4143, 17.37%, 0, 3, 4, 0.67, 2205409
1712716530, 1, 890, 10440, 10217, 4143, 17.37%, 0, 3, 4, 856.16, 2213456
1712716540, 1, 891, 10440, 10216, 4142, 17.37%, 0, 3, 4, 600.37, 2220347
1712716545, 1, 892, 10440, 10215, 4141, 17.37%, 0, 3, 4, 32.74, 2223407
1712716735, 1, 893, 10440, 10214, 4140, 17.37%, 0, 3, 4, 902.64, 2232553
1712716740, 1, 894, 10440, 10213, 4138, 17.37%, 0, 3, 4, 964.98, 2237302
1712716745, 1, 895, 10440, 10212, 4137, 17.37%, 0, 3, 4, 1114.50, 2242859
1712716756, 1, 897, 10440, 10211, 4136, 17.37%, 0, 3, 4, 990.67, 2252424
1712716941, 1, 901, 10440, 10210, 4135, 17.37%, 0, 3, 4, 0.73, 2257496
1712716947, 1, 902, 10440, 10209, 4134, 17.37%, 0, 3, 4, 128.38, 2262604
1712716957, 1, 903, 10440, 10208, 4133, 17.37%, 0, 3, 4, 925.72, 2269852
1712716962, 1, 905, 10440, 10207, 4132, 17.37%, 0, 3, 4, 1061.35, 2275396
1712716967, 1, 907, 10440, 10206, 4131, 17.37%, 0, 3, 4, 1119.57, 2281127
1712717156, 1, 908, 10440, 10205, 4130, 17.37%, 0, 3, 4, 1201.73, 2290164
1712717161, 1, 914, 10440, 10204, 4129, 17.37%, 0, 3, 4, 1242.34, 2295022
1712717166, 1, 914, 10442, 10206, 4129, 17.37%, 0, 3, 4, 1168.31, 2300975
1712717171, 1, 914, 10446, 10210, 4129, 17.37%, 0, 3, 4, 1281.20, 2307604
1712717176, 1, 914, 10447, 10211, 4129, 17.37%, 0, 3, 4, 1233.76, 2313669
1712717361, 1, 916, 10447, 10210, 4132, 17.37%, 0, 3, 4, 0.19, 2319524
1712717366, 1, 917, 10447, 10209, 4131, 17.37%, 0, 3, 4, 916.25, 2324038
1712717378, 1, 918, 10447, 10208, 4130, 17.37%, 0, 3, 4, 52.27, 2329462
1712717388, 1, 919, 10447, 10207, 4129, 17.37%, 0, 3, 4, 1198.66, 2340119
1712719062, 1, 919, 10448, 10208, 4129, 17.37%, 0, 3, 4, 0.04, 2344091
1712719067, 1, 919, 10450, 10210, 4129, 17.37%, 0, 3, 4, 1119.68, 2350103
1712719077, 1, 919, 10657, 10416, 4128, 17.48%, 0, 3, 4, 1222.36, 2362541
1712719082, 1, 923, 10695, 10454, 4187, 17.50%, 0, 3, 4, 1137.66, 2368227
1712719087, 1, 927, 10695, 10453, 4186, 17.50%, 0, 3, 4, 1275.82, 2374001
1712719092, 1, 928, 10695, 10452, 4185, 17.50%, 0, 3, 4, 1035.47, 2378815
1712719097, 1, 930, 10695, 10451, 4184, 17.50%, 0, 3, 4, 1078.55, 2383613
1712719102, 1, 932, 10695, 10450, 4183, 17.50%, 0, 3, 4, 1820.00, 2388777
1712719107, 1, 933, 10695, 10449, 4182, 17.50%, 0, 3, 4, 1279.71, 2394809
1712719112, 1, 933, 10697, 10451, 4182, 17.50%, 0, 3, 4, 1129.67, 2399155
1712719123, 1, 933, 10701, 10455, 4182, 17.50%, 0, 3, 4, 1120.28, 2410074
1712719128, 1, 933, 10702, 10456, 4182, 17.50%, 0, 3, 4, 1140.85, 2416307
1712719134, 1, 935, 10702, 10455, 4184, 17.50%, 0, 3, 4, 1179.04, 2422421
1712719139, 1, 935, 10703, 10456, 4184, 17.50%, 0, 3, 4, 1327.15, 2429239
1712719144, 1, 937, 10703, 10455, 4183, 17.50%, 0, 3, 4, 1358.13, 2435838
1712719149, 1, 938, 10703, 10454, 4182, 17.50%, 0, 3, 4, 189.21, 2440763
1712719159, 1, 941, 10703, 10453, 4181, 17.50%, 0, 3, 4, 1254.95, 2450179
1712719164, 1, 941, 10705, 10455, 4181, 17.51%, 0, 3, 4, 1239.59, 2456585
1712719180, 1, 948, 10705, 10453, 4181, 17.51%, 0, 3, 4, 1187.75, 2475465
1712719185, 1, 949, 10705, 10452, 4180, 17.51%, 0, 3, 4, 1070.66, 2480745
1712719195, 1, 952, 10705, 10451, 4179, 17.51%, 0, 3, 4, 1112.92, 2491775
1712719200, 1, 953, 10705, 10450, 4178, 17.51%, 0, 3, 4, 220.00, 2497335
1712719205, 1, 954, 10706, 10450, 4177, 17.51%, 0, 3, 4, 73.95, 2501875
1712719221, 1, 957, 10706, 10449, 4176, 17.51%, 0, 3, 4, 1165.55, 2513382
1712719226, 1, 958, 10706, 10448, 4175, 17.51%, 0, 3, 4, 1155.21, 2519157
1712719231, 1, 960, 10706, 10447, 4174, 17.51%, 0, 3, 4, 1183.51, 2525061
1712719241, 1, 963, 10706, 10446, 4173, 17.51%, 0, 3, 4, 1462.07, 2533599
1712719246, 1, 964, 10706, 10445, 4172, 17.51%, 0, 3, 4, 93.40, 2538649
1712719258, 1, 967, 10706, 10444, 4171, 17.51%, 0, 3, 4, 64.56, 2545017
1712719268, 1, 969, 10706, 10443, 4170, 17.51%, 0, 3, 4, 61.61, 2550105
1712719279, 1, 973, 10706, 10442, 4169, 17.51%, 0, 3, 4, 1107.29, 2557673
1712719284, 1, 975, 10706, 10441, 4168, 17.51%, 0, 3, 4, 1067.70, 2562930
1712719294, 1, 976, 10706, 10440, 4167, 17.51%, 0, 3, 4, 1157.03, 2574945
1712719300, 1, 979, 10707, 10440, 4166, 17.51%, 0, 3, 4, 1263.64, 2579940
1712719305, 1, 979, 10709, 10442, 4166, 17.51%, 0, 3, 4, 1097.16, 2584710
1712719320, 1, 981, 10710, 10442, 4167, 17.51%, 0, 3, 4, 1128.13, 2601176
1712719331, 1, 982, 10710, 10441, 4166, 17.51%, 0, 3, 4, 872.06, 2609481
1712719336, 1, 983, 10710, 10440, 4165, 17.51%, 0, 3, 4, 1134.22, 2615374
1712719341, 1, 983, 10711, 10441, 4165, 17.51%, 0, 3, 4, 1068.20, 2620391
1712719346, 1, 983, 10713, 10443, 4165, 17.51%, 0, 3, 4, 1268.68, 2627117
1712719356, 1, 986, 10713, 10442, 4165, 17.51%, 0, 3, 4, 1373.10, 2640297
1712719362, 1, 987, 10713, 10441, 4164, 17.51%, 0, 3, 4, 1153.31, 2645956
1712719367, 1, 989, 10713, 10440, 4163, 17.51%, 0, 3, 4, 1168.80, 2651661
1712719377, 1, 993, 10713, 10439, 4162, 17.51%, 0, 3, 4, 1242.14, 2659281
1712719382, 1, 994, 10713, 10438, 4160, 17.51%, 0, 3, 4, 1188.80, 2665170
1712719387, 1, 998, 10713, 10437, 4159, 17.51%, 0, 3, 4, 1156.07, 2670749
1712719392, 1, 1000, 10713, 10436, 4158, 17.51%, 0, 3, 4, 1181.52, 2676770
1712719686, 1, 1002, 10713, 10435, 4157, 17.51%, 0, 3, 4, 941.52, 2686998
1712719691, 1, 1003, 10713, 10434, 4156, 17.51%, 0, 3, 4, 922.92, 2691359
1712719696, 1, 1005, 10713, 10433, 4155, 17.51%, 0, 3, 4, 978.22, 2696248
1712719886, 1, 1005, 10714, 10433, 4154, 17.51%, 0, 3, 4, 1.00, 2701727
1712719891, 1, 1011, 10780, 10499, 4169, 17.55%, 0, 3, 4, 65.89, 2704681
1712719901, 1, 1012, 10780, 10498, 4168, 17.55%, 0, 3, 4, 1111.38, 2711019
1712719907, 1, 1014, 10780, 10497, 4167, 17.55%, 0, 3, 4, 112.70, 2716395
1712720102, 1, 1017, 10780, 10496, 4166, 17.55%, 0, 3, 4, 37.92, 2723770
1712720107, 1, 1019, 10780, 10495, 4165, 17.55%, 0, 3, 4, 1029.36, 2727862
1712720112, 1, 1020, 10780, 10494, 4164, 17.55%, 0, 3, 4, 944.72, 2732353
1712720122, 1, 1021, 10780, 10493, 4163, 17.55%, 0, 3, 4, 237.22, 2738745
1712720312, 1, 1022, 10780, 10492, 4162, 17.55%, 0, 3, 4, 1570.00, 2744159
1712720322, 1, 1026, 10780, 10491, 4161, 17.55%, 0, 3, 4, 1687.50, 2751244
1712720333, 1, 1031, 10780, 10490, 4160, 17.55%, 0, 3, 4, 147.41, 2758917
1712720522, 1, 1031, 10781, 10491, 4160, 17.55%, 0, 3, 4, 703.99, 2763776
1712720532, 1, 1032, 10781, 10490, 4159, 17.55%, 0, 3, 4, 993.83, 2772828
1712720537, 1, 1033, 10782, 10490, 4158, 17.55%, 0, 3, 4, 1621.89, 2777144
1712720733, 1, 1035, 10782, 10489, 4157, 17.55%, 0, 3, 4, 836.29, 2789280
1712720743, 1, 1036, 10782, 10488, 4156, 17.55%, 0, 3, 4, 28.72, 2797686
1712720748, 1, 1037, 10782, 10487, 4155, 17.55%, 0, 3, 4, 950.15, 2801091
1712720938, 1, 1038, 10782, 10486, 4154, 17.55%, 0, 3, 4, 0.90, 2807845
1712720943, 1, 1038, 10783, 10487, 4154, 17.55%, 0, 3, 4, 934.32, 2812731
1712720953, 1, 1041, 10783, 10485, 4152, 17.55%, 0, 3, 4, 241.34, 2821756
1712720963, 1, 1043, 10783, 10484, 4151, 17.55%, 0, 3, 4, 1500.00, 2828430
1712721153, 1, 1044, 10783, 10483, 4150, 17.55%, 0, 3, 4, 1119.78, 2834940
1712721163, 1, 1045, 10783, 10482, 4149, 17.55%, 0, 3, 4, 1060.73, 2844068
1712721168, 1, 1048, 10783, 10481, 4148, 17.55%, 0, 3, 4, 775.07, 2849084
1712721173, 1, 1048, 10784, 10482, 4148, 17.55%, 0, 3, 4, 1168.73, 2854456
1712721358, 1, 1049, 10784, 10481, 4147, 17.55%, 0, 3, 4, 0.14, 2860395
1712721369, 1, 1050, 10784, 10480, 4146, 17.55%, 0, 3, 4, 1215.00, 2866032
1712721380, 1, 1051, 10784, 10479, 4145, 17.55%, 0, 3, 4, 83.62, 2874343
1712721569, 1, 1052, 10784, 10478, 4144, 17.55%, 0, 3, 4, 0.42, 2878430
1712721579, 1, 1055, 10784, 10477, 4143, 17.55%, 0, 3, 4, 622.30, 2887070
1712721584, 1, 1055, 10785, 10478, 4143, 17.55%, 0, 3, 4, 948.54, 2892208
1712721594, 1, 1056, 10785, 10477, 4142, 17.55%, 0, 3, 4, 1090.63, 2900609
1712723883, 1, 1057, 10785, 10476, 4141, 17.55%, 0, 3, 4, 0.11, 2903673
1712723893, 1, 1058, 10785, 10475, 4140, 17.55%, 0, 3, 4, 1605.00, 2911985
1712723908, 1, 1059, 10871, 10560, 4154, 17.58%, 0, 3, 4, 1149.23, 2919564
1712724093, 1, 1061, 10872, 10560, 4153, 17.58%, 0, 3, 4, 1.80, 2924618
1712724098, 1, 1061, 10873, 10561, 4153, 17.59%, 0, 3, 4, 757.81, 2928589
1712724108, 1, 1061, 10874, 10562, 4153, 17.59%, 0, 3, 4, 990.58, 2938006
1712724119, 1, 1063, 10874, 10561, 4154, 17.59%, 0, 3, 4, 1175.26, 2949143
1712724304, 1, 1065, 10874, 10560, 4153, 17.59%, 0, 3, 4, 0.78, 2955497
1712724309, 1, 1068, 10874, 10559, 4152, 17.59%, 0, 3, 4, 367.08, 2958896
1712724320, 1, 1070, 10874, 10558, 4151, 17.59%, 0, 3, 4, 934.65, 2967723
1712724325, 1, 1071, 10874, 10557, 4150, 17.59%, 0, 3, 4, 123.71, 2971979
1712724330, 1, 1072, 10874, 10556, 4149, 17.59%, 0, 3, 4, 68.22, 2976065
1712724519, 1, 1072, 10876, 10558, 4149, 17.59%, 0, 3, 4, 831.38, 2983884
1712724539, 1, 1073, 10876, 10557, 4149, 17.59%, 0, 3, 4, 1096.59, 3003433
1712724730, 1, 1075, 10876, 10556, 4148, 17.59%, 0, 3, 4, 1158.20, 3010232
1712724735, 1, 1076, 10876, 10555, 4147, 17.59%, 0, 3, 4, 921.99, 3014580
1712724745, 1, 1079, 10876, 10553, 4145, 17.59%, 0, 3, 4, 1017.59, 3024437
1712724935, 1, 1087, 10876, 10552, 4144, 17.59%, 0, 3, 4, 0.73, 3032416
1712724945, 1, 1092, 10876, 10550, 4142, 17.59%, 0, 3, 4, 555.25, 3039213
1712724950, 1, 1092, 10877, 10551, 4142, 17.59%, 0, 3, 4, 856.36, 3043955
1712724955, 1, 1092, 10878, 10552, 4142, 17.59%, 0, 3, 4, 1012.82, 3049391
1712724960, 1, 1092, 10879, 10553, 4142, 17.59%, 0, 3, 4, 1081.27, 3054327
1712725150, 1, 1094, 10879, 10552, 4142, 17.59%, 0, 3, 4, 961.20, 3065439
1712725161, 1, 1095, 10879, 10551, 4141, 17.59%, 0, 3, 4, 878.17, 3073588
1712725166, 1, 1098, 10879, 10550, 4140, 17.59%, 0, 3, 4, 633.63, 3077195
1712725356, 1, 1098, 10881, 10552, 4140, 17.59%, 0, 3, 4, 0.67, 3085615
1712725366, 1, 1098, 10882, 10553, 4140, 17.59%, 0, 3, 4, 779.37, 3093593
1712725376, 1, 1100, 10882, 10552, 4141, 17.59%, 0, 3, 4, 1091.46, 3104067
1712725381, 1, 1100, 10884, 10554, 4141, 17.59%, 0, 3, 4, 1158.86, 3110061
1712725581, 1, 1101, 10884, 10553, 4140, 17.59%, 0, 3, 4, 999.49, 3130024
1712725586, 1, 1106, 10884, 10552, 4139, 17.59%, 0, 3, 4, 24.11, 3133827
1712725776, 1, 1107, 10884, 10551, 4139, 17.59%, 0, 3, 4, 1.45, 3138942
1712725781, 1, 1107, 10885, 10552, 4139, 17.59%, 0, 3, 4, 814.30, 3142920
1712725792, 1, 1107, 10886, 10553, 4139, 17.59%, 0, 3, 4, 948.03, 3151376
1712725797, 1, 1107, 10888, 10555, 4139, 17.60%, 0, 3, 4, 1057.30, 3157002
1712725802, 1, 1107, 10890, 10557, 4139, 17.60%, 0, 3, 4, 1183.29, 3163157
1712726923, 1, 1109, 10890, 10555, 4139, 17.60%, 0, 3, 4, 0.09, 3168403
1712726934, 1, 1110, 11046, 10710, 4180, 17.69%, 0, 5, 4, 843.88, 3176289
1712726939, 1, 1112, 11046, 10709, 4179, 17.69%, 0, 5, 4, 1179.54, 3182712
1712726949, 1, 1113, 11046, 10708, 4178, 17.69%, 0, 5, 4, 1424.05, 3191724
1712726954, 1, 1116, 11046, 10707, 4177, 17.69%, 0, 5, 4, 1197.49, 3197456
1712726959, 1, 1119, 11046, 10706, 4176, 17.69%, 0, 5, 4, 1182.38, 3203261
1712726964, 1, 1120, 11046, 10705, 4175, 17.69%, 0, 5, 4, 1110.78, 3208685
1712726969, 1, 1124, 11046, 10704, 4174, 17.69%, 0, 5, 4, 1542.76, 3212908
1712726974, 1, 1124, 11047, 10705, 4174, 17.69%, 0, 5, 4, 1205.86, 3218606
1712726985, 1, 1125, 11048, 10705, 4173, 17.69%, 0, 5, 4, 1101.66, 3229529
1712726995, 1, 1130, 11048, 10704, 4172, 17.69%, 0, 5, 4, 1144.09, 3240787
1712727000, 1, 1131, 11049, 10704, 4171, 17.69%, 0, 5, 4, 1018.87, 3245800
1712727010, 1, 1131, 11050, 10705, 4171, 17.69%, 0, 5, 4, 992.07, 3256007
1712727025, 1, 1135, 11050, 10704, 4170, 17.69%, 0, 5, 4, 1053.68, 3270526
1712727036, 1, 1136, 11050, 10703, 4169, 17.69%, 0, 5, 4, 1073.36, 3277050
1712727041, 1, 1137, 11050, 10702, 4168, 17.69%, 0, 5, 4, 1114.72, 3281351
1712727051, 1, 1139, 11050, 10701, 4167, 17.69%, 0, 5, 4, 1122.54, 3289693
1712727057, 1, 1140, 11050, 10700, 4166, 17.69%, 0, 5, 4, 23.10, 3292955
1712727068, 1, 1141, 11050, 10699, 4165, 17.69%, 0, 5, 4, 106.54, 3299314
1712727079, 1, 1142, 11051, 10699, 4164, 17.69%, 0, 5, 4, 1116.74, 3310453
1712727089, 1, 1143, 11051, 10698, 4163, 17.69%, 0, 5, 4, 1011.38, 3320711
1712727094, 1, 1150, 11051, 10697, 4162, 17.69%, 0, 5, 4, 90.51, 3324355
1712727104, 1, 1151, 11051, 10696, 4161, 17.69%, 0, 5, 4, 87.96, 3334030
1712727111, 1, 1152, 11051, 10695, 4160, 17.69%, 0, 5, 4, 10.04, 3338390
1712727121, 1, 1152, 11052, 10696, 4160, 17.70%, 0, 5, 4, 1093.28, 3344525
1712727126, 1, 1155, 11052, 10695, 4160, 17.70%, 0, 5, 4, 1119.99, 3350076
1712727137, 1, 1156, 11052, 10694, 4159, 17.70%, 0, 5, 4, 1098.52, 3359496
1712727142, 1, 1157, 11052, 10693, 4158, 17.70%, 0, 5, 4, 1193.76, 3363313
1712727147, 1, 1157, 11053, 10694, 4158, 17.70%, 0, 5, 4, 1139.98, 3369199
1712727152, 1, 1160, 11053, 10693, 4158, 17.70%, 0, 5, 4, 1154.69, 3374909
1712727162, 1, 1165, 11053, 10692, 4157, 17.70%, 0, 5, 4, 1201.80, 3384502
1712727173, 1, 1166, 11053, 10691, 4156, 17.70%, 0, 5, 4, 995.30, 3391644
1712727178, 1, 1169, 11053, 10690, 4155, 17.70%, 0, 5, 4, 1083.46, 3397174
1712727183, 1, 1172, 11053, 10688, 4153, 17.70%, 0, 5, 4, 1081.32, 3402605
1712727188, 1, 1174, 11053, 10687, 4152, 17.70%, 0, 5, 4, 1062.68, 3407378
1712727193, 1, 1174, 11054, 10688, 4152, 17.70%, 0, 5, 4, 1053.54, 3412736
1712727198, 1, 1175, 11054, 10687, 4152, 17.70%, 0, 5, 4, 1185.00, 3417027
1712727204, 1, 1176, 11054, 10686, 4151, 17.70%, 0, 5, 4, 1119.19, 3420735
1712727214, 1, 1178, 11054, 10685, 4150, 17.70%, 0, 5, 4, 1261.70, 3428373
1712727219, 1, 1179, 11054, 10684, 4149, 17.70%, 0, 5, 4, 1187.20, 3432758
1712727225, 1, 1180, 11054, 10683, 4148, 17.70%, 0, 5, 4, 143.10, 3436838
1712727235, 1, 1185, 11054, 10682, 4147, 17.70%, 0, 5, 4, 1177.36, 3448439
1712727241, 1, 1186, 11054, 10681, 4146, 17.70%, 0, 5, 4, 261.14, 3452779
1712727246, 1, 1188, 11054, 10680, 4145, 17.70%, 0, 5, 4, 1860.70, 3456502
1712727256, 1, 1192, 11054, 10679, 4144, 17.70%, 0, 5, 4, 676.11, 3463741
1712727261, 1, 1195, 11054, 10678, 4142, 17.70%, 0, 5, 4, 1041.66, 3469540
1712727266, 1, 1196, 11054, 10677, 4140, 17.70%, 0, 5, 4, 1137.38, 3475409
1712727272, 1, 1199, 11054, 10676, 4139, 17.70%, 0, 5, 4, 1044.17, 3480644
1712727277, 1, 1200, 11054, 10675, 4138, 17.70%, 0, 5, 4, 1087.02, 3486158
1712727282, 1, 1201, 11054, 10674, 4137, 17.70%, 0, 5, 4, 976.89, 3491042
1712727287, 1, 1201, 11055, 10675, 4137, 17.70%, 0, 5, 4, 1057.46, 3496402
1712727292, 1, 1201, 11056, 10676, 4137, 17.70%, 0, 5, 4, 1084.89, 3501597
1712727307, 1, 1203, 11056, 10675, 4136, 17.70%, 0, 5, 4, 1099.71, 3517715
1712727318, 1, 1206, 11056, 10674, 4135, 17.70%, 0, 5, 4, 1024.66, 3523477
1712727329, 1, 1209, 11056, 10673, 4134, 17.70%, 0, 5, 4, 145.35, 3530930
1712727344, 1, 1210, 11056, 10672, 4133, 17.70%, 0, 5, 4, 331.49, 3540541
1712727349, 1, 1212, 11056, 10671, 4132, 17.70%, 0, 5, 4, 879.29, 3545653
1712727355, 1, 1215, 11056, 10670, 4131, 17.70%, 0, 5, 4, 1008.29, 3550995
1712727360, 1, 1216, 11056, 10669, 4130, 17.70%, 0, 5, 4, 1024.95, 3556205
1712727365, 1, 1217, 11056, 10668, 4129, 17.70%, 0, 5, 4, 1126.39, 3561960
1712727376, 1, 1219, 11056, 10667, 4128, 17.70%, 0, 5, 4, 70.75, 3567686
1712727388, 1, 1220, 11056, 10666, 4127, 17.70%, 0, 5, 4, 112.99, 3575374
1712727399, 1, 1222, 11056, 10665, 4126, 17.70%, 0, 5, 4, 1949.36, 3581449
1712727404, 1, 1222, 11057, 10666, 4126, 17.70%, 0, 5, 4, 1168.83, 3586513
1712727414, 1, 1224, 11057, 10665, 4125, 17.70%, 0, 5, 4, 1019.72, 3596721
1712727419, 1, 1226, 11057, 10664, 4124, 17.70%, 0, 5, 4, 1074.81, 3602170
1712727425, 1, 1228, 11057, 10663, 4123, 17.70%, 0, 5, 4, 1038.07, 3607540
1712727435, 1, 1229, 11057, 10662, 4122, 17.70%, 0, 5, 4, 1174.79, 3616734
1712727440, 1, 1232, 11057, 10661, 4121, 17.70%, 0, 5, 4, 1095.15, 3621258
1712727446, 1, 1234, 11057, 10660, 4120, 17.70%, 0, 5, 4, 139.53, 3626592
1712727456, 1, 1236, 11057, 10659, 4119, 17.70%, 0, 5, 4, 1270.94, 3635843
1712727462, 1, 1237, 11058, 10659, 4118, 17.70%, 0, 5, 4, 59.26, 3640281
1712727468, 1, 1237, 11059, 10660, 4118, 17.70%, 0, 5, 4, 90.26, 3643351
1712728091, 1, 1237, 11060, 10661, 4118, 17.70%, 0, 5, 4, 0.04, 3648881
1712728096, 1, 1237, 11061, 10662, 4118, 17.70%, 0, 5, 4, 1015.39, 3654021
1712728106, 1, 1238, 11061, 10661, 4118, 17.70%, 0, 5, 4, 1085.73, 3665188
1712728111, 1, 1239, 11144, 10743, 4147, 17.75%, 0, 5, 4, 1136.60, 3670899
1712728116, 1, 1244, 11144, 10742, 4146, 17.75%, 0, 5, 4, 1067.12, 3676199
1712728306, 1, 1245, 11144, 10741, 4145, 17.75%, 0, 5, 4, 120.30, 3683643
1712728316, 1, 1245, 11145, 10742, 4145, 17.75%, 0, 5, 4, 1140.72, 3691565
1712728321, 1, 1246, 11145, 10741, 4145, 17.75%, 0, 5, 4, 1186.06, 3697291
1712728326, 1, 1247, 11145, 10740, 4144, 17.75%, 0, 5, 4, 1122.01, 3702985
1712728516, 1, 1248, 11145, 10739, 4143, 17.75%, 0, 5, 4, 1065.66, 3711294
1712728521, 1, 1249, 11145, 10738, 4142, 17.75%, 0, 5, 4, 1008.59, 3716074
1712728527, 1, 1252, 11145, 10737, 4141, 17.75%, 0, 5, 4, 1000.05, 3721422
1712728537, 1, 1256, 11145, 10736, 4140, 17.75%, 0, 5, 4, 996.34, 3728163
1712728727, 1, 1258, 11145, 10735, 4139, 17.75%, 0, 5, 4, 1400.51, 3735979
1712728732, 1, 1262, 11145, 10734, 4138, 17.75%, 0, 5, 4, 1650.44, 3739893
1712728737, 1, 1262, 11146, 10735, 4138, 17.75%, 0, 5, 4, 1202.92, 3745357
1712728742, 1, 1262, 11147, 10736, 4138, 17.75%, 0, 5, 4, 1067.30, 3750348
1712728937, 1, 1269, 11147, 10735, 4136, 17.75%, 0, 5, 4, 1015.11, 3766433
1712728942, 1, 1270, 11147, 10734, 4135, 17.75%, 0, 5, 4, 938.90, 3771118
1712728947, 1, 1273, 11147, 10733, 4134, 17.75%, 0, 5, 4, 1345.00, 3775967
1712728957, 1, 1278, 11147, 10732, 4133, 17.75%, 0, 5, 4, 1501.06, 3783389
1712729142, 1, 1281, 11148, 10732, 4132, 17.75%, 0, 5, 4, 0.49, 3788727
1712729158, 1, 1282, 11148, 10731, 4132, 17.75%, 0, 5, 4, 1071.24, 3803144
1712729163, 1, 1282, 11149, 10732, 4132, 17.75%, 0, 5, 4, 1148.15, 3809128
1712729168, 1, 1286, 11149, 10731, 4131, 17.75%, 0, 5, 4, 1135.86, 3814831
1712729353, 1, 1288, 11149, 10730, 4130, 17.75%, 0, 5, 4, 1.26, 3819639
1712729358, 1, 1289, 11149, 10729, 4129, 17.75%, 0, 5, 4, 233.58, 3824751
1712729369, 1, 1290, 11149, 10728, 4128, 17.75%, 0, 5, 4, 98.77, 3832333
1712729563, 1, 1293, 11149, 10727, 4127, 17.75%, 0, 5, 4, 0.50, 3838717
1712729574, 1, 1295, 11149, 10726, 4127, 17.75%, 0, 5, 4, 1083.18, 3845962
1712729579, 1, 1296, 11149, 10725, 4126, 17.75%, 0, 5, 4, 1127.07, 3851668
1712729584, 1, 1301, 11149, 10724, 4125, 17.75%, 0, 5, 4, 1163.28, 3857564
1712729589, 1, 1308, 11149, 10723, 4124, 17.75%, 0, 5, 4, 1150.45, 3863633
1712729779, 1, 1309, 11149, 10722, 4123, 17.75%, 0, 5, 4, 1064.75, 3874049
1712729784, 1, 1310, 11149, 10721, 4122, 17.75%, 0, 5, 4, 63.72, 3877512
1712729795, 1, 1313, 11149, 10720, 4121, 17.75%, 0, 5, 4, 78.30, 3883916
1712729984, 1, 1314, 11149, 10719, 4120, 17.75%, 0, 5, 4, 1.32, 3888008
1712729994, 1, 1316, 11149, 10718, 4120, 17.75%, 0, 5, 4, 1340.80, 3897642
1712730000, 1, 1317, 11149, 10717, 4119, 17.75%, 0, 5, 4, 1105.00, 3902223
1712730010, 1, 1322, 11149, 10716, 4118, 17.75%, 0, 5, 4, 996.96, 3909321
1712732052, 1, 1324, 11149, 10715, 4117, 17.75%, 0, 5, 4, 1318.87, 3915469
1712732057, 1, 1326, 11149, 10714, 4116, 17.75%, 0, 5, 4, 1063.95, 3920166
1712732073, 1, 1326, 11387, 10951, 4115, 17.86%, 0, 6, 4, 1247.40, 3928610
1712732078, 1, 1327, 11506, 11070, 4166, 17.87%, 0, 6, 4, 1209.12, 3934918
1712732083, 1, 1330, 11506, 11069, 4165, 17.87%, 0, 6, 4, 1127.79, 3940573
1712732088, 1, 1333, 11506, 11068, 4164, 17.87%, 0, 6, 4, 54.05, 3944790
1712732099, 1, 1334, 11506, 11067, 4163, 17.87%, 0, 6, 4, 125.09, 3951155
1712732109, 1, 1336, 11506, 11066, 4162, 17.87%, 0, 6, 4, 1300.00, 3955501
1712732119, 1, 1337, 11506, 11065, 4161, 17.87%, 0, 6, 4, 1108.72, 3966359
1712732124, 1, 1338, 11506, 11064, 4160, 17.87%, 0, 6, 4, 1090.04, 3971917
1712732129, 1, 1340, 11506, 11063, 4159, 17.87%, 0, 6, 4, 1500.00, 3976293
1712732134, 1, 1340, 11508, 11065, 4159, 17.87%, 0, 6, 4, 908.04, 3980537
1712732160, 1, 1341, 11509, 11065, 4158, 17.87%, 0, 6, 4, 1073.27, 4004230
1712732165, 1, 1342, 11509, 11064, 4157, 17.87%, 0, 6, 4, 978.74, 4008797
1712732170, 1, 1345, 11509, 11063, 4156, 17.87%, 0, 6, 4, 202.55, 4013687
1712732180, 1, 1346, 11509, 11062, 4155, 17.87%, 0, 6, 4, 272.21, 4021646
1712732190, 1, 1347, 11511, 11063, 4154, 17.87%, 0, 6, 4, 1002.23, 4030992
1712732201, 1, 1347, 11513, 11065, 4154, 17.87%, 0, 6, 4, 985.23, 4041028
1712732211, 1, 1347, 11514, 11066, 4154, 17.87%, 0, 6, 4, 1026.80, 4051236
1712732216, 1, 1348, 11514, 11065, 4153, 17.87%, 0, 6, 4, 105.16, 4054574
1712732221, 1, 1349, 11514, 11064, 4152, 17.87%, 0, 6, 4, 1426.21, 4059187
1712732227, 1, 1350, 11514, 11063, 4151, 17.87%, 0, 6, 4, 1161.21, 4064759
1712732232, 1, 1350, 11516, 11065, 4151, 17.87%, 0, 6, 4, 1041.94, 4069772
1712732313, 1, 1351, 11516, 11064, 4150, 17.87%, 0, 6, 4, 1496.52, 4091723
1712732324, 1, 1352, 11516, 11063, 4149, 17.87%, 0, 6, 4, 1041.14, 4098544
1712732508, 1, 1353, 11516, 11062, 4148, 17.87%, 0, 6, 4, 0.69, 4101601
1712732519, 1, 1354, 11516, 11061, 4147, 17.87%, 0, 6, 4, 894.65, 4110130
1712732524, 1, 1354, 11517, 11062, 4147, 17.87%, 0, 6, 4, 782.89, 4113922
1712732534, 1, 1354, 11519, 11064, 4147, 17.87%, 0, 6, 4, 1026.02, 4123688
1712732719, 1, 1354, 11520, 11065, 4147, 17.87%, 0, 6, 4, 1.10, 4128682
1712732724, 1, 1355, 11520, 11064, 4146, 17.87%, 0, 6, 4, 938.83, 4133832
1712732734, 1, 1356, 11520, 11063, 4145, 17.87%, 0, 6, 4, 943.97, 4143410
1712732739, 1, 1358, 11520, 11062, 4144, 17.87%, 0, 6, 4, 1055.96, 4148890
1712732744, 1, 1358, 11521, 11063, 4144, 17.88%, 0, 6, 4, 1188.04, 4154812
1712736444, 1, 1360, 11521, 11062, 4144, 17.88%, 0, 6, 4, 0.01, 4160443
1712736510, 1, 1361, 11521, 11061, 4143, 17.88%, 0, 6, 4, 982.18, 4165606
1712736515, 1, 1361, 11532, 11071, 4142, 17.88%, 0, 6, 4, 1032.42, 4170824
1712736520, 1, 1361, 11828, 11367, 4142, 17.96%, 0, 8, 4, 937.08, 4173838
1712736525, 1, 1362, 11828, 11367, 4176, 17.96%, 0, 8, 4, 982.15, 4178825
1712736531, 1, 1363, 11828, 11366, 4175, 17.96%, 0, 8, 4, 1086.95, 4184361
1712736716, 1, 1364, 11828, 11365, 4174, 17.96%, 0, 8, 4, 0.24, 4188838
1712736726, 1, 1365, 11828, 11364, 4173, 17.96%, 0, 8, 4, 791.91, 4195191
1712736736, 1, 1371, 11828, 11363, 4172, 17.96%, 0, 8, 4, 1355.00, 4201817
1712736926, 1, 1374, 11828, 11362, 4171, 17.96%, 0, 8, 4, 0.96, 4208751
1712736931, 1, 1375, 11828, 11361, 4170, 17.96%, 0, 8, 4, 967.47, 4213405
1712736942, 1, 1380, 11828, 11359, 4168, 17.96%, 0, 8, 4, 41.49, 4220725
1712736947, 1, 1387, 11828, 11358, 4167, 17.96%, 0, 8, 4, 1491.55, 4223873
1712736952, 1, 1391, 11829, 11358, 4166, 17.96%, 0, 8, 4, 1237.86, 4229013
1712737146, 1, 1392, 11829, 11357, 4165, 17.96%, 0, 8, 4, 660.00, 4240221
1712737156, 1, 1394, 11829, 11356, 4164, 17.96%, 0, 8, 4, 1107.39, 4248030
1712737161, 1, 1395, 11829, 11355, 4163, 17.96%, 0, 8, 4, 1029.53, 4253140
1712737347, 1, 1396, 11829, 11354, 4162, 17.96%, 0, 9, 4, 0.37, 4258276
1712737352, 1, 1397, 11829, 11353, 4161, 17.96%, 0, 9, 4, 798.52, 4262496
1712737357, 1, 1398, 11829, 11352, 4160, 17.96%, 0, 9, 4, 771.02, 4266357
1712737362, 1, 1399, 11829, 11351, 4159, 17.96%, 0, 9, 4, 856.32, 4270612
1712737372, 1, 1404, 11829, 11350, 4158, 17.96%, 0, 9, 4, 1134.23, 4281465
1712737557, 1, 1408, 11829, 11349, 4157, 17.96%, 0, 9, 4, 1.01, 4285657
1712737568, 1, 1410, 11829, 11348, 4156, 17.96%, 0, 9, 4, 1113.13, 4290916
1712737578, 1, 1411, 11829, 11347, 4155, 17.96%, 0, 9, 4, 31.55, 4296730
1712737583, 1, 1420, 11829, 11346, 4154, 17.96%, 0, 9, 4, 1179.86, 4302142
1712737767, 1, 1423, 11829, 11345, 4153, 17.96%, 0, 9, 4, 0.24, 4306427
1712737773, 1, 1425, 11829, 11344, 4152, 17.96%, 0, 9, 4, 768.41, 4310811
1712737783, 1, 1426, 11829, 11343, 4151, 17.96%, 0, 9, 4, 211.74, 4319352
1712737788, 1, 1430, 11829, 11342, 4150, 17.96%, 0, 9, 4, 1141.65, 4322834
1712737978, 1, 1432, 11829, 11341, 4149, 17.96%, 0, 9, 4, 0.46, 4331089
1712737988, 1, 1433, 11829, 11340, 4148, 17.96%, 0, 9, 4, 986.59, 4336930
1712737993, 1, 1434, 11829, 11339, 4147, 17.96%, 0, 9, 4, 859.59, 4341383
1712738188, 1, 1435, 11829, 11338, 4146, 17.96%, 0, 9, 4, 0.51, 4349373
1712738198, 1, 1437, 11829, 11337, 4145, 17.96%, 0, 9, 4, 1024.39, 4356476
1712738208, 1, 1439, 11829, 11336, 4144, 17.96%, 0, 9, 4, 975.63, 4363900
1712738213, 1, 1440, 11829, 11335, 4143, 17.96%, 0, 9, 4, 1216.23, 4367116
1712738409, 1, 1441, 11829, 11334, 4142, 17.96%, 0, 9, 4, 970.15, 4372926
1712738420, 1, 1446, 11829, 11333, 4141, 17.96%, 0, 9, 4, 1068.78, 4379090
1712740712, 1, 1448, 11829, 11332, 4140, 17.96%, 0, 9, 4, 0.03, 4384556
1712740723, 1, 1449, 11829, 11331, 4139, 17.96%, 0, 9, 4, 1031.46, 4391906
1712740733, 1, 1451, 11829, 11330, 4137, 17.96%, 0, 9, 4, 1162.64, 4402595
1712740739, 1, 1452, 11829, 11329, 4136, 17.96%, 0, 9, 4, 140.83, 4405466
1712740928, 1, 1452, 11829, 11328, 4135, 17.96%, 0, 9, 4, 99.50, 4409556
1712740933, 1, 1455, 11924, 11423, 4138, 17.97%, 0, 9, 4, 788.69, 4413546
1712740938, 1, 1458, 11924, 11422, 4136, 17.97%, 0, 9, 4, 795.59, 4417517
1712740944, 1, 1458, 11925, 11423, 4136, 17.97%, 0, 9, 4, 1027.75, 4423123
1712741133, 1, 1460, 11925, 11422, 4135, 17.97%, 0, 9, 4, 0.12, 4432727
1712741140, 1, 1467, 11925, 11421, 4134, 17.97%, 0, 9, 4, 48.44, 4436844
1712741150, 1, 1469, 11925, 11420, 4133, 17.97%, 0, 9, 4, 956.19, 4440758
1712741161, 1, 1478, 11925, 11418, 4131, 17.97%, 0, 9, 4, 1186.98, 4451866
1712741354, 1, 1485, 11925, 11416, 4130, 17.97%, 0, 9, 4, 824.00, 4460834
1712741364, 1, 1489, 11925, 11415, 4129, 17.97%, 0, 9, 4, 1194.15, 4468345
1712741369, 1, 1494, 11925, 11414, 4128, 17.97%, 0, 9, 4, 1041.55, 4473390
1712741554, 1, 1495, 11925, 11413, 4127, 17.97%, 0, 9, 4, 0.61, 4478079
1712741564, 1, 1496, 11925, 11412, 4126, 17.97%, 0, 9, 4, 753.76, 4485393
1712741569, 1, 1497, 11925, 11411, 4125, 17.97%, 0, 9, 4, 953.49, 4490414
1712741579, 1, 1503, 11925, 11410, 4124, 17.97%, 0, 9, 4, 962.33, 4498792
1712741764, 1, 1505, 11925, 11409, 4123, 17.97%, 0, 9, 4, 0.10, 4501455
1712741769, 1, 1506, 11925, 11408, 4122, 17.97%, 0, 9, 4, 1016.18, 4504301
1712741779, 1, 1507, 11925, 11407, 4121, 17.97%, 0, 9, 4, 1013.04, 4514202
1712741784, 1, 1509, 11925, 11406, 4120, 17.97%, 0, 9, 4, 934.55, 4517833
1712741975, 1, 1510, 11926, 11406, 4119, 17.97%, 0, 9, 4, 1.22, 4525872
1712741990, 1, 1511, 11926, 11405, 4118, 17.97%, 0, 9, 4, 765.65, 4536875
1712741995, 1, 1512, 11926, 11404, 4117, 17.97%, 0, 9, 4, 920.16, 4541789
1712742000, 1, 1512, 11928, 11406, 4117, 17.97%, 0, 9, 4, 146.52, 4547083
1712742185, 1, 1512, 11930, 11408, 4117, 17.97%, 0, 9, 4, 0.12, 4551917
1712742205, 1, 1515, 11930, 11407, 4118, 17.97%, 0, 9, 4, 1007.43, 4569237
1712742210, 1, 1519, 11930, 11406, 4117, 17.97%, 0, 9, 4, 933.33, 4574045
1712742395, 1, 1521, 11930, 11405, 4116, 17.97%, 0, 9, 4, 0.43, 4578552
1712742406, 1, 1524, 11930, 11404, 4115, 17.97%, 0, 9, 4, 768.57, 4586058
1712742416, 1, 1529, 11930, 11403, 4114, 17.97%, 0, 9, 4, 836.48, 4593438
1712742421, 1, 1534, 11930, 11401, 4112, 17.97%, 0, 9, 4, 993.00, 4598667
1712742611, 1, 1535, 11930, 11400, 4111, 17.97%, 0, 9, 4, 277.16, 4605132
1712742621, 1, 1536, 11930, 11399, 4110, 17.97%, 0, 9, 4, 1126.40, 4611052
1712742631, 1, 1537, 11930, 11398, 4109, 17.97%, 0, 9, 4, 1020.49, 4618936
1712743663, 1, 1539, 11930, 11397, 4108, 17.97%, 0, 9, 4, 1011.83, 4626212
1712743668, 1, 1549, 11930, 11395, 4106, 17.97%, 0, 9, 4, 1243.67, 4630947
1712743674, 1, 1549, 11930, 11394, 4105, 17.97%, 0, 9, 4, 75.27, 4635315
1712743679, 1, 1554, 12128, 11592, 4112, 18.01%, 0, 9, 4, 911.54, 4640071
1712743684, 1, 1558, 12130, 11593, 4111, 18.01%, 0, 9, 4, 984.55, 4645225
1712743710, 1, 1559, 12130, 11592, 4110, 18.01%, 0, 9, 4, 857.27, 4671114
1712743720, 1, 1560, 12130, 11591, 4109, 18.01%, 0, 9, 4, 110.66, 4678168
1712743725, 1, 1563, 12130, 11590, 4108, 18.01%, 0, 9, 4, 1579.69, 4681799
1712743730, 1, 1563, 12131, 11591, 4108, 18.01%, 0, 9, 4, 1081.36, 4686789
1712743741, 1, 1565, 12131, 11590, 4107, 18.01%, 0, 9, 4, 997.40, 4697788
1712743751, 1, 1568, 12131, 11589, 4106, 18.01%, 0, 9, 4, 1102.05, 4708356
1712743756, 1, 1569, 12131, 11588, 4105, 18.01%, 0, 9, 4, 1062.99, 4713857
1712743761, 1, 1570, 12131, 11587, 4104, 18.01%, 0, 9, 4, 1038.33, 4718996
1712743772, 1, 1572, 12131, 11586, 4103, 18.01%, 0, 9, 4, 1163.87, 4727605
1712743777, 1, 1575, 12131, 11585, 4102, 18.01%, 0, 9, 4, 981.72, 4732016
1712743782, 1, 1576, 12131, 11584, 4101, 18.01%, 0, 9, 4, 999.87, 4737050
1712743792, 1, 1580, 12131, 11583, 4100, 18.01%, 0, 9, 4, 1342.49, 4744879
1712743797, 1, 1581, 12131, 11582, 4099, 18.01%, 0, 9, 4, 1246.00, 4751035
1712743802, 1, 1582, 12131, 11581, 4098, 18.01%, 0, 9, 4, 1200.19, 4757002
1712743808, 1, 1583, 12131, 11580, 4097, 18.01%, 0, 9, 4, 89.00, 4762460
1712743818, 1, 1584, 12131, 11579, 4096, 18.01%, 0, 9, 4, 1047.76, 4770268
1712743823, 1, 1588, 12131, 11578, 4095, 18.01%, 0, 9, 4, 1168.69, 4776286
1712743828, 1, 1591, 12131, 11577, 4094, 18.01%, 0, 9, 4, 1122.25, 4781837
1712743833, 1, 1591, 12132, 11578, 4094, 18.01%, 0, 9, 4, 1045.53, 4786791
1712743838, 1, 1592, 12132, 11577, 4093, 18.01%, 0, 9, 4, 1218.06, 4793068
1712743848, 1, 1596, 12132, 11575, 4091, 18.01%, 0, 9, 4, 1127.96, 4804145
1712743853, 1, 1598, 12132, 11574, 4090, 18.01%, 0, 9, 4, 1302.82, 4808986
1712743858, 1, 1599, 12132, 11573, 4089, 18.01%, 0, 9, 4, 1079.45, 4814207
1712743864, 1, 1602, 12132, 11572, 4088, 18.01%, 0, 9, 4, 1084.61, 4819243
1712743874, 1, 1606, 12132, 11571, 4087, 18.01%, 0, 9, 4, 1114.84, 4827554
1712743879, 1, 1607, 12132, 11570, 4086, 18.01%, 0, 9, 4, 1149.55, 4833349
1712743885, 1, 1608, 12132, 11569, 4086, 18.01%, 0, 9, 4, 49.70, 4838362
1712743895, 1, 1611, 12132, 11568, 4085, 18.01%, 0, 9, 4, 983.93, 4845418
1712743901, 1, 1613, 12132, 11567, 4084, 18.01%, 0, 9, 4, 1240.00, 4849017
1712743906, 1, 1613, 12133, 11568, 4084, 18.01%, 0, 9, 4, 1110.24, 4854409
1712743916, 1, 1614, 12133, 11567, 4083, 18.01%, 0, 9, 4, 1332.52, 4864409
1712743921, 1, 1615, 12133, 11566, 4082, 18.01%, 0, 9, 4, 821.19, 4869008
1712743926, 1, 1617, 12133, 11565, 4080, 18.01%, 0, 9, 4, 124.10, 4873996
1712743931, 1, 1617, 12134, 11566, 4080, 18.01%, 0, 9, 4, 962.00, 4878094
1712743942, 1, 1620, 12134, 11565, 4080, 18.01%, 0, 9, 4, 73.26, 4886495
1712743952, 1, 1624, 12134, 11564, 4079, 18.01%, 0, 9, 4, 1283.37, 4894487
1712743957, 1, 1624, 12138, 11568, 4079, 18.02%, 0, 9, 4, 1208.34, 4900509
1712743972, 1, 1626, 12138, 11567, 4080, 18.02%, 0, 9, 4, 1222.96, 4917188
1712743982, 1, 1628, 12138, 11566, 4079, 18.02%, 0, 9, 4, 513.34, 4924336
1712743992, 1, 1630, 12138, 11565, 4078, 18.02%, 0, 9, 4, 1242.20, 4930776
1712744003, 1, 1631, 12138, 11564, 4077, 18.02%, 0, 9, 4, 1003.41, 4938201
1712744008, 1, 1632, 12138, 11563, 4076, 18.02%, 0, 9, 4, 1041.91, 4943640
1712744013, 1, 1633, 12139, 11563, 4075, 18.02%, 0, 9, 4, 1054.51, 4948965
1712744028, 1, 1636, 12139, 11562, 4074, 18.02%, 0, 9, 4, 1280.49, 4961924
1712744033, 1, 1639, 12139, 11560, 4072, 18.02%, 0, 9, 4, 1154.10, 4967842
1712744039, 1, 1640, 12139, 11559, 4071, 18.02%, 0, 9, 4, 1044.53, 4973199
1712744049, 1, 1641, 12139, 11558, 4070, 18.02%, 0, 9, 4, 1209.94, 4984657
1712744054, 1, 1645, 12139, 11557, 4069, 18.02%, 0, 9, 4, 1340.56, 4988467
1712744059, 1, 1646, 12139, 11556, 4066, 18.02%, 0, 9, 4, 1169.64, 4992823
1712744069, 1, 1649, 12139, 11555, 4065, 18.02%, 0, 9, 4, 1010.54, 5002814
1712744074, 1, 1651, 12139, 11554, 4064, 18.02%, 0, 9, 4, 1014.69, 5008011
1712744080, 1, 1653, 12139, 11553, 4063, 18.02%, 0, 9, 4, 1083.61, 5013640
1712744085, 1, 1654, 12139, 11552, 4062, 18.02%, 0, 9, 4, 1144.85, 5019493
1712744090, 1, 1655, 12139, 11551, 4061, 18.02%, 0, 9, 4, 1065.39, 5024740
1712744095, 1, 1656, 12139, 11550, 4060, 18.02%, 0, 9, 4, 1046.07, 5030128
1712744106, 1, 1657, 12139, 11549, 4059, 18.02%, 0, 9, 4, 1072.58, 5039467
1712744111, 1, 1658, 12139, 11548, 4058, 18.02%, 0, 9, 4, 1085.19, 5044907
1712744116, 1, 1662, 12139, 11547, 4057, 18.02%, 0, 9, 4, 1040.62, 5050311
1712744127, 1, 1663, 12139, 11546, 4056, 18.02%, 0, 9, 4, 107.66, 5058930
1712744132, 1, 1666, 12139, 11545, 4055, 18.02%, 0, 9, 4, 84.97, 5061980
1712744143, 1, 1668, 12139, 11544, 4054, 18.02%, 0, 9, 4, 64.86, 5071592
1712744148, 1, 1670, 12139, 11543, 4053, 18.02%, 0, 9, 4, 1625.00, 5074965
1712744159, 1, 1673, 12139, 11542, 4052, 18.02%, 0, 9, 4, 50.88, 5081005
1712744169, 1, 1677, 12139, 11541, 4051, 18.02%, 0, 9, 4, 1523.06, 5088435
1712744180, 1, 1678, 12139, 11540, 4050, 18.02%, 0, 9, 4, 1369.61, 5094501
1712744195, 1, 1683, 12139, 11539, 4049, 18.02%, 0, 9, 4, 1062.70, 5103695
1712744211, 1, 1684, 12139, 11538, 4048, 18.02%, 0, 9, 4, 885.89, 5114541
1712744216, 1, 1686, 12139, 11537, 4047, 18.02%, 0, 9, 4, 1185.52, 5119824
1712744221, 1, 1687, 12139, 11536, 4046, 18.02%, 0, 9, 4, 1056.45, 5124663
1712744232, 1, 1688, 12139, 11535, 4045, 18.02%, 0, 9, 4, 1214.16, 5133195
1712744237, 1, 1689, 12139, 11534, 4043, 18.02%, 0, 9, 4, 122.14, 5138622
1712744247, 1, 1689, 12140, 11535, 4043, 18.02%, 0, 9, 4, 699.56, 5145164
1712744257, 1, 1691, 12141, 11535, 4043, 18.02%, 0, 9, 4, 1109.18, 5152768
1712744930, 1, 1691, 12142, 11536, 4043, 18.02%, 0, 9, 4, 803.05, 5162740
1712744946, 1, 1696, 12142, 11535, 4043, 18.02%, 0, 9, 4, 1037.22, 5176287
1712745136, 1, 1697, 12142, 11534, 4042, 18.02%, 0, 9, 4, 58.58, 5180911
1712745146, 1, 1698, 12142, 11533, 4041, 18.02%, 0, 9, 4, 707.56, 5187268
1712745341, 1, 1698, 12143, 11534, 4041, 18.02%, 0, 9, 4, 0.49, 5195234
1712745352, 1, 1699, 12143, 11533, 4041, 18.02%, 0, 9, 4, 29.49, 5202080
1712745362, 1, 1700, 12200, 11589, 4049, 18.03%, 0, 9, 4, 530.19, 5207513
1712745562, 1, 1704, 12200, 11588, 4048, 18.03%, 0, 9, 4, 957.63, 5219265
1712745572, 1, 1706, 12200, 11587, 4047, 18.03%, 0, 9, 4, 129.33, 5224791
1712745762, 1, 1707, 12200, 11586, 4046, 18.03%, 0, 9, 4, 0.86, 5230814
1712745777, 1, 1714, 12200, 11585, 4045, 18.03%, 0, 9, 4, 1168.87, 5239944
1712745782, 1, 1715, 12201, 11585, 4044, 18.03%, 0, 9, 4, 1013.25, 5244954
1712745977, 1, 1718, 12201, 11584, 4044, 18.03%, 0, 9, 4, 1135.59, 5257418
1712745987, 1, 1718, 12204, 11587, 4044, 18.03%, 0, 9, 4, 938.95, 5262091
1712746188, 1, 1721, 12204, 11586, 4045, 18.03%, 0, 9, 4, 822.67, 5281986
1712746198, 1, 1723, 12205, 11586, 4044, 18.03%, 0, 9, 4, 1244.59, 5287172
1712746393, 1, 1724, 12205, 11585, 4043, 18.03%, 0, 9, 4, 0.06, 5301130
1712746403, 1, 1725, 12205, 11584, 4042, 18.03%, 0, 9, 4, 875.59, 5308478
1712746408, 1, 1726, 12205, 11583, 4041, 18.03%, 0, 9, 4, 967.40, 5313065
1712746413, 1, 1728, 12205, 11582, 4040, 18.03%, 0, 9, 4, 1055.13, 5318426
1712746603, 1, 1729, 12205, 11581, 4040, 18.03%, 0, 9, 4, 0.41, 5325619
1712746618, 1, 1735, 12205, 11580, 4039, 18.03%, 0, 9, 4, 1319.82, 5332864
1712746623, 1, 1737, 12205, 11579, 4038, 18.03%, 0, 9, 4, 787.20, 5337403
1712746629, 1, 1741, 12205, 11578, 4037, 18.03%, 0, 9, 4, 149.44, 5341588
1712746819, 1, 1743, 12205, 11577, 4036, 18.03%, 0, 9, 4, 1353.99, 5347367
1712746829, 1, 1747, 12205, 11576, 4035, 18.03%, 0, 9, 4, 924.51, 5355767
1712746834, 1, 1751, 12205, 11575, 4034, 18.03%, 0, 9, 4, 1253.73, 5359838
1712749127, 1, 1754, 12205, 11574, 4033, 18.03%, 0, 9, 4, 0.08, 5368851
1712749133, 1, 1755, 12205, 11573, 4032, 18.03%, 0, 9, 4, 793.43, 5373284
1712749143, 1, 1758, 12205, 11572, 4031, 18.03%, 0, 9, 4, 1015.43, 5380219
1712749154, 1, 1764, 12205, 11571, 4030, 18.03%, 0, 9, 4, 1277.79, 5387137
1712749338, 1, 1766, 12205, 11570, 4029, 18.03%, 0, 9, 4, 1.11, 5391368
1712749348, 1, 1766, 12258, 11622, 4028, 18.04%, 0, 9, 4, 735.07, 5397108
1712749353, 1, 1768, 12308, 11672, 4038, 18.05%, 0, 9, 4, 837.20, 5401329
1712749358, 1, 1770, 12308, 11671, 4037, 18.05%, 0, 9, 4, 1196.04, 5406161
1712749363, 1, 1776, 12308, 11670, 4036, 18.05%, 0, 9, 4, 1055.97, 5410961
1712749553, 1, 1778, 12308, 11669, 4035, 18.05%, 0, 9, 4, 44.32, 5418930
1712749564, 1, 1782, 12308, 11668, 4034, 18.05%, 0, 9, 4, 50.00, 5423020
1712749575, 1, 1787, 12308, 11667, 4033, 18.05%, 0, 9, 4, 1099.13, 5434020
1712749759, 1, 1790, 12308, 11666, 4032, 18.05%, 0, 9, 4, 0.61, 5437099
1712749769, 1, 1794, 12308, 11665, 4031, 18.05%, 0, 9, 4, 1285.40, 5443496
1712749779, 1, 1800, 12308, 11664, 4030, 18.05%, 0, 9, 4, 874.54, 5451538
1712749784, 1, 1801, 12308, 11663, 4029, 18.05%, 0, 9, 4, 1008.78, 5456607
1712749969, 1, 1801, 12309, 11664, 4029, 18.05%, 0, 9, 4, 0.23, 5461776
1712749974, 1, 1801, 12311, 11666, 4029, 18.05%, 0, 9, 4, 724.80, 5465187
1712749994, 1, 1802, 12311, 11665, 4029, 18.05%, 0, 9, 4, 1051.29, 5483536
1712750179, 1, 1803, 12311, 11664, 4028, 18.05%, 0, 9, 4, 0.24, 5488410
1712750189, 1, 1804, 12311, 11663, 4027, 18.05%, 0, 9, 4, 648.27, 5495011
1712750195, 1, 1806, 12311, 11662, 4026, 18.05%, 0, 9, 4, 705.54, 5498763
1712750205, 1, 1810, 12311, 11661, 4025, 18.05%, 0, 9, 4, 1017.62, 5506794
1712750390, 1, 1811, 12311, 11660, 4024, 18.05%, 0, 9, 4, 0.61, 5512012
1712750400, 1, 1812, 12311, 11659, 4023, 18.05%, 0, 9, 4, 754.31, 5519631
1712750405, 1, 1815, 12311, 11658, 4022, 18.05%, 0, 9, 4, 862.01, 5523997
1712750415, 1, 1816, 12311, 11657, 4021, 18.05%, 0, 9, 4, 151.77, 5533619
1712750600, 1, 1819, 12311, 11656, 4020, 18.05%, 0, 9, 4, 0.99, 5536676
1712750610, 1, 1820, 12311, 11655, 4019, 18.05%, 0, 9, 4, 87.15, 5544136
1712750625, 1, 1821, 12311, 11654, 4018, 18.05%, 0, 9, 4, 964.34, 5553534
1712750810, 1, 1822, 12311, 11653, 4017, 18.05%, 0, 9, 4, 0.12, 5558506
1712750827, 1, 1824, 12311, 11652, 4016, 18.05%, 0, 9, 4, 851.74, 5568016
1712750832, 1, 1825, 12311, 11651, 4015, 18.05%, 0, 9, 4, 966.30, 5572716
1712751020, 1, 1826, 12311, 11650, 4014, 18.05%, 0, 9, 4, 0.13, 5582061
1712751026, 1, 1826, 12313, 11652, 4014, 18.05%, 0, 9, 4, 649.04, 5585497
1712751031, 1, 1826, 12314, 11653, 4014, 18.05%, 0, 9, 4, 735.95, 5589279
1712751046, 1, 1827, 12314, 11652, 4015, 18.05%, 0, 9, 4, 1112.92, 5604851
1712753340, 1, 1831, 12314, 11651, 4014, 18.05%, 0, 9, 4, 153.57, 5613286
1712753345, 1, 1832, 12314, 11650, 4013, 18.05%, 0, 9, 4, 924.35, 5617167
1712753355, 1, 1833, 12314, 11649, 4012, 18.05%, 0, 9, 4, 1099.12, 5625869
1712753360, 1, 1835, 12424, 11758, 4029, 18.09%, 0, 9, 4, 1089.65, 5631390
1712753545, 1, 1836, 12424, 11757, 4028, 18.09%, 0, 9, 4, 0.39, 5636035
1712753550, 1, 1847, 12424, 11756, 4027, 18.09%, 0, 9, 4, 835.78, 5640204
1712753561, 1, 1849, 12424, 11755, 4026, 18.09%, 0, 9, 4, 106.19, 5645388
1712753756, 1, 1850, 12424, 11754, 4025, 18.09%, 0, 9, 4, 0.78, 5653329
1712753766, 1, 1851, 12424, 11753, 4024, 18.09%, 0, 9, 4, 844.65, 5661243
1712753771, 1, 1852, 12424, 11752, 4023, 18.09%, 0, 9, 4, 1219.82, 5665239
1712753781, 1, 1853, 12424, 11751, 4022, 18.09%, 0, 9, 4, 1158.74, 5674058
1712753966, 1, 1857, 12424, 11750, 4021, 18.09%, 0, 9, 4, 0.13, 5679494
1712753971, 1, 1861, 12424, 11749, 4020, 18.09%, 0, 9, 4, 860.39, 5683700
1712753981, 1, 1863, 12424, 11748, 4020, 18.09%, 0, 9, 4, 796.74, 5691573
1712753986, 1, 1865, 12424, 11747, 4019, 18.09%, 0, 9, 4, 865.23, 5695947
1712754181, 1, 1866, 12424, 11746, 4018, 18.09%, 0, 9, 4, 870.28, 5704007
1712754191, 1, 1866, 12425, 11747, 4018, 18.09%, 0, 9, 4, 892.01, 5712226
1712754196, 1, 1869, 12425, 11746, 4017, 18.09%, 0, 9, 4, 922.72, 5716823
1712754202, 1, 1874, 12425, 11745, 4016, 18.09%, 0, 9, 4, 1051.95, 5722288
1712754392, 1, 1875, 12425, 11744, 4015, 18.09%, 0, 9, 4, 1074.60, 5731872
1712754397, 1, 1876, 12425, 11743, 4014, 18.09%, 0, 9, 4, 610.00, 5735645
1712754402, 1, 1876, 12426, 11744, 4014, 18.09%, 0, 9, 4, 832.09, 5740003
1712754412, 1, 1877, 12426, 11743, 4013, 18.09%, 0, 9, 4, 1083.34, 5749085
1712757481, 1, 1878, 12426, 11742, 4012, 18.09%, 0, 9, 4, 0.06, 5753474
1712757553, 1, 1879, 12426, 11741, 4011, 18.09%, 0, 9, 4, 91.09, 5761816
1712757563, 1, 1879, 12496, 11810, 4010, 18.13%, 0, 9, 4, 667.58, 5766550
1712757569, 1, 1885, 12780, 12094, 4044, 18.17%, 0, 9, 4, 833.87, 5771126
1712757758, 1, 1886, 12781, 12094, 4043, 18.18%, 0, 9, 4, 829.72, 5777829
1712757763, 1, 1886, 12783, 12096, 4043, 18.18%, 0, 9, 4, 865.51, 5780697
1712757968, 1, 1887, 12783, 12095, 4045, 18.18%, 0, 9, 4, 778.38, 5802470
1712757979, 1, 1888, 12783, 12094, 4044, 18.18%, 0, 9, 4, 1462.07, 5807691
1712757989, 1, 1889, 12783, 12093, 4043, 18.18%, 0, 9, 4, 947.42, 5816406
1712758173, 1, 1891, 12783, 12092, 4042, 18.18%, 0, 9, 4, 0.14, 5819940
1712758184, 1, 1894, 12783, 12091, 4041, 18.18%, 0, 9, 4, 906.74, 5828463
1712758199, 1, 1898, 12783, 12090, 4040, 18.18%, 0, 9, 4, 978.36, 5838515
1712758384, 1, 1905, 12784, 12090, 4039, 18.18%, 0, 9, 4, 0.82, 5842513
1712758404, 1, 1907, 12784, 12089, 4039, 18.18%, 0, 9, 4, 964.19, 5854861
1712758409, 1, 1913, 12784, 12088, 4038, 18.18%, 0, 9, 4, 1046.54, 5860156
1712758599, 1, 1914, 12784, 12087, 4037, 18.18%, 0, 9, 4, 691.48, 5866944
1712758609, 1, 1916, 12784, 12086, 4036, 18.18%, 0, 9, 4, 932.33, 5874134
1712758614, 1, 1916, 12786, 12088, 4036, 18.18%, 0, 9, 4, 1034.61, 5879338
1712758620, 1, 1916, 12787, 12089, 4036, 18.18%, 0, 9, 4, 1066.16, 5884694
1712758804, 1, 1916, 12788, 12090, 4036, 18.18%, 0, 9, 4, 0.12, 5889930
1712758815, 1, 1917, 12788, 12089, 4035, 18.18%, 0, 9, 4, 808.06, 5897360
1712758825, 1, 1919, 12788, 12088, 4034, 18.18%, 0, 9, 4, 975.00, 5906328
1712758830, 1, 1925, 12788, 12087, 4033, 18.18%, 0, 9, 4, 105.91, 5910451
1712759020, 1, 1926, 12788, 12086, 4032, 18.18%, 0, 9, 4, 79.31, 5915555
1712759035, 1, 1927, 12788, 12085, 4031, 18.18%, 0, 9, 4, 976.93, 5924850
1712759041, 1, 1929, 12788, 12084, 4030, 18.18%, 0, 9, 4, 1287.28, 5930170
1712759230, 1, 1930, 12788, 12083, 4029, 18.18%, 0, 9, 4, 746.74, 5936578
1712759235, 1, 1932, 12788, 12082, 4028, 18.18%, 0, 9, 4, 807.00, 5940818
1712759246, 1, 1932, 12789, 12083, 4028, 18.19%, 1, 9, 4, 943.71, 5948117
1712759435, 1, 1934, 12789, 12082, 4027, 18.19%, 1, 9, 4, 0.51, 5957415
1712759446, 1, 1935, 12789, 12081, 4026, 18.19%, 1, 9, 4, 112.30, 5964664
1712759457, 1, 1945, 12789, 12080, 4025, 18.19%, 1, 9, 4, 923.81, 5970811
1712759586, 1, 1947, 12789, 12079, 4024, 18.19%, 1, 9, 4, 1.82, 5980178
1712759592, 1, 1949, 12876, 12165, 4032, 18.21%, 1, 9, 4, 160.24, 5984564
1712759603, 1, 1952, 12876, 12164, 4031, 18.21%, 1, 9, 4, 265.59, 5991002
1712759608, 1, 1955, 12876, 12163, 4030, 18.21%, 1, 9, 4, 1325.94, 5995878
1712759613, 1, 1956, 12876, 12162, 4029, 18.21%, 1, 9, 4, 1161.18, 6001646
1712759618, 1, 1957, 12876, 12161, 4028, 18.21%, 1, 9, 4, 1164.56, 6007398
1712759628, 1, 1958, 12876, 12160, 4027, 18.21%, 1, 9, 4, 1050.97, 6017701
1712759633, 1, 1961, 12876, 12159, 4026, 18.21%, 1, 9, 4, 1082.83, 6023288
1712759644, 1, 1964, 12876, 12158, 4025, 18.21%, 1, 9, 4, 898.23, 6032701
1712759649, 1, 1965, 12876, 12157, 4024, 18.21%, 1, 9, 4, 934.68, 6037481
1712759654, 1, 1966, 12876, 12156, 4023, 18.21%, 1, 9, 4, 985.28, 6042425
1712759664, 1, 1967, 12876, 12155, 4022, 18.21%, 1, 9, 4, 130.03, 6051090
1712759669, 1, 1968, 12876, 12154, 4021, 18.21%, 1, 9, 4, 1060.02, 6056303
1712759674, 1, 1969, 12876, 12153, 4020, 18.21%, 1, 9, 4, 1091.66, 6061857
1712759679, 1, 1971, 12876, 12152, 4019, 18.21%, 1, 9, 4, 1112.62, 6067457
1712759684, 1, 1971, 12877, 12153, 4019, 18.21%, 1, 9, 4, 1106.20, 6073029
1712759695, 1, 1972, 12877, 12152, 4019, 18.21%, 1, 9, 4, 21.13, 6082681
1712759700, 1, 1973, 12877, 12151, 4018, 18.21%, 1, 9, 4, 1582.24, 6086600
1712759705, 1, 1975, 12877, 12150, 4018, 18.21%, 1, 9, 4, 1181.20, 6092136
1712759715, 1, 1976, 12877, 12149, 4017, 18.21%, 1, 9, 4, 111.50, 6098495
1712759720, 1, 1976, 12878, 12150, 4017, 18.21%, 1, 9, 4, 1063.67, 6103816
1712759730, 1, 1979, 12878, 12149, 4016, 18.21%, 1, 9, 4, 94.63, 6113144
1712759741, 1, 1981, 12879, 12149, 4015, 18.21%, 1, 9, 4, 1158.54, 6120993
1712759751, 1, 1985, 12879, 12148, 4014, 18.21%, 1, 9, 4, 1175.09, 6131793
1712759768, 1, 1988, 12879, 12147, 4013, 18.21%, 1, 9, 4, 1090.68, 6144989
1712759774, 1, 1992, 12879, 12146, 4012, 18.21%, 1, 9, 4, 1142.91, 6150490
1712759779, 1, 1993, 12879, 12145, 4011, 18.21%, 1, 9, 4, 1233.83, 6154529
1712759790, 1, 1994, 12879, 12144, 4010, 18.21%, 1, 9, 4, 1512.95, 6159951
1712759800, 1, 1995, 12879, 12143, 4009, 18.21%, 1, 9, 4, 1145.42, 6170505
1712759805, 1, 2003, 12879, 12142, 4008, 18.21%, 1, 9, 4, 1066.32, 6175681
1712759810, 1, 2007, 12879, 12141, 4007, 18.21%, 1, 9, 4, 153.18, 6179763
1712759820, 1, 2008, 12879, 12140, 4006, 18.21%, 1, 9, 4, 1286.60, 6186149
1712759826, 1, 2021, 12879, 12139, 4005, 18.21%, 1, 9, 4, 940.84, 6189798
1712759836, 1, 2022, 12879, 12138, 4004, 18.21%, 1, 9, 4, 1305.20, 6197879
1712759841, 1, 2026, 12879, 12137, 4003, 18.21%, 1, 9, 4, 1378.14, 6202675
1712759846, 1, 2029, 12879, 12136, 4002, 18.21%, 1, 9, 4, 1158.79, 6208347
1712759856, 1, 2034, 12879, 12135, 4001, 18.21%, 1, 9, 4, 1071.75, 6218992
1712759861, 1, 2041, 12879, 12134, 4000, 18.21%, 1, 9, 4, 1052.77, 6224068
1712759866, 1, 2051, 12879, 12133, 3999, 18.21%, 1, 9, 4, 1061.29, 6229108
1712759871, 1, 2052, 12879, 12132, 3998, 18.21%, 1, 9, 4, 1127.87, 6234746
1712759882, 1, 2059, 12880, 12132, 3997, 18.21%, 1, 9, 4, 942.84, 6241927
1712759887, 1, 2059, 12881, 12133, 3997, 18.21%, 1, 9, 4, 1018.22, 6246301
1712759907, 1, 2062, 12881, 12132, 3997, 18.21%, 1, 9, 4, 1422.89, 6266329
1712759917, 1, 2066, 12881, 12131, 3996, 18.21%, 1, 9, 4, 1312.99, 6274190
1712759922, 1, 2068, 12881, 12130, 3996, 18.21%, 1, 9, 4, 1111.01, 6279633
1712759927, 1, 2071, 12882, 12130, 3995, 18.21%, 1, 9, 4, 1099.43, 6285114
1712759948, 1, 2076, 12882, 12129, 3995, 18.21%, 1, 9, 4, 95.14, 6297739
1712759959, 1, 2077, 12882, 12128, 3994, 18.21%, 1, 9, 4, 288.56, 6304101
1712759964, 1, 2078, 12882, 12127, 3993, 18.21%, 1, 9, 4, 893.61, 6309528
1712759975, 1, 2079, 12882, 12126, 3992, 18.21%, 1, 9, 4, 1168.32, 6317069
1712759986, 1, 2080, 12882, 12125, 3991, 18.21%, 1, 9, 4, 51.08, 6324171
1712759992, 1, 2082, 12882, 12124, 3990, 18.21%, 1, 9, 4, 1319.74, 6326715
1712760002, 1, 2083, 12882, 12123, 3989, 18.21%, 1, 9, 4, 1350.74, 6335127
1712760007, 1, 2084, 12882, 12122, 3988, 18.21%, 1, 9, 4, 1.95, 6339408
1712760017, 1, 2086, 12882, 12121, 3987, 18.21%, 1, 9, 4, 1051.92, 6350004
1712760022, 1, 2095, 12882, 12120, 3985, 18.21%, 1, 9, 4, 1130.30, 6356024
1712760028, 1, 2102, 12882, 12119, 3984, 18.21%, 1, 9, 4, 1133.32, 6361668
1712760039, 1, 2107, 12882, 12118, 3983, 18.21%, 1, 9, 4, 226.22, 6371101
1712760044, 1, 2109, 12882, 12117, 3982, 18.21%, 1, 9, 4, 53.08, 6374149
1712760054, 1, 2112, 12882, 12116, 3981, 18.21%, 1, 9, 4, 1158.90, 6385682
1712760059, 1, 2114, 12882, 12115, 3980, 18.21%, 1, 9, 4, 1224.22, 6392042
1712760064, 1, 2115, 12882, 12114, 3979, 18.21%, 1, 9, 4, 1126.33, 6397739
1712760069, 1, 2118, 12882, 12113, 3978, 18.21%, 1, 9, 4, 1144.52, 6403055
1712760075, 1, 2125, 12882, 12112, 3977, 18.21%, 1, 9, 4, 1086.66, 6408469
1712760080, 1, 2126, 12882, 12111, 3976, 18.21%, 1, 9, 4, 1039.66, 6413337
1712760090, 1, 2127, 12882, 12110, 3975, 18.21%, 1, 9, 4, 1103.74, 6420792
1712760095, 1, 2131, 12882, 12109, 3974, 18.21%, 1, 9, 4, 1179.34, 6426543
1712760101, 1, 2135, 12882, 12108, 3974, 18.21%, 1, 9, 4, 211.76, 6431521
1712760111, 1, 2139, 12882, 12107, 3973, 18.21%, 1, 9, 4, 1322.59, 6438499
1712760123, 1, 2140, 12882, 12106, 3972, 18.21%, 1, 9, 4, 35.93, 6445251
1712760128, 1, 2143, 12882, 12105, 3971, 18.21%, 1, 9, 4, 1165.10, 6449286
1712760134, 1, 2144, 12882, 12104, 3970, 18.21%, 1, 9, 4, 76.07, 6454222
1712760150, 1, 2149, 12882, 12103, 3969, 18.21%, 1, 9, 4, 347.87, 6462057
1712760161, 1, 2150, 12882, 12102, 3968, 18.21%, 1, 9, 4, 87.59, 6467933
1712760166, 1, 2157, 12882, 12101, 3967, 18.21%, 1, 9, 4, 67.10, 6472013
1712760177, 1, 2158, 12882, 12100, 3966, 18.21%, 1, 9, 4, 866.89, 6481204
1712760182, 1, 2159, 12882, 12099, 3965, 18.21%, 1, 9, 4, 1420.00, 6486269
1712760192, 1, 2160, 12882, 12098, 3965, 18.21%, 1, 9, 4, 1402.55, 6493847
1712760197, 1, 2162, 12882, 12097, 3964, 18.21%, 1, 9, 4, 52.92, 6498677
1712760207, 1, 2166, 12882, 12096, 3963, 18.21%, 1, 9, 4, 1114.71, 6508642
1712760213, 1, 2170, 12882, 12095, 3962, 18.21%, 1, 9, 4, 1129.15, 6514337
1712760218, 1, 2171, 12882, 12094, 3961, 18.21%, 1, 9, 4, 1021.51, 6519304
1712760223, 1, 2181, 12882, 12093, 3960, 18.21%, 1, 9, 4, 1028.94, 6524334
1712760228, 1, 2182, 12882, 12092, 3959, 18.21%, 1, 9, 4, 1045.18, 6529578
1712761755, 1, 2185, 12996, 12205, 3971, 18.23%, 1, 9, 4, 838.84, 6539886
1712761760, 1, 2186, 12996, 12204, 3970, 18.23%, 1, 9, 4, 1136.80, 6544152
1712761765, 1, 2191, 12996, 12203, 3969, 18.23%, 1, 9, 4, 1737.97, 6547887
1712761770, 1, 2194, 12996, 12202, 3968, 18.23%, 1, 9, 4, 1280.50, 6553696
1712761775, 1, 2195, 12996, 12201, 3967, 18.23%, 1, 9, 4, 1336.20, 6560305
1712761965, 1, 2197, 12996, 12200, 3966, 18.23%, 1, 9, 4, 977.95, 6568800
1712761971, 1, 2203, 12996, 12199, 3965, 18.23%, 1, 9, 4, 807.61, 6572884
1712761982, 1, 2204, 12996, 12198, 3964, 18.23%, 1, 9, 4, 1636.82, 6579587
1712762171, 1, 2206, 12996, 12197, 3963, 18.23%, 1, 9, 4, 1.02, 6585617
1712762187, 1, 2211, 12996, 12196, 3962, 18.23%, 1, 9, 4, 988.06, 6594266
1712762197, 1, 2214, 12997, 12196, 3961, 18.23%, 1, 9, 4, 1395.38, 6603267
1712762386, 1, 2214, 13000, 12199, 3961, 18.23%, 1, 9, 4, 784.03, 6611701
1712762402, 1, 2216, 13000, 12198, 3961, 18.23%, 1, 9, 4, 1172.73, 6628652
1712762407, 1, 2219, 13000, 12197, 3960, 18.23%, 1, 9, 4, 1130.78, 6633026
1712762591, 1, 2220, 13000, 12196, 3959, 18.23%, 1, 9, 4, 1.41, 6636599
1712762596, 1, 2220, 13001, 12197, 3959, 18.23%, 1, 9, 4, 1074.82, 6641654
1712762607, 1, 2225, 13001, 12196, 3959, 18.23%, 1, 9, 4, 481.41, 6651126
1712762612, 1, 2227, 13001, 12195, 3958, 18.23%, 1, 9, 4, 837.79, 6656045
1712762802, 1, 2230, 13002, 12195, 3957, 18.23%, 1, 9, 4, 0.68, 6663528
1712762817, 1, 2233, 13002, 12194, 3956, 18.23%, 1, 9, 4, 1135.18, 6676933
1712762823, 1, 2235, 13002, 12193, 3955, 18.23%, 1, 9, 4, 1586.94, 6681120
1712763014, 1, 2236, 13002, 12192, 3954, 18.23%, 1, 9, 4, 0.35, 6689321
1712763020, 1, 2237, 13002, 12191, 3953, 18.23%, 1, 9, 4, 167.33, 6694039
1712763030, 1, 2245, 13002, 12190, 3952, 18.23%, 1, 9, 4, 1025.56, 6701080
1712763035, 1, 2250, 13002, 12189, 3951, 18.23%, 1, 9, 4, 1112.41, 6706572
1712763040, 1, 2251, 13002, 12188, 3950, 18.23%, 1, 9, 4, 1057.46, 6711981
1712763225, 1, 2253, 13002, 12187, 3949, 18.23%, 1, 9, 4, 0.85, 6716330
1712763236, 1, 2255, 13002, 12186, 3948, 18.23%, 1, 9, 4, 75.16, 6722860
1712763241, 1, 2258, 13002, 12185, 3947, 18.23%, 1, 9, 4, 64.66, 6726442
1712763252, 1, 2259, 13002, 12184, 3946, 18.23%, 1, 9, 4, 770.81, 6734983
1712763440, 1, 2262, 13002, 12183, 3945, 18.23%, 1, 9, 4, 1026.01, 6742869
1712763445, 1, 2266, 13002, 12182, 3944, 18.23%, 1, 9, 4, 1153.20, 6748881
1712763450, 1, 2267, 13002, 12181, 3943, 18.23%, 1, 9, 4, 139.72, 6753081
1712763455, 1, 2270, 13002, 12180, 3942, 18.23%, 1, 9, 4, 671.75, 6757210
1712763645, 1, 2271, 13002, 12179, 3941, 18.23%, 1, 9, 4, 0.99, 6764415
1712763650, 1, 2272, 13002, 12178, 3940, 18.23%, 1, 9, 4, 1003.38, 6769633
1712763660, 1, 2275, 13002, 12177, 3939, 18.23%, 1, 9, 4, 1296.62, 6777789
1712763665, 1, 2277, 13002, 12176, 3938, 18.23%, 1, 9, 4, 1472.17, 6783246
1712763671, 1, 2279, 13002, 12175, 3937, 18.23%, 1, 9, 4, 1218.99, 6788670
1712765964, 1, 2280, 13002, 12174, 3936, 18.23%, 1, 9, 4, 985.98, 6796633
1712765969, 1, 2283, 13002, 12173, 3934, 18.23%, 1, 9, 4, 954.74, 6801423
1712765980, 1, 2290, 13002, 12172, 3933, 18.23%, 1, 9, 4, 1050.14, 6810771
1712765985, 1, 2290, 13003, 12173, 3933, 18.23%, 1, 9, 4, 1102.56, 6816301
1712766170, 1, 2290, 13091, 12260, 3932, 18.27%, 1, 9, 4, 1.02, 6820762
1712766175, 1, 2293, 13110, 12279, 3955, 18.28%, 1, 9, 4, 133.63, 6823211
1712766185, 1, 2294, 13110, 12278, 3954, 18.28%, 1, 9, 4, 1206.06, 6831724
1712766190, 1, 2295, 13110, 12277, 3953, 18.28%, 1, 9, 4, 1195.13, 6837637
1712766195, 1, 2296, 13110, 12276, 3952, 18.28%, 1, 9, 4, 1182.15, 6843807
1712766380, 1, 2298, 13110, 12275, 3951, 18.28%, 1, 9, 4, 0.03, 6848613
1712766385, 1, 2300, 13110, 12274, 3950, 18.28%, 1, 9, 4, 841.33, 6852818
1712766395, 1, 2301, 13110, 12273, 3949, 18.28%, 1, 9, 4, 204.60, 6860135
1712766406, 1, 2303, 13110, 12272, 3948, 18.28%, 1, 9, 4, 1135.33, 6870063
1712766591, 1, 2305, 13112, 12273, 3947, 18.28%, 1, 9, 4, 0.07, 6875135
1712766616, 1, 2310, 13112, 12271, 3945, 18.28%, 1, 9, 4, 1207.22, 6902505
1712766806, 1, 2311, 13112, 12270, 3944, 18.28%, 1, 9, 4, 663.87, 6910903
1712766816, 1, 2312, 13112, 12269, 3944, 18.28%, 1, 9, 4, 1178.61, 6916913
1712766821, 1, 2313, 13112, 12268, 3943, 18.28%, 1, 9, 4, 1102.78, 6922215
1712766827, 1, 2317, 13112, 12267, 3942, 18.28%, 1, 9, 4, 1276.56, 6929017
1712767016, 1, 2318, 13112, 12266, 3941, 18.28%, 1, 9, 4, 854.88, 6935853
1712767027, 1, 2320, 13113, 12266, 3940, 18.28%, 1, 9, 4, 1243.55, 6942833
1712767038, 1, 2321, 13113, 12265, 3939, 18.28%, 1, 9, 4, 211.10, 6954399
1712767232, 1, 2324, 13113, 12264, 3938, 18.28%, 1, 9, 4, 935.32, 6962010
1712767237, 1, 2325, 13113, 12263, 3937, 18.28%, 1, 9, 4, 968.40, 6966815
1712767247, 1, 2328, 13113, 12262, 3936, 18.28%, 1, 9, 4, 1656.07, 6972829
1712767437, 1, 2332, 13113, 12261, 3935, 18.28%, 1, 9, 4, 1040.80, 6981820
1712767442, 1, 2333, 13113, 12260, 3934, 18.28%, 1, 9, 4, 983.81, 6986662
1712767452, 1, 2334, 13113, 12259, 3933, 18.28%, 1, 9, 4, 1255.74, 6995469
1712767458, 1, 2335, 13113, 12258, 3932, 18.28%, 1, 9, 4, 255.26, 7000007
1712767648, 1, 2342, 13113, 12257, 3931, 18.28%, 1, 9, 4, 1230.33, 7007027
1712767653, 1, 2344, 13113, 12256, 3930, 18.28%, 1, 9, 4, 1427.11, 7012105
1712767663, 1, 2345, 13113, 12255, 3929, 18.28%, 1, 9, 4, 1239.77, 7020897
1712767668, 1, 2347, 13113, 12254, 3928, 18.28%, 1, 9, 4, 1271.90, 7027275
1712767853, 1, 2350, 13113, 12253, 3927, 18.28%, 1, 9, 4, 0.25, 7032276
1712770393, 1, 2350, 13114, 12253, 3926, 18.28%, 1, 9, 4, 0.95, 7036672
1712770399, 1, 2353, 13175, 12314, 3936, 18.30%, 1, 10, 4, 52.92, 7039545
1712772690, 1, 2354, 13175, 12313, 3935, 18.30%, 1, 10, 4, 0.11, 7043637
