# unix_time, cycles_done, cur_path, paths_total, pending_total, pending_favs, map_size, unique_crashes, unique_hangs, max_depth, execs_per_sec
1712685930, 0, 0, 5, 5, 5, 1.24%, 0, 0, 1, 2352.94
1712686060, 0, 0, 61, 61, 5, 1.51%, 0, 0, 2, 1.37
1712686065, 0, 0, 70, 70, 5, 1.51%, 0, 0, 2, 1771.44
1712686070, 0, 0, 74, 74, 5, 1.53%, 0, 0, 2, 1866.54
1712686075, 0, 0, 80, 80, 5, 1.55%, 0, 0, 2, 1726.28
1712686080, 0, 0, 88, 88, 5, 1.61%, 0, 0, 2, 1728.61
1712686085, 0, 0, 90, 90, 5, 1.61%, 0, 0, 2, 1687.32
1712690148, 0, 0, 93, 93, 5, 1.62%, 0, 0, 2, 0.03
1712690273, 0, 0, 96, 96, 5, 1.63%, 0, 0, 2, 2144.04
1712690279, 0, 0, 98, 98, 5, 1.63%, 0, 0, 2, 2104.40
1712690284, 0, 0, 100, 100, 5, 1.63%, 0, 0, 2, 1927.38
1712690289, 0, 0, 145, 145, 5, 1.86%, 0, 0, 2, 1749.33
1712690489, 0, 0, 147, 147, 5, 1.86%, 0, 0, 2, 1956.89
1712690905, 0, 0, 156, 156, 5, 1.98%, 0, 0, 2, 2123.85
1712690910, 0, 0, 157, 157, 5, 1.98%, 0, 0, 2, 2073.34
1712690925, 0, 0, 158, 158, 5, 1.98%, 0, 0, 2, 1872.48
1712691130, 0, 0, 160, 160, 5, 1.99%, 0, 0, 2, 2001.80
1712691135, 0, 0, 167, 167, 5, 2.00%, 0, 0, 2, 2049.82
1712694501, 0, 0, 168, 168, 5, 2.00%, 0, 0, 2, 1723.47
1712694686, 0, 0, 176, 176, 5, 2.01%, 0, 0, 2, 1.94
1712694922, 0, 0, 178, 178, 5, 2.02%, 0, 0, 2, 1756.19
1712695107, 0, 0, 179, 179, 5, 2.02%, 0, 0, 2, 0.37
1712695112, 0, 0, 187, 187, 5, 2.02%, 0, 0, 2, 1937.55
1712695117, 0, 0, 247, 247, 5, 2.07%, 0, 0, 2, 1530.32
1712695122, 0, 0, 261, 261, 5, 2.07%, 0, 0, 2, 1439.53
1712695127, 0, 0, 273, 273, 5, 2.08%, 0, 0, 2, 1508.60
1712695133, 0, 0, 283, 283, 5, 2.10%, 0, 0, 2, 1440.49
1712695317, 0, 0, 498, 497, 4, 5.20%, 0, 0, 2, 0.60
1712695322, 0, 0, 1165, 1164, 4, 8.28%, 0, 1, 2, 1521.98
1712695328, 0, 0, 1862, 1861, 4, 9.70%, 0, 2, 2, 1499.11
1712695333, 0, 0, 2302, 2301, 4, 10.39%, 0, 4, 2, 1465.00
1712695338, 0, 0, 2865, 2864, 4, 11.14%, 0, 4, 2, 1395.04
1712695343, 0, 0, 3218, 3217, 4, 11.53%, 0, 4, 2, 1129.34
1712695528, 0, 0, 3583, 3582, 4, 11.94%, 0, 4, 2, 0.78
1712695533, 0, 0, 4357, 4356, 4, 12.77%, 0, 4, 2, 1455.48
1712695538, 0, 0, 4979, 4978, 4, 13.33%, 0, 5, 2, 228.62
1712695543, 0, 0, 5384, 5383, 4, 13.75%, 0, 5, 2, 1300.55
1712695548, 0, 0, 5987, 5986, 4, 14.27%, 0, 5, 2, 1181.20
1712695553, 0, 0, 6426, 6425, 4, 14.64%, 0, 6, 2, 127.70
1712695738, 0, 0, 6906, 6905, 4, 15.00%, 0, 7, 2, 0.82
1712695743, 0, 0, 7630, 7629, 4, 15.51%, 0, 7, 2, 1487.84
1712695748, 0, 316, 8251, 8250, 3904, 15.93%, 0, 7, 2, 1427.64
1712695753, 0, 316, 8252, 8251, 3904, 15.93%, 0, 7, 2, 1703.20
1712695764, 0, 343, 8252, 8250, 3904, 15.93%, 0, 7, 2, 1919.39
1712695954, 0, 392, 8252, 8249, 3903, 15.93%, 0, 7, 2, 2117.92
1712695959, 0, 397, 8252, 8248, 3902, 15.93%, 0, 7, 2, 2077.86
1712695974, 0, 523, 8252, 8247, 3901, 15.93%, 0, 7, 2, 1827.05
1712696159, 0, 523, 8252, 8247, 3901, 15.93%, 0, 8, 2, 1.94
1712696169, 0, 533, 8253, 8247, 3900, 15.93%, 0, 8, 2, 2105.81
1712696184, 0, 565, 8254, 8247, 3900, 15.93%, 0, 8, 2, 1901.88
1712696374, 0, 581, 8254, 8246, 3899, 15.93%, 0, 8, 2, 1915.80
1712696384, 0, 722, 8254, 8245, 3898, 15.93%, 0, 8, 2, 1986.87
1712698515, 0, 734, 8254, 8244, 3897, 15.93%, 0, 8, 2, 0.03
1712698530, 0, 734, 8538, 8527, 3896, 16.24%, 0, 8, 2, 1498.62
1712698535, 0, 734, 9061, 9050, 3896, 16.49%, 0, 8, 2, 1291.74
1712698684, 0, 749, 9066, 9055, 4122, 16.49%, 0, 8, 2, 2.34
1712698689, 0, 807, 9066, 9054, 4121, 16.49%, 0, 8, 2, 2022.92
1712698705, 0, 901, 9066, 9053, 4120, 16.49%, 0, 8, 2, 1940.71
1712698710, 0, 901, 9068, 9055, 4120, 16.49%, 0, 8, 2, 1962.13
1712698895, 0, 925, 9068, 9054, 4121, 16.49%, 0, 8, 2, 1.02
1712698910, 0, 966, 9069, 9054, 4120, 16.49%, 0, 8, 2, 1772.49
1712698920, 0, 972, 9069, 9053, 4119, 16.49%, 0, 8, 2, 1780.46
1712699115, 0, 997, 9069, 9052, 4117, 16.49%, 0, 8, 2, 2003.13
1712699121, 0, 997, 9070, 9053, 4117, 16.49%, 0, 8, 2, 1951.90
1712699126, 0, 997, 9071, 9054, 4117, 16.49%, 0, 8, 2, 1890.87
1712699131, 0, 1010, 9072, 9054, 4118, 16.49%, 0, 8, 2, 1736.98
1712699326, 0, 1087, 9072, 9053, 4118, 16.49%, 0, 8, 2, 2000.74
1712699341, 0, 1137, 9072, 9052, 4117, 16.49%, 0, 8, 2, 1784.22
1712699531, 0, 1152, 9076, 9055, 4116, 16.49%, 0, 8, 2, 2088.60
1712699541, 0, 1180, 9076, 9054, 4116, 16.49%, 0, 8, 2, 1982.06
1712699736, 0, 1214, 9076, 9053, 4115, 16.49%, 0, 8, 2, 0.80
1712699746, 0, 1215, 9076, 9052, 4114, 16.49%, 0, 8, 2, 2076.78
1712699762, 0, 1237, 9076, 9051, 4113, 16.49%, 0, 8, 2, 1832.40
1712699951, 0, 1239, 9077, 9051, 4112, 16.49%, 0, 8, 2, 2154.70
1712699962, 0, 1297, 9077, 9050, 4111, 16.49%, 0, 8, 2, 1953.77
1712699972, 0, 1310, 9079, 9051, 4110, 16.50%, 0, 8, 2, 1853.32
1712700157, 0, 1483, 9079, 9050, 4111, 16.50%, 0, 8, 2, 0.37
1712700172, 0, 1614, 9079, 9049, 4110, 16.50%, 0, 8, 2, 1988.46
1712700367, 0, 1759, 9080, 9049, 4110, 16.50%, 0, 8, 2, 2.19
1712700382, 0, 1763, 9080, 9048, 4109, 16.50%, 0, 8, 2, 1824.86
1712700578, 0, 1865, 9080, 9047, 4108, 16.50%, 0, 9, 2, 1.20
1712700593, 0, 1953, 9080, 9046, 4107, 16.50%, 0, 9, 2, 1850.77
1712702773, 0, 2130, 9080, 9045, 4106, 16.50%, 0, 9, 2, 0.15
1712702904, 0, 2130, 9081, 9046, 4106, 16.50%, 0, 9, 2, 1957.44
1712702914, 0, 2130, 9442, 9406, 4105, 16.84%, 0, 9, 2, 933.08
1712702919, 0, 2130, 9734, 9698, 4105, 16.97%, 0, 9, 2, 686.42
1712703104, 0, 2130, 9950, 9914, 4105, 17.05%, 0, 9, 2, 0.06
1712703110, 0, 2148, 10003, 9967, 4310, 17.06%, 0, 9, 2, 1536.94
1712703120, 0, 2182, 10003, 9966, 4309, 17.06%, 0, 9, 2, 1806.25
1712703320, 0, 2216, 10004, 9966, 4308, 17.06%, 0, 9, 2, 2059.26
1712703325, 0, 2216, 10006, 9968, 4308, 17.07%, 0, 9, 2, 2124.10
1712703330, 0, 2223, 10006, 9967, 4309, 17.07%, 0, 9, 2, 1807.41
1712703340, 0, 2223, 10007, 9968, 4309, 17.07%, 0, 9, 2, 1726.23
1712703530, 0, 2223, 10008, 9969, 4309, 17.07%, 0, 9, 2, 1959.28
1712703535, 0, 2466, 10008, 9968, 4310, 17.07%, 0, 9, 2, 1920.43
1712703540, 0, 2477, 10009, 9968, 4309, 17.07%, 0, 9, 2, 1879.93
1712703550, 0, 2491, 10010, 9968, 4310, 17.07%, 0, 9, 2, 1823.99
1712703741, 0, 2508, 10011, 9968, 4309, 17.07%, 0, 9, 2, 1853.67
1712703756, 0, 2543, 10011, 9967, 4308, 17.07%, 0, 9, 2, 1897.33
1712703761, 0, 2543, 10012, 9968, 4308, 17.07%, 0, 9, 2, 1773.66
1712703946, 0, 2571, 10012, 9967, 4308, 17.07%, 0, 9, 2, 0.19
1712703961, 0, 2638, 10012, 9966, 4307, 17.07%, 0, 9, 2, 1842.95
1712706686, 0, 2638, 10015, 9969, 4307, 17.07%, 0, 9, 2, 1645.69
1712706696, 0, 2657, 10017, 9970, 4305, 17.07%, 0, 9, 2, 1715.99
1712706712, 0, 2661, 10017, 9969, 4304, 17.07%, 0, 9, 2, 2129.39
1712706717, 0, 2661, 10018, 9970, 4304, 17.07%, 0, 9, 2, 2066.72
1712706732, 0, 2689, 10018, 9969, 4304, 17.07%, 0, 9, 2, 2165.76
1712706742, 0, 2702, 10018, 9968, 4303, 17.07%, 0, 9, 2, 2124.43
1712706757, 0, 2711, 10441, 10390, 4413, 17.37%, 0, 9, 2, 1479.31
1712706767, 0, 2731, 10441, 10389, 4412, 17.37%, 0, 9, 2, 1900.81
1712706783, 0, 2853, 10441, 10388, 4411, 17.37%, 0, 9, 2, 2062.26
1712706798, 0, 2906, 10442, 10388, 4411, 17.37%, 0, 9, 2, 1922.77
1712706808, 0, 2972, 10443, 10388, 4410, 17.37%, 0, 9, 2, 2178.92
1712706823, 0, 2984, 10443, 10387, 4410, 17.37%, 0, 9, 2, 2033.40
1712706844, 0, 2984, 10444, 10388, 4410, 17.37%, 0, 9, 2, 2073.82
1712706849, 0, 2986, 10444, 10387, 4410, 17.37%, 0, 9, 2, 2042.74
1712707102, 0, 3030, 10444, 10386, 4409, 17.37%, 0, 9, 2, 0.32
1712707117, 0, 3104, 10444, 10385, 4408, 17.37%, 0, 9, 2, 1854.64
1712707128, 0, 3109, 10444, 10384, 4407, 17.37%, 0, 9, 2, 1734.19
1712707323, 0, 3124, 10447, 10386, 4404, 17.37%, 0, 9, 2, 1855.48
1712707523, 0, 3176, 10447, 10385, 4403, 17.37%, 0, 9, 2, 0.79
1712707528, 0, 3176, 10448, 10386, 4403, 17.37%, 0, 9, 2, 2119.52
1712707538, 0, 3180, 10448, 10385, 4403, 17.37%, 0, 9, 2, 1837.91
1712707738, 0, 3354, 10448, 10384, 4402, 17.37%, 0, 9, 2, 1863.23
1712707743, 0, 3357, 10448, 10383, 4401, 17.37%, 0, 9, 2, 1940.45
1712707754, 0, 3426, 10448, 10382, 4400, 17.37%, 0, 9, 2, 1697.84
1712707969, 0, 3426, 10449, 10383, 4400, 17.37%, 0, 9, 2, 1692.61
1712708154, 0, 3456, 10449, 10382, 4400, 17.37%, 0, 9, 2, 0.35
1712708170, 0, 3457, 10449, 10381, 4399, 17.37%, 0, 9, 2, 1830.09
1712708375, 0, 3486, 10449, 10380, 4398, 17.37%, 0, 9, 2, 1935.02
1712708385, 0, 3602, 10449, 10379, 4397, 17.37%, 0, 9, 2, 1838.94
1712708580, 0, 3607, 10452, 10381, 4396, 17.38%, 0, 9, 2, 2066.94
1712708595, 0, 3610, 10452, 10380, 4397, 17.38%, 0, 9, 2, 1700.14
1712708790, 0, 3612, 10453, 10380, 4396, 17.38%, 0, 9, 2, 1979.52
1712708996, 0, 3668, 10453, 10379, 4395, 17.38%, 0, 9, 2, 1.46
1712709016, 0, 3673, 10453, 10378, 4394, 17.38%, 0, 9, 2, 1754.62
1712711163, 0, 3678, 10453, 10377, 4393, 17.38%, 0, 9, 2, 0.10
1712711168, 0, 3678, 10455, 10379, 4393, 17.38%, 0, 9, 2, 1967.52
1712711178, 0, 3689, 10455, 10378, 4392, 17.38%, 0, 9, 2, 1887.95
1712711183, 0, 3741, 10455, 10377, 4391, 17.38%, 0, 9, 2, 1815.04
1712711326, 0, 3764, 10455, 10376, 4390, 17.38%, 0, 9, 2, 1830.19
1712711331, 0, 3764, 10456, 10377, 4390, 17.38%, 0, 9, 2, 1849.02
1712711336, 0, 3870, 10457, 10377, 4389, 17.38%, 0, 9, 2, 1828.97
1712711526, 0, 3870, 10871, 10790, 4388, 17.58%, 0, 9, 2, 1155.33
1712711531, 0, 3876, 10997, 10916, 4511, 17.62%, 0, 9, 2, 1552.57
1712711541, 0, 4004, 10997, 10915, 4510, 17.62%, 0, 9, 2, 1847.10
1712711731, 0, 4029, 10997, 10914, 4509, 17.62%, 0, 9, 2, 2.19
1712711746, 0, 4039, 10997, 10913, 4506, 17.62%, 0, 9, 2, 1933.71
1712711756, 0, 4039, 10998, 10914, 4506, 17.63%, 0, 9, 2, 1788.04
1712711941, 0, 4078, 10998, 10913, 4506, 17.63%, 0, 9, 2, 0.83
1712711952, 0, 4111, 10999, 10913, 4505, 17.63%, 0, 9, 2, 1882.54
1712711962, 0, 4192, 10999, 10912, 4505, 17.63%, 0, 9, 2, 1855.87
1712712162, 0, 4226, 10999, 10911, 4504, 17.63%, 0, 9, 2, 2032.18
1712712362, 0, 4229, 11000, 10911, 4503, 17.63%, 0, 9, 2, 0.39
1712712377, 0, 4261, 11000, 10910, 4503, 17.63%, 0, 9, 2, 1802.56
1712712382, 0, 4278, 11000, 10909, 4502, 17.63%, 0, 9, 2, 1884.68
1712712573, 0, 4314, 11000, 10908, 4501, 17.63%, 0, 9, 2, 2.13
1712712593, 0, 4355, 11000, 10907, 4500, 17.63%, 0, 9, 2, 1857.49
1712712783, 0, 4386, 11001, 10907, 4499, 17.63%, 0, 9, 2, 0.35
1712712803, 0, 4386, 11002, 10908, 4499, 17.63%, 0, 9, 2, 1799.59
1712712808, 0, 4428, 11002, 10907, 4500, 17.63%, 0, 9, 2, 1918.67
1712712999, 0, 4454, 11002, 10906, 4499, 17.63%, 0, 9, 2, 1960.38
1712713009, 0, 4454, 11003, 10907, 4499, 17.63%, 0, 9, 2, 1823.52
1712713014, 0, 4459, 11003, 10906, 4499, 17.63%, 0, 9, 2, 1869.24
1712713209, 0, 4461, 11003, 10905, 4498, 17.63%, 0, 9, 2, 1804.01
1712713219, 0, 4513, 11006, 10907, 4498, 17.63%, 0, 9, 2, 1850.11
1712715020, 0, 4518, 11006, 10906, 4497, 17.63%, 0, 9, 2, 1958.60
1712715041, 0, 4518, 11132, 11031, 4496, 17.67%, 0, 9, 2, 499.48
1712715046, 0, 4547, 11338, 11237, 4530, 17.72%, 0, 9, 2, 1103.18
1712715056, 0, 4587, 11338, 11236, 4529, 17.72%, 0, 9, 2, 1867.44
1712715066, 0, 4646, 11338, 11235, 4528, 17.72%, 0, 9, 2, 2057.97
1712715071, 0, 4678, 11338, 11234, 4527, 17.72%, 0, 9, 2, 2045.90
1712715086, 0, 4727, 11338, 11233, 4526, 17.72%, 0, 9, 2, 1967.88
1712715096, 0, 4781, 11338, 11232, 4525, 17.72%, 0, 9, 2, 1959.45
1712715122, 0, 4787, 11338, 11231, 4524, 17.72%, 0, 9, 2, 1925.21
1712715132, 0, 4828, 11338, 11230, 4523, 17.72%, 0, 9, 2, 1749.31
1712715274, 0, 4828, 11339, 11231, 4523, 17.72%, 0, 9, 2, 1891.93
1712716360, 0, 4828, 11340, 11232, 4523, 17.72%, 0, 9, 2, 1.48
1712716806, 0, 4847, 11340, 11231, 4522, 17.72%, 0, 9, 2, 1745.11
1712716996, 0, 4876, 11340, 11230, 4521, 17.72%, 0, 9, 2, 1916.06
1712717006, 0, 4993, 11341, 11230, 4520, 17.72%, 0, 9, 2, 1992.72
1712717011, 0, 5054, 11341, 11229, 4519, 17.72%, 0, 9, 2, 1902.61
1712717211, 0, 5075, 11342, 11229, 4518, 17.72%, 0, 9, 2, 2005.39
1712717221, 0, 5138, 11342, 11228, 4518, 17.72%, 0, 9, 2, 1752.27
1712717417, 0, 5144, 11343, 11228, 4517, 17.72%, 0, 9, 2, 2082.23
1712717422, 0, 5173, 11343, 11227, 4517, 17.72%, 0, 9, 2, 1950.49
1712717432, 0, 5210, 11343, 11226, 4516, 17.72%, 0, 9, 2, 1783.92
1712718740, 0, 5215, 11343, 11225, 4515, 17.72%, 0, 9, 2, 1874.08
1712718750, 0, 5225, 11344, 11225, 4514, 17.72%, 0, 9, 2, 1939.62
1712718760, 0, 5245, 11345, 11225, 4515, 17.72%, 0, 9, 2, 1851.95
1712718771, 0, 5245, 11426, 11305, 4514, 17.76%, 0, 11, 2, 19.63
1712718776, 0, 5298, 11584, 11463, 4536, 17.78%, 0, 11, 2, 1295.35
1712718792, 0, 5341, 11584, 11462, 4535, 17.78%, 0, 11, 2, 1902.34
1712718797, 0, 5370, 11584, 11461, 4534, 17.78%, 0, 11, 2, 1865.89
1712718812, 0, 5374, 11584, 11460, 4533, 17.78%, 0, 11, 2, 1857.18
1712718888, 0, 5374, 11585, 11461, 4533, 17.78%, 0, 11, 2, 1936.16
1712718893, 0, 5388, 11585, 11460, 4533, 17.78%, 0, 11, 2, 1885.09
1712718898, 0, 5388, 11586, 11461, 4533, 17.79%, 0, 11, 2, 1986.92
1712718903, 0, 5432, 11586, 11460, 4533, 17.79%, 0, 11, 2, 1946.99
1712718923, 0, 5433, 11586, 11459, 4532, 17.79%, 0, 11, 2, 1908.42
1712718933, 0, 5452, 11586, 11458, 4531, 17.79%, 0, 11, 2, 1902.94
1712718959, 0, 5460, 11586, 11457, 4530, 17.79%, 0, 11, 2, 1925.93
1712718974, 0, 5493, 11586, 11456, 4529, 17.79%, 0, 11, 2, 1892.87
1712718984, 0, 5530, 11586, 11455, 4528, 17.79%, 0, 11, 2, 1937.43
1712718999, 0, 5556, 11586, 11454, 4527, 17.79%, 0, 11, 2, 1919.86
1712719015, 0, 5645, 11589, 11456, 4525, 17.79%, 0, 11, 2, 1870.39
1712719025, 0, 5651, 11589, 11455, 4525, 17.79%, 0, 11, 2, 1916.81
1712719045, 0, 5653, 11589, 11454, 4524, 17.79%, 0, 11, 2, 1782.07
1712719055, 0, 5665, 11589, 11453, 4523, 17.79%, 0, 11, 2, 1990.19
1712719070, 0, 5679, 11589, 11452, 4522, 17.79%, 0, 11, 2, 1825.41
1712719085, 0, 5754, 11589, 11451, 4521, 17.79%, 0, 11, 2, 1804.16
1712719111, 0, 5789, 11589, 11450, 4520, 17.79%, 0, 11, 2, 1754.27
1712719126, 0, 5791, 11590, 11450, 4519, 17.79%, 0, 11, 2, 1818.52
1712719136, 0, 5813, 11590, 11449, 4519, 17.79%, 0, 11, 2, 1735.78
1712719157, 0, 5818, 11590, 11448, 4518, 17.79%, 0, 11, 2, 1845.46
1712719731, 0, 5894, 11590, 11447, 4517, 17.79%, 0, 11, 2, 2253.12
1712719936, 0, 5927, 11590, 11446, 4516, 17.79%, 0, 11, 2, 0.88
1712719962, 0, 5980, 11590, 11445, 4515, 17.79%, 0, 11, 2, 1789.15
1712720152, 0, 5980, 11591, 11446, 4515, 17.79%, 0, 11, 2, 2055.42
1712720157, 0, 6005, 11623, 11477, 4518, 17.80%, 0, 11, 2, 2264.99
1712720357, 0, 6033, 11623, 11476, 4517, 17.80%, 0, 11, 2, 0.94
1712720377, 0, 6090, 11623, 11475, 4516, 17.80%, 0, 11, 2, 1741.33
1712720578, 0, 6119, 11624, 11475, 4515, 17.80%, 0, 11, 2, 2000.85
1712720588, 0, 6129, 11624, 11474, 4514, 17.80%, 0, 11, 2, 1777.92
1712720778, 0, 6151, 11624, 11473, 4513, 17.80%, 0, 11, 2, 1.46
1712720783, 0, 6151, 11625, 11474, 4513, 17.80%, 0, 11, 2, 2106.34
1712720793, 0, 6165, 11625, 11473, 4513, 17.80%, 0, 11, 2, 1819.48
1712720988, 0, 6165, 11625, 11473, 4513, 17.80%, 0, 12, 2, 2.07
1712720998, 0, 6172, 11625, 11472, 4512, 17.80%, 0, 12, 2, 2106.30
1712721003, 0, 6172, 11626, 11473, 4512, 17.80%, 0, 12, 2, 1889.39
1712721008, 0, 6198, 11626, 11472, 4511, 17.80%, 0, 12, 2, 1861.37
1712721199, 0, 6244, 11626, 11471, 4510, 17.80%, 0, 12, 2, 0.18
1712721209, 0, 6291, 11626, 11470, 4509, 17.80%, 0, 12, 2, 2154.14
1712721214, 0, 6300, 11628, 11471, 4507, 17.80%, 0, 12, 2, 1849.04
1712721414, 0, 6326, 11628, 11470, 4507, 17.80%, 0, 12, 2, 1962.79
1712721424, 0, 6326, 11629, 11471, 4507, 17.81%, 0, 12, 2, 1806.91
1712721429, 0, 6343, 11629, 11470, 4507, 17.81%, 0, 12, 2, 1803.18
1712721634, 0, 6343, 11630, 11471, 4507, 17.81%, 0, 12, 2, 1817.44
1712721639, 0, 6355, 11630, 11470, 4507, 17.81%, 0, 12, 2, 1694.03
1712723707, 0, 6360, 12191, 12030, 4558, 18.02%, 0, 12, 2, 1263.38
1712723722, 0, 6361, 12191, 12029, 4557, 18.02%, 0, 12, 2, 1758.58
1712723748, 0, 6405, 12191, 12028, 4556, 18.02%, 0, 12, 2, 1790.74
1712723778, 0, 6497, 12191, 12027, 4555, 18.02%, 0, 12, 2, 1832.55
1712723788, 0, 6497, 12192, 12028, 4555, 18.02%, 0, 12, 2, 1805.92
1712723793, 0, 6500, 12192, 12027, 4554, 18.02%, 0, 12, 2, 1674.02
1712723803, 0, 6501, 12192, 12026, 4553, 18.02%, 0, 12, 2, 1774.68
1712724360, 0, 6589, 12192, 12025, 4552, 18.02%, 0, 12, 2, 1844.42
1712724380, 0, 6594, 12192, 12024, 4551, 18.02%, 0, 12, 2, 1706.13
1712724570, 0, 6649, 12192, 12023, 4550, 18.02%, 0, 12, 2, 1934.56
1712724575, 0, 6675, 12192, 12022, 4549, 18.02%, 0, 12, 2, 1950.99
1712724590, 0, 6676, 12192, 12021, 4548, 18.02%, 0, 12, 2, 1737.44
1712724781, 0, 6683, 12192, 12020, 4546, 18.02%, 0, 12, 2, 1956.87
1712724786, 0, 6683, 12193, 12021, 4546, 18.03%, 0, 12, 2, 1910.27
1712724801, 0, 6709, 12193, 12020, 4546, 18.03%, 0, 12, 2, 1723.86
1712725001, 0, 6718, 12193, 12019, 4545, 18.03%, 0, 12, 2, 1713.23
1712725006, 0, 6718, 12196, 12022, 4545, 18.03%, 0, 12, 2, 1749.68
1712725196, 0, 6735, 12196, 12021, 4546, 18.03%, 0, 12, 2, 1.26
1712725206, 0, 6777, 12196, 12020, 4545, 18.03%, 0, 12, 2, 1892.70
1712725212, 0, 6777, 12197, 12021, 4545, 18.03%, 0, 12, 2, 1907.06
1712725217, 0, 6786, 12197, 12020, 4544, 18.03%, 0, 12, 2, 1747.70
1712725417, 0, 6805, 12197, 12019, 4543, 18.03%, 0, 12, 2, 1855.46
1712725622, 0, 6847, 12197, 12018, 4542, 18.03%, 0, 12, 2, 1963.72
1712725827, 0, 6891, 12197, 12017, 4541, 18.03%, 0, 12, 2, 0.18
1712725837, 0, 6918, 12197, 12016, 4540, 18.03%, 0, 12, 2, 1929.94
1712725848, 0, 6952, 12197, 12015, 4539, 18.03%, 0, 12, 2, 1790.03
1712726879, 0, 6953, 12197, 12014, 4538, 18.03%, 0, 12, 2, 1884.53
1712726894, 0, 6981, 12197, 12013, 4537, 18.03%, 0, 12, 2, 1998.20
1712726915, 0, 6982, 12197, 12012, 4536, 18.03%, 0, 12, 2, 2045.52
1712726930, 0, 6982, 12340, 12154, 4535, 18.07%, 0, 12, 2, 1612.25
1712726935, 0, 6991, 12456, 12270, 4551, 18.08%, 0, 12, 2, 1669.73
1712726940, 0, 6999, 12456, 12269, 4550, 18.08%, 0, 12, 2, 1924.86
1712726960, 0, 7084, 12456, 12268, 4549, 18.08%, 0, 12, 2, 1935.38
1712726985, 0, 7117, 12456, 12267, 4548, 18.08%, 0, 12, 2, 1918.63
1712727001, 0, 7149, 12456, 12266, 4547, 18.08%, 0, 12, 2, 1993.28
1712727026, 0, 7211, 12456, 12265, 4546, 18.08%, 0, 12, 2, 1941.97
1712727056, 0, 7236, 12456, 12264, 4545, 18.08%, 0, 12, 2, 1857.76
1712727066, 0, 7261, 12457, 12264, 4544, 18.08%, 0, 12, 2, 1917.70
1712727071, 0, 7261, 12458, 12265, 4544, 18.08%, 0, 12, 2, 1899.96
1712727082, 0, 7326, 12458, 12264, 4544, 18.08%, 0, 12, 2, 1978.58
1712727092, 0, 7526, 12458, 12263, 4543, 18.08%, 0, 12, 2, 1847.84
1712727107, 0, 7535, 12458, 12262, 4542, 18.08%, 0, 12, 2, 1871.90
1712727117, 0, 7535, 12459, 12263, 4542, 18.08%, 0, 12, 2, 1883.53
1712727132, 0, 7590, 12459, 12262, 4542, 18.08%, 0, 12, 2, 1866.75
1712727147, 0, 7610, 12459, 12261, 4541, 18.08%, 0, 12, 2, 1916.64
1712727173, 0, 7615, 12459, 12260, 4540, 18.08%, 0, 12, 2, 1905.94
1712727183, 0, 7756, 12459, 12259, 4539, 18.08%, 0, 12, 2, 1852.36
1712727203, 0, 7762, 12459, 12258, 4538, 18.08%, 0, 12, 2, 1876.99
1712727218, 0, 7805, 12459, 12257, 4537, 18.08%, 0, 12, 2, 1870.89
1712727228, 0, 7815, 12459, 12256, 4536, 18.08%, 0, 12, 2, 1883.66
1712727274, 0, 7830, 12459, 12255, 4535, 18.08%, 0, 12, 2, 1943.36
1712727289, 0, 7830, 12460, 12256, 4535, 18.08%, 0, 12, 2, 1870.74
1712727294, 0, 7843, 12460, 12255, 4533, 18.08%, 0, 12, 2, 1879.47
1712727304, 0, 7914, 12460, 12254, 4532, 18.08%, 0, 12, 2, 1859.83
1712727320, 0, 7937, 12460, 12253, 4531, 18.08%, 0, 12, 2, 1919.05
1712727340, 0, 7966, 12460, 12252, 4530, 18.08%, 0, 12, 2, 1818.98
1712727345, 0, 7995, 12460, 12251, 4529, 18.08%, 0, 12, 2, 1886.51
1712727366, 0, 8002, 12461, 12251, 4528, 18.08%, 0, 12, 2, 1985.58
1712727381, 0, 8040, 12461, 12250, 4529, 18.08%, 0, 12, 2, 1840.15
1712727391, 0, 8065, 12461, 12249, 4528, 18.08%, 0, 12, 2, 1820.24
1712727421, 0, 8072, 12461, 12248, 4527, 18.08%, 0, 12, 2, 1856.08
1712727441, 0, 8088, 12461, 12247, 4526, 18.08%, 0, 12, 2, 1914.57
1712727457, 0, 8119, 12461, 12246, 4525, 18.08%, 0, 12, 2, 1922.23
1712727472, 0, 8137, 12461, 12245, 4523, 18.08%, 0, 12, 2, 1921.68
1712727482, 0, 8217, 12461, 12244, 4522, 18.08%, 0, 12, 2, 1900.14
1712727502, 0, 8285, 12463, 12245, 4521, 18.09%, 0, 12, 2, 1864.26
1712727517, 0, 8325, 12463, 12244, 4521, 18.09%, 0, 12, 2, 1878.66
1712727542, 0, 8362, 12464, 12244, 4520, 18.09%, 0, 12, 2, 1866.67
1712727578, 0, 8364, 12464, 12243, 4519, 18.09%, 0, 12, 2, 2000.12
1712727588, 0, 8387, 12464, 12242, 4518, 18.09%, 0, 12, 2, 2026.34
1712727603, 0, 8397, 12465, 12242, 4517, 18.09%, 0, 12, 2, 1911.21
1712727619, 0, 8398, 12465, 12241, 4516, 18.09%, 0, 12, 2, 2056.45
1712727634, 0, 8399, 12465, 12240, 4515, 18.09%, 0, 12, 2, 1935.02
1712727669, 0, 8399, 12467, 12242, 4515, 18.09%, 0, 12, 2, 1833.13
1712727675, 0, 8404, 12467, 12241, 4513, 18.09%, 0, 12, 2, 1807.58
1712727700, 0, 8434, 12467, 12240, 4512, 18.09%, 0, 12, 2, 1850.87
1712727725, 0, 8474, 12467, 12239, 4511, 18.09%, 0, 12, 2, 1917.66
1712727730, 0, 8474, 12468, 12240, 4511, 18.09%, 0, 12, 2, 1984.76
1712727735, 0, 8536, 12468, 12239, 4511, 18.09%, 0, 12, 2, 1920.33
1712727761, 0, 8593, 12469, 12239, 4510, 18.09%, 0, 12, 2, 1770.80
1712727766, 0, 8593, 12470, 12240, 4510, 18.11%, 0, 12, 2, 1881.64
1712727771, 0, 8633, 12470, 12239, 4511, 18.11%, 0, 12, 2, 1886.73
1712727791, 0, 8635, 12470, 12238, 4510, 18.11%, 0, 12, 2, 1843.77
1712727806, 0, 8670, 12470, 12237, 4509, 18.11%, 0, 12, 2, 1931.37
1712727821, 0, 8690, 12472, 12238, 4508, 18.12%, 0, 12, 2, 2044.45
1712728151, 0, 8695, 12472, 12237, 4509, 18.12%, 0, 12, 2, 1835.02
1712728162, 0, 8788, 12570, 12334, 4557, 18.32%, 0, 12, 2, 1498.69
1712732227, 0, 8788, 12571, 12335, 4557, 18.32%, 0, 12, 2, 0.01
1712732363, 0, 8805, 12571, 12334, 4557, 18.32%, 0, 12, 2, 1843.41
1712732564, 0, 8861, 12571, 12333, 4556, 18.32%, 0, 12, 2, 2282.24
1712732579, 0, 8875, 12571, 12332, 4555, 18.32%, 0, 12, 2, 1818.54
1712732774, 0, 8902, 12571, 12331, 4554, 18.32%, 0, 12, 2, 1966.04
1712732779, 0, 8902, 12572, 12332, 4554, 18.32%, 0, 12, 2, 1937.58
1712732784, 0, 8902, 12618, 12377, 4553, 18.45%, 0, 12, 2, 1644.42
1712732789, 0, 8902, 12985, 12744, 4553, 18.65%, 0, 12, 2, 387.60
1712732794, 0, 8924, 13212, 12971, 4681, 18.71%, 0, 12, 2, 919.54
1712732989, 0, 8958, 13212, 12970, 4680, 18.71%, 0, 12, 2, 2012.93
1712732999, 0, 8977, 13214, 12971, 4679, 18.71%, 0, 12, 2, 1906.06
1712733195, 0, 8977, 13215, 12972, 4679, 18.71%, 0, 12, 2, 1982.81
1712733200, 0, 9010, 13215, 12971, 4679, 18.71%, 0, 12, 2, 1970.67
1712733215, 0, 9063, 13215, 12970, 4678, 18.71%, 0, 12, 2, 1701.20
1712733415, 0, 9067, 13215, 12969, 4677, 18.71%, 0, 12, 2, 1978.28
1712733425, 0, 9070, 13215, 12968, 4676, 18.71%, 0, 12, 2, 1759.72
1712733615, 0, 9077, 13215, 12967, 4675, 18.71%, 0, 12, 2, 1936.00
1712733621, 0, 9420, 13215, 12966, 4674, 18.71%, 0, 12, 2, 1925.09
1712733821, 0, 9436, 13215, 12965, 4673, 18.71%, 0, 12, 2, 1.83
1712734057, 0, 9586, 13215, 12964, 4672, 18.71%, 0, 12, 2, 1677.63
1712735685, 0, 9586, 13216, 12965, 4672, 18.71%, 0, 12, 2, 0.14
1712735700, 0, 9670, 13216, 12964, 4671, 18.71%, 0, 12, 2, 1974.33
1712735710, 0, 9789, 13216, 12963, 4670, 18.71%, 0, 12, 2, 1997.50
1712735720, 0, 9836, 13216, 12962, 4669, 18.71%, 0, 12, 2, 1988.49
1712735741, 0, 9893, 13216, 12961, 4668, 18.71%, 0, 12, 2, 1855.79
1712735791, 0, 9893, 13265, 13009, 4667, 18.72%, 0, 12, 2, 205.91
1712735796, 0, 9893, 13408, 13152, 4667, 18.74%, 0, 12, 2, 276.25
1712735801, 0, 9893, 13572, 13316, 4667, 18.77%, 0, 12, 2, 354.87
1712735806, 0, 10004, 13613, 13357, 4697, 18.78%, 0, 12, 2, 1698.70
1712735817, 0, 10008, 13613, 13356, 4696, 18.78%, 0, 12, 2, 1985.91
1712735827, 0, 10008, 13614, 13357, 4696, 18.78%, 0, 12, 3, 1793.23
1712735832, 0, 10052, 13614, 13356, 4695, 18.78%, 0, 12, 3, 1910.21
1712735842, 0, 10077, 13614, 13355, 4694, 18.78%, 0, 12, 3, 1918.23
1712735863, 0, 10143, 13615, 13355, 4693, 18.78%, 0, 12, 3, 1962.01
1712735878, 0, 10190, 13615, 13354, 4693, 18.78%, 0, 12, 3, 2027.47
1712735888, 0, 10207, 13615, 13353, 4692, 18.78%, 0, 12, 3, 1963.58
1712735954, 0, 10220, 13616, 13353, 4691, 18.78%, 0, 12, 3, 1905.37
1712736121, 0, 10295, 13616, 13352, 4691, 18.78%, 0, 12, 3, 1880.86
1712736126, 0, 10324, 13616, 13351, 4690, 18.78%, 0, 12, 3, 1990.53
1712736777, 0, 10417, 13665, 13399, 4689, 18.79%, 0, 12, 3, 1681.00
1712736987, 0, 10421, 13665, 13398, 4688, 18.79%, 0, 12, 3, 1873.45
1712737193, 0, 10425, 13665, 13397, 4687, 18.79%, 0, 12, 3, 1832.23
1712737203, 0, 10451, 13666, 13397, 4686, 18.79%, 0, 12, 3, 1789.04
1712737398, 0, 10451, 13667, 13398, 4686, 18.79%, 0, 12, 3, 0.94
1712737403, 0, 10466, 13667, 13397, 4685, 18.79%, 0, 12, 3, 1823.69
1712737423, 0, 10472, 13667, 13396, 4684, 18.79%, 0, 12, 3, 1755.58
1712737614, 0, 10496, 13667, 13395, 4683, 18.79%, 0, 12, 3, 1941.69
1712737619, 0, 10496, 13668, 13396, 4683, 18.79%, 0, 12, 3, 1902.73
1712737629, 0, 10509, 13668, 13395, 4682, 18.79%, 0, 12, 3, 1837.74
1712737834, 0, 10572, 13668, 13394, 4681, 18.79%, 0, 12, 3, 1817.62
1712737844, 0, 10616, 13668, 13393, 4680, 18.79%, 0, 12, 3, 1707.16
1712738034, 0, 10630, 13668, 13392, 4679, 18.79%, 0, 12, 3, 1988.04
1712738050, 0, 10637, 13668, 13391, 4678, 18.79%, 0, 12, 3, 1837.63
1712738240, 0, 10709, 13668, 13390, 4677, 18.79%, 0, 12, 3, 0.59
1712738250, 0, 10783, 13668, 13389, 4676, 18.79%, 0, 12, 3, 1843.63
1712738460, 0, 10873, 13668, 13388, 4675, 18.79%, 0, 12, 3, 1828.63
1712738470, 0, 10878, 13668, 13387, 4674, 18.79%, 0, 12, 3, 1775.28
1712740769, 0, 10899, 13669, 13387, 4673, 18.79%, 0, 12, 3, 2056.62
1712740985, 0, 10959, 13669, 13386, 4673, 18.79%, 0, 12, 3, 1719.44
1712741190, 0, 10973, 13669, 13385, 4672, 18.79%, 0, 12, 3, 1782.45
1712741201, 0, 11002, 13669, 13384, 4671, 18.79%, 0, 12, 3, 1695.45
1712741211, 0, 11002, 13776, 13490, 4670, 18.80%, 0, 12, 3, 1391.11
1712741396, 0, 11041, 13834, 13548, 4680, 18.81%, 0, 12, 3, 0.31
1712741416, 0, 11041, 13837, 13551, 4680, 18.81%, 0, 12, 3, 1790.17
1712741611, 0, 11083, 13837, 13550, 4681, 18.81%, 0, 12, 3, 2010.89
1712741621, 0, 11144, 13838, 13550, 4680, 18.81%, 0, 12, 3, 1772.57
1712741821, 0, 11164, 13838, 13549, 4680, 18.81%, 0, 12, 3, 1939.57
1712741837, 0, 11258, 13838, 13548, 4679, 18.81%, 0, 12, 3, 1913.25
1712742032, 0, 11260, 13838, 13547, 4678, 18.81%, 0, 12, 3, 1981.33
1712742042, 0, 11342, 13838, 13546, 4677, 18.81%, 0, 12, 3, 1920.53
1712742047, 0, 11343, 13838, 13545, 4676, 18.81%, 0, 12, 3, 1846.23
1712742237, 0, 11372, 13838, 13544, 4675, 18.81%, 0, 12, 3, 1.77
1712742247, 0, 11372, 13840, 13546, 4675, 18.81%, 0, 12, 3, 1830.79
1712742252, 0, 11482, 13840, 13545, 4676, 18.81%, 0, 12, 3, 1829.83
1712742452, 0, 11536, 13840, 13544, 4675, 18.81%, 0, 12, 3, 1845.77
1712742467, 0, 11557, 13840, 13543, 4674, 18.81%, 0, 12, 3, 1741.82
1712751073, 0, 11557, 13840, 13543, 4674, 18.81%, 0, 13, 3, 0.84
1712753807, 0, 11557, 13840, 13543, 4674, 18.81%, 0, 14, 3, 0.60
1712758451, 0, 11559, 13840, 13542, 4673, 18.81%, 0, 14, 3, 1463.47
1712758661, 0, 11585, 13840, 13541, 4672, 18.81%, 0, 14, 3, 1661.87
1712758671, 0, 11624, 13840, 13540, 4671, 18.81%, 0, 14, 3, 1600.56
1712758866, 0, 11624, 13859, 13558, 4670, 18.84%, 0, 14, 3, 236.25
1712758871, 0, 11624, 14192, 13891, 4670, 18.95%, 0, 14, 3, 608.22
1712758876, 0, 11624, 14448, 14147, 4670, 18.99%, 0, 15, 3, 653.41
1712758881, 0, 11627, 14463, 14162, 4731, 18.99%, 0, 15, 3, 1411.81
1712759077, 0, 11738, 14463, 14161, 4730, 18.99%, 0, 15, 3, 1846.02
1712759277, 0, 11853, 14463, 14160, 4729, 18.99%, 0, 15, 3, 1.42
1712759282, 0, 11875, 14463, 14159, 4728, 18.99%, 0, 15, 3, 1917.39
1712759292, 0, 11893, 14464, 14159, 4727, 18.99%, 0, 15, 3, 1818.33
1712759302, 0, 11958, 14464, 14158, 4727, 18.99%, 0, 15, 3, 1761.04
1712759493, 0, 11962, 14464, 14157, 4726, 18.99%, 0, 15, 3, 1737.50
1712759503, 0, 11962, 14465, 14158, 4726, 18.99%, 0, 15, 3, 1830.08
1712759508, 0, 12013, 14465, 14157, 4726, 18.99%, 0, 15, 3, 1757.86
1712760980, 0, 12062, 14465, 14156, 4725, 18.99%, 0, 15, 3, 0.11
1712760995, 0, 12067, 14465, 14155, 4724, 18.99%, 0, 15, 3, 1819.56
1712761006, 0, 12077, 14751, 14440, 4768, 19.15%, 0, 16, 3, 1105.09
1712761036, 0, 12088, 14751, 14439, 4767, 19.15%, 0, 16, 3, 1801.08
1712761041, 0, 12129, 14751, 14438, 4766, 19.15%, 0, 16, 3, 1736.47
1712761046, 0, 12129, 14752, 14439, 4766, 19.15%, 0, 16, 3, 1776.74
1712761056, 0, 12180, 14752, 14438, 4765, 19.15%, 0, 16, 3, 1780.82
1712761071, 0, 12195, 14752, 14437, 4764, 19.15%, 0, 16, 3, 1899.19
1712761081, 0, 12198, 14752, 14436, 4763, 19.15%, 0, 16, 3, 1856.12
1712761087, 0, 12198, 14753, 14437, 4763, 19.16%, 0, 16, 3, 1947.43
1712761092, 0, 12198, 14756, 14440, 4763, 19.17%, 0, 16, 3, 1934.83
1712761097, 0, 12198, 14760, 14444, 4763, 19.17%, 0, 16, 3, 1936.50
1712761102, 0, 12223, 14760, 14443, 4767, 19.17%, 0, 16, 3, 1971.78
1712761107, 0, 12349, 14761, 14443, 4766, 19.17%, 0, 16, 3, 1908.39
1712761122, 0, 12395, 14761, 14442, 4765, 19.17%, 0, 16, 3, 1849.57
1712761143, 0, 12459, 14761, 14441, 4764, 19.17%, 0, 16, 3, 1869.19
1712761158, 0, 12462, 14761, 14440, 4763, 19.17%, 0, 16, 3, 1674.48
1712761173, 0, 12511, 14761, 14439, 4762, 19.17%, 0, 16, 3, 1732.57
1712761188, 0, 12572, 14761, 14438, 4761, 19.17%, 0, 16, 3, 1792.49
1712761194, 0, 12572, 14762, 14439, 4761, 19.17%, 0, 16, 3, 1845.82
1712761199, 0, 12586, 14763, 14439, 4760, 19.17%, 0, 16, 3, 1869.36
1712761204, 0, 12614, 14763, 14438, 4760, 19.17%, 0, 16, 3, 1835.92
1712761219, 0, 12650, 14763, 14437, 4759, 19.17%, 0, 16, 3, 1888.30
1712761234, 0, 12656, 14763, 14436, 4758, 19.17%, 0, 16, 3, 1864.56
1712761255, 0, 12693, 14764, 14436, 4757, 19.17%, 0, 16, 3, 1715.92
1712761270, 0, 12707, 14764, 14435, 4756, 19.17%, 0, 16, 3, 1841.71
1712761285, 0, 12802, 14764, 14434, 4755, 19.17%, 0, 16, 3, 1814.68
1712761305, 0, 12885, 14764, 14433, 4754, 19.17%, 0, 16, 3, 1907.96
1712761320, 0, 12888, 14764, 14432, 4753, 19.17%, 0, 16, 3, 1834.03
1712761325, 0, 12888, 14765, 14433, 4753, 19.18%, 0, 16, 3, 1744.11
1712761336, 0, 12971, 14765, 14432, 4752, 19.18%, 0, 16, 3, 1735.25
1712761356, 0, 12977, 14765, 14431, 4751, 19.18%, 0, 16, 3, 1923.68
1712761366, 0, 13067, 14765, 14430, 4750, 19.18%, 0, 16, 3, 1869.92
1712761381, 0, 13085, 14765, 14429, 4749, 19.18%, 0, 16, 3, 1947.87
1712761396, 0, 13139, 14765, 14428, 4748, 19.18%, 0, 16, 3, 1768.36
1712761417, 0, 13139, 14766, 14429, 4748, 19.18%, 0, 16, 3, 1781.83
1712761422, 0, 13147, 14766, 14428, 4749, 19.18%, 0, 16, 3, 1803.24
1712761442, 0, 13172, 14766, 14427, 4748, 19.18%, 0, 16, 3, 1498.44
1712761463, 0, 13402, 14766, 14426, 4747, 19.18%, 0, 16, 3, 1617.49
1712761483, 0, 13500, 14766, 14425, 4746, 19.18%, 0, 16, 3, 1659.77
1712761498, 0, 13500, 14767, 14426, 4746, 19.18%, 0, 16, 3, 1290.43
1712761503, 0, 13517, 14767, 14425, 4746, 19.18%, 0, 16, 3, 1332.42
1712761514, 0, 13556, 14767, 14424, 4745, 19.18%, 0, 16, 3, 1427.77
1712761534, 0, 13570, 14768, 14424, 4745, 19.18%, 0, 16, 3, 1457.64
1712761554, 0, 13607, 14768, 14423, 4744, 19.18%, 0, 16, 3, 1324.63
1712761565, 0, 13657, 14768, 14422, 4743, 19.18%, 0, 16, 3, 1270.50
1712761590, 0, 13668, 14768, 14421, 4742, 19.18%, 0, 16, 3, 1336.39
1712761625, 0, 13729, 14768, 14420, 4741, 19.18%, 0, 16, 3, 1718.77
1712761661, 0, 13729, 14769, 14421, 4741, 19.18%, 0, 16, 3, 1746.05
1712761666, 0, 13740, 14770, 14421, 4741, 19.18%, 0, 16, 3, 1676.74
1712761681, 0, 13751, 14770, 14420, 4741, 19.18%, 0, 16, 3, 1631.29
1712766850, 0, 13751, 14770, 14420, 4741, 19.18%, 0, 17, 3, 0.55
1712767717, 0, 13751, 14896, 14545, 4740, 19.35%, 0, 17, 3, 975.18
1712767902, 0, 13826, 15065, 14714, 4806, 19.42%, 0, 17, 3, 0.16
1712767907, 0, 13837, 15065, 14713, 4804, 19.42%, 0, 17, 3, 1821.99
1712770217, 0, 13976, 15065, 14712, 4803, 19.42%, 0, 17, 3, 0.14
1712770432, 0, 14168, 15065, 14711, 4802, 19.42%, 0, 17, 3, 1751.70
1712770443, 0, 14188, 15065, 14710, 4801, 19.42%, 0, 17, 3, 1636.19
1712770643, 0, 14304, 15152, 14796, 4807, 19.45%, 0, 17, 3, 1437.41
1712770848, 0, 14339, 15152, 14795, 4806, 19.45%, 0, 17, 3, 0.18
1712770858, 0, 14423, 15152, 14794, 4805, 19.45%, 0, 17, 3, 1581.84
1712770873, 0, 14436, 15152, 14793, 4804, 19.45%, 0, 17, 3, 1555.03
1712771069, 0, 14463, 15152, 14792, 4803, 19.45%, 0, 17, 3, 1621.69
1712771079, 0, 14517, 15152, 14791, 4802, 19.45%, 0, 17, 3, 1576.98
1712771279, 0, 14561, 15152, 14790, 4801, 19.45%, 0, 17, 3, 1600.89
1712771484, 0, 14571, 15155, 14792, 4800, 19.45%, 0, 17, 3, 1718.34
1712771505, 0, 14584, 15155, 14791, 4800, 19.45%, 0, 17, 3, 1436.95
1712771700, 0, 14604, 15155, 14790, 4799, 19.45%, 0, 17, 3, 1471.15
1712771900, 0, 14630, 15155, 14789, 4798, 19.45%, 0, 17, 3, 1.12
1712772110, 0, 14644, 15155, 14788, 4797, 19.45%, 0, 17, 3, 1.61
1712772131, 0, 14706, 15155, 14787, 4796, 19.45%, 0, 17, 3, 1539.35
