# unix_time, cycles_done, cur_path, paths_total, pending_total, pending_favs, map_size, unique_crashes, unique_hangs, max_depth, execs_per_sec
1712481081, 0, 0, 5, 5, 5, 1.24%, 0, 0, 1, 1538.46
1712481265, 0, 0, 44, 44, 5, 1.47%, 0, 0, 2, 1.22
1712481270, 0, 0, 62, 62, 5, 1.57%, 0, 0, 2, 1153.28
1712481275, 0, 0, 84, 84, 5, 1.70%, 0, 0, 2, 1152.57
1712481281, 0, 0, 95, 95, 5, 1.75%, 0, 0, 2, 1107.52
1712485492, 0, 0, 98, 98, 5, 1.76%, 0, 0, 2, 1135.37
1712485497, 0, 0, 106, 106, 5, 1.77%, 0, 0, 2, 1048.52
1712485687, 0, 0, 111, 111, 5, 1.78%, 0, 0, 2, 1.34
1712485702, 0, 0, 121, 121, 5, 1.79%, 0, 0, 2, 1138.61
1712485707, 0, 0, 127, 127, 5, 1.79%, 0, 0, 2, 1127.79
1712485712, 0, 0, 133, 133, 5, 1.80%, 0, 0, 2, 1105.97
1712485897, 0, 0, 139, 139, 5, 1.80%, 0, 1, 2, 0.64
1712485903, 0, 0, 141, 141, 5, 1.80%, 0, 1, 2, 1194.48
1712485908, 0, 0, 421, 420, 4, 4.19%, 0, 1, 2, 712.19
1712485913, 0, 0, 776, 775, 4, 5.14%, 0, 1, 2, 680.79
1712485918, 0, 0, 1207, 1206, 4, 5.74%, 0, 1, 2, 777.19
1712485923, 0, 0, 1658, 1657, 4, 6.20%, 0, 1, 2, 862.85
1712489505, 0, 0, 2095, 2094, 4, 6.55%, 0, 1, 2, 0.03
1712489685, 0, 0, 2115, 2114, 4, 6.56%, 0, 1, 2, 0.48
1712489690, 0, 0, 2357, 2356, 4, 6.79%, 0, 1, 2, 458.60
1712489695, 0, 0, 2526, 2525, 4, 7.04%, 0, 1, 2, 364.52
1712489700, 0, 0, 2787, 2786, 4, 7.87%, 0, 1, 2, 521.78
1712489705, 0, 0, 3154, 3153, 4, 8.49%, 0, 1, 2, 708.01
1712489711, 0, 0, 3568, 3567, 4, 9.04%, 0, 1, 2, 824.05
1712489896, 0, 0, 3965, 3964, 4, 9.50%, 0, 1, 2, 0.88
1712489901, 0, 0, 4199, 4198, 4, 9.70%, 0, 1, 2, 464.29
1712489906, 0, 0, 4437, 4436, 4, 9.90%, 0, 1, 2, 475.36
1712489911, 0, 3, 4468, 4467, 1923, 9.93%, 0, 1, 2, 728.34
1712490327, 0, 3, 4469, 4468, 1923, 9.93%, 0, 1, 2, 914.10
1712494536, 0, 3, 4470, 4469, 1923, 9.93%, 0, 1, 2, 851.84
1712494736, 0, 11, 4470, 4464, 1920, 9.93%, 0, 1, 2, 1.50
1712494756, 0, 15, 4470, 4462, 1918, 9.93%, 0, 1, 2, 934.67
1712494762, 0, 46, 4470, 4459, 1916, 9.93%, 0, 1, 2, 963.82
1712494967, 0, 49, 4470, 4458, 1915, 9.93%, 0, 1, 2, 976.28
1712495167, 0, 53, 4470, 4457, 1914, 9.93%, 0, 1, 2, 941.13
1712495372, 0, 53, 4552, 4538, 1913, 10.01%, 0, 1, 2, 805.20
1712495377, 0, 54, 4552, 4538, 1945, 10.01%, 0, 1, 2, 723.31
1712495583, 0, 80, 4552, 4525, 1932, 10.01%, 0, 1, 2, 972.09
1712495588, 0, 130, 4552, 4515, 1922, 10.01%, 0, 1, 2, 959.45
1712495793, 0, 142, 4552, 4514, 1921, 10.01%, 0, 1, 2, 1007.01
1712495803, 0, 142, 4553, 4515, 1921, 10.01%, 0, 1, 2, 919.92
1712498118, 0, 146, 4553, 4514, 1919, 10.01%, 0, 1, 2, 1124.76
1712498324, 0, 147, 4554, 4514, 1918, 10.01%, 0, 1, 2, 1115.48
1712498524, 0, 147, 4921, 4880, 1917, 10.55%, 0, 1, 2, 0.88
1712498529, 0, 149, 4940, 4899, 2072, 10.57%, 0, 1, 2, 892.00
1712498534, 0, 149, 4941, 4900, 2072, 10.57%, 0, 1, 2, 867.31
1712498744, 0, 152, 4943, 4900, 2070, 10.57%, 0, 1, 2, 1154.25
1712498960, 0, 152, 4944, 4901, 2070, 10.57%, 0, 1, 2, 1068.92
1712498965, 0, 153, 4944, 4900, 2069, 10.57%, 0, 1, 2, 1293.87
1712502316, 0, 153, 4945, 4901, 2069, 10.57%, 0, 1, 2, 1161.11
1712502321, 0, 157, 4945, 4900, 2069, 10.57%, 0, 1, 2, 1070.73
1712502331, 0, 157, 4946, 4901, 2069, 10.57%, 0, 1, 2, 1285.30
1712502747, 0, 159, 4946, 4900, 2069, 10.57%, 0, 1, 2, 1125.84
1712502757, 0, 159, 4947, 4901, 2069, 10.57%, 0, 1, 2, 1481.53
1712502952, 0, 159, 4951, 4905, 2069, 10.58%, 0, 1, 2, 1134.64
1712503172, 0, 159, 4952, 4906, 2069, 10.58%, 0, 1, 2, 1380.35
1712503177, 0, 159, 5026, 4979, 2068, 11.10%, 0, 1, 2, 1343.82
1712503363, 0, 159, 5466, 5419, 2068, 12.25%, 0, 2, 2, 0.84
1712503368, 0, 159, 5924, 5877, 2068, 12.84%, 0, 2, 2, 834.85
1712503373, 0, 159, 6344, 6297, 2068, 13.22%, 0, 2, 2, 749.39
1712503378, 0, 160, 6451, 6404, 2778, 13.31%, 0, 3, 2, 756.66
1712503593, 0, 161, 6451, 6403, 2777, 13.31%, 0, 3, 2, 1026.16
1712503809, 0, 162, 6451, 6402, 2776, 13.31%, 0, 3, 2, 1049.39
1712506529, 0, 164, 6451, 6401, 2775, 13.31%, 0, 3, 2, 1298.29
1712506545, 0, 165, 6451, 6400, 2774, 13.31%, 0, 3, 2, 1304.20
1712506960, 0, 165, 6690, 6638, 2773, 13.80%, 0, 3, 2, 1143.19
1712506965, 0, 165, 7205, 7153, 2773, 14.25%, 0, 3, 2, 953.99
1712507150, 0, 165, 7676, 7624, 2773, 14.61%, 0, 3, 2, 0.80
1712507155, 0, 166, 7693, 7641, 3264, 14.62%, 0, 3, 2, 1061.04
1712507171, 0, 174, 7693, 7640, 3263, 14.62%, 0, 3, 2, 1300.52
1712507371, 0, 174, 7694, 7641, 3263, 14.62%, 0, 3, 2, 1279.38
1712507576, 0, 180, 7697, 7643, 3263, 14.62%, 0, 3, 2, 1355.13
1712507586, 0, 180, 7698, 7644, 3263, 14.62%, 0, 3, 2, 1266.54
1712508202, 0, 180, 7699, 7645, 3263, 14.62%, 0, 3, 2, 2.02
1712508207, 0, 181, 7700, 7645, 3264, 14.62%, 0, 3, 2, 1294.02
1712508217, 0, 181, 7701, 7646, 3264, 14.63%, 0, 3, 2, 1340.91
1712508222, 0, 184, 7701, 7645, 3265, 14.63%, 0, 3, 2, 1307.82
1712508422, 0, 187, 7701, 7644, 3264, 14.63%, 0, 3, 2, 1345.32
1712510483, 0, 189, 7701, 7643, 3263, 14.63%, 0, 3, 2, 1259.93
1712510498, 0, 192, 7703, 7644, 3262, 14.63%, 0, 3, 2, 1263.06
1712510513, 0, 193, 7703, 7643, 3263, 14.63%, 0, 3, 2, 1229.94
1712510752, 0, 197, 7703, 7642, 3262, 14.63%, 0, 3, 2, 1325.94
1712511162, 0, 197, 7804, 7742, 3261, 14.78%, 0, 3, 2, 1227.91
1712511167, 0, 197, 8261, 8199, 3261, 15.12%, 0, 3, 2, 946.64
1712511173, 0, 200, 8417, 8355, 3432, 15.19%, 0, 3, 2, 952.41
1712511568, 0, 202, 8417, 8354, 3431, 15.19%, 0, 3, 2, 1.02
1712511573, 0, 202, 8418, 8355, 3431, 15.19%, 0, 3, 2, 1220.79
1712511778, 0, 210, 8418, 8354, 3430, 15.19%, 0, 3, 2, 1.30
1712511988, 0, 211, 8418, 8353, 3429, 15.19%, 0, 3, 2, 0.30
1712512214, 0, 211, 8420, 8355, 3429, 15.20%, 0, 3, 2, 1289.70
1712512219, 0, 212, 8420, 8354, 3430, 15.20%, 0, 3, 2, 1369.97
1712512409, 0, 212, 8420, 8354, 3430, 15.20%, 0, 4, 2, 1.15
1712512414, 0, 215, 8420, 8353, 3429, 15.20%, 0, 4, 2, 1445.73
1712512424, 0, 215, 8422, 8355, 3429, 15.20%, 0, 4, 2, 1237.23
1712512619, 0, 215, 8423, 8356, 3429, 15.20%, 0, 4, 2, 0.61
1712512630, 0, 218, 8423, 8355, 3429, 15.20%, 0, 4, 2, 1210.62
1712514742, 0, 228, 8423, 8354, 3428, 15.20%, 0, 4, 2, 1397.94
1712514747, 0, 228, 8424, 8355, 3428, 15.20%, 0, 4, 2, 1365.62
1712514959, 0, 228, 8425, 8356, 3428, 15.20%, 0, 4, 2, 1644.68
1712515149, 0, 229, 8425, 8355, 3428, 15.20%, 0, 4, 2, 1635.04
1712515165, 0, 229, 8426, 8356, 3428, 15.20%, 0, 4, 2, 1556.48
1712515170, 0, 231, 8427, 8356, 3427, 15.20%, 0, 4, 2, 1641.37
1712515355, 0, 231, 8429, 8358, 3427, 15.21%, 0, 4, 2, 1.64
1712515360, 0, 231, 8684, 8612, 3426, 15.50%, 0, 4, 2, 1555.99
1712515365, 0, 239, 9017, 8945, 3528, 15.62%, 0, 4, 2, 1310.41
1712515775, 0, 251, 9018, 8945, 3527, 15.62%, 0, 4, 2, 1.70
1712515801, 0, 251, 9019, 8946, 3527, 15.62%, 0, 4, 2, 1507.83
1712516406, 0, 251, 9020, 8947, 3527, 15.62%, 0, 4, 2, 1.37
1712516426, 0, 252, 9020, 8946, 3527, 15.62%, 0, 4, 2, 1472.77
1712516622, 0, 254, 9020, 8945, 3526, 15.62%, 0, 4, 2, 1678.52
1712516827, 0, 255, 9020, 8944, 3525, 15.62%, 0, 4, 2, 1.66
1712516847, 0, 257, 9021, 8944, 3524, 15.62%, 0, 4, 2, 1377.37
1712516852, 0, 257, 9023, 8946, 3524, 15.63%, 0, 4, 2, 1660.67
1712518760, 0, 265, 9024, 8946, 3526, 15.63%, 0, 4, 2, 1508.16
1712518765, 0, 265, 9025, 8947, 3526, 15.63%, 0, 4, 2, 1482.33
1712518780, 0, 265, 9026, 8948, 3526, 15.63%, 0, 4, 2, 1534.81
1712518790, 0, 265, 9027, 8949, 3526, 15.63%, 0, 4, 2, 1480.80
1712518795, 0, 265, 9028, 8950, 3526, 15.63%, 0, 4, 2, 1521.85
1712518831, 0, 265, 9029, 8951, 3526, 15.63%, 0, 4, 2, 1597.17
1712518871, 0, 268, 9029, 8950, 3528, 15.63%, 0, 4, 2, 1430.97
1712518877, 0, 268, 9030, 8951, 3528, 15.63%, 0, 4, 2, 829.13
1712519140, 0, 268, 9030, 8951, 3528, 15.63%, 0, 5, 2, 0.66
1712521033, 0, 268, 9030, 8951, 3528, 15.63%, 0, 6, 2, 0.43
1712521049, 0, 268, 9032, 8953, 3528, 15.63%, 0, 6, 2, 619.70
1712527763, 0, 268, 9034, 8955, 3528, 15.63%, 0, 6, 2, 0.29
1712535991, 0, 268, 9039, 8960, 3528, 15.63%, 0, 6, 2, 845.41
1712536612, 0, 268, 9043, 8964, 3528, 15.63%, 0, 6, 2, 806.40
1712537027, 0, 268, 9044, 8965, 3528, 15.63%, 0, 6, 2, 874.96
1712540397, 0, 268, 9045, 8966, 3528, 15.63%, 0, 6, 2, 624.73
1712540407, 0, 271, 9045, 8965, 3532, 15.63%, 0, 6, 2, 1660.39
1712544383, 0, 277, 9047, 8966, 3532, 15.64%, 0, 6, 2, 1935.37
1712544388, 0, 277, 9048, 8967, 3532, 15.64%, 0, 6, 2, 1933.58
1712544398, 0, 277, 9602, 9520, 3531, 15.95%, 0, 7, 2, 1415.00
1712544403, 0, 277, 10137, 10055, 3531, 16.17%, 0, 7, 2, 1479.99
1712544588, 0, 277, 10778, 10696, 3531, 16.34%, 0, 7, 2, 0.70
1712544593, 0, 279, 10974, 10892, 3750, 16.42%, 0, 7, 2, 1747.49
1712544604, 0, 283, 10974, 10891, 3749, 16.42%, 0, 7, 2, 1843.41
1712544804, 0, 283, 10975, 10892, 3749, 16.42%, 0, 7, 2, 1880.30
1712544809, 0, 285, 10975, 10891, 3749, 16.42%, 0, 7, 2, 1960.58
1712545019, 0, 285, 10977, 10893, 3749, 16.42%, 0, 7, 2, 1730.89
1712545224, 0, 285, 10978, 10894, 3749, 16.42%, 0, 7, 2, 1770.60
1712545239, 0, 285, 10980, 10896, 3749, 16.42%, 0, 7, 2, 1684.18
1712545435, 0, 286, 10980, 10895, 3751, 16.42%, 0, 7, 2, 1788.26
1712545450, 0, 287, 10980, 10894, 3750, 16.42%, 0, 7, 2, 1927.78
1712545655, 0, 287, 10981, 10895, 3750, 16.42%, 0, 7, 2, 1848.24
1712545660, 0, 287, 10982, 10896, 3750, 16.42%, 0, 7, 2, 1698.52
1712545855, 0, 289, 10982, 10895, 3750, 16.42%, 0, 7, 2, 1980.37
1712545875, 0, 298, 10982, 10894, 3749, 16.42%, 0, 7, 2, 1890.22
1712546080, 0, 302, 10982, 10893, 3748, 16.42%, 0, 7, 2, 1561.95
1712548288, 0, 302, 10983, 10894, 3748, 16.42%, 0, 7, 2, 1179.81
1712549005, 0, 302, 10987, 10898, 3748, 16.43%, 0, 7, 2, 0.99
1712550267, 0, 302, 10988, 10899, 3748, 16.43%, 0, 7, 2, 0.27
1712552800, 0, 302, 10989, 10900, 3748, 16.43%, 0, 7, 2, 1358.01
1712565410, 0, 302, 10989, 10900, 3748, 16.43%, 0, 8, 2, 0.01
