# unix_time, cycles_done, cur_path, paths_total, pending_total, pending_favs, map_size, unique_crashes, unique_hangs, max_depth, execs_per_sec
1712481069, 0, 0, 5, 5, 5, 1.24%, 0, 0, 1, 625.00
1712481145, 0, 0, 110, 110, 5, 1.63%, 0, 1, 2, 1.55
1712481150, 0, 0, 191, 191, 5, 1.75%, 0, 1, 2, 1120.01
1712481155, 0, 0, 205, 205, 5, 1.75%, 0, 1, 2, 1200.45
1712481160, 0, 0, 212, 212, 5, 1.75%, 0, 1, 2, 934.61
1712481165, 0, 0, 220, 220, 5, 1.76%, 0, 1, 2, 930.39
1712485295, 0, 0, 224, 224, 5, 1.76%, 0, 1, 2, 0.04
1712485372, 0, 0, 227, 227, 5, 1.76%, 0, 1, 2, 970.87
1712485382, 0, 0, 230, 230, 5, 1.76%, 0, 1, 2, 973.08
1712485577, 0, 0, 245, 245, 5, 1.82%, 0, 1, 2, 963.50
1712485582, 0, 0, 248, 248, 5, 1.82%, 0, 1, 2, 997.99
1712485592, 0, 0, 249, 249, 5, 1.82%, 0, 1, 2, 949.52
1712485782, 0, 0, 250, 250, 5, 1.82%, 0, 1, 2, 1233.84
1712485788, 0, 0, 252, 252, 5, 1.82%, 0, 1, 2, 1253.89
1712489570, 0, 0, 253, 253, 5, 1.82%, 0, 1, 2, 1137.07
1712489580, 0, 0, 254, 254, 5, 1.82%, 0, 1, 2, 1043.68
1712489791, 0, 0, 255, 255, 5, 1.82%, 0, 1, 2, 1227.61
1712489986, 0, 0, 256, 256, 5, 1.82%, 0, 1, 2, 0.63
1712489996, 0, 0, 257, 257, 5, 1.82%, 0, 1, 2, 1251.20
1712490006, 0, 0, 259, 259, 5, 1.82%, 0, 1, 2, 1146.72
1712490011, 0, 0, 264, 264, 5, 1.82%, 0, 1, 2, 1071.45
1712490196, 0, 0, 318, 318, 5, 2.04%, 0, 1, 2, 0.99
1712490201, 0, 0, 324, 324, 5, 2.05%, 0, 2, 2, 1.16
1712490207, 0, 0, 327, 327, 5, 2.05%, 0, 2, 2, 52.10
1712490212, 0, 0, 329, 329, 5, 2.06%, 0, 2, 2, 3.16
1712490223, 0, 0, 333, 333, 5, 2.06%, 0, 2, 2, 1.16
1712490412, 0, 0, 335, 335, 5, 2.07%, 0, 2, 2, 1331.52
1712490417, 0, 0, 337, 337, 5, 2.07%, 0, 2, 2, 1290.22
1712490422, 0, 0, 338, 338, 5, 2.07%, 0, 2, 2, 1165.81
1712490436, 0, 0, 338, 338, 5, 2.07%, 0, 4, 2, 13.27
1712490828, 0, 0, 342, 342, 5, 2.08%, 0, 4, 2, 1.20
1712490849, 0, 0, 342, 342, 5, 2.08%, 0, 5, 2, 17.48
1712491064, 0, 0, 343, 343, 5, 2.08%, 0, 5, 2, 1222.80
1712491459, 0, 0, 343, 343, 5, 2.08%, 0, 6, 2, 0.33
1712493336, 0, 0, 361, 361, 5, 2.12%, 0, 6, 2, 1216.31
1712493341, 0, 0, 379, 379, 5, 2.19%, 0, 6, 2, 1287.47
1712493346, 0, 0, 380, 380, 5, 2.19%, 0, 6, 2, 1221.21
1712493351, 0, 0, 385, 385, 5, 2.19%, 0, 6, 2, 1205.74
1712493387, 0, 0, 386, 386, 5, 2.19%, 0, 6, 2, 1287.52
1712493392, 0, 0, 390, 390, 5, 2.20%, 0, 6, 2, 1279.61
1712493524, 0, 0, 391, 391, 5, 2.20%, 0, 6, 2, 1098.43
1712493534, 0, 0, 401, 401, 5, 2.22%, 0, 6, 2, 1122.71
1712493555, 0, 0, 405, 405, 5, 2.22%, 0, 6, 2, 1297.47
1712493580, 0, 0, 408, 408, 5, 2.23%, 0, 6, 2, 1378.31
1712493600, 0, 0, 448, 448, 5, 2.42%, 0, 6, 2, 1341.55
1712493605, 0, 0, 462, 462, 5, 2.45%, 0, 6, 2, 1363.64
1712493610, 0, 0, 473, 473, 5, 2.48%, 0, 6, 2, 1333.91
1712493615, 0, 0, 479, 479, 5, 2.50%, 0, 6, 2, 1268.19
1712493620, 0, 0, 483, 483, 5, 2.52%, 0, 6, 2, 1208.18
1712493625, 0, 0, 484, 484, 5, 2.52%, 0, 6, 2, 1076.13
1712493636, 0, 0, 486, 486, 5, 2.52%, 0, 6, 2, 1092.00
1712493656, 0, 0, 487, 487, 5, 2.52%, 0, 6, 2, 1090.57
1712493789, 0, 0, 488, 488, 5, 2.52%, 0, 6, 2, 1376.73
1712494000, 0, 0, 489, 489, 5, 2.52%, 0, 6, 2, 1523.84
1712494195, 0, 0, 489, 489, 5, 2.52%, 0, 7, 2, 1.71
1712494426, 0, 0, 490, 490, 5, 2.52%, 0, 7, 2, 1260.65
1712494852, 0, 0, 492, 492, 5, 2.52%, 0, 7, 2, 1157.48
1712495272, 0, 0, 493, 493, 5, 2.53%, 0, 7, 2, 1371.56
1712495693, 0, 0, 503, 503, 5, 2.54%, 0, 7, 2, 1386.90
1712497983, 0, 0, 505, 505, 5, 2.54%, 0, 7, 2, 0.03
1712498419, 0, 0, 506, 506, 5, 2.54%, 0, 7, 2, 1535.74
1712498619, 0, 0, 507, 507, 5, 2.54%, 0, 7, 2, 1568.23
1712498824, 0, 0, 508, 508, 5, 2.54%, 0, 7, 2, 0.47
1712503262, 0, 0, 509, 509, 5, 2.54%, 0, 7, 2, 1481.59
1712506625, 0, 0, 510, 510, 5, 2.54%, 0, 7, 2, 1578.08
1712507040, 0, 0, 511, 511, 5, 2.54%, 0, 7, 2, 1650.35
1712507456, 0, 0, 512, 512, 5, 2.54%, 0, 7, 2, 1732.17
1712507871, 0, 0, 514, 514, 5, 2.55%, 0, 7, 2, 0.67
1712508292, 0, 0, 515, 515, 5, 2.55%, 0, 7, 2, 1.24
1712510611, 0, 0, 522, 522, 5, 2.59%, 0, 7, 2, 1683.67
1712510616, 0, 0, 547, 547, 5, 2.62%, 0, 7, 2, 1680.42
1712510626, 0, 0, 549, 549, 5, 2.62%, 0, 7, 2, 1669.06
1712511678, 0, 0, 552, 552, 5, 2.62%, 0, 7, 2, 1658.63
1712512099, 0, 0, 553, 553, 5, 2.62%, 0, 7, 2, 1664.47
1712512309, 0, 0, 562, 562, 5, 2.63%, 0, 7, 2, 1634.46
1712512314, 0, 0, 564, 564, 5, 2.63%, 0, 7, 2, 1560.72
1712512520, 0, 0, 565, 565, 5, 2.63%, 0, 7, 2, 1638.11
1712514612, 0, 0, 567, 567, 5, 2.63%, 0, 7, 2, 1365.06
1712514658, 0, 0, 568, 568, 5, 2.63%, 0, 7, 2, 1457.81
1712515445, 0, 0, 568, 568, 5, 2.63%, 0, 8, 2, 0.53
1712516517, 0, 0, 574, 574, 5, 2.64%, 0, 8, 2, 1752.34
1712516522, 0, 0, 579, 579, 5, 2.65%, 0, 8, 2, 1677.12
1712516707, 0, 0, 580, 580, 5, 2.65%, 0, 8, 2, 0.86
1712516712, 0, 0, 581, 581, 5, 2.65%, 0, 8, 2, 1726.99
1712531649, 0, 0, 593, 593, 5, 2.68%, 0, 8, 2, 1812.09
1712531655, 0, 0, 596, 596, 5, 2.68%, 0, 8, 2, 1855.88
1712531660, 0, 0, 602, 602, 5, 2.69%, 0, 8, 2, 1777.98
1712531855, 0, 0, 603, 603, 5, 2.69%, 0, 8, 2, 1749.80
1712531860, 0, 0, 604, 604, 5, 2.69%, 0, 8, 2, 1773.58
1712531865, 0, 0, 605, 605, 5, 2.69%, 0, 8, 2, 1767.79
1712531870, 0, 0, 606, 606, 5, 2.69%, 0, 8, 2, 1761.96
1712532060, 0, 0, 607, 607, 5, 2.69%, 0, 8, 2, 1.39
1712532065, 0, 0, 608, 608, 5, 2.70%, 0, 8, 2, 1778.83
1712532070, 0, 0, 609, 609, 5, 2.70%, 0, 8, 2, 1731.03
1712532295, 0, 0, 610, 610, 5, 2.70%, 0, 8, 2, 1729.36
1712532701, 0, 0, 611, 611, 5, 2.70%, 0, 8, 2, 1750.26
1712533332, 0, 0, 612, 612, 5, 2.70%, 0, 8, 2, 1696.95
1712537132, 0, 0, 613, 613, 5, 2.70%, 0, 8, 2, 1697.47
1712537538, 0, 0, 614, 614, 5, 2.70%, 0, 8, 2, 1711.79
1712545114, 0, 0, 615, 615, 5, 2.70%, 0, 8, 2, 1723.11
1712545314, 0, 0, 616, 616, 5, 2.70%, 0, 8, 2, 1673.43
1712545319, 0, 0, 622, 622, 5, 2.72%, 0, 8, 2, 1738.58
1712545324, 0, 0, 691, 691, 5, 2.76%, 0, 8, 2, 1778.12
1712545329, 0, 0, 739, 739, 5, 2.79%, 0, 8, 2, 1850.23
1712545334, 0, 0, 771, 771, 5, 2.80%, 0, 8, 2, 1875.38
1712545519, 0, 0, 787, 787, 5, 2.82%, 0, 8, 2, 1.23
1712545524, 0, 0, 804, 804, 5, 2.88%, 0, 8, 2, 1907.14
1712545530, 0, 0, 813, 813, 5, 2.89%, 0, 8, 2, 1875.92
1712545535, 0, 0, 1666, 1665, 4, 8.76%, 0, 8, 2, 1752.68
1712545540, 0, 0, 2386, 2385, 4, 10.30%, 0, 9, 2, 1633.50
1712545545, 0, 0, 3293, 3292, 4, 11.61%, 0, 9, 2, 1715.23
1712545730, 0, 0, 4118, 4117, 4, 12.47%, 0, 9, 2, 1.37
1712545735, 0, 0, 4969, 4968, 4, 13.20%, 0, 9, 2, 1660.97
1712545740, 0, 0, 5710, 5709, 4, 13.86%, 0, 10, 2, 210.39
1712545745, 0, 0, 6528, 6527, 4, 14.43%, 0, 10, 2, 1665.39
1712545751, 0, 0, 7259, 7258, 4, 14.90%, 0, 11, 2, 144.68
1712545756, 0, 0, 7903, 7902, 4, 15.38%, 0, 12, 2, 1392.71
1712545940, 0, 0, 8450, 8449, 4, 15.73%, 0, 12, 2, 0.64
1712545945, 0, 0, 9150, 9149, 4, 16.22%, 0, 12, 2, 1538.71
1712545950, 0, 0, 9821, 9820, 4, 16.63%, 0, 12, 2, 1496.35
1712545955, 0, 7, 10300, 10298, 4086, 16.90%, 0, 12, 2, 1758.60
1712545960, 0, 14, 10300, 10296, 4084, 16.90%, 0, 12, 2, 2743.68
1712545965, 0, 117, 10300, 10294, 4081, 16.90%, 0, 12, 2, 2465.65
1712552670, 0, 117, 10300, 10294, 4081, 16.90%, 0, 13, 2, 0.01
