# relative_time, cycles_done, cur_item, corpus_count, pending_total, pending_favs, map_size, saved_crashes, saved_hangs, max_depth, execs_per_sec, total_execs, edges_found
156, 0, 0, 46, 46, 5, 3.01%, 0, 0, 2, 0.21, 523, 897
161, 0, 0, 70, 70, 5, 3.06%, 0, 0, 2, 45.07, 943, 913
166, 0, 0, 86, 86, 5, 3.16%, 0, 0, 2, 73.07, 1349, 943
172, 0, 0, 99, 99, 5, 3.18%, 0, 0, 2, 77.61, 1754, 949
177, 0, 0, 110, 110, 5, 3.20%, 0, 0, 2, 71.23, 2123, 956
182, 0, 0, 112, 112, 5, 3.21%, 0, 0, 2, 59.52, 2396, 958
4218, 0, 0, 119, 119, 5, 3.22%, 0, 0, 2, 0.00, 2695, 960
4369, 0, 0, 119, 119, 5, 3.22%, 0, 0, 2, 0.02, 2703, 960
4374, 0, 0, 123, 123, 5, 3.22%, 0, 0, 2, 65.58, 3049, 960
4379, 0, 0, 124, 124, 5, 3.22%, 0, 0, 2, 62.33, 3363, 960
4384, 0, 0, 125, 125, 5, 3.22%, 0, 0, 2, 57.25, 3647, 960
4389, 0, 0, 130, 130, 5, 3.22%, 0, 0, 2, 55.85, 3953, 961
4395, 0, 0, 135, 135, 5, 3.22%, 0, 0, 2, 55.35, 4248, 961
4579, 0, 0, 135, 135, 5, 3.22%, 0, 0, 2, 0.03, 4462, 961
4584, 0, 0, 141, 141, 5, 3.26%, 0, 0, 2, 61.22, 4815, 973
4589, 0, 0, 144, 144, 5, 3.29%, 0, 0, 2, 67.42, 5148, 980
4595, 0, 0, 148, 148, 5, 3.29%, 0, 0, 2, 61.95, 5452, 981
4600, 0, 0, 149, 149, 5, 3.29%, 0, 0, 2, 53.93, 5728, 981
4605, 0, 0, 150, 150, 5, 3.29%, 0, 0, 2, 53.86, 5996, 981
4790, 0, 0, 150, 150, 5, 3.29%, 0, 0, 2, 0.05, 6201, 981
4795, 0, 0, 150, 150, 5, 3.29%, 0, 0, 2, 51.16, 6467, 981
4800, 0, 0, 153, 153, 5, 3.29%, 0, 0, 2, 57.75, 6759, 982
4805, 0, 0, 156, 156, 5, 3.30%, 0, 0, 2, 63.90, 7087, 985
4810, 0, 0, 156, 156, 5, 3.30%, 0, 0, 2, 62.05, 7396, 985
4815, 0, 0, 156, 156, 5, 3.30%, 0, 0, 2, 54.47, 7673, 985
5000, 0, 0, 157, 157, 5, 3.30%, 0, 0, 2, 0.01, 7936, 985
5005, 0, 0, 157, 157, 5, 3.30%, 0, 0, 2, 52.55, 8233, 985
5010, 0, 0, 159, 159, 5, 3.31%, 0, 0, 2, 65.93, 8558, 986
5015, 0, 0, 160, 160, 5, 3.31%, 0, 0, 2, 66.41, 8903, 986
5021, 0, 0, 160, 160, 5, 3.31%, 0, 0, 2, 66.29, 9255, 986
5026, 0, 0, 160, 160, 5, 3.31%, 0, 0, 2, 61.94, 9555, 986
5211, 0, 0, 160, 160, 5, 3.31%, 0, 0, 2, 0.01, 9812, 986
5216, 0, 0, 160, 160, 5, 3.31%, 0, 0, 2, 60.40, 10124, 986
5221, 0, 0, 162, 162, 5, 3.35%, 0, 0, 2, 61.07, 10439, 998
5226, 0, 0, 162, 162, 5, 3.35%, 0, 0, 2, 60.40, 10728, 998
5231, 0, 0, 163, 163, 5, 3.37%, 0, 0, 2, 59.88, 11038, 1004
5236, 0, 0, 164, 164, 5, 3.37%, 0, 0, 2, 59.82, 11330, 1005
5421, 0, 0, 166, 166, 5, 3.38%, 0, 0, 2, 0.04, 11607, 1009
5426, 0, 0, 170, 170, 5, 3.45%, 0, 0, 2, 83.70, 11998, 1029
5431, 0, 0, 173, 173, 5, 3.47%, 0, 0, 2, 73.39, 12364, 1034
5436, 0, 0, 173, 173, 5, 3.47%, 0, 0, 2, 68.23, 12712, 1034
5441, 0, 0, 176, 176, 5, 3.49%, 0, 0, 2, 68.77, 13061, 1040
5446, 0, 0, 176, 176, 5, 3.49%, 0, 0, 2, 55.44, 13320, 1040
5632, 0, 0, 177, 177, 5, 3.49%, 0, 0, 2, 0.03, 13547, 1040
5637, 0, 0, 178, 178, 5, 3.49%, 0, 0, 2, 74.25, 13930, 1040
5642, 0, 0, 179, 179, 5, 3.49%, 0, 0, 2, 63.19, 14236, 1040
5647, 0, 0, 180, 180, 5, 3.49%, 0, 0, 2, 63.97, 14549, 1040
5652, 0, 0, 182, 182, 5, 3.49%, 0, 0, 2, 64.08, 14872, 1040
5657, 0, 0, 184, 184, 5, 3.49%, 0, 0, 2, 57.61, 15148, 1041
8428, 0, 0, 184, 184, 5, 3.49%, 0, 0, 2, 0.00, 15355, 1041
8578, 0, 0, 184, 184, 5, 3.49%, 0, 0, 2, 0.08, 15367, 1041
8583, 0, 0, 187, 187, 5, 3.49%, 0, 0, 2, 77.06, 15743, 1041
8589, 0, 0, 187, 187, 5, 3.49%, 0, 0, 2, 63.07, 16071, 1041
8594, 0, 0, 187, 187, 5, 3.49%, 0, 0, 2, 65.79, 16404, 1041
8599, 0, 0, 187, 187, 5, 3.49%, 0, 0, 2, 67.53, 16749, 1041
8604, 0, 0, 187, 187, 5, 3.49%, 0, 0, 2, 63.57, 17063, 1041
8789, 0, 0, 187, 187, 5, 3.49%, 0, 0, 2, 0.05, 17331, 1041
8794, 0, 0, 190, 190, 5, 3.50%, 0, 0, 2, 59.54, 17661, 1045
8799, 0, 0, 190, 190, 5, 3.50%, 0, 0, 2, 60.62, 17988, 1045
8804, 0, 0, 191, 191, 5, 3.50%, 0, 0, 2, 58.56, 18284, 1045
8810, 0, 0, 193, 193, 5, 3.50%, 0, 0, 2, 63.09, 18618, 1045
8815, 0, 0, 193, 193, 5, 3.50%, 0, 0, 2, 63.17, 18935, 1045
9000, 0, 0, 193, 193, 5, 3.50%, 0, 0, 2, 0.04, 19215, 1045
9005, 0, 0, 194, 194, 5, 3.50%, 0, 0, 2, 61.14, 19560, 1045
9010, 0, 0, 194, 194, 5, 3.50%, 0, 0, 2, 67.55, 19911, 1045
9015, 0, 0, 194, 194, 5, 3.50%, 0, 0, 2, 66.54, 20223, 1045
9020, 0, 0, 194, 194, 5, 3.50%, 0, 0, 2, 71.07, 20592, 1045
9025, 0, 0, 194, 194, 5, 3.50%, 0, 0, 2, 69.47, 20944, 1045
9214, 0, 0, 194, 194, 5, 3.50%, 0, 0, 2, 0.06, 21259, 1045
9220, 0, 0, 194, 194, 5, 3.50%, 0, 0, 2, 60.18, 21594, 1045
9225, 0, 0, 194, 194, 5, 3.50%, 0, 0, 2, 64.80, 21930, 1045
9230, 0, 0, 198, 198, 5, 3.51%, 0, 0, 2, 70.75, 22297, 1047
9235, 0, 0, 198, 198, 5, 3.51%, 0, 0, 2, 75.47, 22679, 1047
9240, 0, 0, 198, 198, 5, 3.51%, 0, 0, 2, 71.45, 23050, 1047
9425, 0, 0, 198, 198, 5, 3.51%, 0, 0, 2, 0.02, 23307, 1047
9430, 0, 0, 199, 199, 5, 3.51%, 0, 0, 2, 69.87, 23693, 1047
9435, 0, 0, 200, 200, 5, 3.51%, 0, 0, 2, 67.63, 24024, 1048
9440, 0, 0, 201, 201, 5, 3.51%, 0, 0, 2, 75.49, 24408, 1048
9445, 0, 0, 201, 201, 5, 3.51%, 0, 0, 2, 70.19, 24761, 1048
9450, 0, 0, 202, 202, 5, 3.51%, 0, 0, 2, 62.18, 25065, 1048
9636, 0, 0, 203, 203, 5, 3.51%, 0, 0, 2, 0.01, 25359, 1048
9641, 0, 0, 203, 203, 5, 3.51%, 0, 0, 2, 56.66, 25671, 1048
9646, 0, 0, 203, 203, 5, 3.51%, 0, 0, 2, 65.03, 26023, 1048
9651, 0, 0, 203, 203, 5, 3.51%, 0, 0, 2, 64.89, 26347, 1048
9656, 0, 0, 203, 203, 5, 3.51%, 0, 0, 2, 63.65, 26686, 1048
9661, 0, 0, 203, 203, 5, 3.51%, 0, 0, 2, 55.51, 26956, 1048
9846, 0, 1, 369, 368, 4, 4.21%, 0, 0, 2, 0.08, 28567, 1257
9851, 0, 1, 704, 703, 4, 5.62%, 0, 0, 2, 595.51, 31731, 1677
9856, 0, 1, 1034, 1033, 4, 6.85%, 0, 0, 2, 582.20, 34857, 2042
9861, 0, 1, 1446, 1445, 4, 8.48%, 0, 0, 2, 676.10, 38345, 2529
9866, 0, 1, 1994, 1993, 4, 10.08%, 0, 0, 2, 839.31, 42888, 3008
9872, 0, 1, 2599, 2598, 4, 11.79%, 0, 0, 2, 983.03, 47984, 3516
10056, 0, 1, 2984, 2983, 4, 12.74%, 0, 0, 2, 0.47, 51188, 3801
10062, 0, 1, 3593, 3592, 4, 14.37%, 0, 0, 2, 1014.39, 56342, 4285
10067, 0, 1, 3981, 3980, 4, 15.69%, 0, 0, 2, 738.48, 59678, 4681
10072, 0, 1, 4456, 4455, 4, 16.92%, 0, 0, 2, 778.27, 63751, 5046
10077, 0, 1, 4832, 4831, 4, 17.81%, 0, 0, 2, 669.65, 67016, 5312
10082, 0, 1, 5291, 5290, 4, 18.94%, 0, 0, 2, 758.35, 70971, 5650
10267, 0, 1, 5601, 5600, 4, 20.29%, 0, 0, 2, 0.27, 73605, 6052
10272, 0, 1, 5870, 5869, 4, 21.13%, 0, 1, 2, 755.21, 76013, 6303
10277, 0, 1, 6354, 6353, 4, 22.71%, 0, 1, 2, 721.27, 79915, 6774
10282, 0, 27, 6472, 6471, 2383, 23.16%, 0, 1, 2, 64.76, 81070, 6907
10287, 0, 27, 6472, 6471, 2383, 23.16%, 0, 1, 2, 59.39, 81362, 6907
10293, 0, 72, 6472, 6469, 2382, 23.16%, 0, 1, 2, 54.05, 81624, 6907
10477, 0, 87, 6472, 6468, 2381, 23.16%, 0, 1, 2, 0.03, 81871, 6907
10483, 0, 87, 6472, 6468, 2381, 23.16%, 0, 1, 2, 62.67, 82195, 6907
10488, 0, 91, 6472, 6467, 2380, 23.16%, 0, 1, 2, 61.31, 82489, 6907
10493, 0, 91, 6472, 6467, 2380, 23.16%, 0, 1, 2, 61.28, 82801, 6907
10498, 0, 100, 6472, 6465, 2378, 23.16%, 0, 1, 2, 63.54, 83133, 6907
10503, 0, 117, 6472, 6464, 2377, 23.16%, 0, 1, 2, 59.16, 83423, 6907
12793, 0, 117, 6472, 6464, 2377, 23.16%, 0, 1, 2, 0.00, 83673, 6907
12798, 0, 146, 6472, 6463, 2376, 23.16%, 0, 1, 2, 76.91, 84038, 6907
12804, 0, 146, 6472, 6463, 2376, 23.16%, 0, 1, 2, 60.09, 84331, 6907
12811, 0, 147, 6560, 6550, 2376, 23.35%, 0, 3, 2, 20.19, 85169, 6964
12818, 0, 147, 6637, 6627, 2376, 23.51%, 0, 5, 2, 2.97, 85858, 7014
12823, 0, 157, 6696, 6686, 2447, 23.64%, 0, 5, 2, 54.30, 86901, 7052
13004, 0, 157, 6696, 6686, 2447, 23.64%, 0, 5, 2, 0.03, 86927, 7052
13009, 0, 157, 6696, 6686, 2447, 23.64%, 0, 5, 2, 65.56, 87269, 7052
13014, 0, 158, 6696, 6685, 2446, 23.64%, 0, 5, 2, 63.44, 87579, 7052
13019, 0, 158, 6696, 6685, 2446, 23.64%, 0, 5, 2, 58.17, 87869, 7052
13024, 0, 170, 6696, 6684, 2445, 23.64%, 0, 5, 2, 57.12, 88158, 7052
13029, 0, 170, 6696, 6684, 2445, 23.64%, 0, 5, 2, 57.04, 88439, 7052
13214, 0, 187, 6696, 6683, 2444, 23.64%, 0, 5, 2, 0.07, 88715, 7052
13220, 0, 187, 6696, 6683, 2444, 23.64%, 0, 5, 2, 61.70, 89045, 7052
13225, 0, 210, 6697, 6682, 2442, 23.64%, 0, 5, 2, 83.02, 89447, 7052
13230, 0, 210, 6697, 6682, 2442, 23.64%, 0, 5, 2, 98.70, 89956, 7052
13235, 0, 210, 6698, 6683, 2442, 23.64%, 0, 5, 2, 103.61, 90491, 7052
13240, 0, 210, 6698, 6683, 2442, 23.64%, 0, 5, 2, 104.26, 91065, 7052
13425, 0, 210, 6699, 6684, 2442, 23.64%, 0, 5, 2, 0.03, 91504, 7052
13430, 0, 210, 6699, 6684, 2442, 23.64%, 0, 5, 2, 70.78, 92083, 7052
13435, 0, 210, 6699, 6684, 2442, 23.64%, 0, 5, 2, 102.80, 92660, 7052
13440, 0, 210, 6699, 6684, 2442, 23.64%, 0, 5, 2, 118.98, 93248, 7052
13445, 0, 210, 6699, 6684, 2442, 23.64%, 0, 5, 2, 110.50, 93818, 7052
13450, 0, 220, 6699, 6683, 2441, 23.64%, 0, 5, 2, 118.91, 94434, 7052
13635, 0, 233, 6699, 6682, 2440, 23.64%, 0, 5, 2, 0.18, 94886, 7052
13640, 0, 233, 6701, 6684, 2440, 23.64%, 0, 5, 2, 140.78, 95512, 7052
13645, 0, 233, 6701, 6684, 2440, 23.64%, 0, 5, 2, 109.73, 96042, 7052
13650, 0, 233, 6701, 6684, 2440, 23.64%, 0, 5, 2, 79.19, 96399, 7052
13655, 0, 233, 6701, 6684, 2440, 23.64%, 0, 5, 2, 73.95, 96761, 7052
13660, 0, 242, 6701, 6683, 2440, 23.64%, 0, 5, 2, 73.45, 97146, 7052
13846, 0, 242, 6701, 6683, 2440, 23.64%, 0, 5, 2, 0.05, 97465, 7052
13851, 0, 245, 6702, 6683, 2439, 23.64%, 0, 5, 2, 93.48, 97952, 7052
13856, 0, 245, 6702, 6683, 2439, 23.64%, 0, 5, 2, 122.96, 98619, 7052
13861, 0, 245, 6703, 6684, 2439, 23.64%, 0, 5, 2, 130.79, 99272, 7052
13866, 0, 245, 6703, 6684, 2439, 23.64%, 0, 5, 2, 131.35, 99928, 7052
13871, 0, 264, 6703, 6683, 2439, 23.64%, 0, 5, 2, 147.17, 100672, 7052
14056, 0, 265, 6705, 6684, 2438, 23.64%, 0, 5, 2, 0.10, 101210, 7052
14061, 0, 265, 6705, 6684, 2438, 23.64%, 0, 5, 2, 139.74, 102004, 7052
14066, 0, 265, 6705, 6684, 2438, 23.64%, 0, 5, 2, 136.19, 102680, 7052
14071, 0, 268, 6705, 6683, 2438, 23.64%, 0, 5, 2, 125.90, 103284, 7052
14077, 0, 276, 6705, 6681, 2436, 23.64%, 0, 5, 2, 133.97, 103936, 7052
14082, 0, 285, 6705, 6680, 2435, 23.64%, 0, 5, 2, 136.18, 104582, 7052
14267, 0, 285, 6706, 6681, 2435, 23.64%, 0, 5, 2, 0.11, 105037, 7052
14272, 0, 286, 6706, 6680, 2434, 23.64%, 0, 5, 2, 135.30, 105715, 7052
14277, 0, 330, 6707, 6680, 2433, 23.64%, 0, 5, 2, 123.57, 106382, 7053
14282, 0, 330, 6709, 6682, 2433, 23.64%, 0, 5, 2, 92.00, 106813, 7053
14287, 0, 330, 6712, 6685, 2433, 23.64%, 0, 5, 2, 76.28, 107189, 7053
14292, 0, 330, 6713, 6686, 2433, 23.64%, 0, 5, 2, 79.02, 107593, 7053
16852, 0, 330, 6714, 6687, 2433, 23.64%, 0, 5, 2, 0.00, 107974, 7053
17003, 0, 330, 6714, 6687, 2433, 23.64%, 0, 5, 2, 0.10, 107989, 7053
17008, 0, 330, 6716, 6689, 2433, 23.64%, 0, 5, 2, 85.49, 108452, 7053
17014, 0, 330, 6717, 6690, 2433, 23.64%, 0, 5, 2, 84.27, 108897, 7053
17019, 0, 330, 6717, 6690, 2433, 23.64%, 0, 5, 2, 90.79, 109371, 7053
17024, 0, 330, 6718, 6691, 2433, 23.65%, 0, 5, 2, 85.14, 109785, 7055
17029, 0, 330, 6718, 6691, 2433, 23.65%, 0, 5, 2, 89.36, 110247, 7055
17214, 0, 330, 6718, 6691, 2433, 23.65%, 0, 5, 2, 0.02, 110582, 7055
17219, 0, 330, 6719, 6692, 2433, 23.65%, 0, 5, 2, 79.25, 111008, 7055
17224, 0, 330, 6719, 6692, 2433, 23.65%, 0, 5, 2, 75.98, 111385, 7055
17229, 0, 330, 6719, 6692, 2433, 23.65%, 0, 5, 2, 88.24, 111851, 7055
17234, 0, 330, 6720, 6693, 2433, 23.65%, 0, 5, 2, 86.82, 112301, 7055
17239, 0, 330, 6720, 6693, 2433, 23.65%, 0, 5, 2, 93.38, 112803, 7055
17424, 0, 330, 6720, 6693, 2433, 23.65%, 0, 5, 2, 0.01, 113223, 7055
17429, 0, 330, 6720, 6693, 2433, 23.65%, 0, 5, 2, 85.28, 113691, 7055
17434, 0, 330, 6720, 6693, 2433, 23.65%, 0, 5, 2, 91.03, 114157, 7055
17439, 0, 330, 6720, 6693, 2433, 23.65%, 0, 5, 2, 80.61, 114555, 7055
17444, 0, 330, 6721, 6694, 2433, 23.65%, 0, 5, 2, 80.81, 114969, 7055
17450, 0, 330, 6721, 6694, 2433, 23.65%, 0, 5, 2, 93.48, 115459, 7055
17634, 0, 330, 6722, 6695, 2433, 23.65%, 0, 5, 2, 0.08, 115901, 7056
17639, 0, 330, 6722, 6695, 2433, 23.65%, 0, 5, 2, 95.94, 116350, 7056
17645, 0, 330, 6722, 6695, 2433, 23.65%, 0, 5, 2, 87.18, 116794, 7056
17650, 0, 330, 6722, 6695, 2433, 23.65%, 0, 5, 2, 91.83, 117259, 7056
17655, 0, 330, 6722, 6695, 2433, 23.65%, 0, 5, 2, 88.13, 117695, 7056
17660, 0, 330, 6722, 6695, 2433, 23.65%, 0, 5, 2, 93.62, 118189, 7056
17845, 0, 330, 6722, 6695, 2433, 23.65%, 0, 5, 2, 0.08, 118590, 7056
17850, 0, 330, 6722, 6695, 2433, 23.65%, 0, 5, 2, 82.88, 119052, 7056
17855, 0, 330, 6722, 6695, 2433, 23.65%, 0, 5, 2, 88.52, 119531, 7056
17860, 0, 330, 6722, 6695, 2433, 23.65%, 0, 5, 2, 91.55, 120000, 7056
17865, 0, 330, 6723, 6696, 2433, 23.65%, 0, 5, 2, 86.19, 120410, 7056
17870, 0, 343, 6723, 6695, 2436, 23.65%, 0, 5, 2, 91.04, 120868, 7056
18055, 0, 343, 6723, 6695, 2436, 23.65%, 0, 5, 2, 0.11, 121257, 7056
18060, 0, 343, 6724, 6696, 2436, 23.66%, 0, 5, 2, 101.35, 121781, 7057
18065, 0, 343, 6724, 6696, 2436, 23.66%, 0, 5, 2, 95.76, 122260, 7057
18070, 0, 344, 6925, 6896, 2435, 25.06%, 0, 5, 2, 1043.74, 124276, 7474
18075, 0, 344, 7652, 7623, 2435, 26.31%, 0, 5, 2, 1185.91, 130486, 7849
18080, 0, 344, 8180, 8151, 2435, 26.87%, 0, 6, 2, 1448.55, 134935, 8015
18266, 0, 363, 8341, 8312, 2813, 27.05%, 0, 6, 2, 0.07, 136654, 8069
18271, 0, 381, 8341, 8310, 2811, 27.05%, 0, 6, 2, 80.54, 137068, 8069
18276, 0, 381, 8342, 8311, 2811, 27.05%, 0, 6, 2, 80.67, 137455, 8069
18281, 0, 381, 8342, 8311, 2811, 27.05%, 0, 6, 2, 72.90, 137806, 8069
18286, 0, 381, 8342, 8311, 2811, 27.05%, 0, 6, 2, 81.77, 138233, 8069
18291, 0, 382, 8342, 8310, 2811, 27.05%, 0, 6, 2, 78.99, 138652, 8069
18476, 0, 407, 8342, 8308, 2810, 27.05%, 0, 6, 2, 0.30, 139262, 8069
18481, 0, 429, 8343, 8307, 2808, 27.05%, 0, 6, 2, 200.20, 140303, 8069
18486, 0, 429, 8344, 8308, 2808, 27.05%, 0, 6, 2, 118.71, 140834, 8069
18491, 0, 429, 8346, 8310, 2808, 27.05%, 0, 6, 2, 95.55, 141298, 8069
18496, 0, 429, 8347, 8311, 2808, 27.05%, 0, 6, 2, 92.24, 141779, 8069
18501, 0, 429, 8349, 8313, 2808, 27.05%, 0, 6, 2, 87.22, 142251, 8069
18686, 0, 429, 8349, 8313, 2808, 27.05%, 0, 6, 2, 0.09, 142625, 8069
18691, 0, 429, 8349, 8313, 2808, 27.05%, 0, 6, 2, 86.03, 143103, 8069
18696, 0, 429, 8350, 8314, 2808, 27.05%, 0, 6, 2, 115.54, 143718, 8069
18701, 0, 429, 8350, 8314, 2808, 27.05%, 0, 6, 2, 102.36, 144224, 8069
18706, 0, 429, 8351, 8315, 2808, 27.05%, 0, 6, 2, 102.77, 144731, 8069
18712, 0, 429, 8352, 8316, 2808, 27.05%, 0, 6, 2, 88.51, 145189, 8069
18897, 0, 429, 8352, 8316, 2808, 27.05%, 0, 6, 2, 0.03, 145648, 8069
18902, 0, 429, 8353, 8317, 2808, 27.05%, 0, 6, 2, 114.55, 146241, 8069
18907, 0, 429, 8353, 8317, 2808, 27.05%, 0, 6, 2, 112.19, 146813, 8069
18912, 0, 429, 8353, 8317, 2808, 27.05%, 0, 6, 2, 105.82, 147345, 8069
18917, 0, 429, 8353, 8317, 2808, 27.05%, 0, 6, 2, 133.76, 148073, 8069
18922, 0, 429, 8353, 8317, 2808, 27.05%, 0, 6, 2, 138.14, 148741, 8069
21211, 0, 429, 8354, 8318, 2808, 27.05%, 0, 6, 2, 0.02, 149284, 8069
21216, 0, 429, 8354, 8318, 2808, 27.05%, 0, 6, 2, 134.88, 149864, 8069
21221, 0, 429, 8354, 8318, 2808, 27.05%, 0, 6, 2, 114.79, 150426, 8069
21226, 0, 429, 8354, 8318, 2808, 27.05%, 0, 6, 2, 101.85, 150924, 8069
21231, 0, 429, 8355, 8319, 2808, 27.05%, 0, 6, 2, 76.83, 151393, 8069
21236, 0, 429, 8355, 8319, 2808, 27.05%, 0, 6, 2, 83.23, 151833, 8069
21421, 0, 429, 8355, 8319, 2808, 27.05%, 0, 6, 2, 0.04, 152262, 8069
21426, 0, 429, 8355, 8319, 2808, 27.05%, 0, 6, 2, 103.28, 152821, 8069
21431, 0, 429, 8355, 8319, 2808, 27.05%, 0, 6, 2, 105.37, 153362, 8069
21437, 0, 429, 8355, 8319, 2808, 27.05%, 0, 6, 2, 112.45, 153979, 8069
21442, 0, 429, 8355, 8319, 2808, 27.05%, 0, 6, 2, 107.76, 154513, 8069
21447, 0, 429, 8355, 8319, 2808, 27.05%, 0, 6, 2, 128.87, 155167, 8069
21631, 0, 429, 8356, 8320, 2808, 27.05%, 0, 6, 2, 0.14, 155658, 8069
21636, 0, 429, 8356, 8320, 2808, 27.05%, 0, 6, 2, 98.32, 156125, 8069
21641, 0, 429, 8356, 8320, 2808, 27.05%, 0, 6, 2, 107.99, 156684, 8069
21646, 0, 429, 8356, 8320, 2808, 27.05%, 0, 6, 2, 99.91, 157183, 8069
21651, 0, 429, 8357, 8321, 2808, 27.05%, 0, 6, 2, 107.31, 157715, 8069
21657, 0, 429, 8357, 8321, 2808, 27.05%, 0, 6, 2, 98.17, 158259, 8069
21842, 0, 429, 8357, 8321, 2808, 27.05%, 0, 6, 2, 0.07, 158676, 8069
21847, 0, 429, 8357, 8321, 2808, 27.05%, 0, 6, 2, 93.00, 159163, 8069
21852, 0, 453, 8357, 8320, 2808, 27.05%, 0, 6, 2, 119.85, 159801, 8069
21857, 0, 458, 8467, 8429, 2814, 27.12%, 0, 6, 2, 164.37, 161321, 8090
21862, 0, 458, 8468, 8430, 2814, 27.12%, 0, 6, 2, 135.34, 161977, 8090
21867, 0, 458, 8469, 8431, 2814, 27.12%, 0, 6, 2, 104.78, 162452, 8090
22052, 0, 458, 8469, 8431, 2814, 27.12%, 0, 6, 2, 0.09, 162936, 8090
22057, 0, 458, 8469, 8431, 2814, 27.12%, 0, 6, 2, 94.83, 163491, 8090
22062, 0, 469, 8471, 8432, 2814, 27.12%, 0, 6, 2, 104.58, 164012, 8090
22067, 0, 469, 8471, 8432, 2814, 27.12%, 0, 6, 2, 77.62, 164361, 8090
22073, 0, 469, 8472, 8433, 2814, 27.12%, 0, 6, 2, 98.41, 164879, 8090
22078, 0, 469, 8472, 8433, 2814, 27.12%, 0, 6, 2, 114.42, 165517, 8090
22263, 0, 469, 8472, 8433, 2814, 27.12%, 0, 6, 2, 0.01, 166115, 8090
22268, 0, 469, 8472, 8433, 2814, 27.12%, 0, 6, 2, 96.26, 166624, 8090
22273, 0, 469, 8472, 8433, 2814, 27.12%, 0, 6, 2, 36.86, 167112, 8090
22278, 0, 469, 8472, 8433, 2814, 27.12%, 0, 6, 2, 107.53, 167749, 8090
22283, 0, 469, 8472, 8433, 2814, 27.12%, 0, 6, 2, 104.94, 168269, 8090
22288, 0, 478, 8474, 8434, 2814, 27.12%, 0, 6, 2, 123.07, 168837, 8090
22473, 0, 478, 8474, 8434, 2814, 27.12%, 0, 6, 2, 0.24, 169361, 8090
22478, 0, 478, 8474, 8434, 2814, 27.12%, 0, 6, 2, 127.07, 169951, 8090
22483, 0, 478, 8474, 8434, 2814, 27.12%, 0, 6, 2, 109.00, 170509, 8090
22488, 0, 479, 8475, 8434, 2814, 27.12%, 0, 6, 2, 101.69, 171026, 8090
22493, 0, 479, 8475, 8434, 2814, 27.12%, 0, 6, 2, 87.39, 171410, 8090
22499, 0, 479, 8476, 8435, 2814, 27.12%, 0, 6, 2, 98.47, 171919, 8090
22684, 0, 479, 8476, 8435, 2814, 27.12%, 0, 6, 2, 0.07, 172357, 8090
22689, 0, 479, 8476, 8435, 2814, 27.12%, 0, 6, 2, 78.12, 172721, 8090
22694, 0, 479, 8476, 8435, 2814, 27.12%, 0, 6, 2, 36.72, 172970, 8090
22700, 0, 479, 8476, 8435, 2814, 27.12%, 0, 6, 2, 13.87, 173278, 8090
22705, 0, 483, 8476, 8434, 2813, 27.12%, 0, 6, 2, 93.90, 173427, 8090
22710, 0, 483, 8476, 8434, 2813, 27.12%, 0, 6, 2, 126.67, 173637, 8090
22897, 0, 489, 8476, 8433, 2813, 27.12%, 0, 6, 2, 0.26, 174191, 8090
22902, 0, 493, 8476, 8431, 2811, 27.12%, 0, 6, 2, 188.55, 175229, 8090
22907, 0, 500, 8476, 8430, 2810, 27.12%, 0, 6, 2, 133.75, 175887, 8090
22912, 0, 500, 8476, 8430, 2810, 27.12%, 0, 6, 2, 95.63, 176309, 8090
22917, 0, 528, 8477, 8430, 2809, 27.12%, 0, 6, 2, 101.30, 176844, 8090
22922, 0, 528, 8477, 8430, 2809, 27.12%, 0, 6, 2, 97.73, 177332, 8090
23107, 0, 536, 8477, 8429, 2809, 27.12%, 0, 6, 2, 0.09, 177805, 8090
23113, 0, 536, 8477, 8429, 2809, 27.12%, 0, 6, 2, 96.28, 178300, 8090
23118, 0, 543, 8478, 8429, 2808, 27.12%, 0, 6, 2, 104.48, 178815, 8090
23123, 0, 543, 8478, 8429, 2808, 27.12%, 0, 6, 2, 105.97, 179347, 8090
23128, 0, 543, 8478, 8429, 2808, 27.12%, 0, 6, 2, 104.82, 179857, 8090
23133, 0, 551, 8478, 8428, 2808, 27.12%, 0, 6, 2, 93.79, 180324, 8090
25421, 0, 551, 8478, 8428, 2808, 27.12%, 0, 6, 2, 0.01, 180809, 8090
25426, 0, 556, 8478, 8427, 2807, 27.12%, 0, 6, 2, 101.82, 181343, 8090
25432, 0, 556, 8478, 8427, 2807, 27.12%, 0, 6, 2, 97.76, 181846, 8090
25437, 0, 557, 8751, 8699, 2855, 27.42%, 0, 6, 2, 101.98, 184404, 8179
25442, 0, 557, 8751, 8699, 2855, 27.42%, 0, 6, 2, 106.42, 184964, 8179
25447, 0, 579, 8751, 8698, 2854, 27.42%, 0, 6, 2, 101.72, 185478, 8179
25632, 0, 579, 8751, 8698, 2854, 27.42%, 0, 6, 2, 0.09, 185936, 8179
25637, 0, 581, 8751, 8697, 2853, 27.42%, 0, 6, 2, 105.99, 186478, 8179
25642, 0, 587, 8751, 8696, 2852, 27.42%, 0, 6, 2, 103.73, 186994, 8179
25647, 0, 587, 8751, 8696, 2852, 27.42%, 0, 6, 2, 96.59, 187489, 8179
25652, 0, 591, 8751, 8695, 2851, 27.42%, 0, 6, 2, 102.03, 188017, 8179
25657, 0, 591, 8752, 8696, 2851, 27.42%, 0, 6, 2, 102.52, 188529, 8179
25842, 0, 591, 8752, 8696, 2851, 27.42%, 0, 6, 2, 0.12, 188983, 8179
25847, 0, 591, 8752, 8696, 2851, 27.42%, 0, 6, 2, 100.93, 189481, 8179
25852, 0, 593, 8753, 8696, 2850, 27.42%, 0, 6, 2, 101.42, 189992, 8179
25857, 0, 593, 8753, 8696, 2850, 27.42%, 0, 6, 2, 100.16, 190508, 8179
25862, 0, 593, 8753, 8696, 2850, 27.42%, 0, 6, 2, 95.68, 190984, 8179
25868, 0, 593, 8753, 8696, 2850, 27.42%, 0, 6, 2, 98.56, 191481, 8179
26052, 0, 607, 8753, 8695, 2850, 27.42%, 0, 6, 2, 0.02, 192358, 8179
26058, 0, 609, 8754, 8695, 2849, 27.42%, 0, 6, 2, 193.74, 193352, 8179
26063, 0, 622, 8754, 8694, 2848, 27.42%, 0, 6, 2, 203.14, 194447, 8179
26068, 0, 624, 8754, 8693, 2847, 27.42%, 0, 6, 2, 142.67, 195131, 8179
26073, 0, 633, 8756, 8694, 2846, 27.42%, 0, 6, 2, 98.19, 195587, 8179
26078, 0, 633, 8756, 8694, 2846, 27.42%, 0, 6, 2, 78.70, 195967, 8179
26263, 0, 633, 8756, 8694, 2846, 27.42%, 0, 6, 2, 0.03, 196289, 8179
26268, 0, 633, 8756, 8694, 2846, 27.42%, 0, 6, 2, 76.67, 196683, 8179
26273, 0, 633, 8756, 8694, 2846, 27.42%, 0, 6, 2, 78.80, 197086, 8179
26278, 0, 633, 8756, 8694, 2846, 27.42%, 0, 6, 2, 80.29, 197500, 8179
26283, 0, 639, 8756, 8693, 2846, 27.42%, 0, 6, 2, 88.57, 197956, 8179
26288, 0, 639, 8756, 8693, 2846, 27.42%, 0, 6, 2, 99.28, 198461, 8179
26473, 0, 641, 8756, 8692, 2845, 27.42%, 0, 6, 2, 0.02, 198883, 8179
26478, 0, 641, 8756, 8692, 2845, 27.42%, 0, 6, 2, 97.08, 199387, 8179
26483, 0, 646, 8756, 8691, 2844, 27.42%, 0, 6, 2, 97.45, 199877, 8179
26489, 0, 649, 8756, 8690, 2843, 27.42%, 0, 6, 2, 102.88, 200401, 8179
26494, 0, 649, 8756, 8690, 2843, 27.42%, 0, 6, 2, 110.96, 200991, 8179
26499, 0, 655, 8756, 8688, 2841, 27.42%, 0, 6, 2, 173.15, 201850, 8179
26683, 0, 662, 8756, 8686, 2839, 27.42%, 0, 6, 2, 0.29, 202903, 8179
26688, 0, 670, 8756, 8683, 2836, 27.42%, 0, 6, 2, 278.65, 204314, 8179
26694, 0, 704, 8756, 8681, 2834, 27.42%, 0, 6, 2, 198.40, 205321, 8179
26699, 0, 705, 8757, 8681, 2834, 27.42%, 0, 6, 2, 143.86, 205956, 8179
26704, 0, 705, 8758, 8682, 2834, 27.42%, 0, 6, 2, 113.76, 206521, 8179
26709, 0, 705, 8759, 8683, 2834, 27.42%, 0, 6, 2, 84.92, 206914, 8179
26894, 0, 705, 8759, 8683, 2834, 27.42%, 0, 6, 2, 0.27, 207376, 8179
26899, 0, 705, 8759, 8683, 2834, 27.42%, 0, 6, 2, 109.74, 208024, 8179
26904, 0, 705, 8759, 8683, 2834, 27.42%, 0, 6, 2, 107.13, 208574, 8179
26909, 0, 705, 8759, 8683, 2834, 27.42%, 0, 6, 2, 116.18, 209202, 8179
26914, 0, 705, 8759, 8683, 2834, 27.42%, 0, 6, 2, 128.26, 209864, 8179
26919, 0, 713, 8759, 8682, 2834, 27.42%, 0, 6, 2, 136.79, 210552, 8179
27104, 0, 713, 8760, 8683, 2834, 27.42%, 0, 6, 2, 0.08, 211031, 8179
27109, 0, 713, 8761, 8684, 2834, 27.42%, 0, 6, 2, 122.48, 211592, 8179
27114, 0, 713, 8763, 8686, 2834, 27.42%, 0, 6, 2, 110.66, 212192, 8179
27119, 0, 713, 8764, 8687, 2834, 27.42%, 0, 6, 2, 91.45, 212686, 8179
27124, 0, 713, 8764, 8687, 2834, 27.42%, 0, 6, 2, 102.24, 213218, 8179
27130, 0, 713, 8764, 8687, 2834, 27.42%, 0, 6, 2, 138.83, 213973, 8179
27314, 0, 713, 8764, 8687, 2834, 27.42%, 0, 6, 2, 0.09, 214567, 8179
27320, 0, 713, 8764, 8687, 2834, 27.42%, 0, 6, 2, 160.43, 215239, 8179
27325, 0, 713, 8764, 8687, 2834, 27.42%, 0, 6, 2, 135.65, 215883, 8179
27330, 0, 713, 8764, 8687, 2834, 27.42%, 0, 6, 2, 119.80, 216467, 8179
27335, 0, 713, 8764, 8687, 2834, 27.42%, 0, 6, 2, 136.77, 217197, 8179
27340, 0, 713, 8765, 8688, 2834, 27.42%, 0, 6, 2, 117.34, 217744, 8179
29628, 0, 713, 8765, 8688, 2834, 27.42%, 0, 6, 2, 0.01, 218288, 8179
29633, 0, 713, 8765, 8688, 2834, 27.42%, 0, 6, 2, 122.26, 218886, 8179
29638, 0, 713, 8765, 8688, 2834, 27.42%, 0, 6, 2, 99.08, 219370, 8179
29643, 0, 713, 8765, 8688, 2834, 27.42%, 0, 6, 2, 118.73, 219978, 8179
29649, 0, 713, 8765, 8688, 2834, 27.42%, 0, 6, 2, 103.44, 220474, 8179
29654, 0, 713, 8765, 8688, 2834, 27.42%, 0, 6, 2, 102.77, 221046, 8179
33684, 0, 713, 8765, 8688, 2834, 27.42%, 0, 6, 2, 0.00, 221530, 8179
33835, 0, 713, 8765, 8688, 2834, 27.42%, 0, 6, 2, 0.05, 221538, 8179
33840, 0, 713, 8765, 8688, 2834, 27.42%, 0, 6, 2, 98.11, 222028, 8179
33845, 0, 713, 8765, 8688, 2834, 27.42%, 0, 6, 2, 96.24, 222535, 8179
33850, 0, 713, 8765, 8688, 2834, 27.42%, 0, 6, 2, 127.56, 223232, 8179
33856, 0, 713, 8765, 8688, 2834, 27.42%, 0, 6, 2, 129.06, 223940, 8179
33861, 0, 713, 8765, 8688, 2834, 27.42%, 0, 6, 2, 136.65, 224680, 8179
34045, 0, 713, 8765, 8688, 2834, 27.42%, 0, 6, 2, 0.03, 225176, 8179
34050, 0, 713, 8765, 8688, 2834, 27.42%, 0, 6, 2, 118.47, 225770, 8179
34055, 0, 713, 8765, 8688, 2834, 27.42%, 0, 6, 2, 130.12, 226430, 8179
34061, 0, 713, 8766, 8689, 2834, 27.42%, 0, 6, 2, 135.33, 227107, 8179
34066, 0, 713, 8766, 8689, 2834, 27.42%, 0, 6, 2, 147.88, 227901, 8179
34071, 0, 713, 8766, 8689, 2834, 27.42%, 0, 6, 2, 139.07, 228593, 8179
34256, 0, 713, 8766, 8689, 2834, 27.42%, 0, 6, 2, 0.12, 229249, 8179
34261, 0, 725, 8766, 8688, 2834, 27.42%, 0, 6, 2, 119.47, 229935, 8179
34266, 0, 726, 9141, 9062, 2833, 28.42%, 0, 6, 2, 1237.19, 233416, 8477
34271, 0, 735, 9898, 9819, 3157, 29.84%, 0, 6, 2, 94.42, 239520, 8900
34276, 0, 736, 9899, 9819, 3156, 29.84%, 0, 6, 2, 119.37, 240145, 8900
34281, 0, 736, 9900, 9820, 3156, 29.84%, 0, 6, 2, 125.47, 240788, 8900
34466, 0, 736, 9901, 9821, 3156, 29.84%, 0, 6, 2, 0.02, 241215, 8900
34471, 0, 736, 9901, 9821, 3156, 29.84%, 0, 6, 2, 121.83, 241801, 8900
34476, 0, 736, 9901, 9821, 3156, 29.84%, 0, 6, 2, 109.98, 242351, 8900
34481, 0, 736, 9901, 9821, 3156, 29.84%, 0, 6, 2, 122.53, 242999, 8900
34486, 0, 736, 9901, 9821, 3156, 29.84%, 0, 6, 2, 107.94, 243531, 8900
34491, 0, 736, 9901, 9821, 3156, 29.84%, 0, 6, 2, 117.19, 244163, 8900
34676, 0, 736, 9901, 9821, 3156, 29.84%, 0, 6, 2, 0.01, 244701, 8900
34681, 0, 753, 9903, 9822, 3155, 29.84%, 0, 6, 2, 159.60, 245464, 8900
34686, 0, 753, 9904, 9823, 3155, 29.84%, 0, 6, 2, 136.56, 246138, 8900
34691, 0, 753, 9904, 9823, 3155, 29.84%, 0, 6, 2, 120.90, 246732, 8900
34697, 0, 753, 9904, 9823, 3155, 29.84%, 0, 6, 2, 122.96, 247348, 8900
34702, 0, 753, 9904, 9823, 3155, 29.84%, 0, 6, 2, 132.21, 248016, 8900
34887, 0, 753, 9904, 9823, 3155, 29.84%, 0, 6, 2, 0.08, 248552, 8900
34892, 0, 753, 9904, 9823, 3155, 29.84%, 0, 6, 2, 99.15, 249073, 8900
34897, 0, 753, 9904, 9823, 3155, 29.84%, 0, 6, 2, 104.61, 249674, 8900
34902, 0, 755, 9904, 9822, 3154, 29.84%, 0, 6, 2, 115.50, 250260, 8900
34907, 0, 758, 9906, 9823, 3153, 29.84%, 0, 6, 2, 115.80, 250846, 8900
34912, 0, 758, 9906, 9823, 3153, 29.84%, 0, 6, 2, 112.87, 251412, 8900
35097, 0, 758, 9906, 9823, 3153, 29.84%, 0, 6, 2, 0.03, 251976, 8900
35102, 0, 758, 9906, 9823, 3153, 29.84%, 0, 6, 2, 129.98, 252646, 8900
35107, 0, 771, 9908, 9824, 3152, 29.84%, 0, 6, 2, 134.75, 253340, 8900
35112, 0, 771, 9909, 9825, 3152, 29.84%, 0, 6, 2, 128.03, 253949, 8900
35117, 0, 771, 9910, 9826, 3152, 29.84%, 0, 6, 2, 124.54, 254562, 8900
35123, 0, 771, 9910, 9826, 3152, 29.84%, 0, 6, 2, 120.31, 255186, 8900
35307, 0, 771, 9911, 9827, 3152, 29.84%, 0, 6, 2, 0.11, 255797, 8900
35312, 0, 771, 9911, 9827, 3152, 29.84%, 0, 6, 2, 110.47, 256443, 8900
35318, 0, 771, 9911, 9827, 3152, 29.84%, 0, 6, 2, 125.48, 257035, 8900
35323, 0, 771, 9911, 9827, 3152, 29.84%, 0, 6, 2, 112.33, 257611, 8900
35328, 0, 771, 9911, 9827, 3152, 29.84%, 0, 6, 2, 143.23, 258371, 8900
35333, 0, 771, 9911, 9827, 3152, 29.84%, 0, 6, 2, 122.41, 258973, 8900
35518, 0, 771, 9911, 9827, 3152, 29.84%, 0, 6, 2, 0.08, 259597, 8900
35523, 0, 771, 9911, 9827, 3152, 29.84%, 0, 6, 2, 144.66, 260305, 8900
35528, 0, 771, 9911, 9827, 3152, 29.84%, 0, 6, 2, 133.15, 260957, 8900
35533, 0, 771, 9911, 9827, 3152, 29.84%, 0, 6, 2, 135.32, 261615, 8900
35538, 0, 771, 9911, 9827, 3152, 29.84%, 0, 6, 2, 118.73, 262201, 8900
35543, 0, 771, 9911, 9827, 3152, 29.84%, 0, 6, 2, 106.52, 262685, 8900
35728, 0, 771, 9911, 9827, 3152, 29.84%, 0, 6, 2, 0.10, 263251, 8900
35733, 0, 771, 9911, 9827, 3152, 29.84%, 0, 6, 2, 112.60, 263799, 8900
35738, 0, 771, 9911, 9827, 3152, 29.84%, 0, 6, 2, 110.39, 264387, 8900
35743, 0, 771, 9911, 9827, 3152, 29.84%, 0, 6, 2, 110.44, 264959, 8900
35748, 0, 771, 9911, 9827, 3152, 29.84%, 0, 6, 2, 112.45, 265491, 8900
35753, 0, 771, 9911, 9827, 3152, 29.84%, 0, 6, 2, 142.96, 266261, 8900
38041, 0, 771, 9911, 9827, 3152, 29.84%, 0, 6, 2, 0.01, 266899, 8900
38047, 0, 771, 9911, 9827, 3152, 29.84%, 0, 6, 2, 132.24, 267517, 8900
38052, 0, 771, 9911, 9827, 3152, 29.84%, 0, 6, 2, 123.12, 268085, 8900
38057, 0, 771, 9911, 9827, 3152, 29.84%, 0, 6, 2, 112.73, 268647, 8900
38062, 0, 771, 9911, 9827, 3152, 29.84%, 0, 6, 2, 106.51, 269181, 8900
38067, 0, 771, 9911, 9827, 3152, 29.84%, 0, 6, 2, 101.96, 269725, 8900
38252, 0, 771, 9911, 9827, 3152, 29.84%, 0, 6, 2, 0.18, 270313, 8900
38257, 0, 771, 9911, 9827, 3152, 29.84%, 0, 6, 2, 107.38, 270917, 8900
38262, 0, 771, 9911, 9827, 3152, 29.84%, 0, 6, 2, 141.91, 271721, 8900
38267, 0, 772, 9913, 9828, 3152, 29.84%, 0, 6, 2, 144.43, 272447, 8900
38272, 0, 772, 9914, 9829, 3152, 29.84%, 0, 6, 2, 109.92, 273022, 8900
38277, 0, 772, 9914, 9829, 3152, 29.84%, 0, 6, 2, 90.68, 273426, 8900
38462, 0, 772, 9914, 9829, 3152, 29.84%, 0, 6, 2, 0.07, 274012, 8900
38467, 0, 772, 9914, 9829, 3152, 29.84%, 0, 6, 2, 116.63, 274548, 8900
38472, 0, 772, 9914, 9829, 3152, 29.84%, 0, 6, 2, 115.60, 275140, 8900
38477, 0, 772, 9914, 9829, 3152, 29.84%, 0, 6, 2, 114.52, 275748, 8900
38483, 0, 772, 9915, 9830, 3152, 29.84%, 0, 6, 2, 118.10, 276359, 8900
38488, 0, 772, 9915, 9830, 3152, 29.84%, 0, 6, 2, 119.05, 276973, 8900
38672, 0, 772, 9915, 9830, 3152, 29.84%, 0, 6, 2, 0.17, 277517, 8900
38678, 0, 772, 9915, 9830, 3152, 29.84%, 0, 6, 2, 138.86, 278183, 8900
38683, 0, 772, 9915, 9830, 3152, 29.84%, 0, 6, 2, 94.36, 278628, 8900
38688, 0, 772, 9915, 9830, 3152, 29.84%, 0, 6, 2, 102.68, 279129, 8900
38693, 0, 772, 9915, 9830, 3152, 29.84%, 0, 6, 2, 132.91, 279859, 8900
38698, 0, 772, 9915, 9830, 3152, 29.84%, 0, 6, 2, 118.30, 280483, 8900
38883, 0, 772, 9915, 9830, 3152, 29.84%, 0, 6, 2, 0.09, 280965, 8900
38888, 0, 773, 9944, 9858, 3151, 29.86%, 0, 6, 2, 1214.63, 281836, 8908
38893, 0, 796, 10134, 10047, 3214, 30.21%, 0, 6, 2, 228.90, 284410, 9011
38898, 0, 810, 10136, 10048, 3213, 30.21%, 0, 6, 2, 131.11, 285016, 9011
38903, 0, 810, 10136, 10048, 3213, 30.21%, 0, 6, 2, 96.45, 285467, 9011
38908, 0, 810, 10136, 10048, 3213, 30.21%, 0, 6, 2, 99.47, 285960, 9011
39093, 0, 810, 10136, 10048, 3213, 30.21%, 0, 6, 2, 0.25, 286492, 9011
39098, 0, 810, 10136, 10048, 3213, 30.21%, 0, 6, 2, 112.86, 286972, 9011
39103, 0, 816, 10138, 10049, 3213, 30.21%, 0, 6, 2, 108.06, 287520, 9011
39109, 0, 816, 10138, 10049, 3213, 30.21%, 0, 6, 2, 100.83, 288040, 9011
39114, 0, 816, 10138, 10049, 3213, 30.21%, 0, 6, 2, 98.76, 288528, 9011
39119, 0, 816, 10138, 10049, 3213, 30.21%, 0, 6, 2, 90.62, 289009, 9011
39303, 0, 816, 10139, 10050, 3213, 30.21%, 0, 6, 2, 0.13, 289382, 9011
39308, 0, 816, 10140, 10051, 3213, 30.21%, 0, 6, 2, 96.12, 289829, 9011
39313, 0, 816, 10140, 10051, 3213, 30.21%, 0, 6, 2, 103.15, 290324, 9011
39318, 0, 816, 10140, 10051, 3213, 30.21%, 0, 6, 2, 141.46, 291100, 9011
39323, 0, 816, 10140, 10051, 3213, 30.21%, 0, 6, 2, 100.20, 291566, 9011
39329, 0, 816, 10140, 10051, 3213, 30.21%, 0, 6, 2, 92.82, 292002, 9011
39514, 0, 816, 10140, 10051, 3213, 30.21%, 0, 6, 2, 0.04, 292540, 9011
39519, 0, 816, 10140, 10051, 3213, 30.21%, 0, 6, 2, 119.80, 293166, 9011
39524, 0, 816, 10140, 10051, 3213, 30.21%, 0, 6, 2, 123.59, 293798, 9011
39529, 0, 816, 10140, 10051, 3213, 30.21%, 0, 6, 2, 125.21, 294450, 9011
39534, 0, 816, 10140, 10051, 3213, 30.21%, 0, 6, 2, 161.25, 295184, 9011
39539, 0, 816, 10140, 10051, 3213, 30.21%, 0, 6, 2, 134.57, 295868, 9011
39724, 0, 816, 10140, 10051, 3213, 30.21%, 0, 6, 2, 0.11, 296534, 9011
39729, 0, 837, 10140, 10050, 3212, 30.21%, 0, 6, 2, 145.74, 297262, 9011
39734, 0, 843, 10140, 10049, 3211, 30.21%, 0, 6, 2, 154.68, 298110, 9011
39739, 0, 854, 10140, 10047, 3209, 30.21%, 0, 6, 2, 169.36, 298992, 9011
39744, 0, 856, 10140, 10046, 3208, 30.21%, 0, 6, 2, 157.83, 299781, 9011
39749, 0, 863, 10140, 10045, 3207, 30.21%, 0, 6, 2, 157.98, 300552, 9011
39934, 0, 868, 10140, 10044, 3206, 30.21%, 0, 6, 2, 0.10, 301287, 9011
39939, 0, 870, 10140, 10043, 3205, 30.21%, 0, 6, 2, 165.09, 302166, 9011
39944, 0, 876, 10140, 10042, 3204, 30.21%, 0, 6, 2, 131.18, 302842, 9011
39950, 0, 878, 10140, 10041, 3204, 30.21%, 0, 6, 2, 109.65, 303404, 9011
39955, 0, 878, 10140, 10041, 3204, 30.21%, 0, 6, 2, 109.81, 303958, 9011
39960, 0, 881, 10140, 10040, 3203, 30.21%, 0, 6, 2, 111.28, 304520, 9011
42248, 0, 881, 10140, 10040, 3203, 30.21%, 0, 6, 2, 0.00, 304978, 9011
42253, 0, 883, 10140, 10039, 3202, 30.21%, 0, 6, 2, 99.52, 305455, 9011
42258, 0, 884, 10163, 10061, 3201, 30.25%, 0, 6, 2, 1048.78, 306253, 9023
42263, 0, 889, 10303, 10201, 3238, 30.45%, 0, 6, 2, 123.56, 307981, 9084
42268, 0, 890, 10303, 10200, 3237, 30.45%, 0, 6, 2, 117.01, 308551, 9084
42273, 0, 890, 10303, 10200, 3237, 30.45%, 0, 6, 2, 112.50, 309123, 9084
42458, 0, 893, 10303, 10199, 3236, 30.45%, 0, 6, 2, 0.11, 309625, 9084
42463, 0, 907, 10303, 10198, 3235, 30.45%, 0, 6, 2, 108.04, 310163, 9084
42468, 0, 907, 10303, 10198, 3235, 30.45%, 0, 6, 2, 103.87, 310679, 9084
42473, 0, 909, 10303, 10197, 3234, 30.45%, 0, 6, 2, 113.23, 311269, 9084
42478, 0, 909, 10303, 10197, 3234, 30.45%, 0, 6, 2, 111.79, 311835, 9084
42483, 0, 915, 10303, 10196, 3233, 30.45%, 0, 6, 2, 113.20, 312411, 9084
42668, 0, 931, 10303, 10195, 3232, 30.45%, 0, 6, 2, 0.01, 313045, 9084
42673, 0, 932, 10303, 10194, 3231, 30.45%, 0, 6, 2, 116.03, 313677, 9084
42679, 0, 941, 10303, 10193, 3230, 30.45%, 0, 6, 2, 119.30, 314303, 9084
42684, 0, 944, 10304, 10193, 3229, 30.45%, 0, 6, 2, 134.00, 314970, 9084
42689, 0, 944, 10304, 10193, 3229, 30.45%, 0, 6, 2, 158.48, 315784, 9084
42694, 0, 947, 10304, 10192, 3228, 30.45%, 0, 6, 2, 160.71, 316612, 9084
42879, 0, 947, 10304, 10192, 3228, 30.45%, 0, 6, 2, 0.12, 317238, 9084
42884, 0, 948, 10305, 10192, 3228, 30.45%, 0, 6, 2, 119.57, 317855, 9084
42889, 0, 948, 10305, 10192, 3228, 30.45%, 0, 6, 2, 132.13, 318543, 9084
42894, 0, 960, 10305, 10190, 3227, 30.45%, 0, 6, 2, 172.01, 319370, 9084
42899, 0, 963, 10306, 10190, 3226, 30.45%, 0, 6, 2, 184.40, 320346, 9084
42904, 0, 974, 10307, 10190, 3226, 30.45%, 0, 6, 2, 165.38, 321133, 9084
43089, 0, 976, 10307, 10189, 3225, 30.45%, 0, 6, 2, 0.24, 322073, 9084
43094, 0, 985, 10309, 10190, 3224, 30.45%, 0, 6, 2, 174.00, 322875, 9084
43099, 0, 987, 10309, 10189, 3224, 30.45%, 0, 6, 2, 150.82, 323639, 9084
43104, 0, 988, 10311, 10190, 3223, 30.45%, 0, 6, 2, 190.81, 324521, 9084
43109, 0, 988, 10314, 10193, 3223, 30.45%, 0, 6, 2, 259.44, 325888, 9084
43115, 0, 988, 10314, 10193, 3223, 30.45%, 0, 6, 2, 291.03, 327373, 9084
43299, 0, 988, 10314, 10193, 3223, 30.45%, 0, 6, 2, 0.10, 328766, 9084
43305, 0, 988, 10314, 10193, 3223, 30.45%, 0, 6, 2, 262.74, 330203, 9084
43310, 0, 988, 10314, 10193, 3223, 30.45%, 0, 6, 2, 272.05, 331493, 9084
43315, 0, 988, 10314, 10193, 3223, 30.45%, 0, 6, 2, 311.66, 333146, 9084
43320, 0, 988, 10314, 10193, 3223, 30.45%, 0, 6, 2, 292.48, 334653, 9084
43325, 0, 988, 10314, 10193, 3223, 30.45%, 0, 6, 2, 275.78, 336088, 9084
43510, 0, 988, 10314, 10193, 3223, 30.45%, 0, 6, 2, 0.23, 337430, 9084
43515, 0, 988, 10315, 10194, 3223, 30.46%, 0, 6, 2, 267.92, 338925, 9085
43520, 0, 988, 10315, 10194, 3223, 30.46%, 0, 6, 2, 273.94, 340255, 9085
43525, 0, 988, 10315, 10194, 3223, 30.46%, 0, 6, 2, 287.76, 341750, 9085
43530, 0, 988, 10316, 10195, 3223, 30.46%, 0, 6, 2, 289.10, 343247, 9085
43535, 0, 990, 10318, 10196, 3223, 30.46%, 0, 6, 2, 197.20, 344094, 9085
43720, 0, 990, 10318, 10196, 3223, 30.46%, 0, 6, 2, 0.05, 344712, 9085
43725, 0, 990, 10318, 10196, 3223, 30.46%, 0, 6, 2, 127.26, 345394, 9085
43730, 0, 991, 10320, 10197, 3223, 30.46%, 0, 6, 2, 173.71, 346223, 9085
43735, 0, 991, 10321, 10198, 3223, 30.46%, 0, 6, 2, 275.86, 347792, 9085
43740, 0, 991, 10321, 10198, 3223, 30.46%, 0, 6, 2, 310.61, 349312, 9085
43745, 0, 997, 10321, 10197, 3222, 30.46%, 0, 6, 2, 277.34, 350632, 9085
43930, 0, 1001, 10321, 10196, 3221, 30.46%, 0, 6, 2, 0.10, 351291, 9085
43936, 0, 1001, 10325, 10200, 3221, 30.46%, 0, 6, 2, 130.69, 351967, 9085
43941, 0, 1001, 10326, 10201, 3221, 30.46%, 0, 6, 2, 135.47, 352698, 9085
43946, 0, 1001, 10326, 10201, 3221, 30.46%, 0, 6, 2, 131.66, 353396, 9085
43951, 0, 1001, 10326, 10201, 3221, 30.46%, 0, 6, 2, 160.14, 354236, 9085
43956, 0, 1001, 10326, 10201, 3221, 30.46%, 0, 6, 2, 150.26, 354977, 9085
44141, 0, 1001, 10327, 10202, 3221, 30.46%, 0, 6, 2, 0.03, 355535, 9085
44146, 0, 1001, 10327, 10202, 3221, 30.46%, 0, 6, 2, 132.99, 356247, 9085
44151, 0, 1001, 10327, 10202, 3221, 30.46%, 0, 6, 2, 131.50, 356943, 9085
44156, 0, 1001, 10327, 10202, 3221, 30.46%, 0, 6, 2, 158.50, 357732, 9085
44161, 0, 1001, 10327, 10202, 3221, 30.46%, 0, 6, 2, 141.59, 358409, 9085
44166, 0, 1001, 10327, 10202, 3221, 30.46%, 0, 6, 2, 129.06, 359087, 9085
46454, 0, 1001, 10327, 10202, 3221, 30.46%, 0, 6, 2, 0.01, 359639, 9085
46459, 0, 1001, 10327, 10202, 3221, 30.46%, 0, 6, 2, 149.62, 360367, 9085
46465, 0, 1001, 10327, 10202, 3221, 30.46%, 0, 6, 2, 143.30, 361117, 9085
46470, 0, 1001, 10327, 10202, 3221, 30.46%, 0, 6, 2, 145.27, 361883, 9085
46475, 0, 1001, 10327, 10202, 3221, 30.46%, 0, 6, 2, 156.78, 362658, 9085
46480, 0, 1001, 10327, 10202, 3221, 30.46%, 0, 6, 2, 143.15, 363343, 9085
46665, 0, 1001, 10327, 10202, 3221, 30.46%, 0, 6, 2, 0.12, 363939, 9085
46670, 0, 1001, 10327, 10202, 3221, 30.46%, 0, 6, 2, 148.37, 364689, 9085
46675, 0, 1001, 10327, 10202, 3221, 30.46%, 0, 6, 2, 158.66, 365496, 9085
46680, 0, 1001, 10327, 10202, 3221, 30.46%, 0, 6, 2, 136.27, 366089, 9085
46685, 0, 1001, 10327, 10202, 3221, 30.46%, 0, 6, 2, 124.94, 366725, 9085
46690, 0, 1001, 10327, 10202, 3221, 30.46%, 0, 6, 2, 130.16, 367349, 9085
46875, 0, 1001, 10327, 10202, 3221, 30.46%, 0, 6, 2, 0.11, 368047, 9085
46880, 0, 1001, 10327, 10202, 3221, 30.46%, 0, 6, 2, 115.56, 368633, 9085
46885, 0, 1001, 10327, 10202, 3221, 30.46%, 0, 6, 2, 129.90, 369285, 9085
46890, 0, 1001, 10327, 10202, 3221, 30.46%, 0, 6, 2, 141.22, 369973, 9085
46895, 0, 1005, 10328, 10202, 3221, 30.46%, 0, 6, 2, 131.06, 370614, 9085
46900, 0, 1005, 10328, 10202, 3221, 30.46%, 0, 6, 2, 103.64, 371108, 9085
47085, 0, 1005, 10329, 10203, 3221, 30.46%, 0, 6, 2, 0.07, 371538, 9085
47090, 0, 1005, 10329, 10203, 3221, 30.46%, 0, 6, 2, 100.89, 372047, 9085
47095, 0, 1005, 10329, 10203, 3221, 30.46%, 0, 6, 2, 96.55, 372544, 9085
47100, 0, 1012, 10477, 10350, 3239, 30.67%, 0, 6, 2, 149.81, 374160, 9149
47105, 0, 1012, 10477, 10350, 3239, 30.67%, 0, 6, 2, 100.65, 374615, 9149
47111, 0, 1013, 10478, 10350, 3238, 30.67%, 0, 6, 2, 96.09, 375102, 9149
47296, 0, 1013, 10478, 10350, 3238, 30.67%, 0, 6, 2, 0.06, 375506, 9149
47301, 0, 1016, 10478, 10349, 3237, 30.67%, 0, 6, 2, 107.03, 376022, 9149
47306, 0, 1079, 10479, 10349, 3236, 30.67%, 0, 6, 2, 134.93, 376821, 9149
47311, 0, 1079, 10480, 10350, 3236, 30.67%, 0, 6, 2, 140.16, 377490, 9149
47316, 0, 1079, 10480, 10350, 3236, 30.67%, 0, 6, 2, 143.47, 378202, 9149
47321, 0, 1079, 10480, 10350, 3236, 30.67%, 0, 6, 2, 116.34, 378814, 9149
47506, 0, 1082, 10481, 10350, 3236, 30.67%, 0, 6, 2, 0.04, 379493, 9149
47511, 0, 1082, 10481, 10350, 3236, 30.67%, 0, 6, 2, 124.97, 380097, 9149
47516, 0, 1089, 10483, 10351, 3236, 30.67%, 0, 6, 2, 112.57, 380645, 9149
47521, 0, 1089, 10484, 10352, 3236, 30.67%, 0, 6, 2, 115.32, 381266, 9149
47526, 0, 1089, 10484, 10352, 3236, 30.67%, 0, 6, 2, 112.25, 381844, 9149
47531, 0, 1089, 10484, 10352, 3236, 30.67%, 0, 6, 2, 98.49, 382372, 9149
47716, 0, 1089, 10484, 10352, 3236, 30.67%, 0, 6, 2, 0.06, 382898, 9149
47721, 0, 1089, 10484, 10352, 3236, 30.67%, 0, 6, 2, 137.13, 383596, 9149
47726, 0, 1089, 10484, 10352, 3236, 30.67%, 0, 6, 2, 123.48, 384234, 9149
47731, 0, 1089, 10484, 10352, 3236, 30.67%, 0, 6, 2, 134.20, 384852, 9149
47737, 0, 1109, 10484, 10350, 3235, 30.67%, 0, 6, 2, 131.29, 385538, 9149
47742, 0, 1112, 10487, 10352, 3234, 30.67%, 0, 6, 2, 108.21, 386067, 9149
47926, 0, 1112, 10487, 10352, 3234, 30.67%, 0, 6, 2, 0.02, 386635, 9149
47932, 0, 1112, 10487, 10352, 3234, 30.67%, 0, 6, 2, 146.87, 387413, 9149
47937, 0, 1112, 10487, 10352, 3234, 30.67%, 0, 6, 2, 138.86, 388147, 9149
47942, 0, 1112, 10487, 10352, 3234, 30.67%, 0, 6, 2, 142.93, 388859, 9149
47947, 0, 1112, 10487, 10352, 3234, 30.67%, 0, 6, 2, 104.53, 389353, 9149
47952, 0, 1112, 10487, 10352, 3234, 30.67%, 0, 6, 2, 134.29, 390085, 9149
48137, 0, 1115, 10487, 10351, 3233, 30.67%, 0, 6, 2, 0.06, 390711, 9149
48142, 0, 1125, 10487, 10350, 3232, 30.67%, 0, 6, 2, 106.63, 391255, 9149
48147, 0, 1125, 10487, 10350, 3232, 30.67%, 0, 6, 2, 96.53, 391742, 9149
48152, 0, 1127, 10489, 10351, 3231, 30.67%, 0, 6, 2, 109.56, 392285, 9149
48157, 0, 1127, 10489, 10351, 3231, 30.67%, 0, 6, 2, 131.31, 392991, 9149
48162, 0, 1127, 10490, 10352, 3231, 30.67%, 0, 6, 2, 108.92, 393574, 9149
48347, 0, 1127, 10491, 10353, 3231, 30.67%, 0, 6, 2, 0.09, 394111, 9149
48352, 0, 1127, 10491, 10353, 3231, 30.67%, 0, 6, 2, 116.10, 394765, 9149
48358, 0, 1127, 10491, 10353, 3231, 30.67%, 0, 6, 2, 117.26, 395375, 9149
48363, 0, 1127, 10491, 10353, 3231, 30.67%, 0, 6, 2, 134.64, 396123, 9149
48368, 0, 1127, 10491, 10353, 3231, 30.67%, 0, 6, 2, 155.41, 396879, 9149
48373, 0, 1127, 10491, 10353, 3231, 30.67%, 0, 6, 2, 146.39, 397571, 9149
50661, 0, 1127, 10491, 10353, 3231, 30.67%, 0, 6, 2, 0.01, 398203, 9149
50666, 0, 1127, 10491, 10353, 3231, 30.67%, 0, 6, 2, 144.54, 398939, 9149
50671, 0, 1127, 10491, 10353, 3231, 30.67%, 0, 6, 2, 148.21, 399675, 9149
50676, 0, 1127, 10491, 10353, 3231, 30.67%, 0, 6, 2, 149.10, 400437, 9149
50681, 0, 1127, 10491, 10353, 3231, 30.67%, 0, 6, 2, 165.87, 401298, 9149
50686, 0, 1128, 10492, 10353, 3230, 30.67%, 0, 6, 2, 134.55, 401930, 9149
54716, 0, 1128, 10492, 10353, 3230, 30.67%, 0, 6, 2, 0.00, 402386, 9149
54867, 0, 1128, 10492, 10353, 3230, 30.67%, 0, 6, 2, 0.07, 402397, 9149
54872, 0, 1129, 10969, 10829, 3229, 31.43%, 0, 6, 2, 1893.18, 406656, 9376
54877, 0, 1129, 11263, 11123, 3438, 31.82%, 0, 6, 2, 143.23, 409680, 9491
54882, 0, 1141, 11264, 11123, 3437, 31.82%, 0, 6, 2, 130.43, 410303, 9491
54887, 0, 1141, 11264, 11123, 3437, 31.82%, 0, 6, 2, 114.51, 410949, 9491
54892, 0, 1145, 11266, 11124, 3437, 31.82%, 0, 6, 2, 128.13, 411621, 9491
55077, 0, 1145, 11266, 11124, 3437, 31.82%, 0, 6, 2, 0.07, 412245, 9491
55082, 0, 1145, 11266, 11124, 3437, 31.82%, 0, 6, 2, 129.77, 412959, 9491
55087, 0, 1162, 11266, 11123, 3437, 31.82%, 0, 6, 2, 136.64, 413673, 9491
55092, 0, 1164, 11266, 11122, 3436, 31.82%, 0, 6, 2, 148.09, 414397, 9491
55097, 0, 1179, 11266, 11119, 3434, 31.82%, 0, 6, 2, 248.69, 415745, 9491
55102, 0, 1181, 11267, 11118, 3432, 31.82%, 0, 6, 2, 301.15, 417276, 9491
55287, 0, 1194, 11267, 11117, 3431, 31.82%, 0, 6, 2, 0.16, 418308, 9491
55293, 0, 1198, 11267, 11115, 3429, 31.82%, 0, 6, 2, 282.39, 419686, 9491
55298, 0, 1205, 11267, 11112, 3426, 31.82%, 0, 6, 2, 317.59, 421284, 9491
55303, 0, 1227, 11267, 11110, 3424, 31.82%, 0, 6, 2, 275.89, 422631, 9491
55308, 0, 1274, 11267, 11107, 3421, 31.82%, 0, 6, 2, 307.15, 424206, 9491
55313, 0, 1276, 11267, 11105, 3420, 31.82%, 0, 6, 2, 194.50, 425058, 9491
55498, 0, 1276, 11269, 11107, 3420, 31.82%, 0, 6, 2, 0.12, 425468, 9491
55503, 0, 1276, 11269, 11107, 3420, 31.82%, 0, 6, 2, 112.83, 426024, 9491
55508, 0, 1276, 11270, 11108, 3420, 31.82%, 0, 6, 2, 151.63, 426810, 9491
55513, 0, 1276, 11270, 11108, 3420, 31.82%, 0, 6, 2, 157.27, 427559, 9491
55518, 0, 1276, 11270, 11108, 3420, 31.82%, 0, 6, 2, 112.31, 428057, 9491
55523, 0, 1276, 11270, 11108, 3420, 31.82%, 0, 6, 2, 109.97, 428627, 9491
55708, 0, 1276, 11270, 11108, 3420, 31.82%, 0, 6, 2, 0.13, 429259, 9491
55713, 0, 1278, 11270, 11107, 3419, 31.82%, 0, 6, 2, 139.79, 429965, 9491
55718, 0, 1280, 11271, 11107, 3418, 31.82%, 0, 6, 2, 149.08, 430729, 9491
55724, 0, 1280, 11272, 11108, 3418, 31.82%, 0, 6, 2, 141.25, 431469, 9491
55729, 0, 1282, 11273, 11108, 3418, 31.82%, 0, 6, 2, 130.08, 432106, 9491
55734, 0, 1307, 11273, 11107, 3418, 31.82%, 0, 6, 2, 118.89, 432702, 9491
55918, 0, 1324, 11273, 11105, 3416, 31.82%, 0, 6, 2, 0.03, 433260, 9491
55924, 0, 1325, 11273, 11104, 3415, 31.82%, 0, 6, 2, 142.54, 433978, 9491
55929, 0, 1326, 11273, 11103, 3414, 31.82%, 0, 6, 2, 103.61, 434486, 9491
55934, 0, 1326, 11273, 11103, 3414, 31.82%, 0, 6, 2, 90.36, 434959, 9491
55939, 0, 1340, 11273, 11102, 3413, 31.82%, 0, 6, 2, 101.37, 435484, 9491
55944, 0, 1346, 11273, 11101, 3412, 31.82%, 0, 6, 2, 107.86, 436078, 9491
56129, 0, 1358, 11273, 11099, 3410, 31.82%, 0, 6, 2, 0.02, 436761, 9491
56134, 0, 1364, 11274, 11099, 3409, 31.82%, 0, 6, 2, 199.18, 437849, 9491
56139, 0, 1364, 11274, 11099, 3409, 31.82%, 0, 6, 2, 170.75, 438685, 9491
56144, 0, 1366, 11274, 11098, 3409, 31.82%, 0, 6, 2, 148.05, 439445, 9491
56149, 0, 1370, 11274, 11097, 3408, 31.82%, 0, 6, 2, 133.89, 440159, 9491
56154, 0, 1370, 11275, 11098, 3408, 31.82%, 0, 6, 2, 122.32, 440748, 9491
56339, 0, 1370, 11276, 11099, 3408, 31.82%, 0, 6, 2, 0.11, 441291, 9492
56344, 0, 1370, 11278, 11101, 3408, 31.82%, 0, 6, 2, 114.77, 441869, 9492
56349, 0, 1370, 11278, 11101, 3408, 31.82%, 0, 6, 2, 117.66, 442445, 9492
56354, 0, 1370, 11278, 11101, 3408, 31.82%, 0, 6, 2, 108.58, 442995, 9492
56360, 0, 1370, 11278, 11101, 3408, 31.82%, 0, 6, 2, 110.26, 443577, 9492
56365, 0, 1370, 11278, 11101, 3408, 31.82%, 0, 6, 2, 107.87, 444123, 9492
56549, 0, 1370, 11278, 11101, 3408, 31.82%, 0, 6, 2, 0.01, 444601, 9492
56555, 0, 1370, 11278, 11101, 3408, 31.82%, 0, 6, 2, 15.62, 445153, 9492
56560, 0, 1370, 11278, 11101, 3408, 31.82%, 0, 6, 2, 116.71, 445753, 9492
56565, 0, 1370, 11278, 11101, 3408, 31.82%, 0, 6, 2, 108.18, 446309, 9492
56570, 0, 1370, 11278, 11101, 3408, 31.82%, 0, 6, 2, 109.37, 446849, 9492
56575, 0, 1370, 11278, 11101, 3408, 31.82%, 0, 6, 2, 111.75, 447413, 9492
56760, 0, 1370, 11278, 11101, 3408, 31.82%, 0, 6, 2, 0.07, 447895, 9492
56765, 0, 1370, 11278, 11101, 3408, 31.82%, 0, 6, 2, 121.42, 448469, 9492
56770, 0, 1370, 11278, 11101, 3408, 31.82%, 0, 6, 2, 118.46, 449061, 9492
56775, 0, 1370, 11278, 11101, 3408, 31.82%, 0, 6, 2, 116.57, 449643, 9492
56780, 0, 1370, 11279, 11102, 3408, 31.82%, 0, 6, 2, 117.58, 450226, 9492
56785, 0, 1370, 11279, 11102, 3408, 31.82%, 0, 6, 2, 117.93, 450840, 9492
59073, 0, 1370, 11279, 11102, 3408, 31.82%, 0, 6, 2, 0.01, 451330, 9492
59079, 0, 1370, 11279, 11102, 3408, 31.82%, 0, 6, 2, 103.76, 451896, 9492
59084, 0, 1370, 11279, 11102, 3408, 31.82%, 0, 6, 2, 117.64, 452488, 9492
59089, 0, 1370, 11279, 11102, 3408, 31.82%, 0, 6, 2, 114.83, 453076, 9492
59094, 0, 1370, 11279, 11102, 3408, 31.82%, 0, 6, 2, 112.47, 453650, 9492
59099, 0, 1370, 11279, 11102, 3408, 31.82%, 0, 6, 2, 111.40, 454196, 9492
59284, 0, 1376, 11280, 11102, 3409, 31.82%, 0, 6, 2, 0.17, 454855, 9492
59289, 0, 1376, 11281, 11103, 3409, 31.82%, 0, 6, 2, 129.38, 455598, 9492
59294, 0, 1376, 11282, 11104, 3409, 31.82%, 0, 6, 2, 182.98, 456582, 9492
59299, 0, 1376, 11282, 11104, 3409, 31.82%, 0, 6, 2, 181.69, 457506, 9492
59304, 0, 1376, 11282, 11104, 3409, 31.82%, 0, 6, 2, 193.92, 458475, 9492
59309, 0, 1376, 11282, 11104, 3409, 31.82%, 0, 6, 2, 193.52, 459516, 9492
59494, 0, 1376, 11283, 11105, 3409, 31.82%, 0, 6, 2, 0.13, 460351, 9492
59499, 0, 1376, 11283, 11105, 3409, 31.82%, 0, 6, 2, 193.29, 461323, 9492
59504, 0, 1376, 11283, 11105, 3409, 31.82%, 0, 6, 2, 194.53, 462283, 9492
59509, 0, 1376, 11283, 11105, 3409, 31.82%, 0, 6, 2, 184.66, 463183, 9492
59514, 0, 1376, 11283, 11105, 3409, 31.82%, 0, 6, 2, 167.69, 464077, 9492
59519, 0, 1376, 11283, 11105, 3409, 31.82%, 0, 6, 2, 183.51, 464995, 9492
59704, 0, 1376, 11283, 11105, 3409, 31.82%, 0, 6, 2, 0.15, 465700, 9492
59709, 0, 1376, 11283, 11105, 3409, 31.82%, 0, 6, 2, 192.65, 466669, 9492
59715, 0, 1376, 11283, 11105, 3409, 31.82%, 0, 6, 2, 183.26, 467563, 9492
59720, 0, 1376, 11283, 11105, 3409, 31.82%, 0, 6, 2, 198.47, 468544, 9492
59725, 0, 1378, 11410, 11231, 3442, 31.99%, 0, 6, 2, 279.83, 470429, 9542
59730, 0, 1379, 11411, 11231, 3441, 31.99%, 0, 6, 2, 162.26, 471104, 9542
59915, 0, 1379, 11413, 11233, 3441, 31.99%, 0, 6, 2, 0.10, 471748, 9542
59920, 0, 1379, 11413, 11233, 3441, 31.99%, 0, 6, 2, 169.51, 472609, 9542
59925, 0, 1379, 11414, 11234, 3441, 31.99%, 0, 6, 2, 172.64, 473507, 9542
59930, 0, 1379, 11414, 11234, 3441, 31.99%, 0, 6, 2, 182.40, 474374, 9542
59935, 0, 1379, 11414, 11234, 3441, 31.99%, 0, 6, 2, 185.58, 475334, 9542
59940, 0, 1379, 11414, 11234, 3441, 31.99%, 0, 6, 2, 181.43, 476246, 9542
60125, 0, 1379, 11414, 11234, 3441, 31.99%, 0, 6, 2, 0.12, 477017, 9542
60130, 0, 1379, 11414, 11234, 3441, 31.99%, 0, 6, 2, 157.39, 477797, 9542
60135, 0, 1379, 11414, 11234, 3441, 31.99%, 0, 6, 2, 173.52, 478727, 9542
60140, 0, 1379, 11414, 11234, 3441, 31.99%, 0, 6, 2, 170.07, 479630, 9542
60146, 0, 1379, 11414, 11234, 3441, 31.99%, 0, 6, 2, 174.41, 480509, 9542
60151, 0, 1379, 11414, 11234, 3441, 31.99%, 0, 6, 2, 159.23, 481316, 9542
60335, 0, 1379, 11414, 11234, 3441, 31.99%, 0, 6, 2, 0.13, 482096, 9542
60340, 0, 1379, 11414, 11234, 3441, 31.99%, 0, 6, 2, 164.05, 482957, 9542
60345, 0, 1379, 11414, 11234, 3441, 31.99%, 0, 6, 2, 145.32, 483642, 9542
60350, 0, 1379, 11414, 11234, 3441, 31.99%, 0, 6, 2, 185.83, 484625, 9542
60355, 0, 1381, 11416, 11235, 3440, 31.99%, 0, 6, 2, 173.16, 485539, 9542
60360, 0, 1381, 11416, 11235, 3440, 31.99%, 0, 6, 2, 173.35, 486406, 9542
60546, 0, 1381, 11416, 11235, 3440, 31.99%, 0, 6, 2, 0.02, 487357, 9542
60551, 0, 1381, 11416, 11235, 3440, 31.99%, 0, 6, 2, 186.09, 488353, 9542
60556, 0, 1385, 11416, 11234, 3439, 31.99%, 0, 6, 2, 187.63, 489331, 9542
60561, 0, 1391, 11417, 11233, 3438, 31.99%, 0, 6, 2, 182.48, 490232, 9542
60566, 0, 1391, 11417, 11233, 3438, 31.99%, 0, 6, 2, 169.50, 491066, 9542
60571, 0, 1398, 11418, 11233, 3438, 31.99%, 0, 6, 2, 177.15, 491970, 9543
60756, 0, 1398, 11418, 11233, 3438, 31.99%, 0, 6, 2, 0.20, 492747, 9543
60761, 0, 1404, 11420, 11234, 3438, 31.99%, 0, 6, 2, 182.53, 493589, 9543
60766, 0, 1404, 11420, 11234, 3438, 31.99%, 0, 6, 2, 159.05, 494372, 9543
60771, 0, 1404, 11420, 11234, 3438, 31.99%, 0, 6, 2, 165.55, 495257, 9543
60776, 0, 1404, 11420, 11234, 3438, 31.99%, 0, 6, 2, 169.67, 496091, 9543
60781, 0, 1416, 11421, 11234, 3438, 31.99%, 0, 6, 2, 151.10, 496842, 9543
60966, 0, 1416, 11423, 11236, 3438, 31.99%, 0, 6, 2, 0.05, 497513, 9543
60971, 0, 1416, 11423, 11236, 3438, 31.99%, 0, 6, 2, 159.50, 498362, 9543
60976, 0, 1416, 11423, 11236, 3438, 31.99%, 0, 6, 2, 135.09, 499077, 9543
60981, 0, 1416, 11423, 11236, 3438, 31.99%, 0, 6, 2, 161.48, 499895, 9543
60986, 0, 1416, 11423, 11236, 3438, 31.99%, 0, 6, 2, 145.33, 500651, 9543
60992, 0, 1416, 11423, 11236, 3438, 31.99%, 0, 6, 2, 124.39, 501269, 9543
63280, 0, 1416, 11423, 11236, 3438, 31.99%, 0, 6, 2, 0.01, 501841, 9543
63285, 0, 1416, 11423, 11236, 3438, 31.99%, 0, 6, 2, 112.09, 502447, 9543
63290, 0, 1416, 11423, 11236, 3438, 31.99%, 0, 6, 2, 147.75, 503157, 9543
63295, 0, 1419, 11425, 11237, 3437, 31.99%, 0, 6, 2, 181.18, 504118, 9543
63300, 0, 1419, 11425, 11237, 3437, 31.99%, 0, 6, 2, 143.05, 504795, 9543
63305, 0, 1419, 11425, 11237, 3437, 31.99%, 0, 6, 2, 152.76, 505552, 9543
63490, 0, 1420, 11580, 11391, 3499, 32.36%, 0, 6, 2, 0.09, 507442, 9653
63495, 0, 1421, 11581, 11391, 3499, 32.36%, 0, 6, 2, 156.47, 508265, 9653
63500, 0, 1421, 11581, 11391, 3499, 32.36%, 0, 6, 2, 111.37, 508807, 9653
63505, 0, 1421, 11581, 11391, 3499, 32.36%, 0, 6, 2, 123.31, 509391, 9653
63510, 0, 1428, 11581, 11390, 3499, 32.36%, 0, 6, 2, 135.37, 510077, 9653
63515, 0, 1442, 11581, 11388, 3497, 32.36%, 0, 6, 2, 158.07, 510896, 9653
63700, 0, 1443, 11581, 11387, 3496, 32.36%, 0, 6, 2, 0.17, 511637, 9653
63705, 0, 1446, 11581, 11386, 3495, 32.36%, 0, 6, 2, 181.47, 512519, 9653
63710, 0, 1448, 11581, 11384, 3493, 32.36%, 0, 6, 2, 192.69, 513515, 9653
63715, 0, 1449, 11583, 11385, 3492, 32.36%, 0, 6, 2, 84.38, 514230, 9653
63720, 0, 1449, 11584, 11386, 3492, 32.36%, 0, 6, 2, 150.29, 515068, 9653
63726, 0, 1449, 11585, 11387, 3492, 32.36%, 0, 6, 2, 163.48, 515898, 9653
63911, 0, 1449, 11585, 11387, 3492, 32.36%, 0, 6, 2, 0.08, 516642, 9653
63916, 0, 1449, 11585, 11387, 3492, 32.36%, 0, 6, 2, 146.00, 517417, 9653
63921, 0, 1449, 11585, 11387, 3492, 32.36%, 0, 6, 2, 150.62, 518181, 9653
63926, 0, 1449, 11585, 11387, 3492, 32.36%, 0, 6, 2, 159.54, 519012, 9653
63931, 0, 1449, 11585, 11387, 3492, 32.36%, 0, 6, 2, 175.58, 519924, 9653
63936, 0, 1449, 11585, 11387, 3492, 32.36%, 0, 6, 2, 179.41, 520827, 9653
64121, 0, 1449, 11585, 11387, 3492, 32.36%, 0, 6, 2, 0.02, 521475, 9653
64126, 0, 1449, 11585, 11387, 3492, 32.36%, 0, 6, 2, 136.89, 522193, 9653
64131, 0, 1449, 11585, 11387, 3492, 32.36%, 0, 6, 2, 152.93, 522963, 9653
64136, 0, 1466, 11585, 11386, 3492, 32.36%, 0, 6, 2, 158.40, 523773, 9653
64141, 0, 1469, 11586, 11386, 3491, 32.36%, 0, 6, 2, 135.02, 524414, 9653
64146, 0, 1469, 11586, 11386, 3491, 32.36%, 0, 6, 2, 135.87, 525086, 9653
64331, 0, 1470, 11586, 11385, 3491, 32.36%, 0, 6, 2, 0.18, 525584, 9653
64336, 0, 1473, 11586, 11384, 3490, 32.36%, 0, 6, 2, 149.10, 526242, 9653
64341, 0, 1480, 11589, 11386, 3489, 32.36%, 0, 6, 2, 153.72, 527027, 9653
64347, 0, 1480, 11589, 11386, 3489, 32.36%, 0, 6, 2, 169.97, 527903, 9653
64352, 0, 1480, 11589, 11386, 3489, 32.36%, 0, 6, 2, 160.39, 528728, 9653
64357, 0, 1480, 11589, 11386, 3489, 32.36%, 0, 6, 2, 186.78, 529706, 9653
64541, 0, 1480, 11590, 11387, 3489, 32.36%, 0, 6, 2, 0.08, 530188, 9653
64547, 0, 1480, 11590, 11387, 3489, 32.36%, 0, 6, 2, 112.53, 530730, 9653
64552, 0, 1480, 11590, 11387, 3489, 32.36%, 0, 6, 2, 147.73, 531542, 9653
64557, 0, 1480, 11590, 11387, 3489, 32.36%, 0, 6, 2, 118.95, 532198, 9653
64562, 0, 1480, 11591, 11388, 3489, 32.36%, 0, 6, 2, 104.15, 532695, 9653
64567, 0, 1480, 11591, 11388, 3489, 32.36%, 0, 6, 2, 91.39, 533155, 9653
64752, 0, 1480, 11591, 11388, 3489, 32.36%, 0, 6, 2, 0.10, 533657, 9653
64757, 0, 1480, 11591, 11388, 3489, 32.36%, 0, 6, 2, 128.10, 534375, 9653
64762, 0, 1480, 11591, 11388, 3489, 32.36%, 0, 6, 2, 150.39, 535189, 9653
64767, 0, 1480, 11591, 11388, 3489, 32.36%, 0, 6, 2, 151.72, 535945, 9653
64772, 0, 1480, 11591, 11388, 3489, 32.36%, 0, 6, 2, 178.01, 536842, 9653
64777, 0, 1480, 11591, 11388, 3489, 32.36%, 0, 6, 2, 170.61, 537688, 9653
64962, 0, 1480, 11591, 11388, 3489, 32.36%, 0, 6, 2, 0.02, 538567, 9653
64967, 0, 1480, 11591, 11388, 3489, 32.36%, 0, 6, 2, 152.51, 539341, 9653
64972, 0, 1480, 11591, 11388, 3489, 32.36%, 0, 6, 2, 148.82, 540085, 9653
64977, 0, 1480, 11591, 11388, 3489, 32.36%, 0, 6, 2, 171.75, 540982, 9653
64982, 0, 1480, 11591, 11388, 3489, 32.36%, 0, 6, 2, 168.35, 541786, 9653
64987, 0, 1480, 11591, 11388, 3489, 32.36%, 0, 6, 2, 174.30, 542635, 9653
65172, 0, 1480, 11591, 11388, 3489, 32.36%, 0, 6, 2, 0.10, 543358, 9653
65177, 0, 1480, 11591, 11388, 3489, 32.36%, 0, 6, 2, 179.48, 544207, 9653
65183, 0, 1480, 11591, 11388, 3489, 32.36%, 0, 6, 2, 170.34, 545050, 9653
65188, 0, 1481, 11591, 11387, 3489, 32.36%, 0, 6, 2, 149.55, 545830, 9653
65193, 0, 1484, 11591, 11386, 3488, 32.36%, 0, 6, 2, 137.94, 546483, 9653
65198, 0, 1501, 11591, 11384, 3487, 32.36%, 0, 6, 2, 168.84, 547372, 9653
67486, 0, 1501, 11591, 11384, 3487, 32.36%, 0, 6, 2, 0.01, 547787, 9653
67491, 0, 1516, 11592, 11384, 3487, 32.36%, 0, 6, 2, 86.92, 548233, 9653
67496, 0, 1516, 11592, 11384, 3487, 32.36%, 0, 6, 2, 89.95, 548718, 9653
67501, 0, 1517, 11676, 11467, 3486, 32.42%, 0, 6, 2, 1782.02, 549837, 9670
67506, 0, 1524, 11681, 11472, 3497, 32.44%, 0, 6, 2, 114.75, 550359, 9676
67512, 0, 1524, 11681, 11472, 3497, 32.44%, 0, 6, 2, 96.80, 550817, 9676
67696, 0, 1526, 11681, 11471, 3497, 32.44%, 0, 6, 2, 0.09, 551139, 9676
67701, 0, 1526, 11681, 11471, 3497, 32.44%, 0, 6, 2, 86.20, 551570, 9676
67706, 0, 1540, 11681, 11470, 3496, 32.44%, 0, 6, 2, 91.51, 552037, 9676
67711, 0, 1557, 11681, 11469, 3496, 32.44%, 0, 6, 2, 133.49, 552697, 9676
67717, 0, 1573, 11681, 11467, 3494, 32.44%, 0, 6, 2, 153.84, 553534, 9676
67722, 0, 1573, 11682, 11468, 3494, 32.44%, 0, 6, 2, 128.01, 554146, 9676
67906, 0, 1573, 11682, 11468, 3494, 32.44%, 0, 6, 2, 0.12, 554674, 9676
67912, 0, 1615, 11682, 11466, 3492, 32.44%, 0, 6, 2, 209.63, 555620, 9676
67917, 0, 1630, 11682, 11465, 3491, 32.44%, 0, 6, 2, 149.39, 556274, 9676
67922, 0, 1637, 11683, 11465, 3490, 32.44%, 0, 6, 2, 146.75, 556963, 9676
67927, 0, 1637, 11683, 11465, 3490, 32.44%, 0, 6, 2, 128.07, 557605, 9676
67932, 0, 1641, 11684, 11465, 3490, 32.44%, 0, 6, 2, 125.76, 558214, 9676
68117, 0, 1644, 11684, 11464, 3490, 32.44%, 0, 6, 2, 0.18, 558934, 9676
68122, 0, 1652, 11684, 11463, 3489, 32.44%, 0, 6, 2, 137.76, 559664, 9676
68127, 0, 1665, 11684, 11462, 3488, 32.44%, 0, 6, 2, 104.46, 560154, 9676
68132, 0, 1665, 11684, 11462, 3488, 32.44%, 0, 6, 2, 107.24, 560696, 9676
68137, 0, 1670, 11686, 11463, 3487, 32.44%, 0, 6, 2, 96.06, 561189, 9676
68142, 0, 1670, 11686, 11463, 3487, 32.44%, 0, 6, 2, 85.23, 561604, 9676
68327, 0, 1670, 11687, 11464, 3487, 32.44%, 0, 6, 2, 0.08, 561987, 9676
68332, 0, 1670, 11687, 11464, 3487, 32.44%, 0, 6, 2, 100.40, 562465, 9676
68337, 0, 1670, 11687, 11464, 3487, 32.44%, 0, 6, 2, 95.17, 562934, 9676
68342, 0, 1670, 11687, 11464, 3487, 32.44%, 0, 6, 2, 94.74, 563432, 9676
68347, 0, 1670, 11688, 11465, 3487, 32.44%, 0, 6, 2, 111.10, 564002, 9676
68353, 0, 1670, 11688, 11465, 3487, 32.44%, 0, 6, 2, 116.95, 564602, 9676
68537, 0, 1670, 11688, 11465, 3487, 32.44%, 0, 6, 2, 0.06, 565120, 9676
68543, 0, 1670, 11688, 11465, 3487, 32.44%, 0, 6, 2, 147.89, 565808, 9676
68548, 0, 1670, 11688, 11465, 3487, 32.44%, 0, 6, 2, 118.89, 566386, 9676
68553, 0, 1670, 11688, 11465, 3487, 32.44%, 0, 6, 2, 146.86, 567078, 9676
68558, 0, 1670, 11688, 11465, 3487, 32.44%, 0, 6, 2, 110.91, 567644, 9676
68563, 0, 1670, 11688, 11465, 3487, 32.44%, 0, 6, 2, 121.28, 568292, 9676
68748, 0, 1670, 11688, 11465, 3487, 32.44%, 0, 6, 2, 0.10, 568838, 9676
68753, 0, 1670, 11688, 11465, 3487, 32.44%, 0, 6, 2, 130.95, 569538, 9676
68758, 0, 1670, 11688, 11465, 3487, 32.44%, 0, 6, 2, 123.84, 570136, 9676
68763, 0, 1673, 11688, 11464, 3487, 32.44%, 0, 6, 2, 134.03, 570730, 9676
68768, 0, 1673, 11689, 11465, 3487, 32.44%, 0, 6, 2, 128.83, 571353, 9676
68773, 0, 1679, 11689, 11463, 3485, 32.44%, 0, 6, 2, 182.48, 572469, 9676
68958, 0, 1680, 11690, 11463, 3484, 32.44%, 0, 6, 2, 0.01, 573062, 9676
68963, 0, 1680, 11690, 11463, 3484, 32.44%, 0, 6, 2, 105.77, 573652, 9676
68968, 0, 1681, 11690, 11462, 3483, 32.44%, 0, 6, 2, 114.40, 574272, 9676
68974, 0, 1682, 11690, 11461, 3482, 32.44%, 0, 6, 2, 125.45, 574890, 9676
68979, 0, 1703, 11690, 11459, 3480, 32.44%, 0, 6, 2, 137.45, 575572, 9676
68984, 0, 1708, 11690, 11458, 3479, 32.44%, 0, 6, 2, 146.63, 576282, 9676
69168, 0, 1714, 11690, 11456, 3477, 32.44%, 0, 6, 2, 0.05, 577049, 9676
69174, 0, 1718, 11690, 11455, 3476, 32.44%, 0, 6, 2, 122.66, 577670, 9676
69179, 0, 1722, 11690, 11454, 3475, 32.44%, 0, 6, 2, 195.90, 578627, 9676
69184, 0, 1740, 11690, 11452, 3473, 32.44%, 0, 6, 2, 190.15, 579542, 9676
69189, 0, 1758, 11690, 11450, 3471, 32.44%, 0, 6, 2, 246.87, 580884, 9676
69194, 0, 1776, 11690, 11448, 3469, 32.44%, 0, 6, 2, 221.12, 582124, 9676
69379, 0, 1779, 11690, 11447, 3468, 32.44%, 0, 6, 2, 0.08, 582884, 9676
69384, 0, 1783, 11690, 11445, 3466, 32.44%, 0, 6, 2, 224.39, 584040, 9676
69389, 0, 1786, 11690, 11443, 3464, 32.44%, 0, 6, 2, 241.19, 585284, 9676
69394, 0, 1788, 11690, 11441, 3462, 32.44%, 0, 6, 2, 255.17, 586590, 9676
69399, 0, 1795, 11690, 11438, 3460, 32.44%, 0, 6, 2, 303.27, 588188, 9676
69404, 0, 1812, 11690, 11436, 3458, 32.44%, 0, 6, 2, 203.06, 589115, 9676
71692, 0, 1816, 11690, 11434, 3456, 32.44%, 0, 6, 2, 0.03, 590465, 9676
71697, 0, 1821, 11757, 11499, 3462, 32.45%, 0, 6, 2, 343.39, 592359, 9681
71702, 0, 1840, 11757, 11496, 3459, 32.45%, 0, 6, 2, 290.00, 593754, 9681
71707, 0, 1876, 11757, 11494, 3457, 32.45%, 0, 6, 2, 277.38, 595174, 9681
71712, 0, 1881, 11757, 11492, 3455, 32.45%, 0, 6, 2, 272.02, 596614, 9681
71717, 0, 1886, 11757, 11489, 3452, 32.45%, 0, 6, 2, 252.76, 597979, 9681
71902, 0, 1891, 11757, 11487, 3450, 32.45%, 0, 6, 2, 0.03, 599364, 9681
71907, 0, 1894, 11757, 11485, 3448, 32.45%, 0, 6, 2, 267.37, 600719, 9681
71912, 0, 1899, 11757, 11481, 3444, 32.45%, 0, 6, 2, 323.30, 602464, 9681
71918, 0, 1902, 11757, 11479, 3442, 32.45%, 0, 6, 2, 279.96, 603819, 9681
71923, 0, 1906, 11757, 11476, 3439, 32.45%, 0, 6, 2, 264.52, 605139, 9681
71928, 0, 1908, 11757, 11474, 3437, 32.45%, 0, 6, 2, 291.78, 606614, 9681
72112, 0, 1911, 11757, 11472, 3435, 32.45%, 0, 6, 2, 0.39, 608033, 9681
72118, 0, 1919, 11757, 11469, 3432, 32.45%, 0, 6, 2, 235.49, 609318, 9681
72123, 0, 1930, 11757, 11468, 3431, 32.45%, 0, 6, 2, 173.68, 610173, 9681
72128, 0, 1967, 11757, 11467, 3430, 32.45%, 0, 6, 2, 143.25, 610880, 9681
72133, 0, 1971, 11757, 11466, 3429, 32.45%, 0, 6, 2, 121.43, 611440, 9681
72138, 0, 1972, 11757, 11465, 3428, 32.45%, 0, 6, 2, 121.04, 612076, 9681
72323, 0, 1984, 11757, 11463, 3426, 32.45%, 0, 6, 2, 0.08, 612771, 9681
72328, 0, 1988, 11757, 11462, 3425, 32.45%, 0, 6, 2, 139.49, 613460, 9681
72333, 0, 2007, 11757, 11461, 3424, 32.45%, 0, 6, 2, 109.56, 614024, 9681
72338, 0, 2009, 11757, 11460, 3423, 32.45%, 0, 6, 2, 91.79, 614463, 9681
72343, 0, 2010, 11757, 11459, 3422, 32.45%, 0, 6, 2, 93.38, 614900, 9681
72348, 0, 2011, 11757, 11458, 3421, 32.45%, 0, 6, 2, 144.60, 615680, 9681
72533, 0, 2023, 11757, 11457, 3420, 32.45%, 0, 6, 2, 0.03, 616419, 9681
72538, 0, 2049, 11757, 11455, 3418, 32.45%, 0, 6, 2, 129.23, 617038, 9681
72543, 0, 2054, 11758, 11455, 3417, 32.45%, 0, 6, 2, 179.03, 618001, 9681
72548, 0, 2054, 11759, 11456, 3417, 32.45%, 0, 6, 2, 171.13, 618824, 9681
72554, 0, 2054, 11759, 11456, 3417, 32.45%, 0, 6, 2, 167.21, 619673, 9681
72559, 0, 2054, 11759, 11456, 3417, 32.45%, 0, 6, 2, 154.58, 620429, 9681
72743, 0, 2054, 11759, 11456, 3417, 32.45%, 0, 6, 2, 0.07, 621209, 9681
72748, 0, 2055, 11759, 11455, 3417, 32.45%, 0, 6, 2, 186.91, 622091, 9681
72754, 0, 2062, 11759, 11453, 3415, 32.45%, 0, 6, 2, 188.32, 623009, 9681
72759, 0, 2064, 11761, 11454, 3414, 32.45%, 0, 6, 2, 355.09, 624826, 9681
72764, 0, 2076, 11761, 11453, 3413, 32.45%, 0, 6, 2, 242.15, 626070, 9681
72769, 0, 2077, 11761, 11452, 3412, 32.45%, 0, 6, 2, 145.48, 626692, 9681
72954, 0, 2077, 11762, 11453, 3412, 32.45%, 0, 6, 2, 0.14, 627217, 9681
72959, 0, 2077, 11762, 11453, 3412, 32.45%, 0, 6, 2, 110.61, 627789, 9681
72964, 0, 2077, 11762, 11453, 3412, 32.45%, 0, 6, 2, 105.24, 628303, 9681
72969, 0, 2081, 11763, 11453, 3411, 32.46%, 0, 6, 2, 171.99, 629211, 9682
72974, 0, 2087, 11763, 11452, 3412, 32.46%, 0, 6, 2, 191.03, 630138, 9682
72979, 0, 2089, 11763, 11451, 3411, 32.46%, 0, 6, 2, 187.22, 631092, 9682
73164, 0, 2090, 11763, 11450, 3411, 32.46%, 0, 6, 2, 0.08, 631974, 9682
73169, 0, 2094, 11763, 11449, 3410, 32.46%, 0, 6, 2, 176.60, 632862, 9682
73174, 0, 2096, 11763, 11448, 3409, 32.46%, 0, 6, 2, 170.00, 633777, 9682
73179, 0, 2097, 11764, 11448, 3408, 32.46%, 0, 6, 2, 176.51, 634657, 9682
73184, 0, 2098, 11764, 11447, 3408, 32.46%, 0, 6, 2, 176.28, 635557, 9682
73190, 0, 2104, 11764, 11445, 3406, 32.46%, 0, 6, 2, 206.52, 636705, 9682
73374, 0, 2113, 11766, 11446, 3405, 32.46%, 0, 6, 2, 0.10, 637458, 9682
73379, 0, 2113, 11766, 11446, 3405, 32.46%, 0, 6, 2, 160.38, 638307, 9682
73384, 0, 2113, 11766, 11446, 3405, 32.46%, 0, 6, 2, 161.94, 639102, 9682
73389, 0, 2113, 11766, 11446, 3405, 32.46%, 0, 6, 2, 174.75, 639981, 9682
73395, 0, 2121, 11767, 11446, 3405, 32.46%, 0, 6, 2, 182.22, 640933, 9682
73400, 0, 2121, 11767, 11446, 3405, 32.46%, 0, 6, 2, 172.55, 641803, 9682
73585, 0, 2121, 11768, 11447, 3405, 32.46%, 0, 6, 2, 0.08, 642608, 9682
73590, 0, 2121, 11769, 11448, 3405, 32.46%, 0, 6, 2, 165.38, 643554, 9682
73595, 0, 2121, 11769, 11448, 3405, 32.46%, 0, 6, 2, 172.97, 644439, 9682
73600, 0, 2121, 11769, 11448, 3405, 32.46%, 0, 6, 2, 168.45, 645306, 9682
73605, 0, 2121, 11769, 11448, 3405, 32.46%, 0, 6, 2, 181.65, 646176, 9682
73610, 0, 2121, 11769, 11448, 3405, 32.46%, 0, 6, 2, 151.52, 646923, 9682
75898, 0, 2121, 11769, 11448, 3405, 32.46%, 0, 6, 2, 0.01, 647598, 9682
75903, 0, 2126, 11769, 11447, 3405, 32.46%, 0, 6, 2, 156.17, 648381, 9682
75908, 0, 2132, 11839, 11515, 3417, 32.56%, 0, 6, 2, 127.43, 649647, 9712
75913, 0, 2135, 11839, 11514, 3416, 32.56%, 0, 6, 2, 151.98, 650431, 9712
75919, 0, 2139, 11839, 11513, 3415, 32.56%, 0, 6, 2, 145.82, 651217, 9712
75924, 0, 2141, 11839, 11511, 3413, 32.56%, 0, 6, 2, 218.20, 652345, 9712
76108, 0, 2142, 11840, 11511, 3412, 32.56%, 0, 6, 2, 0.18, 653141, 9712
76114, 0, 2142, 11840, 11511, 3412, 32.56%, 0, 6, 2, 144.41, 653846, 9712
76119, 0, 2159, 11840, 11509, 3411, 32.56%, 0, 6, 2, 151.34, 654650, 9712
76124, 0, 2173, 11840, 11508, 3410, 32.56%, 0, 6, 2, 139.17, 655370, 9712
76129, 0, 2180, 11840, 11507, 3409, 32.56%, 0, 6, 2, 128.93, 656036, 9712
76134, 0, 2185, 11840, 11506, 3408, 32.56%, 0, 6, 2, 135.68, 656718, 9712
79954, 0, 2191, 11840, 11505, 3407, 32.56%, 0, 6, 2, 0.01, 657390, 9712
80105, 0, 2191, 11840, 11505, 3407, 32.56%, 0, 6, 2, 0.10, 657405, 9712
80110, 0, 2193, 12373, 12036, 3405, 33.48%, 0, 6, 2, 2011.01, 662386, 9988
80115, 0, 2195, 12390, 12052, 3516, 33.48%, 0, 6, 2, 243.91, 663356, 9988
80120, 0, 2202, 12390, 12051, 3515, 33.48%, 0, 6, 2, 190.07, 664320, 9988
80125, 0, 2209, 12390, 12049, 3513, 33.48%, 0, 6, 2, 178.06, 665235, 9988
80130, 0, 2210, 12390, 12048, 3512, 33.48%, 0, 6, 2, 155.84, 666018, 9988
80315, 0, 2215, 12392, 12049, 3511, 33.48%, 0, 6, 2, 0.13, 666590, 9988
80320, 0, 2215, 12393, 12050, 3511, 33.48%, 0, 6, 2, 129.70, 667279, 9988
80325, 0, 2215, 12393, 12050, 3511, 33.48%, 0, 6, 2, 133.12, 667903, 9988
80330, 0, 2215, 12393, 12050, 3511, 33.48%, 0, 6, 2, 124.76, 668545, 9988
80335, 0, 2215, 12393, 12050, 3511, 33.48%, 0, 6, 2, 124.44, 669227, 9988
80340, 0, 2215, 12393, 12050, 3511, 33.48%, 0, 6, 2, 130.99, 669873, 9988
80525, 0, 2215, 12393, 12050, 3511, 33.48%, 0, 6, 2, 0.12, 670549, 9988
80530, 0, 2221, 12394, 12050, 3511, 33.48%, 0, 6, 2, 139.23, 671230, 9988
80535, 0, 2221, 12395, 12051, 3511, 33.48%, 0, 6, 2, 127.52, 671841, 9988
80540, 0, 2221, 12395, 12051, 3511, 33.48%, 0, 6, 2, 121.41, 672449, 9988
80545, 0, 2221, 12395, 12051, 3511, 33.48%, 0, 6, 2, 127.11, 673067, 9988
80550, 0, 2222, 12395, 12050, 3511, 33.48%, 0, 6, 2, 139.11, 673729, 9988
80736, 0, 2239, 12395, 12049, 3510, 33.48%, 0, 6, 2, 0.06, 674409, 9988
80741, 0, 2241, 12395, 12048, 3509, 33.48%, 0, 6, 2, 126.52, 675107, 9988
80746, 0, 2245, 12398, 12050, 3508, 33.48%, 0, 6, 2, 130.73, 675814, 9988
80751, 0, 2245, 12398, 12050, 3508, 33.48%, 0, 6, 2, 145.38, 676566, 9988
80756, 0, 2245, 12398, 12050, 3508, 33.48%, 0, 6, 2, 135.95, 677264, 9988
80761, 0, 2245, 12398, 12050, 3508, 33.48%, 0, 6, 2, 128.27, 677892, 9988
80946, 0, 2245, 12398, 12050, 3508, 33.48%, 0, 6, 2, 0.12, 678581, 9988
80951, 0, 2245, 12398, 12050, 3508, 33.48%, 0, 6, 2, 132.54, 679248, 9988
80956, 0, 2245, 12398, 12050, 3508, 33.48%, 0, 6, 2, 131.12, 679876, 9988
80961, 0, 2251, 12399, 12049, 3506, 33.48%, 0, 6, 2, 120.09, 680445, 9988
80966, 0, 2251, 12400, 12050, 3506, 33.48%, 0, 6, 2, 131.90, 681148, 9988
80971, 0, 2251, 12400, 12050, 3506, 33.48%, 0, 6, 2, 143.46, 681906, 9988
81156, 0, 2251, 12400, 12050, 3506, 33.48%, 0, 6, 2, 0.06, 682504, 9988
81161, 0, 2256, 12400, 12049, 3506, 33.48%, 0, 6, 2, 158.15, 683324, 9988
81166, 0, 2257, 12401, 12049, 3505, 33.48%, 0, 6, 2, 156.55, 684043, 9988
81172, 0, 2265, 12401, 12048, 3504, 33.48%, 0, 6, 2, 133.94, 684713, 9988
81177, 0, 2265, 12402, 12049, 3504, 33.48%, 0, 6, 2, 96.55, 685145, 9988
81182, 0, 2265, 12402, 12049, 3504, 33.48%, 0, 6, 2, 96.18, 685606, 9988
81367, 0, 2277, 12402, 12048, 3504, 33.48%, 0, 6, 2, 0.05, 686347, 9988
81372, 0, 2284, 12402, 12046, 3502, 33.48%, 0, 6, 2, 152.93, 687090, 9988
81377, 0, 2285, 12402, 12045, 3501, 33.48%, 0, 6, 2, 133.42, 687826, 9988
81382, 0, 2291, 12402, 12043, 3499, 33.48%, 0, 6, 2, 255.34, 689130, 9988
81387, 0, 2299, 12402, 12040, 3496, 33.48%, 0, 6, 2, 310.24, 690766, 9988
81392, 0, 2320, 12402, 12038, 3494, 33.48%, 0, 6, 2, 281.53, 692171, 9988
81577, 0, 2329, 12402, 12036, 3492, 33.48%, 0, 6, 2, 0.12, 693175, 9988
81582, 0, 2336, 12402, 12035, 3492, 33.48%, 0, 6, 2, 88.40, 693629, 9988
81587, 0, 2339, 12402, 12034, 3491, 33.48%, 0, 6, 2, 209.65, 694594, 9988
81592, 0, 2355, 12402, 12031, 3488, 33.48%, 0, 6, 2, 298.81, 696280, 9988
81597, 0, 2360, 12402, 12029, 3486, 33.48%, 0, 6, 2, 238.23, 697466, 9988
81602, 0, 2365, 12403, 12028, 3484, 33.48%, 0, 6, 2, 249.15, 698713, 9988
81787, 0, 2371, 12403, 12027, 3484, 33.48%, 0, 6, 2, 0.22, 699829, 9988
81792, 0, 2374, 12403, 12025, 3482, 33.48%, 0, 6, 2, 224.15, 700985, 9988
81797, 0, 2376, 12403, 12023, 3480, 33.48%, 0, 6, 2, 280.17, 702428, 9988
81802, 0, 2378, 12403, 12021, 3478, 33.48%, 0, 6, 2, 250.02, 703629, 9988
81807, 0, 2381, 12403, 12018, 3475, 33.48%, 0, 6, 2, 276.85, 705098, 9988
81813, 0, 2386, 12403, 12016, 3473, 33.48%, 0, 6, 2, 267.42, 706493, 9988
81998, 0, 2391, 12403, 12014, 3471, 33.48%, 0, 6, 2, 0.04, 707529, 9988
82003, 0, 2393, 12403, 12012, 3469, 33.48%, 0, 6, 2, 309.13, 709001, 9988
82008, 0, 2405, 12403, 12009, 3466, 33.48%, 0, 6, 2, 271.45, 710323, 9988
82013, 0, 2411, 12403, 12007, 3465, 33.48%, 0, 6, 2, 321.59, 711971, 9988
82018, 0, 2419, 12403, 12004, 3462, 33.48%, 0, 6, 2, 319.94, 713607, 9988
82023, 0, 2438, 12403, 12001, 3459, 33.48%, 0, 6, 2, 305.95, 715123, 9988
84311, 0, 2449, 12403, 11999, 3457, 33.48%, 0, 6, 2, 0.03, 716571, 9988
84316, 0, 2458, 12463, 12056, 3462, 33.55%, 0, 6, 2, 307.14, 718397, 10009
84321, 0, 2467, 12463, 12055, 3461, 33.55%, 0, 6, 2, 220.66, 719245, 10009
84326, 0, 2477, 12463, 12052, 3458, 33.55%, 0, 6, 2, 279.32, 720771, 10009
84331, 0, 2481, 12463, 12049, 3455, 33.55%, 0, 6, 2, 344.02, 722750, 10009
84336, 0, 2483, 12463, 12047, 3453, 33.55%, 0, 6, 2, 284.66, 724156, 10009
84521, 0, 2490, 12463, 12044, 3450, 33.55%, 0, 6, 2, 0.33, 725801, 10009
84526, 0, 2494, 12463, 12042, 3448, 33.55%, 0, 6, 2, 304.04, 727307, 10009
84531, 0, 2503, 12463, 12039, 3445, 33.55%, 0, 6, 2, 276.33, 728676, 10009
84536, 0, 2507, 12463, 12037, 3443, 33.55%, 0, 6, 2, 269.43, 730021, 10009
84541, 0, 2538, 12463, 12035, 3441, 33.55%, 0, 6, 2, 286.67, 731466, 10009
84546, 0, 2564, 12463, 12032, 3438, 33.55%, 0, 6, 2, 319.58, 733109, 10009
84732, 0, 2581, 12463, 12030, 3436, 33.55%, 0, 6, 2, 0.19, 734336, 10009
84737, 0, 2589, 12463, 12028, 3434, 33.55%, 0, 6, 2, 285.13, 735646, 10009
84742, 0, 2592, 12463, 12025, 3431, 33.55%, 0, 6, 2, 261.53, 736986, 10009
84747, 0, 2599, 12463, 12023, 3429, 33.55%, 0, 6, 2, 278.11, 738451, 10009
84752, 0, 2611, 12463, 12021, 3427, 33.55%, 0, 6, 2, 285.52, 739816, 10009
84757, 0, 2618, 12463, 12018, 3424, 33.55%, 0, 6, 2, 303.90, 741317, 10009
84942, 0, 2630, 12463, 12017, 3423, 33.55%, 0, 6, 2, 0.02, 742173, 10009
84947, 0, 2633, 12464, 12017, 3422, 33.55%, 0, 6, 2, 164.25, 743028, 10009
84952, 0, 2637, 12464, 12016, 3422, 33.55%, 0, 6, 2, 144.79, 743764, 10009
84957, 0, 2645, 12464, 12015, 3421, 33.55%, 0, 6, 2, 129.45, 744416, 10009
84962, 0, 2646, 12464, 12014, 3420, 33.55%, 0, 6, 2, 135.86, 745150, 10009
84967, 0, 2647, 12464, 12013, 3419, 33.55%, 0, 6, 2, 119.60, 745696, 10009
85152, 0, 2651, 12464, 12012, 3418, 33.55%, 0, 6, 2, 0.09, 746398, 10009
85157, 0, 2652, 12464, 12011, 3417, 33.55%, 0, 6, 2, 128.78, 747082, 10009
85162, 0, 2662, 12464, 12009, 3415, 33.55%, 0, 6, 2, 151.58, 747826, 10009
85167, 0, 2673, 12464, 12007, 3413, 33.55%, 0, 6, 2, 291.18, 749438, 10009
85173, 0, 2680, 12464, 12004, 3410, 33.55%, 0, 6, 2, 270.60, 750833, 10009
85178, 0, 2681, 12464, 12003, 3409, 33.55%, 0, 6, 2, 146.67, 751436, 10009
85363, 0, 2682, 12464, 12002, 3408, 33.55%, 0, 6, 2, 0.35, 752322, 10009
85368, 0, 2706, 12465, 12001, 3406, 33.55%, 0, 6, 2, 221.30, 753339, 10009
85373, 0, 2706, 12465, 12001, 3406, 33.55%, 0, 6, 2, 168.74, 754123, 10009
85378, 0, 2714, 12465, 12000, 3406, 33.55%, 0, 6, 2, 156.77, 754900, 10009
85383, 0, 2724, 12465, 11998, 3404, 33.55%, 0, 6, 2, 137.89, 755577, 10009
85388, 0, 2731, 12465, 11997, 3403, 33.55%, 0, 6, 2, 172.91, 756475, 10009
85573, 0, 2738, 12465, 11995, 3401, 33.55%, 0, 6, 2, 0.05, 757249, 10009
85578, 0, 2739, 12465, 11994, 3400, 33.55%, 0, 6, 2, 212.09, 758317, 10009
85583, 0, 2759, 12465, 11991, 3397, 33.55%, 0, 6, 2, 234.11, 759497, 10009
85588, 0, 2763, 12466, 11989, 3395, 33.55%, 0, 6, 2, 310.38, 761288, 10009
85593, 0, 2767, 12466, 11986, 3392, 33.55%, 0, 6, 2, 291.26, 762866, 10009
85598, 0, 2772, 12466, 11983, 3389, 33.55%, 0, 6, 2, 314.11, 764437, 10009
85783, 0, 2796, 12466, 11979, 3385, 33.55%, 0, 6, 2, 0.34, 765992, 10009
85788, 0, 2803, 12466, 11978, 3384, 33.55%, 0, 6, 2, 184.43, 766892, 10009
85793, 0, 2814, 12466, 11977, 3384, 33.55%, 0, 6, 2, 171.26, 767687, 10009
85798, 0, 2816, 12466, 11975, 3382, 33.55%, 0, 6, 2, 178.09, 768608, 10009
85804, 0, 2817, 12466, 11974, 3381, 33.55%, 0, 6, 2, 175.02, 769496, 10009
85809, 0, 2820, 12466, 11972, 3379, 33.55%, 0, 6, 2, 181.05, 770450, 10009
85993, 0, 2820, 12467, 11973, 3379, 33.55%, 0, 6, 2, 0.20, 771129, 10009
85999, 0, 2820, 12467, 11973, 3379, 33.55%, 0, 6, 2, 187.58, 771921, 10009
86004, 0, 2825, 12467, 11971, 3377, 33.55%, 0, 6, 2, 167.87, 772785, 10009
86009, 0, 2826, 12467, 11970, 3376, 33.55%, 0, 6, 2, 137.34, 773493, 10009
86014, 0, 2831, 12469, 11971, 3375, 33.55%, 0, 6, 2, 127.78, 774079, 10009
86019, 0, 2831, 12469, 11971, 3375, 33.55%, 0, 6, 2, 161.89, 774914, 10009
86204, 0, 2835, 12469, 11970, 3375, 33.55%, 0, 6, 2, 0.10, 775625, 10009
86209, 0, 2835, 12469, 11970, 3375, 33.55%, 0, 6, 2, 106.87, 776107, 10009
86214, 0, 2853, 12469, 11967, 3372, 33.55%, 0, 6, 2, 272.47, 777633, 10009
86219, 0, 2857, 12469, 11965, 3370, 33.55%, 0, 6, 2, 199.41, 778629, 10009
86224, 0, 2859, 12469, 11964, 3369, 33.55%, 0, 6, 2, 137.95, 779293, 10009
86229, 0, 2862, 12469, 11963, 3368, 33.55%, 0, 6, 2, 156.83, 780144, 10009
