# unix_time, cycles_done, cur_path, paths_total, pending_total, pending_favs, map_size, unique_crashes, unique_hangs, max_depth, execs_per_sec
1712481086, 0, 0, 5, 5, 5, 1.24%, 0, 0, 1, 701.75
1712481214, 0, 0, 67, 67, 5, 1.53%, 0, 0, 2, 1.53
1712481219, 0, 0, 126, 126, 5, 1.61%, 0, 0, 2, 1099.48
1712481224, 0, 0, 133, 133, 5, 1.61%, 0, 0, 2, 1043.41
1712481229, 0, 0, 157, 157, 5, 1.73%, 0, 0, 2, 1050.35
1712481234, 0, 0, 166, 166, 5, 1.73%, 0, 0, 2, 1027.46
1712481239, 0, 0, 175, 175, 5, 1.74%, 0, 0, 2, 1123.87
1712485304, 0, 0, 177, 177, 5, 1.74%, 0, 1, 2, 0.04
1712485430, 0, 0, 181, 181, 5, 1.75%, 0, 1, 2, 1112.04
1712485435, 0, 0, 215, 215, 5, 1.95%, 0, 1, 2, 1034.46
1712485450, 0, 0, 230, 230, 5, 1.99%, 0, 1, 2, 1073.75
1712485635, 0, 0, 231, 231, 5, 1.99%, 0, 1, 2, 1.45
1712485645, 0, 0, 233, 233, 5, 1.99%, 0, 1, 2, 1121.93
1712485650, 0, 0, 235, 235, 5, 1.99%, 0, 1, 2, 1024.87
1712485866, 0, 0, 239, 239, 5, 2.00%, 0, 1, 2, 997.24
1712485871, 0, 0, 240, 240, 5, 2.00%, 0, 1, 2, 1158.84
1712486688, 0, 0, 240, 240, 5, 2.00%, 0, 2, 2, 1.05
1712486908, 0, 0, 242, 242, 5, 2.00%, 0, 2, 2, 1247.69
1712486913, 0, 0, 251, 251, 5, 2.01%, 0, 2, 2, 1191.70
1712486918, 0, 0, 264, 264, 5, 2.02%, 0, 2, 2, 1150.09
1712489515, 0, 0, 267, 267, 5, 2.02%, 0, 2, 2, 0.11
1712489636, 0, 0, 268, 268, 5, 2.03%, 0, 2, 2, 1.32
1712489641, 0, 0, 273, 273, 5, 2.03%, 0, 2, 2, 997.22
1712489646, 0, 0, 277, 277, 5, 2.03%, 0, 2, 2, 1022.24
1712489661, 0, 0, 283, 283, 5, 2.03%, 0, 2, 2, 1124.44
1712489846, 0, 0, 286, 286, 5, 2.04%, 0, 2, 2, 0.85
1712489856, 0, 0, 326, 326, 5, 2.04%, 0, 2, 2, 927.55
1712489861, 0, 0, 365, 365, 5, 2.08%, 0, 2, 2, 931.70
1712489866, 0, 0, 390, 390, 5, 2.10%, 0, 2, 2, 912.96
1712489871, 0, 0, 407, 407, 5, 2.11%, 0, 2, 2, 871.40
1712490057, 0, 0, 424, 424, 5, 2.15%, 0, 2, 2, 0.80
1712490062, 0, 0, 436, 436, 5, 2.15%, 0, 2, 2, 960.28
1712490067, 0, 0, 451, 451, 5, 2.21%, 0, 2, 2, 897.55
1712490072, 0, 0, 458, 458, 5, 2.21%, 0, 2, 2, 838.68
1712490077, 0, 0, 792, 791, 4, 5.60%, 0, 2, 2, 832.02
1712490082, 0, 0, 1179, 1178, 4, 6.96%, 0, 2, 2, 712.90
1712490268, 0, 0, 1479, 1478, 4, 7.62%, 0, 2, 2, 0.25
1712490273, 0, 0, 2020, 2019, 4, 8.63%, 0, 2, 2, 903.43
1712490278, 0, 0, 2421, 2420, 4, 9.21%, 0, 2, 2, 787.51
1712490283, 0, 0, 2865, 2864, 4, 9.75%, 0, 2, 2, 819.75
1712490288, 0, 0, 3234, 3233, 4, 10.10%, 0, 2, 2, 715.52
1712490294, 0, 0, 3655, 3654, 4, 10.55%, 0, 2, 2, 802.70
1712490479, 0, 0, 4047, 4046, 4, 10.97%, 0, 2, 2, 0.53
1712490484, 0, 0, 4482, 4481, 4, 11.37%, 0, 2, 2, 822.26
1712490489, 0, 0, 4927, 4926, 4, 11.75%, 0, 2, 2, 867.19
1712490494, 0, 0, 5362, 5361, 4, 12.12%, 0, 2, 2, 863.54
1712490499, 0, 471, 5777, 5776, 2806, 12.42%, 0, 2, 2, 877.03
1712490504, 0, 471, 5778, 5777, 2806, 12.42%, 0, 2, 2, 1049.92
1712490689, 0, 471, 5779, 5778, 2806, 12.42%, 0, 2, 2, 0.23
1712490704, 0, 506, 5779, 5777, 2807, 12.42%, 0, 2, 2, 1063.26
1712490905, 0, 572, 5780, 5777, 2806, 12.42%, 0, 2, 2, 993.83
1712490925, 0, 595, 5781, 5777, 2805, 12.43%, 0, 2, 2, 1013.65
1712491130, 0, 622, 5782, 5777, 2805, 12.43%, 0, 2, 2, 1090.46
1712491331, 0, 631, 5782, 5776, 2805, 12.43%, 0, 2, 2, 1003.83
1712491336, 0, 631, 5783, 5777, 2805, 12.43%, 0, 2, 2, 1011.23
1712491541, 0, 749, 5783, 5776, 2804, 12.43%, 0, 2, 2, 1025.32
1712493672, 0, 749, 5784, 5777, 2804, 12.43%, 0, 2, 2, 0.01
1712493677, 0, 755, 5784, 5776, 2804, 12.43%, 0, 2, 2, 1210.82
1712493692, 0, 816, 5784, 5775, 2803, 12.43%, 0, 2, 2, 1205.24
1712493707, 0, 816, 5785, 5776, 2803, 12.43%, 0, 2, 2, 1423.75
1712493712, 0, 823, 5785, 5775, 2803, 12.43%, 0, 2, 2, 1694.62
1712493717, 0, 823, 5815, 5804, 2802, 12.46%, 0, 2, 2, 1823.84
1712493722, 0, 828, 6154, 6143, 2930, 12.81%, 0, 2, 2, 1151.57
1712493856, 0, 828, 6154, 6143, 2930, 12.81%, 0, 3, 2, 95.65
1712493861, 0, 842, 6154, 6142, 2930, 12.81%, 0, 3, 2, 1058.84
1712494062, 0, 843, 6154, 6141, 2929, 12.81%, 0, 3, 2, 1263.30
1712494267, 0, 879, 6154, 6140, 2928, 12.81%, 0, 3, 2, 1.05
1712494282, 0, 881, 6154, 6139, 2927, 12.81%, 0, 3, 2, 1063.49
1712494292, 0, 962, 6154, 6138, 2926, 12.81%, 0, 3, 2, 1089.63
1712494477, 0, 962, 6156, 6140, 2926, 12.82%, 0, 3, 2, 0.96
1712494487, 0, 962, 6158, 6142, 2926, 12.83%, 0, 3, 2, 1222.56
1712494498, 0, 996, 6158, 6141, 2929, 12.83%, 0, 3, 2, 1109.22
1712494693, 0, 996, 6159, 6142, 2929, 12.83%, 0, 3, 2, 1369.96
1712494698, 0, 996, 6160, 6143, 2929, 12.83%, 0, 3, 2, 1248.80
1712494703, 0, 996, 6161, 6144, 2929, 12.83%, 0, 3, 2, 1107.48
1712494898, 0, 1001, 6161, 6143, 2927, 12.83%, 0, 3, 2, 1.22
1712494918, 0, 1064, 6162, 6143, 2927, 12.83%, 0, 3, 2, 1182.66
1712494924, 0, 1064, 6163, 6144, 2927, 12.83%, 0, 3, 2, 1179.83
1712495119, 0, 1064, 6166, 6147, 2927, 12.85%, 0, 3, 2, 1629.51
1712495124, 0, 1065, 6166, 6146, 2930, 12.85%, 0, 3, 2, 1389.17
1712495319, 0, 1086, 6167, 6146, 2929, 12.85%, 0, 3, 2, 1.80
1712495334, 0, 1091, 6167, 6145, 2929, 12.85%, 0, 3, 2, 1288.34
1712495534, 0, 1143, 6168, 6145, 2928, 12.85%, 0, 3, 2, 1333.21
1712495539, 0, 1143, 6169, 6146, 2928, 12.85%, 0, 3, 2, 1377.60
1712495550, 0, 1143, 6170, 6147, 2928, 12.85%, 0, 3, 2, 1167.14
1712495555, 0, 1174, 6170, 6146, 2927, 12.85%, 0, 3, 2, 1202.62
1712495750, 0, 1211, 6170, 6145, 2926, 12.85%, 0, 3, 2, 1225.14
1712497471, 0, 1211, 6682, 6656, 2925, 13.39%, 0, 3, 2, 1112.58
1712497476, 0, 1236, 7114, 7088, 3255, 13.74%, 0, 3, 2, 1083.25
1712497491, 0, 1270, 7114, 7087, 3255, 13.74%, 0, 3, 2, 1394.97
1712497501, 0, 1274, 7114, 7086, 3254, 13.74%, 0, 3, 2, 1394.17
1712497517, 0, 1297, 7114, 7085, 3253, 13.74%, 0, 3, 2, 1333.41
1712497527, 0, 1335, 7114, 7084, 3252, 13.74%, 0, 3, 2, 1593.48
1712497552, 0, 1335, 7115, 7085, 3252, 13.74%, 0, 3, 2, 1555.53
1712497557, 0, 1374, 7115, 7084, 3252, 13.74%, 0, 3, 2, 1705.00
1712497573, 0, 1388, 7115, 7083, 3251, 13.74%, 0, 3, 2, 1654.94
1712497578, 0, 1388, 7116, 7084, 3251, 13.74%, 0, 3, 2, 1633.07
1712497593, 0, 1388, 7117, 7085, 3251, 13.74%, 0, 3, 2, 1737.10
1712497598, 0, 1403, 7118, 7085, 3250, 13.74%, 0, 3, 2, 1719.90
1712497613, 0, 1409, 7119, 7085, 3250, 13.74%, 0, 3, 2, 1618.98
1712497628, 0, 1410, 7119, 7084, 3247, 13.74%, 0, 3, 2, 1586.96
1712497644, 0, 1410, 7120, 7085, 3247, 13.74%, 0, 3, 2, 1664.84
1712497649, 0, 1416, 7121, 7085, 3247, 13.74%, 0, 3, 2, 1660.01
1712497659, 0, 1458, 7121, 7084, 3246, 13.74%, 0, 3, 2, 1613.40
1712497669, 0, 1478, 7122, 7084, 3245, 13.74%, 0, 3, 2, 1749.16
1712497689, 0, 1503, 7122, 7083, 3245, 13.74%, 0, 3, 2, 1721.01
1712497700, 0, 1581, 7122, 7082, 3244, 13.74%, 0, 3, 2, 1715.83
1712497710, 0, 1583, 7122, 7081, 3243, 13.74%, 0, 3, 2, 1699.01
1712498055, 0, 1583, 7123, 7082, 3243, 13.74%, 0, 3, 2, 0.30
1712498070, 0, 1583, 7126, 7085, 3243, 13.75%, 0, 3, 2, 1379.91
1712498075, 0, 1583, 7129, 7088, 3243, 13.75%, 0, 3, 2, 1362.93
1712498265, 0, 1613, 7130, 7088, 3250, 13.75%, 0, 3, 2, 0.28
1712498280, 0, 1613, 7131, 7089, 3250, 13.75%, 0, 3, 2, 1437.75
1712498285, 0, 1627, 7131, 7088, 3250, 13.75%, 0, 3, 2, 1347.49
1712498480, 0, 1642, 7132, 7088, 3249, 13.75%, 0, 3, 2, 1961.24
1712498491, 0, 1674, 7132, 7087, 3248, 13.75%, 0, 3, 2, 1325.83
1712498691, 0, 1674, 7134, 7089, 3248, 13.75%, 0, 3, 2, 1455.94
1712498917, 0, 1675, 7161, 7115, 3245, 13.78%, 0, 3, 2, 1016.75
1712502141, 0, 1675, 7162, 7116, 3245, 13.78%, 0, 3, 2, 0.07
1712502267, 0, 1705, 7163, 7116, 3245, 13.79%, 0, 3, 2, 1523.33
1712502282, 0, 1709, 7163, 7115, 3244, 13.79%, 0, 3, 2, 1389.76
1712502478, 0, 1710, 7163, 7114, 3243, 13.79%, 0, 3, 2, 1509.39
1712502488, 0, 1710, 7164, 7115, 3243, 13.79%, 0, 3, 2, 1511.09
1712502493, 0, 1731, 7164, 7114, 3243, 13.79%, 0, 3, 2, 1356.05
1712502689, 0, 1731, 7315, 7264, 3242, 14.37%, 0, 5, 2, 88.18
1712502694, 0, 1731, 7557, 7506, 3242, 14.66%, 0, 7, 2, 91.74
1712502700, 0, 1731, 7680, 7629, 3242, 14.75%, 0, 7, 2, 57.62
1712502705, 0, 1731, 7795, 7744, 3242, 14.84%, 0, 9, 2, 389.94
1712502710, 0, 1731, 7894, 7843, 3242, 14.90%, 0, 10, 2, 563.73
1712502893, 0, 1731, 7999, 7948, 3242, 14.97%, 0, 11, 2, 0.32
1712502899, 0, 1731, 8133, 8082, 3242, 15.07%, 0, 12, 2, 151.67
1712502904, 0, 1731, 8226, 8175, 3242, 15.12%, 0, 13, 2, 864.06
1712502909, 0, 1848, 8268, 8217, 3651, 15.17%, 0, 14, 2, 1127.49
1712503109, 0, 1909, 8268, 8216, 3650, 15.17%, 0, 14, 2, 1637.34
1712503119, 0, 2050, 8269, 8216, 3650, 15.17%, 0, 14, 2, 1381.57
1712503129, 0, 2050, 8270, 8217, 3650, 15.17%, 0, 14, 2, 1391.13
1712503329, 0, 2071, 8270, 8216, 3650, 15.17%, 0, 14, 2, 1413.43
1712503530, 0, 2169, 8270, 8215, 3649, 15.17%, 0, 14, 2, 1521.19
1712503545, 0, 2172, 8270, 8214, 3648, 15.17%, 0, 14, 2, 1265.15
1712503740, 0, 2207, 8270, 8213, 3647, 15.17%, 0, 14, 2, 1449.79
1712503755, 0, 2231, 8270, 8212, 3646, 15.17%, 0, 14, 2, 994.87
1712503964, 0, 2231, 8270, 8212, 3646, 15.17%, 0, 15, 2, 20.65
1712503969, 0, 2279, 8270, 8211, 3645, 15.17%, 0, 15, 2, 1376.89
1712503974, 0, 2279, 8271, 8212, 3645, 15.17%, 0, 15, 2, 1684.65
1712504161, 0, 2319, 8272, 8212, 3644, 15.17%, 0, 15, 2, 1798.58
1712504171, 0, 2392, 8272, 8211, 3643, 15.17%, 0, 15, 2, 1624.55
1712504176, 0, 2392, 8273, 8212, 3643, 15.18%, 0, 15, 2, 1606.67
1712506305, 0, 2392, 8274, 8213, 3643, 15.18%, 0, 15, 2, 0.14
1712506315, 0, 2393, 8274, 8212, 3643, 15.18%, 0, 15, 2, 1786.35
1712506326, 0, 2399, 8274, 8211, 3642, 15.18%, 0, 15, 2, 1839.79
1712506331, 0, 2399, 8278, 8215, 3642, 15.18%, 0, 15, 2, 1784.21
1712506341, 0, 2400, 8280, 8216, 3639, 15.18%, 0, 15, 2, 2214.32
1712506470, 0, 2444, 8283, 8218, 3639, 15.18%, 0, 15, 2, 2.97
1712506475, 0, 2444, 8284, 8219, 3639, 15.18%, 0, 15, 2, 1954.67
1712506696, 0, 2444, 8287, 8222, 3639, 15.18%, 0, 15, 2, 1571.41
1712506701, 0, 2444, 8289, 8224, 3639, 15.18%, 0, 15, 2, 1583.62
1712506706, 0, 2444, 8290, 8225, 3639, 15.18%, 0, 15, 2, 1492.27
1712506891, 0, 2444, 8407, 8341, 3638, 15.37%, 0, 15, 2, 0.15
1712506896, 0, 2444, 9014, 8948, 3638, 15.69%, 0, 15, 2, 1176.91
1712506901, 0, 2459, 9143, 9077, 3826, 15.72%, 0, 15, 2, 1369.52
1712506916, 0, 2613, 9143, 9076, 3825, 15.72%, 0, 15, 2, 1484.65
1712507106, 0, 2656, 9143, 9075, 3824, 15.72%, 0, 15, 2, 1808.59
1712507121, 0, 2656, 9145, 9077, 3824, 15.72%, 0, 15, 2, 1737.61
1712507126, 0, 2713, 9145, 9076, 3824, 15.72%, 0, 15, 2, 1620.37
1712507322, 0, 2724, 9145, 9075, 3823, 15.72%, 0, 15, 2, 1862.24
1712507332, 0, 2755, 9146, 9075, 3823, 15.73%, 0, 15, 2, 1704.68
1712507527, 0, 2822, 9146, 9074, 3822, 15.73%, 0, 15, 2, 1978.28
1712507537, 0, 2874, 9147, 9074, 3821, 15.73%, 0, 15, 2, 1811.68
1712507737, 0, 3064, 9147, 9073, 3820, 15.73%, 0, 15, 2, 1810.31
1712507747, 0, 3089, 9147, 9072, 3819, 15.73%, 0, 15, 2, 1742.35
1712507758, 0, 3123, 9148, 9072, 3818, 15.73%, 0, 15, 2, 1564.71
1712507958, 0, 3159, 9148, 9071, 3817, 15.73%, 0, 15, 2, 1773.43
1712508158, 0, 3198, 9148, 9070, 3816, 15.73%, 0, 15, 2, 2033.60
1712508168, 0, 3214, 9148, 9069, 3815, 15.73%, 0, 15, 2, 1799.61
1712508173, 0, 3214, 9149, 9070, 3815, 15.73%, 0, 15, 2, 1658.83
1712508178, 0, 3302, 9149, 9069, 3815, 15.73%, 0, 15, 2, 1690.60
1712508363, 0, 3302, 9150, 9070, 3815, 15.73%, 0, 15, 2, 2.19
1712508368, 0, 3302, 9152, 9072, 3815, 15.73%, 0, 15, 2, 1862.87
1712508373, 0, 3341, 9152, 9071, 3815, 15.73%, 0, 15, 2, 1914.35
1712508383, 0, 3403, 9152, 9070, 3814, 15.73%, 0, 15, 2, 1794.03
1712510466, 0, 3403, 9155, 9073, 3814, 15.73%, 0, 15, 2, 1634.20
1712510471, 0, 3403, 9156, 9074, 3814, 15.73%, 0, 15, 2, 1541.01
1712510476, 0, 3403, 9159, 9077, 3814, 15.74%, 0, 15, 2, 1513.41
1712510481, 0, 3437, 9159, 9076, 3818, 15.74%, 0, 15, 2, 1577.47
1712510497, 0, 3539, 9160, 9076, 3817, 15.74%, 0, 15, 2, 1664.53
1712510512, 0, 3604, 9160, 9075, 3817, 15.74%, 0, 15, 2, 1640.56
1712510527, 0, 3604, 9546, 9460, 3816, 15.96%, 0, 15, 2, 1389.00
1712510532, 0, 3606, 9707, 9621, 3896, 16.01%, 0, 15, 2, 1502.39
1712510542, 0, 3728, 9707, 9620, 3895, 16.01%, 0, 15, 2, 1728.20
1712510677, 0, 3867, 9707, 9619, 3894, 16.01%, 0, 15, 2, 5.18
1712510687, 0, 3917, 9707, 9618, 3893, 16.01%, 0, 15, 2, 1786.79
1712510692, 0, 4031, 9708, 9618, 3893, 16.01%, 0, 15, 2, 1726.07
1712510892, 0, 4057, 9708, 9617, 3892, 16.01%, 0, 15, 2, 1814.71
1712510907, 0, 4113, 9708, 9616, 3891, 16.01%, 0, 15, 2, 1645.50
1712511102, 0, 4176, 9708, 9615, 3890, 16.01%, 0, 15, 2, 1857.30
1712511118, 0, 4181, 9711, 9617, 3889, 16.01%, 0, 15, 2, 1779.52
1712511318, 0, 4243, 9711, 9616, 3890, 16.01%, 0, 15, 2, 1809.66
1712511333, 0, 4250, 9711, 9615, 3889, 16.01%, 0, 15, 2, 1679.32
1712511528, 0, 4268, 9711, 9614, 3888, 16.01%, 0, 15, 2, 1933.81
1712511544, 0, 4317, 9711, 9613, 3887, 16.01%, 0, 15, 2, 1664.39
1712511734, 0, 4422, 9712, 9613, 3886, 16.01%, 0, 15, 2, 1780.56
1712511744, 0, 4632, 9713, 9613, 3886, 16.01%, 0, 15, 2, 1839.83
1712511949, 0, 4708, 9713, 9612, 3885, 16.01%, 0, 15, 2, 1912.69
1712511954, 0, 4717, 9713, 9611, 3884, 16.01%, 0, 15, 2, 1753.04
1712511964, 0, 4721, 9713, 9610, 3883, 16.01%, 0, 15, 2, 1777.26
1712512164, 0, 4734, 9714, 9610, 3882, 16.02%, 0, 15, 2, 1855.26
1712512169, 0, 4743, 9714, 9609, 3882, 16.02%, 0, 15, 2, 1653.95
1712512175, 0, 4743, 9715, 9610, 3882, 16.02%, 0, 15, 2, 1679.37
1712512375, 0, 4779, 9715, 9609, 3882, 16.02%, 0, 15, 2, 1782.21
1712512580, 0, 4816, 9716, 9609, 3881, 16.02%, 0, 15, 2, 1642.20
1712512590, 0, 4818, 9716, 9608, 3881, 16.02%, 0, 15, 2, 1823.30
1712514344, 0, 4870, 9716, 9607, 3880, 16.02%, 0, 15, 2, 1732.28
1712514364, 0, 4913, 9718, 9608, 3879, 16.02%, 0, 15, 2, 1783.13
1712514374, 0, 4913, 9738, 9627, 3878, 16.19%, 0, 15, 2, 1750.26
1712514379, 0, 4913, 10325, 10214, 3878, 16.67%, 0, 15, 2, 1219.14
1712514384, 0, 4916, 10649, 10538, 4088, 16.75%, 0, 15, 2, 1272.58
1712514400, 0, 4922, 10650, 10538, 4087, 16.75%, 0, 15, 2, 1786.49
1712514415, 0, 4927, 10651, 10538, 4087, 16.75%, 0, 15, 2, 1757.03
1712514430, 0, 4960, 10651, 10537, 4087, 16.75%, 0, 15, 2, 1728.19
1712514455, 0, 4962, 10652, 10537, 4086, 16.75%, 0, 15, 2, 1816.21
1712514465, 0, 5184, 10652, 10536, 4085, 16.75%, 0, 15, 2, 1750.66
1712514480, 0, 5204, 10652, 10535, 4084, 16.75%, 0, 15, 2, 1812.01
1712514491, 0, 5278, 10652, 10534, 4083, 16.75%, 0, 15, 2, 1989.49
1712514496, 0, 5332, 10652, 10533, 4082, 16.75%, 0, 15, 2, 1850.46
1712514511, 0, 5373, 10652, 10532, 4081, 16.75%, 0, 15, 2, 1848.69
1712514516, 0, 5487, 10652, 10531, 4080, 16.75%, 0, 15, 2, 1885.64
1712514521, 0, 5570, 10652, 10530, 4079, 16.75%, 0, 15, 2, 1819.13
1712514536, 0, 5575, 10652, 10529, 4078, 16.75%, 0, 15, 2, 1917.88
1712514546, 0, 5587, 10653, 10529, 4078, 16.75%, 0, 15, 2, 2030.28
1712514556, 0, 5603, 10653, 10528, 4077, 16.75%, 0, 15, 2, 1928.34
1712514566, 0, 5604, 10653, 10527, 4076, 16.75%, 0, 15, 2, 1894.83
1712514895, 0, 5631, 10653, 10526, 4075, 16.75%, 0, 15, 2, 2073.22
1712514900, 0, 5631, 10654, 10527, 4075, 16.76%, 0, 15, 2, 2082.68
1712514910, 0, 5653, 10654, 10526, 4075, 16.76%, 0, 15, 2, 1887.84
1712515100, 0, 5691, 10654, 10525, 4074, 16.76%, 0, 15, 2, 2052.88
1712515115, 0, 5691, 10655, 10526, 4074, 16.76%, 0, 15, 2, 1977.95
1712515120, 0, 5777, 10655, 10525, 4073, 16.76%, 0, 15, 2, 2097.79
1712515310, 0, 5866, 10675, 10544, 4073, 16.76%, 0, 15, 2, 1932.70
1712515315, 0, 5866, 10676, 10545, 4073, 16.76%, 0, 15, 2, 2006.30
1712515946, 0, 5904, 10677, 10545, 4073, 16.76%, 0, 15, 2, 2058.76
1712516151, 0, 5911, 10677, 10544, 4073, 16.76%, 0, 15, 2, 2000.02
1712516161, 0, 5913, 10677, 10543, 4072, 16.76%, 0, 15, 2, 1979.97
1712516172, 0, 5925, 10677, 10542, 4071, 16.76%, 0, 15, 2, 2114.30
1712516357, 0, 5937, 10677, 10541, 4070, 16.76%, 0, 15, 2, 1.46
1712516372, 0, 5942, 10677, 10540, 4069, 16.76%, 0, 15, 2, 1992.62
1712518753, 0, 5942, 10678, 10541, 4069, 16.76%, 0, 15, 2, 1827.55
1712518758, 0, 5961, 10678, 10540, 4069, 16.76%, 0, 15, 2, 1909.02
1712518774, 0, 5961, 10679, 10541, 4069, 16.76%, 0, 15, 2, 1860.91
1712518779, 0, 5968, 10682, 10543, 4069, 16.76%, 0, 15, 2, 1865.62
1712518799, 0, 5979, 10682, 10542, 4068, 16.76%, 0, 15, 2, 1928.41
1712518809, 0, 5979, 10707, 10566, 4067, 16.77%, 0, 15, 2, 1878.12
1712518815, 0, 5989, 11123, 10982, 4142, 16.95%, 0, 15, 2, 1599.37
1712518825, 0, 6039, 11123, 10981, 4141, 16.95%, 0, 15, 2, 1923.48
1712518835, 0, 6061, 11123, 10980, 4140, 16.95%, 0, 15, 2, 1996.02
1712518855, 0, 6061, 11124, 10981, 4140, 16.95%, 0, 15, 2, 2005.39
1712518860, 0, 6077, 11124, 10980, 4139, 16.95%, 0, 15, 2, 2165.72
1712518865, 0, 6156, 11124, 10979, 4138, 16.95%, 0, 15, 2, 2083.65
1712518870, 0, 6156, 11126, 10981, 4138, 16.95%, 0, 15, 3, 2114.43
1712518880, 0, 6161, 11126, 10980, 4138, 16.95%, 0, 15, 3, 2109.62
1712518885, 0, 6164, 11127, 10980, 4138, 16.95%, 0, 15, 3, 2062.45
1712519106, 0, 6221, 11127, 10979, 4137, 16.95%, 0, 15, 3, 2050.60
1712523723, 0, 6227, 11127, 10978, 4136, 16.95%, 0, 15, 3, 2261.60
1712523733, 0, 6227, 11128, 10979, 4136, 16.96%, 0, 15, 3, 2544.67
1712523738, 0, 6251, 11129, 10979, 4136, 16.96%, 0, 15, 3, 2642.02
1712523743, 0, 6251, 11232, 11081, 4135, 17.01%, 0, 15, 3, 2601.09
1712523928, 0, 6251, 11867, 11716, 4135, 17.12%, 0, 15, 3, 0.29
1712523933, 0, 6324, 12030, 11879, 4190, 17.14%, 0, 15, 3, 2088.59
1712523943, 0, 6469, 12030, 11878, 4189, 17.14%, 0, 15, 3, 2483.40
1712523948, 0, 6654, 12030, 11877, 4188, 17.14%, 0, 15, 3, 2547.65
1712524138, 0, 6688, 12032, 11878, 4188, 17.14%, 0, 15, 3, 1.50
1712524153, 0, 6690, 12032, 11877, 4188, 17.14%, 0, 15, 3, 2534.15
1712524159, 0, 6742, 12033, 11877, 4187, 17.14%, 0, 15, 3, 2545.12
1712524349, 0, 6764, 12033, 11876, 4186, 17.14%, 0, 15, 3, 3.01
1712524359, 0, 6774, 12034, 11876, 4186, 17.14%, 0, 15, 3, 2488.48
1712524369, 0, 6903, 12034, 11875, 4185, 17.14%, 0, 15, 3, 2534.70
1712524559, 0, 6953, 12034, 11874, 4184, 17.14%, 0, 15, 3, 2.10
1712524569, 0, 7064, 12036, 11875, 4185, 17.14%, 0, 15, 3, 2569.19
1712524579, 0, 7099, 12037, 11875, 4184, 17.15%, 0, 15, 3, 2550.87
1712524584, 0, 7103, 12037, 11874, 4184, 17.15%, 0, 15, 3, 2829.42
1712524774, 0, 7118, 12037, 11873, 4183, 17.15%, 0, 15, 3, 2675.11
1712524790, 0, 7129, 12038, 11873, 4182, 17.15%, 0, 15, 3, 2619.77
1712524795, 0, 7138, 12038, 11872, 4182, 17.15%, 0, 15, 3, 2915.80
1712524980, 0, 7163, 12038, 11871, 4181, 17.15%, 0, 15, 3, 1.69
1712524990, 0, 7228, 12038, 11870, 4180, 17.15%, 0, 15, 3, 2473.99
1712525000, 0, 7245, 12038, 11869, 4179, 17.15%, 0, 15, 3, 2596.23
1712525200, 0, 7338, 12038, 11868, 4178, 17.15%, 0, 15, 3, 2457.43
1712525205, 0, 7338, 12039, 11869, 4178, 17.15%, 0, 15, 3, 2423.56
1712526907, 0, 7338, 12041, 11871, 4178, 17.15%, 0, 15, 3, 2296.88
1712526913, 0, 7408, 12424, 12253, 4210, 17.22%, 0, 15, 3, 2119.17
1712526923, 0, 7409, 12424, 12252, 4209, 17.22%, 0, 15, 3, 2390.58
1712526938, 0, 7418, 12424, 12251, 4207, 17.22%, 0, 15, 3, 2487.99
1712526943, 0, 7448, 12424, 12250, 4206, 17.22%, 0, 15, 3, 2546.21
1712526958, 0, 7527, 12424, 12249, 4205, 17.22%, 0, 15, 3, 2347.10
1712526978, 0, 7544, 12424, 12248, 4204, 17.22%, 0, 15, 3, 2265.89
1712526988, 0, 7575, 12425, 12248, 4203, 17.22%, 0, 15, 3, 2482.36
1712526998, 0, 7592, 12425, 12247, 4202, 17.22%, 0, 15, 3, 2505.41
1712527013, 0, 7667, 12425, 12246, 4201, 17.22%, 0, 15, 3, 2492.50
1712527018, 0, 7684, 12427, 12247, 4200, 17.22%, 0, 15, 3, 2545.34
1712527028, 0, 7727, 12428, 12247, 4201, 17.22%, 0, 15, 3, 2469.44
1712527039, 0, 7795, 12428, 12246, 4201, 17.22%, 0, 15, 3, 2510.57
1712527049, 0, 7797, 12428, 12245, 4200, 17.22%, 0, 15, 3, 2481.90
1712527074, 0, 7828, 12428, 12244, 4199, 17.22%, 0, 15, 3, 2406.90
1712527084, 0, 7869, 12428, 12243, 4198, 17.22%, 0, 15, 3, 2453.52
1712527089, 0, 7869, 12429, 12244, 4198, 17.22%, 0, 15, 3, 2509.87
1712527094, 0, 7882, 12429, 12243, 4198, 17.22%, 0, 15, 3, 2356.85
1712527119, 0, 7916, 12429, 12242, 4197, 17.22%, 0, 15, 3, 2450.77
1712527125, 0, 7937, 12429, 12241, 4196, 17.22%, 0, 15, 3, 2447.32
1712527155, 0, 7991, 12430, 12241, 4196, 17.22%, 0, 15, 3, 2454.73
1712527165, 0, 8017, 12430, 12240, 4195, 17.22%, 0, 15, 3, 2306.56
1712527190, 0, 8021, 12430, 12239, 4194, 17.22%, 0, 15, 3, 2357.61
1712527200, 0, 8048, 12430, 12238, 4193, 17.22%, 0, 15, 3, 2459.50
1712527211, 0, 8049, 12430, 12237, 4192, 17.22%, 0, 15, 3, 2507.02
1712527236, 0, 8112, 12430, 12236, 4191, 17.22%, 0, 15, 3, 2370.28
1712527246, 0, 8154, 12430, 12235, 4190, 17.22%, 0, 15, 3, 2448.06
1712527256, 0, 8154, 12431, 12236, 4190, 17.22%, 0, 15, 3, 2318.30
1712527276, 0, 8167, 12431, 12235, 4189, 17.22%, 0, 15, 3, 2324.18
1712527292, 0, 8174, 12431, 12234, 4188, 17.22%, 0, 15, 3, 2361.70
1712527302, 0, 8184, 12433, 12235, 4187, 17.23%, 0, 15, 3, 2287.02
1712527317, 0, 8185, 12435, 12236, 4188, 17.23%, 0, 15, 3, 2349.03
1712527327, 0, 8196, 12435, 12235, 4188, 17.23%, 0, 15, 3, 2400.84
1712527338, 0, 8196, 12440, 12240, 4188, 17.23%, 0, 15, 3, 2361.41
1712527343, 0, 8204, 12440, 12239, 4188, 17.23%, 0, 15, 3, 2322.45
1712527373, 0, 8238, 12440, 12238, 4187, 17.23%, 0, 15, 3, 2572.33
1712527519, 0, 8243, 12440, 12237, 4186, 17.23%, 0, 15, 3, 2490.13
1712527529, 0, 8268, 12440, 12236, 4185, 17.23%, 0, 15, 3, 3162.28
1712527713, 0, 8272, 12440, 12235, 4184, 17.23%, 0, 16, 3, 1.04
1712527729, 0, 8272, 12441, 12236, 4184, 17.23%, 0, 16, 3, 2494.66
1712527734, 0, 8280, 12441, 12235, 4184, 17.23%, 0, 16, 3, 2352.32
1712527924, 0, 8298, 12441, 12234, 4183, 17.23%, 0, 16, 3, 0.17
1712527949, 0, 8321, 12441, 12233, 4182, 17.23%, 0, 16, 3, 2574.87
1712528155, 0, 8321, 12442, 12234, 4182, 17.23%, 0, 16, 3, 2401.16
1712528160, 0, 8343, 12442, 12233, 4182, 17.23%, 0, 16, 3, 2318.51
1712528355, 0, 8343, 12443, 12234, 4182, 17.23%, 0, 16, 3, 2390.99
1712528365, 0, 8396, 12443, 12233, 4182, 17.23%, 0, 16, 3, 2387.79
1712528570, 0, 8413, 12446, 12235, 4181, 17.24%, 0, 16, 3, 2524.12
1712528575, 0, 8422, 12446, 12234, 4183, 17.24%, 0, 16, 3, 2428.49
1712528781, 0, 8453, 12447, 12234, 4182, 17.24%, 0, 16, 3, 2394.25
1712528786, 0, 8458, 12447, 12233, 4182, 17.24%, 0, 16, 3, 2528.75
1712528791, 0, 8458, 12448, 12234, 4182, 17.24%, 0, 16, 3, 2379.87
1712528975, 0, 8458, 12448, 12234, 4182, 17.24%, 0, 17, 3, 1.36
1712528990, 0, 8458, 12449, 12235, 4182, 17.24%, 0, 17, 3, 2333.13
1712528995, 0, 8480, 12449, 12234, 4181, 17.24%, 0, 17, 3, 2552.06
1712529001, 0, 8486, 12449, 12233, 4180, 17.24%, 0, 17, 3, 2542.08
1712529186, 0, 8499, 12449, 12232, 4179, 17.24%, 0, 17, 3, 0.91
1712529201, 0, 8518, 12449, 12231, 4178, 17.24%, 0, 17, 3, 2403.18
1712529401, 0, 8527, 12449, 12230, 4177, 17.24%, 0, 17, 3, 2403.52
1712529411, 0, 8536, 12449, 12229, 4176, 17.24%, 0, 17, 3, 2438.15
1712530758, 0, 8553, 12676, 12455, 4185, 17.29%, 0, 17, 3, 2065.48
1712530778, 0, 8574, 12676, 12454, 4184, 17.29%, 0, 17, 3, 2386.29
1712530809, 0, 8616, 12677, 12454, 4183, 17.29%, 0, 17, 3, 2364.44
1712530814, 0, 8616, 12678, 12455, 4183, 17.29%, 0, 17, 3, 2299.15
1712530829, 0, 8687, 12679, 12455, 4182, 17.30%, 0, 17, 3, 2393.11
1712530839, 0, 8709, 12679, 12454, 4182, 17.30%, 0, 17, 3, 2370.19
1712530864, 0, 8714, 12679, 12453, 4181, 17.30%, 0, 17, 3, 2409.57
1712530885, 0, 8745, 12679, 12452, 4180, 17.30%, 0, 17, 3, 2442.57
1712530890, 0, 8764, 12679, 12451, 4179, 17.30%, 0, 17, 3, 2452.12
1712530910, 0, 8912, 12682, 12453, 4178, 17.31%, 0, 17, 3, 2266.73
1712530930, 0, 8943, 12682, 12452, 4178, 17.31%, 0, 17, 3, 2316.04
1712530940, 0, 8959, 12682, 12451, 4177, 17.31%, 0, 17, 3, 2400.75
1712530961, 0, 8963, 12682, 12450, 4176, 17.31%, 0, 17, 3, 2423.80
1712530991, 0, 8972, 12683, 12450, 4176, 17.31%, 0, 17, 3, 2377.82
1712530996, 0, 8972, 12684, 12451, 4176, 17.31%, 0, 17, 3, 2353.13
1712531001, 0, 9037, 12685, 12451, 4176, 17.31%, 0, 17, 3, 2385.97
1712531021, 0, 9085, 12685, 12450, 4174, 17.31%, 0, 17, 3, 2498.63
1712531026, 0, 9129, 12686, 12450, 4173, 17.32%, 0, 17, 3, 2482.87
1712531037, 0, 9145, 12686, 12449, 4172, 17.32%, 0, 17, 3, 2364.19
1712531047, 0, 9155, 12686, 12448, 4171, 17.32%, 0, 17, 3, 2424.10
1712531057, 0, 9156, 12686, 12447, 4170, 17.32%, 0, 17, 3, 2383.01
1712531077, 0, 9157, 12687, 12447, 4170, 17.32%, 0, 17, 3, 2327.13
1712531097, 0, 9172, 12688, 12447, 4169, 17.32%, 0, 17, 3, 2350.45
1712531107, 0, 9192, 12688, 12446, 4169, 17.32%, 0, 17, 3, 2432.93
1712531112, 0, 9223, 12688, 12445, 4168, 17.32%, 0, 17, 3, 2425.07
1712531122, 0, 9229, 12688, 12444, 4167, 17.32%, 0, 17, 3, 2450.26
1712531132, 0, 9283, 12688, 12443, 4166, 17.32%, 0, 17, 3, 2488.13
1712531142, 0, 9337, 12688, 12442, 4165, 17.32%, 0, 17, 3, 2465.86
1712531153, 0, 9345, 12688, 12441, 4164, 17.32%, 0, 17, 3, 2450.86
1712531163, 0, 9349, 12688, 12440, 4163, 17.32%, 0, 17, 3, 2427.62
1712531715, 0, 9359, 12688, 12439, 4162, 17.32%, 0, 17, 3, 2714.06
1712531725, 0, 9417, 12688, 12438, 4161, 17.32%, 0, 17, 3, 2594.26
1712531730, 0, 9417, 12689, 12439, 4161, 17.32%, 0, 17, 3, 2459.35
1712531735, 0, 9437, 12731, 12480, 4161, 17.33%, 0, 17, 3, 2648.09
1712531935, 0, 9444, 12731, 12479, 4160, 17.33%, 0, 17, 3, 2574.45
1712531940, 0, 9582, 12731, 12478, 4159, 17.33%, 0, 17, 3, 2495.21
1712532135, 0, 9653, 12731, 12477, 4158, 17.33%, 0, 17, 3, 2554.68
1712532150, 0, 9663, 12731, 12476, 4157, 17.33%, 0, 17, 3, 2494.99
1712532341, 0, 9711, 12732, 12476, 4156, 17.33%, 0, 17, 3, 0.82
1712532346, 0, 9712, 12732, 12475, 4155, 17.33%, 0, 17, 3, 2498.90
1712532366, 0, 9715, 12736, 12478, 4154, 17.33%, 0, 17, 3, 2472.51
1712532556, 0, 9864, 12736, 12477, 4155, 17.33%, 0, 17, 3, 2414.88
1712532566, 0, 9870, 12736, 12476, 4154, 17.33%, 0, 17, 3, 2492.53
1712532771, 0, 10015, 12736, 12475, 4153, 17.33%, 0, 17, 3, 2524.81
1712532781, 0, 10032, 12736, 12474, 4152, 17.33%, 0, 17, 3, 2568.96
1712532786, 0, 10185, 12736, 12473, 4151, 17.33%, 0, 17, 3, 2486.63
1712532977, 0, 10185, 12737, 12474, 4151, 17.33%, 0, 17, 3, 2610.39
1712532982, 0, 10359, 12738, 12474, 4151, 17.33%, 0, 17, 3, 2382.78
1712532992, 0, 10444, 12738, 12473, 4151, 17.33%, 0, 17, 3, 2399.30
1712533397, 0, 10564, 12738, 12472, 4150, 17.33%, 0, 17, 3, 2399.66
1712533607, 0, 10609, 12738, 12471, 4149, 17.33%, 0, 17, 3, 2484.16
1712533623, 0, 10674, 12739, 12471, 4149, 17.33%, 0, 17, 3, 2434.98
1712535609, 0, 10676, 12739, 12470, 4148, 17.33%, 0, 17, 3, 2398.94
1712535634, 0, 10699, 12739, 12469, 4147, 17.33%, 0, 17, 3, 2314.79
1712535644, 0, 10699, 13047, 12776, 4146, 17.40%, 0, 18, 3, 1764.48
1712535649, 0, 10758, 13049, 12778, 4163, 17.40%, 0, 18, 3, 2116.05
1712535670, 0, 10764, 13049, 12777, 4162, 17.40%, 0, 18, 3, 2371.26
1712535675, 0, 10770, 13049, 12776, 4161, 17.40%, 0, 18, 3, 2424.06
1712535690, 0, 10771, 13049, 12775, 4160, 17.40%, 0, 18, 3, 2306.86
1712535700, 0, 10779, 13049, 12774, 4159, 17.40%, 0, 18, 3, 2343.51
1712535715, 0, 10804, 13050, 12774, 4158, 17.40%, 0, 18, 3, 2099.71
1712535725, 0, 10804, 13051, 12775, 4158, 17.40%, 0, 18, 3, 2138.65
1712535916, 0, 10804, 13053, 12777, 4158, 17.40%, 0, 18, 3, 3.07
1712535921, 0, 10804, 13055, 12779, 4158, 17.40%, 0, 18, 3, 1654.43
1712535926, 0, 10804, 13056, 12780, 4158, 17.40%, 0, 18, 3, 1722.95
1712535931, 0, 10816, 13057, 12780, 4158, 17.40%, 0, 18, 3, 2183.98
1712536131, 0, 10843, 13057, 12779, 4157, 17.40%, 0, 18, 3, 2025.39
1712536146, 0, 10869, 13057, 12778, 4156, 17.40%, 0, 18, 3, 2125.97
1712536336, 0, 10901, 13057, 12777, 4155, 17.40%, 0, 18, 3, 1.01
1712536341, 0, 10921, 13057, 12776, 4154, 17.40%, 0, 18, 3, 2736.46
1712536347, 0, 10925, 13057, 12775, 4153, 17.40%, 0, 18, 3, 2556.88
1712536352, 0, 10940, 13057, 12774, 4152, 17.40%, 0, 18, 3, 2523.69
1712536362, 0, 10970, 13057, 12773, 4151, 17.40%, 0, 18, 3, 2742.52
1712540001, 0, 10970, 13058, 12774, 4151, 17.40%, 0, 18, 3, 0.06
1712540127, 0, 11003, 13060, 12775, 4151, 17.40%, 0, 18, 3, 2332.79
1712540142, 0, 11003, 13171, 12885, 4150, 17.59%, 0, 18, 3, 2369.98
1712540147, 0, 11015, 13687, 13401, 4265, 17.75%, 0, 18, 3, 2510.69
1712540337, 0, 11044, 13687, 13400, 4264, 17.75%, 0, 18, 3, 2450.23
1712540347, 0, 11045, 13687, 13399, 4263, 17.75%, 0, 18, 3, 2547.79
1712540352, 0, 11056, 13687, 13398, 4262, 17.75%, 0, 18, 3, 2634.72
1712540542, 0, 11127, 13687, 13397, 4261, 17.75%, 0, 18, 3, 1.61
1712540558, 0, 11128, 13688, 13397, 4260, 17.75%, 0, 18, 3, 2289.96
1712540568, 0, 11276, 13689, 13397, 4260, 17.75%, 0, 18, 3, 2395.63
1712540758, 0, 11347, 13689, 13396, 4260, 17.75%, 0, 18, 3, 2288.33
1712540768, 0, 11347, 13690, 13397, 4260, 17.75%, 0, 18, 3, 2387.84
1712540773, 0, 11423, 13690, 13396, 4259, 17.75%, 0, 18, 3, 2368.20
1712540963, 0, 11546, 13690, 13395, 4258, 17.75%, 0, 18, 3, 0.52
1712540968, 0, 11546, 13691, 13396, 4258, 17.75%, 0, 18, 3, 2304.60
1712540983, 0, 11589, 13691, 13395, 4257, 17.75%, 0, 18, 3, 2322.43
1712541173, 0, 11703, 13691, 13394, 4256, 17.75%, 0, 18, 3, 0.77
1712541188, 0, 11703, 13692, 13395, 4256, 17.75%, 0, 18, 3, 2336.51
1712541193, 0, 11878, 13693, 13395, 4254, 17.75%, 0, 18, 3, 2342.68
1712541384, 0, 11878, 13694, 13396, 4254, 17.75%, 0, 18, 3, 0.53
1712541394, 0, 11974, 13694, 13395, 4254, 17.75%, 0, 18, 3, 2371.06
1712541404, 0, 12030, 13694, 13394, 4253, 17.75%, 0, 18, 3, 2262.91
1712541594, 0, 12035, 13694, 13393, 4252, 17.75%, 0, 18, 3, 2.86
1712541604, 0, 12036, 13694, 13392, 4251, 17.75%, 0, 18, 3, 2279.70
1712541614, 0, 12055, 13694, 13391, 4250, 17.75%, 0, 18, 3, 2458.72
1712541804, 0, 12071, 13694, 13390, 4249, 17.75%, 0, 18, 3, 0.83
1712541809, 0, 12081, 13694, 13389, 4248, 17.75%, 0, 18, 3, 2393.56
1712541815, 0, 12146, 13695, 13389, 4247, 17.75%, 0, 18, 3, 2428.90
1712541825, 0, 12193, 13695, 13388, 4246, 17.75%, 0, 18, 3, 2442.86
1712542015, 0, 12224, 13695, 13387, 4245, 17.75%, 0, 18, 3, 0.69
1712542040, 0, 12252, 13695, 13386, 4244, 17.75%, 0, 18, 3, 3246.73
1712543825, 0, 12337, 13695, 13385, 4243, 17.75%, 0, 18, 3, 0.36
1712543836, 0, 12382, 13916, 13605, 4261, 17.78%, 0, 18, 3, 2095.63
1712543871, 0, 12395, 13916, 13604, 4260, 17.78%, 0, 18, 3, 2386.17
1712543881, 0, 12425, 13916, 13603, 4259, 17.78%, 0, 18, 3, 2502.43
1712543891, 0, 12427, 13916, 13602, 4258, 17.78%, 0, 18, 3, 2516.57
1712543901, 0, 12444, 13916, 13601, 4257, 17.78%, 0, 18, 3, 2486.77
1712543906, 0, 12490, 13918, 13602, 4256, 17.79%, 0, 18, 3, 2473.66
1712543921, 0, 12578, 13918, 13601, 4256, 17.79%, 0, 18, 3, 2444.19
1712543927, 0, 12602, 13918, 13600, 4255, 17.79%, 0, 18, 3, 2465.69
1712543932, 0, 12607, 13918, 13599, 4254, 17.79%, 0, 18, 3, 2490.28
1712543937, 0, 12607, 13919, 13600, 4254, 17.79%, 0, 18, 3, 2280.08
1712543952, 0, 12610, 13919, 13599, 4254, 17.79%, 0, 18, 3, 2431.24
1712543957, 0, 12651, 13919, 13598, 4253, 17.79%, 0, 18, 3, 2432.69
1712543962, 0, 12659, 13921, 13599, 4254, 17.79%, 0, 18, 3, 2512.24
1712543972, 0, 12663, 13921, 13598, 4253, 17.79%, 0, 18, 3, 2387.54
1712543982, 0, 12679, 13921, 13597, 4252, 17.79%, 0, 18, 3, 2345.55
1712544007, 0, 12683, 13921, 13596, 4251, 17.79%, 0, 18, 3, 2492.73
1712544012, 0, 12684, 13921, 13595, 4250, 17.79%, 0, 18, 3, 2427.17
1712544349, 0, 12688, 13921, 13594, 4249, 17.79%, 0, 18, 3, 2505.35
1712544354, 0, 12699, 13922, 13594, 4248, 17.79%, 0, 18, 3, 2796.45
1712544554, 0, 12734, 13923, 13594, 4247, 17.79%, 0, 18, 4, 2422.80
1712544564, 0, 12735, 13923, 13593, 4247, 17.79%, 0, 18, 4, 3162.07
1712544749, 0, 12750, 13924, 13593, 4246, 17.79%, 0, 18, 4, 1.92
1712544764, 0, 12823, 13924, 13592, 4244, 17.79%, 0, 18, 4, 2451.17
1712544774, 0, 12846, 13924, 13591, 4243, 17.79%, 0, 18, 4, 3174.95
1712544959, 0, 12903, 13925, 13591, 4242, 17.79%, 0, 18, 4, 1.72
1712544969, 0, 12931, 13925, 13590, 4242, 17.79%, 0, 18, 4, 2379.42
1712544980, 0, 12942, 13925, 13589, 4241, 17.79%, 0, 18, 4, 2619.83
1712544985, 0, 12967, 13925, 13588, 4240, 17.79%, 0, 18, 4, 3017.45
1712545180, 0, 12970, 13925, 13587, 4239, 17.79%, 0, 18, 4, 2370.78
1712545380, 0, 12972, 13925, 13586, 4238, 17.79%, 0, 18, 4, 1.97
1712545390, 0, 12997, 13925, 13585, 4237, 17.79%, 0, 18, 4, 2365.09
1712545405, 0, 13000, 13925, 13584, 4236, 17.79%, 0, 18, 4, 2656.83
1712545595, 0, 13025, 13925, 13583, 4235, 17.79%, 0, 18, 4, 2234.50
1712545605, 0, 13067, 13925, 13582, 4234, 17.79%, 0, 18, 4, 2396.92
1712545615, 0, 13074, 13926, 13582, 4233, 17.79%, 0, 18, 4, 3013.82
1712545800, 0, 13078, 13926, 13581, 4233, 17.79%, 0, 18, 4, 1.96
1712545811, 0, 13082, 13926, 13580, 4232, 17.79%, 0, 18, 4, 2505.35
1712545821, 0, 13093, 13926, 13579, 4231, 17.79%, 0, 18, 4, 2471.25
1712546011, 0, 13110, 13926, 13578, 4230, 17.79%, 0, 18, 4, 1.76
1712546026, 0, 13118, 13926, 13577, 4229, 17.79%, 0, 18, 4, 2369.59
1712546036, 0, 13129, 13926, 13576, 4228, 17.79%, 0, 18, 4, 2778.24
1712546221, 0, 13129, 13926, 13576, 4228, 17.79%, 0, 19, 4, 2.70
1712546226, 0, 13131, 13926, 13575, 4227, 17.79%, 0, 19, 4, 2450.76
1712546236, 0, 13187, 13926, 13574, 4226, 17.79%, 0, 19, 4, 2474.45
1712546241, 0, 13224, 13926, 13573, 4225, 17.79%, 0, 19, 4, 2568.25
1712548290, 0, 13235, 13926, 13572, 4224, 17.79%, 0, 19, 4, 0.14
1712548301, 0, 13240, 13926, 13571, 4223, 17.79%, 0, 19, 4, 2305.25
1712548316, 0, 13244, 14317, 13961, 4306, 18.10%, 0, 19, 4, 1818.65
1712548326, 0, 13271, 14317, 13960, 4306, 18.10%, 0, 19, 4, 2172.71
1712548336, 0, 13307, 14317, 13959, 4305, 18.10%, 0, 19, 4, 2287.17
1712548346, 0, 13314, 14317, 13958, 4304, 18.10%, 0, 19, 4, 2288.92
1712548362, 0, 13359, 14317, 13957, 4303, 18.10%, 0, 19, 4, 2268.35
1712548372, 0, 13415, 14317, 13956, 4302, 18.10%, 0, 19, 4, 2287.84
1712548382, 0, 13425, 14317, 13955, 4301, 18.10%, 0, 19, 4, 2361.98
1712548392, 0, 13429, 14317, 13954, 4300, 18.10%, 0, 19, 4, 2279.00
1712548402, 0, 13436, 14317, 13953, 4299, 18.10%, 0, 19, 4, 2249.44
1712548412, 0, 13490, 14317, 13952, 4298, 18.10%, 0, 19, 4, 2737.30
1712548540, 0, 13500, 14317, 13951, 4297, 18.10%, 0, 19, 4, 2342.90
1712548550, 0, 13509, 14317, 13950, 4296, 18.10%, 0, 19, 4, 2574.98
1712548560, 0, 13526, 14317, 13949, 4295, 18.10%, 0, 19, 4, 3094.40
1712548750, 0, 13560, 14317, 13948, 4294, 18.10%, 0, 19, 4, 2307.60
1712548760, 0, 13582, 14318, 13948, 4293, 18.10%, 0, 19, 4, 2377.09
1712548770, 0, 13594, 14318, 13947, 4292, 18.10%, 0, 19, 4, 2860.99
1712548955, 0, 13601, 14318, 13946, 4291, 18.10%, 0, 19, 4, 2.99
1712548965, 0, 13657, 14318, 13945, 4290, 18.10%, 0, 19, 4, 2556.77
1712548970, 0, 13687, 14318, 13944, 4289, 18.10%, 0, 19, 4, 2514.52
1712548980, 0, 13725, 14318, 13943, 4288, 18.10%, 0, 19, 4, 2865.40
1712549166, 0, 13725, 14319, 13944, 4288, 18.10%, 0, 19, 4, 0.64
1712549171, 0, 13740, 14319, 13943, 4288, 18.10%, 0, 19, 4, 2356.30
1712549176, 0, 13740, 14320, 13944, 4288, 18.10%, 0, 19, 4, 2545.68
1712549181, 0, 13891, 14320, 13943, 4288, 18.10%, 0, 19, 4, 2461.82
1712549191, 0, 13917, 14320, 13942, 4287, 18.10%, 0, 19, 4, 2875.20
1712549381, 0, 13918, 14320, 13941, 4286, 18.10%, 0, 19, 4, 2443.93
1712549396, 0, 13923, 14321, 13941, 4285, 18.10%, 0, 19, 4, 2562.73
1712549586, 0, 13958, 14321, 13940, 4284, 18.10%, 0, 19, 4, 1.31
1712549596, 0, 13964, 14321, 13939, 4283, 18.10%, 0, 19, 4, 2414.14
1712549606, 0, 13982, 14321, 13938, 4282, 18.10%, 0, 19, 4, 2578.50
1712549801, 0, 14002, 14321, 13937, 4281, 18.10%, 0, 19, 4, 2400.41
1712549812, 0, 14063, 14321, 13936, 4280, 18.10%, 0, 19, 4, 2501.26
1712549822, 0, 14094, 14321, 13935, 4279, 18.10%, 0, 19, 4, 2965.73
1712550007, 0, 14130, 14321, 13934, 4278, 18.10%, 0, 19, 4, 1.89
1712550017, 0, 14180, 14321, 13933, 4277, 18.10%, 0, 19, 4, 2342.28
1712550027, 0, 14217, 14321, 13932, 4276, 18.10%, 0, 19, 4, 2590.66
1712550217, 0, 14223, 14321, 13931, 4275, 18.10%, 0, 19, 4, 0.62
1712550232, 0, 14286, 14321, 13930, 4274, 18.10%, 0, 19, 4, 2426.23
1712550427, 0, 14318, 14321, 13929, 4273, 18.10%, 0, 19, 4, 0.33
1712550433, 1, 479, 14321, 13928, 4272, 18.10%, 0, 19, 4, 2575.69
1712550443, 1, 526, 14321, 13927, 4271, 18.10%, 0, 19, 4, 2541.55
1712552095, 1, 590, 14321, 13926, 4270, 18.10%, 0, 19, 4, 0.29
1712552115, 1, 608, 14457, 14061, 4266, 18.11%, 0, 20, 4, 1092.85
1712552130, 1, 625, 14457, 14060, 4265, 18.11%, 0, 20, 4, 2406.48
1712552140, 1, 636, 14457, 14059, 4264, 18.11%, 0, 20, 4, 2429.26
1712552151, 1, 682, 14457, 14058, 4263, 18.11%, 0, 20, 4, 2455.23
1712552161, 1, 708, 14457, 14057, 4262, 18.11%, 0, 20, 4, 2422.21
1712552166, 1, 708, 14458, 14058, 4262, 18.11%, 0, 20, 4, 2490.95
1712552171, 1, 725, 14458, 14057, 4262, 18.11%, 0, 20, 4, 2449.16
1712552181, 1, 818, 14458, 14056, 4261, 18.11%, 0, 20, 4, 2367.68
1712552191, 1, 895, 14458, 14055, 4260, 18.11%, 0, 20, 4, 2372.27
1712552207, 1, 947, 14458, 14054, 4259, 18.11%, 0, 20, 4, 2426.77
1712552217, 1, 955, 14458, 14053, 4258, 18.11%, 0, 20, 4, 2453.84
1712552237, 1, 959, 14458, 14052, 4257, 18.11%, 0, 20, 4, 2370.46
1712552247, 1, 971, 14458, 14051, 4256, 18.11%, 0, 20, 4, 2414.33
1712552262, 1, 1054, 14458, 14050, 4255, 18.11%, 0, 20, 4, 2429.10
1712552273, 1, 1056, 14459, 14050, 4254, 18.11%, 0, 20, 4, 2541.95
1712552283, 1, 1084, 14459, 14049, 4254, 18.11%, 0, 20, 4, 2467.01
1712552293, 1, 1102, 14459, 14048, 4253, 18.11%, 0, 20, 4, 2408.15
1712552303, 1, 1136, 14459, 14047, 4252, 18.11%, 0, 20, 4, 2378.39
1712552323, 1, 1205, 14459, 14046, 4251, 18.11%, 0, 20, 4, 2429.11
1712552333, 1, 1230, 14459, 14045, 4250, 18.11%, 0, 20, 4, 2460.01
1712552338, 1, 1268, 14459, 14044, 4249, 18.11%, 0, 20, 4, 2467.09
1712552349, 1, 1358, 14459, 14043, 4248, 18.11%, 0, 20, 4, 2439.68
1712552364, 1, 1360, 14459, 14042, 4247, 18.11%, 0, 20, 4, 2518.26
1712552369, 1, 1385, 14460, 14042, 4246, 18.11%, 0, 20, 4, 2515.13
1712552379, 1, 1386, 14460, 14041, 4245, 18.11%, 0, 20, 4, 2493.77
1712552389, 1, 1448, 14460, 14040, 4244, 18.11%, 0, 20, 4, 2470.50
1712552399, 1, 1489, 14461, 14040, 4243, 18.11%, 0, 20, 4, 2335.23
1712552415, 1, 1502, 14461, 14039, 4243, 18.11%, 0, 20, 4, 2406.06
1712552420, 1, 1577, 14461, 14038, 4242, 18.11%, 0, 20, 4, 2456.22
1712552430, 1, 1594, 14461, 14037, 4241, 18.11%, 0, 20, 4, 2473.38
1712552440, 1, 1636, 14461, 14036, 4240, 18.11%, 0, 20, 4, 2520.72
1712552450, 1, 1662, 14461, 14035, 4239, 18.11%, 0, 20, 4, 2319.58
1712554213, 1, 1662, 14461, 14035, 4239, 18.11%, 0, 21, 4, 0.94
1712564637, 1, 1662, 14462, 14036, 4239, 18.11%, 0, 21, 4, 1697.52
