# unix_time, cycles_done, cur_path, paths_total, pending_total, pending_favs, map_size, unique_crashes, unique_hangs, max_depth, execs_per_sec
1712451498, 0, 0, 5, 5, 5, 1.24%, 0, 0, 1, 1904.76
1712451573, 0, 0, 86, 86, 5, 1.56%, 0, 0, 2, 3.23
1712451578, 0, 0, 129, 129, 5, 1.60%, 0, 0, 2, 1028.78
1712451583, 0, 0, 136, 136, 5, 1.60%, 0, 0, 2, 970.09
1712451588, 0, 0, 145, 145, 5, 1.61%, 0, 0, 2, 1064.65
1712455803, 0, 0, 154, 154, 5, 1.61%, 0, 0, 2, 949.67
1712456019, 0, 0, 159, 159, 5, 1.61%, 0, 0, 2, 913.73
1712456229, 0, 0, 161, 161, 5, 1.61%, 0, 0, 2, 1037.22
1712456440, 0, 0, 162, 162, 5, 1.61%, 0, 0, 2, 1071.72
1712456835, 0, 0, 165, 165, 5, 1.61%, 0, 0, 2, 0.22
1712457046, 0, 0, 167, 167, 5, 1.62%, 0, 0, 2, 1.11
1712457066, 0, 0, 177, 177, 5, 1.64%, 0, 0, 2, 1330.23
1712457071, 0, 0, 186, 186, 5, 1.66%, 0, 0, 2, 1226.01
1712460217, 0, 0, 200, 200, 5, 1.70%, 0, 0, 2, 2766.90
1712460222, 0, 0, 201, 201, 5, 1.70%, 0, 0, 2, 2585.84
1712460417, 0, 0, 203, 203, 5, 1.70%, 0, 0, 2, 2715.18
1712460427, 0, 0, 204, 204, 5, 1.70%, 0, 0, 2, 2670.69
1712460437, 0, 0, 205, 205, 5, 1.70%, 0, 0, 2, 2604.29
1712460622, 0, 0, 205, 205, 5, 1.70%, 0, 1, 2, 2.23
1712460837, 0, 0, 206, 206, 5, 1.70%, 0, 1, 2, 2580.74
1712460848, 0, 0, 208, 208, 5, 1.70%, 0, 1, 2, 2623.95
1712460858, 0, 0, 209, 209, 5, 1.70%, 0, 1, 2, 2625.13
