# unix_time, cycles_done, cur_path, paths_total, pending_total, pending_favs, map_size, unique_crashes, unique_hangs, max_depth, execs_per_sec
1712685951, 0, 0, 5, 5, 5, 1.24%, 0, 0, 1, 2222.22
1712686134, 0, 0, 52, 52, 5, 1.50%, 0, 0, 2, 0.46
1712686139, 0, 0, 70, 70, 5, 1.51%, 0, 0, 2, 1938.96
1712686144, 0, 0, 74, 74, 5, 1.53%, 0, 0, 2, 1883.37
1712686149, 0, 0, 86, 86, 5, 1.61%, 0, 0, 2, 1982.35
1712686155, 0, 0, 88, 88, 5, 1.61%, 0, 0, 2, 1803.48
1712686160, 0, 0, 91, 91, 5, 1.61%, 0, 0, 2, 1880.32
1712686165, 0, 0, 94, 94, 5, 1.62%, 0, 0, 2, 1926.32
1712690346, 0, 0, 96, 96, 5, 1.63%, 0, 0, 2, 1914.43
1712690351, 0, 0, 97, 97, 5, 1.63%, 0, 0, 2, 2022.46
1712690356, 0, 0, 102, 102, 5, 1.63%, 0, 0, 2, 1953.67
1712690361, 0, 0, 145, 145, 5, 1.86%, 0, 0, 2, 1920.61
1712694554, 0, 0, 147, 147, 5, 1.86%, 0, 0, 2, 1716.13
1712694980, 0, 0, 157, 157, 5, 1.98%, 0, 0, 2, 1702.72
1712695180, 0, 0, 158, 158, 5, 1.98%, 0, 0, 2, 1.68
1712695206, 0, 0, 160, 160, 5, 1.99%, 0, 0, 2, 1839.90
1712695396, 0, 0, 167, 167, 5, 2.00%, 0, 0, 2, 1620.76
1712695611, 0, 0, 176, 176, 5, 2.01%, 0, 0, 2, 1775.55
1712696027, 0, 0, 178, 178, 5, 2.02%, 0, 0, 2, 1825.76
1712696037, 0, 0, 179, 179, 5, 2.02%, 0, 0, 2, 1841.80
1712696042, 0, 0, 214, 214, 5, 2.07%, 0, 0, 2, 1846.89
1712696047, 0, 0, 243, 243, 5, 2.10%, 0, 0, 2, 1810.77
1712696232, 0, 0, 267, 267, 5, 2.12%, 0, 0, 2, 0.54
1712696237, 0, 0, 275, 275, 5, 2.12%, 0, 0, 2, 1822.69
1712696242, 0, 0, 748, 747, 4, 6.29%, 0, 0, 2, 1446.64
1712696247, 0, 0, 1460, 1459, 4, 8.46%, 0, 0, 2, 1295.55
1712696252, 0, 0, 2125, 2124, 4, 9.61%, 0, 0, 2, 1251.07
1712696257, 0, 0, 2769, 2768, 4, 10.48%, 0, 0, 2, 1163.08
1712696442, 0, 0, 3412, 3411, 4, 11.21%, 0, 0, 2, 0.45
1712696447, 0, 0, 4017, 4016, 4, 11.92%, 0, 0, 2, 1061.69
1712696453, 0, 0, 4609, 4608, 4, 12.55%, 0, 0, 2, 1189.61
1712696458, 0, 0, 5237, 5236, 4, 13.17%, 0, 0, 2, 1250.80
1712696463, 0, 0, 5798, 5797, 4, 13.71%, 0, 0, 2, 1157.29
1712696468, 0, 34, 6239, 6231, 3217, 14.09%, 0, 0, 2, 1448.94
1712696473, 0, 34, 6240, 6232, 3217, 14.09%, 0, 0, 3, 1133.69
1712699808, 0, 34, 6240, 6232, 3217, 14.09%, 0, 1, 3, 0.53
1712702964, 0, 36, 6240, 6231, 3217, 14.09%, 0, 1, 3, 0.12
1712702969, 0, 36, 6241, 6232, 3217, 14.09%, 0, 1, 3, 1494.16
1712707182, 0, 88, 6241, 6230, 3216, 14.09%, 0, 1, 3, 1484.58
1712707382, 0, 88, 6242, 6231, 3216, 14.09%, 0, 1, 3, 0.59
1712707598, 0, 88, 6243, 6232, 3216, 14.09%, 0, 1, 3, 1556.31
1712708244, 0, 88, 6244, 6233, 3216, 14.09%, 0, 1, 3, 1552.69
1712709075, 0, 88, 6245, 6234, 3216, 14.09%, 0, 1, 3, 1362.08
1712711611, 0, 88, 6246, 6235, 3216, 14.09%, 0, 1, 3, 1449.29
1712711811, 0, 88, 6247, 6236, 3216, 14.09%, 0, 1, 3, 1453.49
1712711816, 0, 89, 6247, 6235, 3219, 14.09%, 0, 1, 3, 1623.26
1712712017, 0, 89, 6248, 6236, 3219, 14.09%, 0, 1, 3, 1408.86
1712716850, 0, 89, 6248, 6236, 3219, 14.09%, 0, 2, 3, 1.46
1712717481, 0, 123, 6248, 6227, 3211, 14.09%, 0, 2, 3, 1.46
1712717487, 0, 134, 6248, 6222, 3206, 14.09%, 0, 2, 3, 1740.47
1712717492, 0, 241, 6248, 6218, 3202, 14.09%, 0, 2, 3, 1513.12
1712717512, 0, 241, 6464, 6433, 3201, 14.84%, 0, 2, 3, 1252.62
1712719796, 0, 241, 6470, 6439, 3201, 14.85%, 0, 2, 3, 0.02
1712719801, 0, 241, 7047, 7016, 3201, 15.51%, 0, 2, 3, 1062.87
1712719806, 0, 241, 7607, 7576, 3201, 15.85%, 0, 2, 3, 1087.12
1712719811, 0, 241, 8172, 8141, 3201, 16.18%, 0, 2, 3, 1132.10
1712719816, 0, 247, 8378, 8347, 3804, 16.30%, 0, 2, 3, 1180.23
1712720863, 0, 248, 8378, 8346, 3803, 16.30%, 0, 2, 3, 1356.46
1712721063, 0, 248, 8379, 8347, 3803, 16.30%, 0, 2, 3, 1361.38
1712721068, 0, 282, 8379, 8346, 3803, 16.30%, 0, 2, 3, 1297.63
1712721278, 0, 285, 8379, 8345, 3803, 16.30%, 0, 2, 3, 1377.27
1712721293, 0, 285, 8380, 8346, 3803, 16.30%, 0, 2, 3, 1530.45
1712721478, 0, 287, 8380, 8345, 3803, 16.30%, 0, 2, 3, 0.71
1712721689, 0, 288, 8380, 8344, 3802, 16.30%, 0, 2, 3, 0.72
1712721719, 0, 288, 8381, 8345, 3802, 16.30%, 0, 2, 3, 1348.10
1712724023, 0, 290, 8381, 8344, 3802, 16.30%, 0, 2, 3, 1353.99
1712724234, 0, 291, 8382, 8344, 3802, 16.30%, 0, 2, 3, 1564.10
1712724444, 0, 294, 8382, 8343, 3801, 16.30%, 0, 2, 3, 1346.09
1712724660, 0, 300, 8382, 8342, 3800, 16.30%, 0, 2, 3, 1395.52
1712724850, 0, 300, 8384, 8344, 3800, 16.31%, 0, 2, 3, 1369.48
1712724865, 0, 300, 8385, 8345, 3800, 16.31%, 0, 2, 3, 1349.45
1712725055, 0, 300, 8386, 8346, 3800, 16.31%, 0, 2, 3, 0.47
1712725060, 0, 301, 8522, 8481, 3828, 16.41%, 0, 2, 3, 1331.91
1712725265, 0, 302, 8522, 8480, 3827, 16.41%, 0, 2, 3, 1.40
1712725286, 0, 305, 8522, 8479, 3826, 16.41%, 0, 2, 3, 1318.53
1712725491, 0, 306, 8522, 8478, 3825, 16.41%, 0, 2, 3, 1189.65
1712725701, 0, 309, 8522, 8477, 3824, 16.41%, 0, 2, 3, 1382.55
1712725917, 0, 312, 8522, 8476, 3823, 16.41%, 0, 2, 3, 1363.98
1712727930, 0, 313, 8522, 8475, 3822, 16.41%, 0, 2, 3, 1396.11
1712727965, 0, 316, 8522, 8474, 3821, 16.41%, 0, 2, 3, 1408.24
1712728652, 0, 316, 8523, 8475, 3821, 16.41%, 0, 2, 3, 1345.42
1712729478, 0, 316, 8527, 8479, 3821, 16.41%, 0, 2, 3, 1292.21
1712729688, 0, 316, 8528, 8480, 3821, 16.41%, 0, 2, 3, 1350.11
1712729699, 0, 316, 8529, 8481, 3821, 16.41%, 0, 2, 3, 1364.14
1712750089, 0, 316, 8529, 8481, 3821, 16.41%, 0, 3, 3, 0.08
1712758514, 0, 316, 8530, 8482, 3821, 16.42%, 0, 3, 3, 1221.57
1712759586, 0, 330, 8530, 8480, 3819, 16.42%, 0, 3, 3, 1344.95
1712761895, 0, 337, 8531, 8480, 3818, 16.42%, 0, 3, 3, 1338.43
1712762101, 0, 337, 8532, 8481, 3818, 16.42%, 0, 3, 3, 1130.40
1712762521, 0, 337, 8547, 8495, 3818, 16.42%, 0, 3, 3, 1327.96
1712762526, 0, 337, 9025, 8973, 3818, 16.71%, 0, 4, 3, 1035.88
1712762711, 0, 337, 9581, 9529, 3818, 16.95%, 0, 4, 3, 0.72
1712762717, 0, 337, 9999, 9947, 3818, 17.09%, 0, 5, 3, 11.80
1712762722, 0, 337, 10365, 10313, 3818, 17.20%, 0, 7, 3, 47.39
1712762727, 0, 337, 10703, 10651, 3818, 17.33%, 1, 9, 3, 985.35
1712762732, 0, 343, 10765, 10713, 4182, 17.34%, 1, 9, 3, 1122.36
1712762939, 0, 343, 10766, 10714, 4182, 17.35%, 1, 9, 3, 1289.81
1712762944, 0, 344, 10766, 10713, 4182, 17.35%, 1, 9, 3, 1268.09
1712763155, 0, 344, 10767, 10714, 4182, 17.35%, 1, 9, 3, 1294.98
1712763160, 0, 350, 10767, 10712, 4181, 17.35%, 1, 9, 3, 1264.00
1712763555, 0, 353, 10767, 10711, 4180, 17.35%, 1, 9, 3, 0.71
1712763781, 0, 354, 10767, 10710, 4179, 17.35%, 1, 9, 3, 1313.77
1712766085, 0, 355, 10894, 10836, 4205, 17.41%, 1, 9, 3, 928.06
1712766300, 0, 356, 10894, 10835, 4204, 17.41%, 1, 9, 3, 1032.95
1712766315, 0, 358, 10894, 10834, 4203, 17.41%, 1, 9, 3, 1131.69
1712766521, 0, 358, 10895, 10835, 4203, 17.41%, 1, 9, 3, 1011.56
1712766526, 0, 361, 10895, 10834, 4203, 17.41%, 1, 9, 3, 1100.56
1712766731, 0, 367, 10895, 10833, 4202, 17.41%, 1, 9, 3, 1095.23
1712766947, 0, 370, 10895, 10832, 4201, 17.41%, 1, 9, 3, 1203.94
1712767347, 0, 374, 10896, 10832, 4200, 17.41%, 1, 9, 3, 1068.31
1712767367, 0, 374, 10897, 10833, 4200, 17.41%, 1, 9, 3, 1258.54
1712767552, 0, 376, 10897, 10832, 4201, 17.41%, 1, 9, 3, 0.60
1712767578, 0, 377, 10897, 10831, 4200, 17.41%, 1, 9, 3, 1179.82
1712767973, 0, 377, 10897, 10831, 4200, 17.41%, 1, 10, 3, 0.76
1712767983, 0, 378, 10897, 10830, 4199, 17.41%, 1, 10, 3, 1043.74
1712767993, 0, 378, 10899, 10832, 4199, 17.41%, 1, 10, 3, 973.61
1712770497, 0, 378, 10906, 10838, 4198, 17.41%, 1, 11, 3, 1.40
1712770502, 0, 383, 10982, 10913, 4218, 17.47%, 1, 11, 3, 876.34
