# unix_time, cycles_done, cur_path, paths_total, pending_total, pending_favs, map_size, unique_crashes, unique_hangs, max_depth, execs_per_sec
1712685944, 0, 0, 5, 5, 5, 1.24%, 0, 0, 1, 2352.94
1712686074, 0, 0, 109, 109, 5, 1.60%, 0, 0, 2, 1.39
1712686079, 0, 0, 144, 144, 5, 1.70%, 0, 0, 2, 1768.44
1712686084, 0, 0, 166, 166, 5, 1.73%, 0, 0, 2, 1697.34
1712686089, 0, 0, 177, 177, 5, 1.74%, 0, 0, 2, 1666.78
1712686094, 0, 0, 182, 182, 5, 1.75%, 0, 0, 2, 1558.44
1712686100, 0, 0, 215, 215, 5, 1.95%, 0, 0, 2, 1585.06
1712686170, 0, 0, 231, 231, 5, 1.99%, 0, 0, 2, 2127.66
1712686175, 0, 0, 233, 233, 5, 1.99%, 0, 0, 2, 2021.61
1712686180, 0, 0, 235, 235, 5, 1.99%, 0, 0, 2, 1890.85
1712686195, 0, 0, 236, 236, 5, 1.99%, 0, 0, 2, 1927.16
1712686200, 0, 0, 240, 240, 5, 2.00%, 0, 0, 2, 1996.17
1712686271, 0, 0, 258, 258, 5, 2.01%, 0, 0, 2, 1940.41
1712686276, 0, 0, 264, 264, 5, 2.02%, 0, 0, 2, 1886.92
1712686281, 0, 0, 273, 273, 5, 2.03%, 0, 0, 2, 2063.14
1712686286, 0, 0, 277, 277, 5, 2.03%, 0, 0, 2, 2136.50
1712686291, 0, 0, 283, 283, 5, 2.03%, 0, 0, 2, 2121.48
1712686296, 0, 0, 286, 286, 5, 2.04%, 0, 0, 2, 2067.99
1712686301, 0, 0, 362, 362, 5, 2.07%, 0, 0, 2, 1885.71
1712686306, 0, 0, 403, 403, 5, 2.10%, 0, 0, 2, 1755.60
1712686312, 0, 0, 434, 434, 5, 2.13%, 0, 0, 2, 1718.03
1712686317, 0, 0, 452, 452, 5, 2.16%, 0, 0, 2, 1709.10
1712686322, 0, 146, 863, 862, 320, 2.89%, 0, 0, 2, 1556.64
1712686327, 0, 146, 867, 866, 320, 2.89%, 0, 0, 3, 1809.07
1712686332, 0, 146, 870, 869, 320, 2.90%, 0, 0, 3, 1961.48
1712686352, 0, 146, 871, 870, 320, 2.90%, 0, 0, 3, 2247.59
1712686459, 0, 184, 880, 878, 323, 2.91%, 0, 0, 3, 2042.95
1712686464, 0, 184, 884, 882, 323, 3.01%, 0, 0, 3, 2137.71
1712686474, 0, 184, 885, 883, 323, 3.01%, 0, 0, 3, 2180.89
1712686479, 0, 184, 889, 887, 323, 3.02%, 0, 0, 3, 2101.76
1712686484, 0, 184, 911, 909, 323, 3.10%, 0, 0, 3, 1903.78
1712686489, 0, 184, 922, 920, 323, 3.13%, 0, 0, 3, 1826.93
1712686494, 0, 193, 934, 931, 337, 3.14%, 0, 0, 3, 1974.83
1712686499, 0, 193, 937, 934, 337, 3.15%, 0, 0, 3, 2075.82
1712686504, 0, 193, 938, 935, 337, 3.15%, 0, 0, 3, 2122.47
1712686515, 0, 193, 940, 937, 337, 3.15%, 0, 0, 3, 2172.05
1712686520, 0, 193, 946, 943, 337, 3.16%, 0, 0, 3, 1903.80
1712686525, 0, 193, 948, 945, 337, 3.16%, 0, 0, 3, 1778.93
1712686530, 0, 198, 972, 968, 342, 3.18%, 0, 0, 3, 1887.71
1712686535, 0, 198, 974, 970, 342, 3.18%, 0, 0, 3, 1928.60
1712686540, 0, 198, 975, 971, 342, 3.18%, 0, 0, 3, 2151.13
1712686550, 0, 198, 980, 976, 342, 3.18%, 0, 0, 3, 1959.91
1712686555, 0, 198, 981, 977, 342, 3.18%, 0, 0, 3, 1940.65
1712686560, 0, 224, 986, 981, 354, 3.19%, 0, 0, 3, 1979.70
1712686580, 0, 224, 987, 982, 354, 3.19%, 0, 0, 3, 2121.71
1712686591, 0, 224, 988, 983, 354, 3.19%, 0, 0, 3, 2183.03
1712686692, 0, 224, 989, 984, 354, 3.19%, 0, 0, 3, 2060.05
1712686697, 0, 224, 999, 994, 354, 3.19%, 0, 0, 3, 1979.30
1712686702, 0, 224, 1012, 1007, 354, 3.20%, 0, 0, 3, 1911.42
1712686707, 0, 224, 1019, 1014, 354, 3.22%, 0, 0, 3, 1822.43
1712686712, 0, 224, 1021, 1016, 354, 3.22%, 0, 0, 3, 1690.92
1712686717, 0, 236, 1029, 1023, 363, 3.22%, 0, 0, 3, 2058.41
1712686722, 0, 236, 1030, 1024, 363, 3.22%, 0, 0, 3, 2126.41
1712686743, 0, 348, 1044, 1037, 361, 3.23%, 0, 0, 3, 2060.67
1712686748, 0, 348, 1049, 1042, 361, 3.24%, 0, 0, 3, 2118.85
1712686753, 0, 348, 1060, 1053, 361, 3.24%, 0, 0, 3, 1972.72
1712686758, 0, 348, 1063, 1056, 361, 3.24%, 0, 0, 3, 2067.25
1712686763, 0, 348, 1065, 1058, 361, 3.24%, 0, 0, 3, 1999.13
1712686768, 0, 353, 1072, 1064, 366, 3.25%, 0, 0, 3, 2175.99
1712686773, 0, 353, 1076, 1068, 366, 3.26%, 0, 0, 3, 2030.17
1712686778, 0, 353, 1081, 1073, 366, 3.26%, 0, 0, 3, 2049.16
1712686788, 0, 389, 1087, 1078, 373, 3.27%, 0, 0, 3, 2023.61
1712686793, 0, 389, 1090, 1081, 373, 3.31%, 0, 0, 3, 2157.47
1712686798, 0, 389, 1102, 1093, 373, 3.32%, 0, 0, 3, 2155.70
1712686804, 0, 389, 1105, 1096, 373, 3.32%, 0, 0, 3, 2029.58
1712686814, 0, 396, 1108, 1098, 380, 3.32%, 0, 0, 3, 2022.65
1712686819, 0, 396, 1110, 1100, 380, 3.32%, 0, 0, 3, 2312.15
1712686829, 0, 396, 1112, 1102, 380, 3.32%, 0, 0, 3, 2085.43
1712686844, 0, 411, 1114, 1103, 382, 3.33%, 0, 0, 3, 2052.10
1712686849, 0, 411, 1115, 1104, 382, 3.33%, 0, 0, 3, 2093.94
1712686854, 0, 412, 1120, 1108, 383, 3.35%, 0, 0, 3, 2109.04
1712686859, 0, 412, 1122, 1110, 383, 3.36%, 0, 0, 3, 2132.26
1712686864, 0, 439, 1126, 1113, 389, 3.37%, 0, 0, 3, 2171.66
1712686869, 0, 439, 1135, 1122, 389, 3.41%, 0, 0, 3, 2027.63
1712686874, 0, 439, 1144, 1131, 389, 3.44%, 0, 0, 3, 1928.60
1712686880, 0, 443, 1160, 1146, 405, 3.50%, 0, 0, 3, 1952.01
1712686885, 0, 443, 1161, 1147, 405, 3.50%, 0, 0, 3, 1970.66
1712686890, 0, 453, 1165, 1150, 413, 3.51%, 0, 0, 3, 1947.68
1712686895, 0, 453, 1166, 1151, 413, 3.52%, 0, 0, 3, 2030.29
1712686900, 0, 456, 1166, 1150, 413, 3.52%, 0, 0, 3, 1865.11
1712686956, 0, 456, 1169, 1153, 413, 3.53%, 0, 0, 3, 1951.93
1712687169, 0, 456, 1170, 1154, 413, 3.53%, 0, 0, 3, 2035.46
1712687174, 0, 456, 1171, 1155, 413, 3.53%, 0, 0, 3, 2016.24
1712687285, 0, 456, 1180, 1164, 413, 3.55%, 0, 0, 3, 1872.13
1712687290, 0, 456, 1181, 1165, 413, 3.55%, 0, 0, 3, 1821.60
1712687295, 0, 456, 1183, 1167, 413, 3.55%, 0, 0, 3, 1904.95
1712687321, 0, 456, 1184, 1168, 413, 3.55%, 0, 0, 3, 1724.15
1712687331, 0, 456, 1185, 1169, 413, 3.55%, 0, 0, 3, 1927.27
1712687336, 0, 456, 1186, 1170, 413, 3.55%, 0, 0, 3, 2064.33
1712687361, 0, 456, 1187, 1171, 413, 3.55%, 0, 0, 3, 1851.88
1712687412, 0, 456, 1189, 1173, 413, 3.56%, 0, 0, 3, 1761.47
1712687508, 0, 456, 1192, 1176, 413, 3.57%, 0, 0, 3, 1769.59
1712687518, 0, 456, 1193, 1177, 413, 3.57%, 0, 0, 3, 1741.78
1712687533, 0, 456, 1197, 1181, 413, 3.57%, 0, 0, 3, 917.58
1712687538, 0, 456, 1201, 1185, 413, 3.57%, 0, 0, 3, 751.31
1712687548, 0, 456, 1204, 1188, 413, 3.57%, 0, 0, 3, 685.05
1712687553, 0, 456, 1205, 1189, 413, 3.57%, 0, 0, 3, 677.15
1712687559, 0, 456, 1210, 1194, 413, 3.58%, 0, 0, 3, 687.95
1712687564, 0, 456, 1211, 1195, 413, 3.58%, 0, 0, 3, 738.78
1712687569, 0, 457, 1214, 1197, 431, 3.58%, 0, 0, 3, 1826.20
1712687574, 0, 457, 1224, 1207, 431, 3.59%, 0, 0, 3, 2004.33
1712687584, 0, 457, 1228, 1211, 431, 3.59%, 0, 0, 3, 1912.75
1712687589, 0, 460, 1238, 1220, 436, 3.60%, 0, 0, 3, 2069.81
1712687594, 0, 460, 1244, 1226, 436, 3.60%, 0, 0, 3, 2050.28
1712687599, 0, 460, 1257, 1239, 436, 3.61%, 0, 0, 3, 2075.20
1712687604, 0, 460, 1261, 1243, 436, 3.61%, 0, 0, 3, 1947.49
1712687609, 0, 460, 1264, 1246, 436, 3.61%, 0, 0, 3, 1960.00
1712687614, 0, 475, 1266, 1247, 447, 3.62%, 0, 0, 3, 1955.69
1712687619, 0, 475, 1269, 1250, 447, 3.62%, 0, 0, 3, 2053.35
1712687649, 0, 475, 1272, 1253, 447, 3.62%, 0, 0, 3, 1875.67
1712687670, 0, 475, 1274, 1255, 447, 3.63%, 0, 0, 3, 1859.35
1712687690, 0, 475, 1278, 1259, 447, 3.63%, 0, 0, 3, 1920.67
1712687721, 0, 475, 1279, 1260, 447, 3.64%, 0, 0, 3, 1954.79
1712687741, 0, 475, 1284, 1265, 447, 3.64%, 0, 0, 3, 1975.24
1712687771, 0, 475, 1285, 1266, 447, 3.65%, 0, 0, 3, 1895.59
1712687802, 0, 475, 1286, 1267, 447, 3.65%, 0, 0, 3, 1789.14
1712687807, 0, 475, 1293, 1274, 447, 3.66%, 0, 0, 3, 1798.26
1712687812, 0, 475, 1295, 1276, 447, 3.66%, 0, 0, 3, 1769.96
1712687817, 0, 475, 1297, 1278, 447, 3.67%, 0, 0, 3, 1761.23
1712687827, 0, 475, 1298, 1279, 447, 3.67%, 0, 0, 3, 1902.85
1712687837, 0, 475, 1299, 1280, 447, 3.67%, 0, 0, 3, 1732.03
1712687868, 0, 475, 1300, 1281, 447, 3.67%, 0, 0, 3, 1893.57
1712687964, 0, 475, 1301, 1282, 447, 3.67%, 0, 0, 3, 1951.74
1712688010, 0, 475, 1302, 1283, 447, 3.67%, 0, 0, 3, 1743.94
1712688055, 0, 475, 1306, 1287, 447, 3.68%, 0, 0, 3, 1930.87
1712688182, 0, 475, 1310, 1291, 447, 3.68%, 0, 0, 3, 1709.20
1712688278, 0, 475, 1312, 1293, 447, 3.68%, 0, 0, 3, 1878.98
1712688283, 0, 475, 1314, 1295, 447, 3.68%, 0, 0, 3, 1784.38
1712688405, 0, 475, 1316, 1297, 447, 3.68%, 0, 0, 3, 1754.67
1712688445, 0, 475, 1317, 1298, 447, 3.68%, 0, 0, 3, 1821.53
1712688470, 0, 475, 1319, 1300, 447, 3.69%, 0, 0, 3, 1724.65
1712688749, 0, 475, 1322, 1303, 447, 3.71%, 0, 0, 3, 1939.20
1712688759, 0, 475, 1323, 1304, 447, 3.71%, 0, 0, 3, 1815.64
1712688780, 0, 475, 1324, 1305, 447, 3.71%, 0, 0, 3, 1851.72
1712688795, 0, 475, 1325, 1306, 447, 3.72%, 0, 0, 3, 1852.01
1712689063, 0, 475, 1339, 1320, 447, 3.72%, 0, 0, 3, 1422.19
1712689068, 0, 475, 1350, 1331, 447, 3.72%, 0, 0, 3, 1091.17
1712689073, 0, 475, 1359, 1340, 447, 3.73%, 0, 0, 3, 1005.95
1712689078, 0, 475, 1364, 1345, 447, 3.74%, 0, 0, 3, 958.08
1712689083, 0, 475, 1372, 1353, 447, 3.74%, 0, 0, 3, 1029.29
1712689088, 0, 478, 1384, 1364, 484, 3.74%, 0, 0, 3, 1741.51
1712689093, 0, 478, 1385, 1365, 484, 3.74%, 0, 0, 3, 1950.42
1712689098, 0, 485, 1390, 1369, 484, 3.74%, 0, 0, 3, 1895.84
1712689109, 0, 485, 1393, 1372, 484, 3.75%, 0, 0, 3, 2022.20
1712689119, 0, 485, 1394, 1373, 484, 3.75%, 0, 0, 3, 2036.97
1712689129, 0, 485, 1395, 1374, 484, 3.75%, 0, 0, 3, 1953.95
1712689179, 0, 485, 1396, 1375, 484, 3.75%, 0, 0, 3, 1989.31
1712689306, 0, 485, 1415, 1394, 484, 3.77%, 0, 0, 3, 1907.23
1712689311, 0, 485, 1443, 1422, 484, 3.79%, 0, 0, 3, 1710.88
1712689316, 0, 485, 1458, 1437, 484, 3.82%, 0, 0, 3, 1607.64
1712689321, 0, 485, 1471, 1450, 484, 3.83%, 0, 0, 3, 1661.92
1712689326, 0, 501, 1481, 1459, 508, 3.84%, 0, 0, 3, 1822.03
1712689331, 0, 501, 1483, 1461, 508, 3.85%, 0, 0, 3, 2132.77
1712689336, 0, 501, 1485, 1463, 508, 3.85%, 0, 0, 3, 2043.37
1712689357, 0, 501, 1489, 1467, 508, 3.85%, 0, 0, 3, 2132.38
1712689362, 0, 501, 1495, 1473, 508, 3.87%, 0, 0, 3, 1978.84
1712689367, 0, 501, 1500, 1478, 508, 3.87%, 0, 0, 3, 1956.45
1712689372, 0, 510, 1505, 1482, 515, 3.87%, 0, 0, 3, 2031.80
1712689377, 0, 510, 1506, 1483, 515, 3.87%, 0, 0, 3, 2109.13
1712689423, 0, 510, 1507, 1484, 515, 3.88%, 0, 0, 3, 2219.99
1712689428, 0, 578, 1508, 1484, 516, 3.88%, 0, 0, 3, 2134.34
1712689433, 0, 578, 1512, 1488, 516, 3.88%, 0, 0, 3, 1745.39
1712689570, 0, 578, 1517, 1493, 516, 3.88%, 0, 0, 3, 1558.12
1712689575, 0, 578, 1535, 1511, 516, 3.97%, 0, 0, 3, 1620.30
1712689591, 0, 578, 1536, 1512, 516, 3.98%, 0, 0, 3, 1869.81
1712689621, 0, 578, 1538, 1514, 516, 3.99%, 0, 0, 3, 1614.40
1712689768, 0, 578, 1540, 1516, 516, 3.99%, 0, 0, 3, 1568.93
1712690026, 0, 578, 1541, 1517, 516, 3.99%, 0, 0, 3, 1390.93
1712694368, 0, 578, 1541, 1517, 516, 3.99%, 0, 1, 3, 0.03
1712694489, 0, 578, 1541, 1517, 516, 3.99%, 0, 2, 3, 0.89
1712695962, 0, 578, 1541, 1517, 516, 3.99%, 0, 3, 3, 0.73
1712699117, 0, 578, 1541, 1517, 516, 3.99%, 0, 4, 3, 0.44
1712700399, 0, 578, 1542, 1518, 516, 3.99%, 0, 4, 3, 1196.74
1712703120, 0, 578, 1543, 1519, 516, 4.00%, 0, 4, 3, 1318.78
1712704166, 0, 578, 1544, 1520, 516, 4.00%, 0, 4, 3, 0.80
1712704823, 0, 578, 1549, 1525, 516, 4.01%, 0, 4, 3, 1117.68
1712707112, 0, 578, 1553, 1529, 516, 4.01%, 0, 4, 3, 0.01
1712711059, 0, 578, 1555, 1531, 516, 4.01%, 0, 4, 3, 0.02
1712729859, 0, 578, 1556, 1532, 516, 4.01%, 0, 4, 3, 1283.01
1712730044, 0, 578, 1556, 1532, 516, 4.01%, 0, 5, 3, 1.25
1712730049, 0, 578, 1557, 1533, 516, 4.01%, 0, 5, 3, 1558.61
1712730054, 0, 578, 1558, 1534, 516, 4.01%, 0, 5, 3, 1528.46
1712732578, 0, 578, 1559, 1535, 516, 4.01%, 0, 5, 3, 1312.88
1712736565, 0, 578, 1559, 1535, 516, 4.01%, 0, 6, 3, 1.48
1712737622, 0, 578, 1560, 1536, 516, 4.02%, 0, 6, 3, 1307.20
1712741839, 0, 578, 1561, 1537, 516, 4.02%, 0, 6, 3, 1439.04
1712742260, 0, 578, 1562, 1538, 516, 4.02%, 0, 6, 3, 1347.85
1712746894, 0, 578, 1568, 1544, 516, 4.02%, 0, 6, 3, 697.32
1712749187, 0, 578, 1570, 1546, 516, 4.02%, 0, 6, 3, 0.00
1712749192, 0, 578, 1572, 1548, 516, 4.02%, 0, 6, 3, 554.20
1712749197, 0, 578, 1573, 1549, 516, 4.02%, 0, 6, 3, 534.85
1712749203, 0, 578, 1574, 1550, 516, 4.03%, 0, 6, 3, 495.19
1712749403, 0, 581, 1576, 1551, 553, 4.03%, 0, 6, 3, 108.43
1712749408, 0, 581, 1579, 1554, 553, 4.04%, 0, 6, 3, 1596.17
1712749608, 0, 581, 1580, 1555, 553, 4.04%, 0, 6, 3, 0.92
1712749613, 0, 581, 1581, 1556, 553, 4.04%, 0, 6, 3, 1743.48
1712749829, 0, 581, 1585, 1560, 553, 4.05%, 0, 6, 3, 1700.78
1712750260, 0, 581, 1586, 1561, 553, 4.05%, 0, 6, 3, 1582.49
1712750265, 0, 581, 1590, 1565, 553, 4.06%, 0, 6, 3, 1441.73
1712750670, 0, 581, 1591, 1566, 553, 4.06%, 0, 6, 3, 1795.87
1712750675, 0, 581, 1595, 1570, 553, 4.07%, 0, 6, 3, 1599.24
1712750885, 0, 581, 1596, 1571, 553, 4.07%, 0, 6, 3, 1637.42
1712752731, 0, 581, 1597, 1572, 553, 4.07%, 0, 6, 3, 1606.80
1712752792, 0, 581, 1818, 1792, 552, 6.98%, 0, 6, 3, 1311.28
1712752797, 0, 581, 2442, 2416, 552, 9.57%, 0, 6, 3, 1183.61
1712752802, 0, 581, 3031, 3005, 552, 10.79%, 0, 6, 3, 1087.32
1712752807, 0, 581, 3384, 3358, 552, 11.37%, 0, 8, 3, 46.31
1712752812, 0, 581, 3932, 3906, 552, 12.07%, 0, 8, 3, 947.75
1712752817, 0, 581, 4519, 4493, 552, 12.77%, 0, 8, 3, 1066.92
1712752823, 0, 581, 5110, 5084, 552, 13.44%, 0, 8, 3, 1087.83
1712752828, 0, 581, 5579, 5553, 552, 13.93%, 0, 9, 3, 1079.25
1712752833, 0, 581, 6032, 6006, 552, 14.31%, 0, 9, 3, 1009.89
1712752838, 0, 581, 6513, 6487, 552, 14.71%, 0, 10, 3, 51.35
1712752843, 0, 581, 7026, 7000, 552, 15.12%, 0, 10, 3, 932.41
1712752848, 0, 581, 7555, 7529, 552, 15.51%, 0, 10, 3, 1026.54
1712752853, 0, 581, 7968, 7942, 552, 15.80%, 0, 11, 3, 985.96
1712752858, 0, 581, 8462, 8436, 552, 16.12%, 0, 11, 3, 954.05
1712752864, 0, 581, 9000, 8974, 552, 16.48%, 0, 11, 3, 1030.96
1712752869, 0, 581, 9496, 9470, 552, 16.81%, 0, 11, 3, 1005.59
1712752874, 0, 581, 9982, 9956, 552, 17.09%, 0, 11, 3, 987.04
1712752879, 0, 1481, 10360, 10334, 4231, 17.32%, 0, 11, 3, 1218.71
1712752919, 0, 1651, 10360, 10333, 4230, 17.32%, 0, 11, 3, 1748.68
1712752929, 0, 1658, 10360, 10332, 4229, 17.32%, 0, 11, 3, 1746.29
1712752945, 0, 1795, 10361, 10332, 4228, 17.33%, 0, 11, 3, 1588.40
1712752970, 0, 1838, 10361, 10331, 4227, 17.33%, 0, 11, 3, 1628.54
1712752980, 0, 1870, 10362, 10331, 4226, 17.33%, 0, 11, 3, 1734.73
1712752985, 0, 1907, 10362, 10330, 4226, 17.33%, 0, 11, 3, 1779.18
1712752995, 0, 1913, 10362, 10329, 4225, 17.33%, 0, 11, 3, 1740.54
1712753026, 0, 1925, 10363, 10329, 4224, 17.33%, 0, 11, 3, 1694.82
1712753031, 0, 1925, 10364, 10330, 4224, 17.33%, 0, 11, 3, 1743.12
1712753051, 0, 1936, 10364, 10329, 4223, 17.33%, 0, 11, 3, 1808.50
1712753415, 0, 1950, 10383, 10347, 4220, 17.33%, 0, 11, 3, 1439.33
1712753610, 0, 1950, 10384, 10348, 4220, 17.33%, 0, 11, 3, 1637.95
1712753615, 0, 1986, 10384, 10347, 4220, 17.33%, 0, 11, 3, 1750.66
1712753631, 0, 2048, 10384, 10346, 4219, 17.33%, 0, 11, 3, 1605.86
1712753816, 0, 2048, 10384, 10346, 4219, 17.33%, 0, 12, 3, 0.55
1712753826, 0, 2048, 10385, 10347, 4219, 17.33%, 0, 12, 3, 1752.77
1712753831, 0, 2058, 10385, 10346, 4218, 17.33%, 0, 12, 3, 1726.88
1712753841, 0, 2142, 10385, 10345, 4217, 17.33%, 0, 12, 3, 1634.51
1712754251, 0, 2168, 10385, 10344, 4216, 17.33%, 0, 12, 3, 1597.40
1712754462, 0, 2168, 10386, 10345, 4216, 17.33%, 0, 12, 3, 1576.60
1712757482, 0, 2260, 10386, 10344, 4216, 17.33%, 0, 12, 3, 0.03
1712757607, 0, 2260, 10387, 10345, 4216, 17.34%, 0, 12, 3, 1671.38
1712757613, 0, 2276, 10387, 10344, 4216, 17.34%, 0, 12, 3, 1640.01
1712757838, 0, 2307, 10387, 10343, 4215, 17.34%, 0, 12, 3, 1519.38
1712758254, 0, 2368, 10388, 10343, 4214, 17.34%, 0, 12, 3, 1449.58
1712758449, 0, 2368, 10479, 10433, 4213, 17.39%, 0, 12, 3, 1545.63
1712758454, 0, 2373, 10795, 10749, 4251, 17.44%, 0, 12, 3, 1417.03
1712758654, 0, 2430, 10795, 10748, 4250, 17.44%, 0, 13, 3, 1.55
1712758669, 0, 2460, 10795, 10747, 4249, 17.44%, 0, 13, 3, 1657.85
1712758679, 0, 2585, 10796, 10747, 4248, 17.44%, 0, 13, 3, 1645.86
1712758870, 0, 2654, 10796, 10746, 4247, 17.44%, 0, 13, 3, 1931.00
1712758880, 0, 2664, 10796, 10745, 4246, 17.44%, 0, 13, 3, 1614.26
1712759290, 0, 2667, 10796, 10744, 4245, 17.44%, 0, 13, 3, 1660.50
1712759295, 0, 2763, 10796, 10743, 4244, 17.44%, 0, 13, 3, 1725.13
1712759496, 0, 2782, 10796, 10742, 4243, 17.44%, 0, 13, 3, 0.73
1712759506, 0, 2964, 10796, 10741, 4242, 17.44%, 0, 13, 3, 1763.46
1712761815, 0, 2964, 10797, 10742, 4242, 17.45%, 0, 13, 3, 1582.20
1712761825, 0, 3046, 10903, 10847, 4262, 17.48%, 1, 13, 3, 1411.54
1712762231, 0, 3146, 10903, 10846, 4261, 17.48%, 1, 13, 3, 1.17
1712762466, 0, 3158, 10903, 10845, 4260, 17.48%, 1, 13, 3, 1449.79
1712762661, 0, 3161, 10903, 10844, 4259, 17.48%, 1, 13, 3, 1655.91
1712762667, 0, 3162, 10903, 10843, 4258, 17.48%, 1, 13, 3, 1632.90
1712762869, 0, 3208, 10903, 10842, 4257, 17.48%, 1, 13, 3, 1498.08
1712762884, 0, 3337, 10903, 10841, 4256, 17.48%, 1, 13, 3, 1570.07
1712763074, 0, 3351, 10903, 10840, 4255, 17.48%, 1, 13, 3, 0.37
1712763079, 0, 3388, 10904, 10840, 4255, 17.48%, 1, 13, 3, 1650.31
1712763090, 0, 3438, 10905, 10840, 4254, 17.48%, 1, 13, 3, 1728.94
1712763100, 0, 3438, 10906, 10841, 4254, 17.48%, 1, 13, 3, 1593.65
1712763285, 0, 3444, 10906, 10840, 4253, 17.48%, 1, 13, 3, 0.85
1712763505, 0, 3453, 10910, 10843, 4252, 17.49%, 1, 13, 3, 1530.21
1712763521, 0, 3522, 10913, 10845, 4253, 17.49%, 1, 13, 3, 1604.67
1712763711, 0, 3547, 10913, 10844, 4255, 17.49%, 1, 13, 3, 1661.13
1712766235, 0, 3564, 10913, 10843, 4254, 17.49%, 1, 13, 3, 1528.79
1712766250, 0, 3580, 11036, 10965, 4276, 17.55%, 1, 13, 3, 1168.44
1712766255, 0, 3580, 11039, 10968, 4276, 17.55%, 1, 13, 3, 1291.51
1712766440, 0, 3580, 11040, 10969, 4276, 17.55%, 1, 13, 3, 0.86
1712766456, 0, 3580, 11043, 10972, 4276, 17.55%, 1, 13, 3, 1564.88
1712766461, 0, 3580, 11044, 10973, 4276, 17.55%, 1, 13, 3, 1563.28
1712766466, 0, 3580, 11045, 10974, 4276, 17.55%, 1, 13, 3, 1602.61
1712766651, 0, 3637, 11046, 10974, 4279, 17.55%, 1, 13, 3, 0.07
1712766661, 0, 3652, 11046, 10973, 4278, 17.55%, 1, 13, 3, 1691.50
1712766676, 0, 3671, 11049, 10975, 4277, 17.56%, 1, 13, 3, 1642.87
1712766866, 0, 3755, 11049, 10974, 4279, 17.56%, 1, 13, 3, 1665.79
1712766886, 0, 3777, 11049, 10973, 4278, 17.56%, 1, 13, 3, 1475.93
1712767297, 0, 3807, 11050, 10973, 4277, 17.56%, 1, 13, 3, 1773.61
1712767302, 0, 3818, 11050, 10972, 4277, 17.56%, 1, 13, 3, 1683.36
1712767718, 0, 3916, 11050, 10971, 4276, 17.56%, 1, 13, 3, 1624.51
1712767933, 0, 3958, 11056, 10976, 4275, 17.56%, 1, 13, 3, 1667.35
1712770232, 0, 3958, 11066, 10986, 4275, 17.57%, 1, 13, 3, 1687.21
1712770242, 0, 3976, 11131, 11050, 4291, 17.59%, 1, 14, 3, 943.70
1712770247, 0, 3976, 11132, 11051, 4291, 17.59%, 1, 14, 3, 1407.85
1712770437, 0, 3990, 11132, 11050, 4291, 17.59%, 1, 14, 3, 0.08
1712770447, 0, 4171, 11133, 11050, 4290, 17.59%, 1, 14, 3, 1530.07
1712770462, 0, 4264, 11133, 11049, 4289, 17.59%, 1, 14, 3, 1479.36
1712772691, 0, 4264, 11135, 11051, 4289, 17.59%, 1, 14, 3, 0.08
