# relative_time, cycles_done, cur_item, corpus_count, pending_total, pending_favs, map_size, saved_crashes, saved_hangs, max_depth, execs_per_sec, total_execs, edges_found
156, 0, 0, 32, 32, 5, 3.03%, 0, 0, 2, 0.36, 1033, 903
161, 0, 0, 47, 47, 5, 3.06%, 0, 0, 2, 303.13, 2545, 914
166, 0, 0, 53, 53, 5, 3.09%, 0, 0, 2, 291.45, 4042, 921
171, 0, 0, 59, 59, 5, 3.14%, 0, 0, 2, 275.95, 5374, 936
176, 0, 0, 65, 65, 5, 3.16%, 0, 0, 2, 260.71, 6686, 942
181, 0, 0, 69, 69, 5, 3.20%, 0, 0, 2, 243.35, 7936, 954
4213, 0, 0, 72, 72, 5, 3.22%, 0, 0, 2, 0.01, 9041, 960
4364, 0, 0, 72, 72, 5, 3.22%, 0, 0, 2, 0.28, 9083, 960
4369, 0, 0, 75, 75, 5, 3.24%, 0, 0, 2, 281.51, 10586, 965
4374, 0, 0, 77, 77, 5, 3.24%, 0, 0, 2, 297.17, 12075, 966
4379, 0, 0, 79, 79, 5, 3.24%, 0, 0, 2, 326.54, 13802, 966
4384, 0, 0, 80, 80, 5, 3.24%, 0, 0, 2, 278.27, 15166, 967
4389, 0, 0, 80, 80, 5, 3.24%, 0, 0, 2, 232.84, 16297, 967
4574, 0, 0, 80, 80, 5, 3.24%, 0, 0, 2, 0.18, 17289, 967
4580, 0, 0, 81, 81, 5, 3.24%, 0, 0, 2, 281.72, 18698, 967
4585, 0, 0, 82, 82, 5, 3.24%, 0, 0, 2, 292.41, 20180, 967
4590, 0, 0, 83, 83, 5, 3.25%, 0, 0, 2, 301.45, 21720, 969
4595, 0, 0, 84, 84, 5, 3.25%, 0, 0, 2, 275.79, 23094, 970
4600, 0, 0, 84, 84, 5, 3.25%, 0, 0, 2, 263.58, 24444, 970
4785, 0, 0, 85, 85, 5, 3.26%, 0, 0, 2, 0.04, 25380, 973
4790, 0, 1, 518, 517, 4, 4.88%, 0, 0, 2, 1581.86, 30093, 1456
4795, 0, 1, 1314, 1313, 4, 8.32%, 0, 0, 2, 1453.16, 37122, 2481
4800, 0, 1, 2185, 2184, 4, 12.10%, 0, 0, 2, 1351.10, 44161, 3609
4805, 0, 1, 3095, 3094, 4, 15.20%, 0, 0, 2, 1440.72, 51469, 4535
4810, 0, 1, 4022, 4021, 4, 18.02%, 0, 0, 2, 1488.08, 58909, 5375
4995, 0, 1, 4658, 4657, 4, 19.53%, 0, 0, 2, 0.98, 64013, 5825
5000, 0, 1, 5795, 5794, 4, 22.40%, 0, 0, 2, 1808.30, 73137, 6681
5005, 0, 1, 6930, 6929, 4, 24.93%, 0, 0, 2, 1793.33, 82241, 7436
5010, 0, 1, 7268, 7267, 2674, 25.23%, 0, 0, 2, 38.92, 85170, 7526
5016, 0, 1, 7271, 7270, 2674, 25.23%, 0, 0, 2, 71.86, 85578, 7526
5021, 0, 1, 7271, 7270, 2674, 25.23%, 0, 0, 2, 73.48, 85947, 7526
5205, 0, 1, 7271, 7270, 2674, 25.23%, 0, 0, 2, 0.02, 86356, 7526
5211, 0, 1, 7271, 7270, 2674, 25.23%, 0, 0, 2, 79.71, 86782, 7526
5216, 0, 1, 7271, 7270, 2674, 25.23%, 0, 0, 2, 79.66, 87174, 7526
5221, 0, 1, 7271, 7270, 2674, 25.23%, 0, 0, 2, 77.41, 87568, 7526
5226, 0, 1, 7271, 7270, 2674, 25.23%, 0, 0, 2, 79.88, 87975, 7526
5231, 0, 1, 7271, 7270, 2674, 25.23%, 0, 0, 2, 81.12, 88381, 7526
5416, 0, 1, 7271, 7270, 2674, 25.23%, 0, 0, 2, 0.01, 88757, 7526
5421, 0, 1, 7271, 7270, 2674, 25.23%, 0, 0, 2, 73.17, 89137, 7526
5426, 0, 1, 7271, 7270, 2674, 25.23%, 0, 0, 2, 76.66, 89524, 7526
5431, 0, 1, 7271, 7270, 2674, 25.23%, 0, 0, 2, 70.14, 89872, 7526
5436, 0, 1, 7273, 7272, 2674, 25.23%, 0, 0, 2, 69.92, 90220, 7526
5441, 0, 1, 7273, 7272, 2674, 25.23%, 0, 0, 2, 69.76, 90588, 7526
5626, 0, 1, 7273, 7272, 2674, 25.23%, 0, 0, 2, 0.01, 90962, 7526
5631, 0, 1, 7274, 7273, 2674, 25.23%, 0, 0, 2, 69.24, 91315, 7526
5636, 0, 1, 7274, 7273, 2674, 25.23%, 0, 0, 2, 81.59, 91760, 7526
5641, 0, 1, 7274, 7273, 2674, 25.23%, 0, 0, 2, 69.50, 92090, 7526
5646, 0, 1, 7274, 7273, 2674, 25.23%, 0, 0, 2, 71.25, 92459, 7526
5652, 0, 1, 7275, 7274, 2674, 25.23%, 0, 0, 2, 79.93, 92862, 7526
5836, 0, 1, 7275, 7274, 2674, 25.23%, 0, 0, 2, 0.01, 93221, 7526
5841, 0, 1, 7275, 7274, 2674, 25.23%, 0, 0, 2, 81.26, 93662, 7526
5846, 0, 1, 7275, 7274, 2674, 25.23%, 0, 0, 2, 76.16, 94057, 7526
5852, 0, 1, 7275, 7274, 2674, 25.23%, 0, 0, 2, 72.95, 94426, 7526
5857, 0, 1, 7276, 7275, 2674, 25.23%, 0, 0, 2, 75.34, 94816, 7526
5862, 0, 1, 7277, 7276, 2674, 25.23%, 0, 0, 2, 74.63, 95205, 7526
6047, 0, 1, 7277, 7276, 2674, 25.23%, 0, 0, 2, 0.10, 95549, 7526
6052, 0, 1, 7278, 7277, 2674, 25.23%, 0, 0, 2, 73.39, 95940, 7526
6057, 0, 1, 7278, 7277, 2674, 25.23%, 0, 0, 2, 67.32, 96282, 7526
6062, 0, 1, 7278, 7277, 2674, 25.23%, 0, 0, 2, 79.30, 96684, 7526
6067, 0, 1, 7278, 7277, 2674, 25.23%, 0, 0, 2, 72.83, 97052, 7526
6072, 0, 1, 7279, 7278, 2674, 25.23%, 0, 0, 2, 71.61, 97421, 7526
6257, 0, 1, 7279, 7278, 2674, 25.23%, 0, 0, 2, 0.07, 97765, 7526
6262, 0, 1, 7279, 7278, 2674, 25.23%, 0, 0, 2, 77.31, 98143, 7526
6267, 0, 1, 7279, 7278, 2674, 25.23%, 0, 0, 2, 74.63, 98523, 7526
6272, 0, 1, 7279, 7278, 2674, 25.23%, 0, 0, 2, 76.95, 98907, 7526
6277, 0, 1, 7279, 7278, 2674, 25.23%, 0, 0, 2, 80.88, 99323, 7526
6283, 0, 1, 7279, 7278, 2674, 25.23%, 0, 0, 2, 78.84, 99736, 7526
8572, 0, 1, 7279, 7278, 2674, 25.23%, 0, 0, 2, 0.00, 100062, 7526
8577, 0, 1, 7279, 7278, 2674, 25.23%, 0, 0, 2, 68.39, 100410, 7526
8582, 0, 1, 7279, 7278, 2674, 25.23%, 0, 0, 2, 70.32, 100767, 7526
8587, 0, 1, 7279, 7278, 2674, 25.23%, 0, 0, 2, 76.26, 101161, 7526
8593, 0, 1, 7279, 7278, 2674, 25.23%, 0, 0, 2, 70.19, 101538, 7526
8598, 0, 1, 7279, 7278, 2674, 25.23%, 0, 0, 2, 77.86, 101944, 7526
8782, 0, 1, 7279, 7278, 2674, 25.23%, 0, 0, 2, 0.06, 102265, 7526
8788, 0, 1, 7279, 7278, 2674, 25.23%, 0, 0, 2, 76.11, 102634, 7526
8793, 0, 1, 7279, 7278, 2674, 25.23%, 0, 0, 2, 76.73, 103027, 7526
8798, 0, 1, 7279, 7278, 2674, 25.23%, 0, 0, 2, 80.49, 103437, 7526
8803, 0, 1, 7279, 7278, 2674, 25.23%, 0, 0, 2, 84.33, 103870, 7526
8808, 0, 12, 7367, 7364, 2673, 25.29%, 0, 0, 2, 1243.32, 105076, 7545
8993, 0, 16, 7725, 7720, 2746, 25.74%, 0, 0, 2, 0.30, 109117, 7678
8998, 0, 39, 7725, 7714, 2740, 25.74%, 0, 0, 2, 334.20, 110551, 7678
9003, 0, 84, 7726, 7712, 2736, 25.74%, 0, 0, 3, 313.57, 112325, 7678
9008, 0, 128, 7726, 7711, 2735, 25.74%, 0, 0, 3, 192.89, 113282, 7678
9013, 0, 135, 7726, 7710, 2734, 25.74%, 0, 0, 3, 139.65, 113920, 7678
9018, 0, 148, 7726, 7709, 2733, 25.74%, 0, 0, 3, 141.68, 114652, 7678
9203, 0, 165, 7730, 7712, 2732, 25.74%, 0, 0, 3, 0.10, 115128, 7679
9208, 0, 165, 7731, 7713, 2732, 25.74%, 0, 0, 3, 108.02, 115667, 7679
9213, 0, 165, 7731, 7713, 2732, 25.74%, 0, 0, 3, 107.77, 116197, 7679
9218, 0, 165, 7731, 7713, 2732, 25.74%, 0, 0, 3, 98.87, 116681, 7679
9223, 0, 165, 7731, 7713, 2732, 25.74%, 0, 0, 3, 97.00, 117173, 7679
9228, 0, 165, 7731, 7713, 2732, 25.74%, 0, 0, 3, 90.12, 117632, 7679
9413, 0, 165, 7731, 7713, 2732, 25.74%, 0, 0, 3, 0.09, 118086, 7679
9418, 0, 165, 7731, 7713, 2732, 25.74%, 0, 0, 3, 97.89, 118568, 7679
9424, 0, 165, 7731, 7713, 2732, 25.74%, 0, 0, 3, 90.05, 119017, 7679
9429, 0, 165, 7731, 7713, 2732, 25.74%, 0, 0, 3, 104.97, 119565, 7679
9434, 0, 165, 7731, 7713, 2732, 25.74%, 0, 0, 3, 90.87, 120001, 7679
9439, 0, 165, 7731, 7713, 2732, 25.74%, 0, 0, 3, 98.46, 120526, 7679
9624, 0, 165, 7731, 7713, 2732, 25.74%, 0, 0, 3, 0.06, 120970, 7679
9629, 0, 165, 7731, 7713, 2732, 25.74%, 0, 0, 3, 96.72, 121460, 7679
9634, 0, 165, 7731, 7713, 2732, 25.74%, 0, 0, 3, 100.24, 121977, 7679
9639, 0, 165, 7731, 7713, 2732, 25.74%, 0, 0, 3, 95.94, 122467, 7679
9644, 0, 165, 7731, 7713, 2732, 25.74%, 0, 0, 3, 97.96, 122964, 7679
9649, 0, 165, 7732, 7714, 2732, 25.74%, 0, 0, 3, 99.90, 123467, 7679
9834, 0, 165, 7732, 7714, 2732, 25.74%, 0, 0, 3, 0.03, 123914, 7679
9839, 0, 165, 7732, 7714, 2732, 25.74%, 0, 0, 3, 86.33, 124363, 7679
9844, 0, 165, 7733, 7715, 2732, 25.74%, 0, 0, 3, 102.14, 124907, 7679
9849, 0, 165, 7733, 7715, 2732, 25.74%, 0, 0, 3, 99.26, 125417, 7679
9854, 0, 165, 7733, 7715, 2732, 25.74%, 0, 0, 3, 98.60, 125919, 7679
9860, 0, 165, 7733, 7715, 2732, 25.74%, 0, 0, 3, 107.99, 126469, 7679
10044, 0, 165, 7733, 7715, 2732, 25.74%, 0, 0, 3, 0.08, 126872, 7679
10050, 0, 165, 7733, 7715, 2732, 25.74%, 0, 0, 3, 93.97, 127356, 7679
10055, 0, 165, 7734, 7716, 2732, 25.74%, 0, 0, 3, 101.09, 127884, 7679
10060, 0, 165, 7734, 7716, 2732, 25.74%, 0, 0, 3, 102.82, 128398, 7679
10065, 0, 165, 7734, 7716, 2732, 25.74%, 0, 0, 3, 99.61, 128903, 7679
10070, 0, 165, 7735, 7717, 2732, 25.75%, 0, 0, 3, 103.04, 129437, 7680
10255, 0, 165, 7735, 7717, 2732, 25.75%, 0, 0, 3, 0.10, 129901, 7680
10260, 0, 165, 7736, 7718, 2732, 25.75%, 0, 0, 3, 110.94, 130440, 7681
10265, 0, 165, 7736, 7718, 2732, 25.75%, 0, 0, 3, 97.45, 130912, 7681
10270, 0, 165, 7736, 7718, 2732, 25.75%, 0, 0, 3, 94.13, 131383, 7681
10275, 0, 165, 7736, 7718, 2732, 25.75%, 0, 0, 3, 96.16, 131881, 7681
10280, 0, 165, 7736, 7718, 2732, 25.75%, 0, 0, 3, 96.18, 132394, 7681
10465, 0, 165, 7736, 7718, 2732, 25.75%, 0, 0, 3, 0.12, 132818, 7681
10470, 0, 165, 7736, 7718, 2732, 25.75%, 0, 0, 3, 105.49, 133358, 7681
10475, 0, 165, 7736, 7718, 2732, 25.75%, 0, 0, 3, 105.90, 133882, 7681
10480, 0, 186, 7736, 7717, 2735, 25.75%, 0, 0, 3, 109.99, 134456, 7681
10485, 0, 197, 7736, 7716, 2735, 25.75%, 0, 0, 3, 99.39, 134966, 7681
10491, 0, 197, 7736, 7716, 2735, 25.75%, 0, 0, 3, 97.42, 135445, 7681
12780, 0, 204, 7736, 7715, 2735, 25.75%, 0, 0, 3, 0.00, 135833, 7681
12785, 0, 204, 7736, 7715, 2735, 25.75%, 0, 0, 3, 103.91, 136354, 7681
12790, 0, 210, 7736, 7714, 2734, 25.75%, 0, 0, 3, 93.29, 136807, 7681
12795, 0, 210, 7736, 7714, 2734, 25.75%, 0, 0, 3, 94.11, 137296, 7681
12800, 0, 211, 7743, 7720, 2733, 25.80%, 0, 1, 3, 84.81, 137637, 7695
12805, 0, 211, 7828, 7805, 2733, 26.01%, 0, 4, 3, 34.88, 138323, 7758
12991, 0, 211, 7832, 7809, 2733, 26.02%, 0, 7, 3, 0.05, 138361, 7761
12996, 0, 218, 7977, 7954, 2790, 26.29%, 0, 8, 3, 90.98, 140064, 7842
13001, 0, 218, 7977, 7954, 2790, 26.29%, 0, 8, 3, 96.30, 140574, 7842
13006, 0, 218, 7977, 7954, 2790, 26.29%, 0, 8, 3, 87.19, 141006, 7842
13011, 0, 218, 7977, 7954, 2790, 26.29%, 0, 8, 3, 86.81, 141475, 7842
13016, 0, 257, 7977, 7953, 2789, 26.29%, 0, 8, 3, 91.23, 141968, 7842
13201, 0, 257, 7977, 7953, 2789, 26.29%, 0, 8, 3, 0.05, 142299, 7842
13206, 0, 265, 7977, 7952, 2788, 26.29%, 0, 8, 3, 84.44, 142737, 7842
13211, 0, 284, 7977, 7951, 2787, 26.29%, 0, 8, 3, 89.65, 143218, 7842
13216, 0, 284, 7977, 7951, 2787, 26.29%, 0, 8, 3, 99.72, 143743, 7842
13221, 0, 310, 7977, 7950, 2786, 26.29%, 0, 8, 3, 87.42, 144197, 7842
13226, 0, 310, 7977, 7950, 2786, 26.29%, 0, 8, 3, 97.30, 144707, 7842
13411, 0, 310, 7978, 7951, 2786, 26.29%, 0, 8, 3, 0.07, 145114, 7842
13416, 0, 310, 7978, 7951, 2786, 26.29%, 0, 8, 3, 103.28, 145658, 7842
13421, 0, 347, 7978, 7950, 2785, 26.29%, 0, 8, 3, 94.64, 146122, 7842
13426, 0, 364, 7978, 7949, 2784, 26.29%, 0, 8, 3, 128.53, 146738, 7842
13431, 0, 372, 7978, 7945, 2780, 26.29%, 0, 8, 3, 255.26, 148202, 7842
13437, 0, 384, 7978, 7943, 2778, 26.29%, 0, 8, 3, 160.62, 149031, 7842
13621, 0, 385, 7981, 7945, 2777, 26.29%, 0, 8, 3, 0.09, 149425, 7842
13626, 0, 385, 7983, 7947, 2777, 26.29%, 0, 8, 3, 147.54, 150171, 7842
13632, 0, 385, 7985, 7949, 2777, 26.29%, 0, 8, 3, 130.49, 150823, 7842
13637, 0, 385, 7985, 7949, 2777, 26.29%, 0, 8, 3, 112.64, 151393, 7842
13642, 0, 385, 7985, 7949, 2777, 26.29%, 0, 8, 3, 107.02, 151901, 7842
13647, 0, 385, 7985, 7949, 2777, 26.29%, 0, 8, 3, 93.92, 152390, 7842
13832, 0, 385, 7985, 7949, 2777, 26.29%, 0, 8, 3, 0.03, 153015, 7842
13837, 0, 385, 7985, 7949, 2777, 26.29%, 0, 8, 3, 128.48, 153675, 7842
13842, 0, 385, 7985, 7949, 2777, 26.29%, 0, 8, 3, 106.57, 154205, 7842
13847, 0, 385, 7985, 7949, 2777, 26.29%, 0, 8, 3, 119.84, 154841, 7842
13852, 0, 385, 7985, 7949, 2777, 26.29%, 0, 8, 3, 104.52, 155349, 7842
13857, 0, 385, 7985, 7949, 2777, 26.29%, 0, 8, 3, 125.16, 155921, 7842
14042, 0, 385, 7985, 7949, 2777, 26.29%, 0, 8, 3, 0.15, 156314, 7842
14047, 0, 385, 7985, 7949, 2777, 26.29%, 0, 8, 3, 106.19, 156923, 7842
14052, 0, 385, 7986, 7950, 2777, 26.29%, 0, 8, 3, 115.84, 157516, 7842
14057, 0, 385, 7986, 7950, 2777, 26.29%, 0, 8, 3, 113.31, 158126, 7842
14062, 0, 385, 7987, 7951, 2777, 26.29%, 0, 8, 3, 116.70, 158709, 7842
14068, 0, 385, 7987, 7951, 2777, 26.29%, 0, 8, 3, 91.26, 159149, 7842
14252, 0, 385, 7987, 7951, 2777, 26.29%, 0, 8, 3, 0.02, 159526, 7842
14257, 0, 385, 7987, 7951, 2777, 26.29%, 0, 8, 3, 110.02, 160125, 7842
14262, 0, 385, 7987, 7951, 2777, 26.29%, 0, 8, 3, 112.16, 160711, 7842
14267, 0, 385, 7987, 7951, 2777, 26.29%, 0, 8, 3, 116.92, 161285, 7842
14273, 0, 385, 7987, 7951, 2777, 26.29%, 0, 8, 3, 112.12, 161835, 7842
14278, 0, 385, 7987, 7951, 2777, 26.29%, 0, 8, 3, 107.78, 162401, 7842
14463, 0, 385, 7987, 7951, 2777, 26.29%, 0, 8, 3, 0.09, 162893, 7842
14468, 0, 385, 7987, 7951, 2777, 26.29%, 0, 8, 3, 154.58, 163719, 7842
14473, 0, 385, 7987, 7951, 2777, 26.29%, 0, 8, 3, 146.71, 164421, 7842
14478, 0, 385, 7987, 7951, 2777, 26.29%, 0, 8, 3, 139.62, 165113, 7842
14483, 0, 385, 7988, 7952, 2777, 26.29%, 0, 8, 3, 127.32, 165734, 7842
14488, 0, 385, 7988, 7952, 2777, 26.29%, 0, 8, 3, 127.86, 166378, 7842
14673, 0, 385, 7988, 7952, 2777, 26.29%, 0, 8, 3, 0.01, 166872, 7842
14678, 0, 385, 7988, 7952, 2777, 26.29%, 0, 8, 3, 111.79, 167436, 7842
14683, 0, 385, 7988, 7952, 2777, 26.29%, 0, 8, 3, 127.82, 168138, 7842
14688, 0, 408, 7988, 7951, 2777, 26.29%, 0, 8, 3, 103.30, 168688, 7842
14694, 0, 416, 7988, 7950, 2776, 26.29%, 0, 8, 3, 116.13, 169282, 7842
14699, 0, 420, 7991, 7952, 2775, 26.29%, 0, 8, 3, 133.32, 170011, 7842
16988, 0, 420, 7991, 7952, 2775, 26.29%, 0, 8, 3, 0.00, 170431, 7842
16993, 0, 420, 7991, 7952, 2775, 26.29%, 0, 8, 3, 94.39, 170930, 7842
16998, 0, 420, 7991, 7952, 2775, 26.29%, 0, 8, 3, 114.98, 171527, 7842
17003, 0, 420, 7991, 7952, 2775, 26.29%, 0, 8, 3, 112.24, 172073, 7842
17008, 0, 420, 7991, 7952, 2775, 26.29%, 0, 8, 3, 130.95, 172787, 7842
17013, 0, 420, 7991, 7952, 2775, 26.29%, 0, 8, 3, 112.72, 173363, 7842
17198, 0, 420, 7991, 7952, 2775, 26.29%, 0, 8, 3, 0.14, 173867, 7842
17203, 0, 420, 7991, 7952, 2775, 26.29%, 0, 8, 3, 130.31, 174487, 7842
17208, 0, 423, 7991, 7951, 2774, 26.29%, 0, 8, 3, 133.87, 175125, 7842
17213, 0, 424, 8144, 8103, 2773, 26.77%, 0, 10, 3, 1019.75, 176576, 7986
17218, 0, 429, 8149, 8108, 2817, 26.78%, 0, 10, 3, 128.81, 177131, 7988
17224, 0, 429, 8149, 8108, 2817, 26.78%, 0, 10, 3, 93.01, 177535, 7988
17408, 0, 429, 8149, 8108, 2817, 26.78%, 0, 10, 3, 0.09, 177969, 7988
17413, 0, 429, 8149, 8108, 2817, 26.78%, 0, 10, 3, 119.63, 178629, 7988
17419, 0, 430, 8150, 8108, 2816, 26.78%, 0, 10, 3, 128.30, 179266, 7988
17424, 0, 430, 8150, 8108, 2816, 26.78%, 0, 10, 3, 110.26, 179804, 7988
17429, 0, 430, 8151, 8109, 2816, 26.78%, 0, 10, 3, 123.59, 180453, 7988
17434, 0, 430, 8151, 8109, 2816, 26.78%, 0, 10, 3, 115.49, 181001, 7988
21045, 0, 434, 8151, 8108, 2815, 26.78%, 0, 10, 3, 0.01, 181521, 7988
21196, 0, 434, 8151, 8108, 2815, 26.78%, 0, 10, 3, 0.09, 181535, 7988
21201, 0, 450, 8152, 8108, 2814, 26.78%, 0, 10, 3, 139.19, 182248, 7988
21206, 0, 450, 8153, 8109, 2814, 26.78%, 0, 10, 3, 101.36, 182719, 7988
21211, 0, 450, 8153, 8109, 2814, 26.78%, 0, 10, 3, 99.35, 183219, 7988
21216, 0, 450, 8153, 8109, 2814, 26.78%, 0, 10, 3, 99.73, 183753, 7988
21221, 0, 450, 8153, 8109, 2814, 26.78%, 0, 10, 3, 89.53, 184156, 7988
21406, 0, 451, 8381, 8336, 2813, 27.90%, 0, 10, 3, 0.71, 186293, 8321
21411, 0, 451, 9310, 9265, 2813, 31.29%, 0, 10, 3, 1440.47, 193734, 9334
21416, 0, 451, 10228, 10183, 2813, 32.79%, 0, 10, 3, 1454.06, 201085, 9780
21421, 0, 451, 10323, 10278, 3527, 32.95%, 0, 10, 3, 138.98, 202339, 9828
21427, 0, 451, 10323, 10278, 3527, 32.95%, 0, 10, 3, 133.33, 202987, 9828
21432, 0, 489, 10323, 10277, 3527, 32.95%, 0, 10, 3, 84.96, 203364, 9828
21617, 0, 493, 10323, 10276, 3526, 32.95%, 0, 10, 3, 0.03, 203664, 9828
21622, 0, 496, 10323, 10275, 3526, 32.95%, 0, 10, 3, 75.88, 204018, 9828
21627, 0, 496, 10323, 10275, 3526, 32.95%, 0, 10, 3, 78.13, 204410, 9828
21632, 0, 498, 10323, 10274, 3525, 32.95%, 0, 10, 3, 71.64, 204767, 9828
21637, 0, 498, 10323, 10274, 3525, 32.95%, 0, 10, 3, 66.41, 205100, 9828
21642, 0, 502, 10323, 10273, 3524, 32.95%, 0, 10, 3, 93.46, 205611, 9828
21827, 0, 508, 10324, 10273, 3523, 32.95%, 0, 10, 3, 0.10, 206142, 9828
21832, 0, 508, 10325, 10274, 3523, 32.95%, 0, 10, 3, 102.39, 206639, 9828
21837, 0, 508, 10325, 10274, 3523, 32.95%, 0, 10, 3, 117.79, 207267, 9828
21842, 0, 508, 10325, 10274, 3523, 32.95%, 0, 10, 3, 102.11, 207803, 9828
21848, 0, 510, 10325, 10273, 3523, 32.95%, 0, 10, 3, 103.32, 208377, 9828
21853, 0, 515, 10326, 10273, 3522, 32.95%, 0, 10, 3, 98.96, 208876, 9828
22037, 0, 515, 10328, 10275, 3522, 32.95%, 0, 10, 3, 0.04, 209276, 9828
22042, 0, 515, 10328, 10275, 3522, 32.95%, 0, 10, 3, 76.55, 209692, 9828
22048, 0, 515, 10328, 10275, 3522, 32.95%, 0, 10, 3, 98.79, 210245, 9828
22053, 0, 515, 10328, 10275, 3522, 32.95%, 0, 10, 3, 99.32, 210734, 9828
22058, 0, 515, 10328, 10275, 3522, 32.95%, 0, 10, 3, 95.46, 211223, 9828
22063, 0, 515, 10328, 10275, 3522, 32.95%, 0, 10, 3, 85.31, 211655, 9828
22248, 0, 515, 10328, 10275, 3522, 32.95%, 0, 10, 3, 0.06, 212029, 9828
22253, 0, 515, 10328, 10275, 3522, 32.95%, 0, 10, 3, 71.54, 212412, 9828
22258, 0, 515, 10328, 10275, 3522, 32.95%, 0, 10, 3, 87.78, 212883, 9828
22263, 0, 515, 10328, 10275, 3522, 32.95%, 0, 10, 3, 73.62, 213267, 9828
22268, 0, 520, 10328, 10274, 3522, 32.95%, 0, 10, 3, 86.50, 213714, 9828
22273, 0, 524, 10329, 10274, 3522, 32.95%, 0, 10, 3, 82.79, 214131, 9828
22458, 0, 524, 10329, 10274, 3522, 32.95%, 0, 10, 3, 0.08, 214543, 9828
22463, 0, 524, 10329, 10274, 3522, 32.95%, 0, 10, 3, 115.72, 215139, 9828
22468, 0, 533, 10329, 10273, 3521, 32.95%, 0, 10, 3, 114.86, 215739, 9828
22473, 0, 534, 10330, 10273, 3520, 32.95%, 0, 10, 3, 101.65, 216244, 9828
22479, 0, 534, 10330, 10273, 3520, 32.95%, 0, 10, 3, 80.89, 216638, 9828
22484, 0, 538, 10331, 10273, 3520, 32.95%, 0, 10, 3, 93.42, 217099, 9828
22668, 0, 538, 10331, 10273, 3520, 32.95%, 0, 10, 3, 0.11, 217471, 9828
22673, 0, 538, 10331, 10273, 3520, 32.95%, 0, 10, 3, 71.78, 217978, 9828
22678, 0, 539, 10332, 10273, 3520, 32.95%, 0, 10, 3, 103.37, 218508, 9828
22684, 0, 539, 10332, 10273, 3520, 32.95%, 0, 10, 3, 138.72, 219200, 9828
22689, 0, 540, 10334, 10274, 3519, 32.95%, 0, 10, 3, 102.54, 219637, 9828
22694, 0, 540, 10334, 10274, 3519, 32.95%, 0, 10, 3, 117.07, 220258, 9828
22879, 0, 540, 10334, 10274, 3519, 32.95%, 0, 10, 3, 0.04, 220754, 9828
22884, 0, 540, 10334, 10274, 3519, 32.95%, 0, 10, 3, 100.44, 221280, 9828
22889, 0, 540, 10334, 10274, 3519, 32.95%, 0, 10, 3, 94.67, 221787, 9828
22894, 0, 556, 10336, 10275, 3519, 32.95%, 0, 10, 3, 89.06, 222275, 9828
22899, 0, 556, 10336, 10275, 3519, 32.95%, 0, 10, 3, 91.22, 222754, 9828
22905, 0, 556, 10336, 10275, 3519, 32.95%, 0, 10, 3, 117.66, 223358, 9828
23089, 0, 556, 10336, 10275, 3519, 32.95%, 0, 10, 3, 0.06, 223746, 9828
23094, 0, 572, 10336, 10274, 3518, 32.95%, 0, 10, 3, 112.33, 224332, 9828
23099, 0, 588, 10336, 10273, 3517, 32.95%, 0, 10, 3, 113.32, 224922, 9828
23104, 0, 588, 10339, 10276, 3517, 32.95%, 0, 10, 3, 100.35, 225413, 9828
23109, 0, 588, 10340, 10277, 3517, 32.95%, 0, 10, 3, 113.04, 225998, 9828
23114, 0, 588, 10341, 10278, 3517, 32.95%, 0, 10, 3, 104.36, 226499, 9828
25404, 0, 588, 10341, 10278, 3517, 32.95%, 0, 10, 3, 0.01, 226882, 9828
25409, 0, 588, 10341, 10278, 3517, 32.95%, 0, 10, 3, 72.74, 227237, 9828
25414, 0, 588, 10341, 10278, 3517, 32.95%, 0, 10, 3, 126.93, 227861, 9828
25419, 0, 588, 10341, 10278, 3517, 32.95%, 0, 10, 3, 113.63, 228397, 9828
25424, 0, 588, 10341, 10278, 3517, 32.95%, 0, 10, 3, 106.24, 228899, 9828
25430, 0, 588, 10341, 10278, 3517, 32.95%, 0, 10, 3, 118.56, 229457, 9828
25614, 0, 588, 10341, 10278, 3517, 32.95%, 0, 10, 3, 0.01, 229901, 9828
25619, 0, 588, 10341, 10278, 3517, 32.95%, 0, 10, 3, 86.02, 230302, 9828
25625, 0, 588, 10341, 10278, 3517, 32.95%, 0, 10, 3, 100.10, 230792, 9828
25630, 0, 588, 10341, 10278, 3517, 32.95%, 0, 10, 3, 113.61, 231371, 9828
25635, 0, 588, 10341, 10278, 3517, 32.95%, 0, 10, 3, 115.09, 232005, 9828
25640, 0, 588, 10341, 10278, 3517, 32.95%, 0, 10, 3, 104.53, 232555, 9828
25825, 0, 588, 10341, 10278, 3517, 32.95%, 0, 10, 3, 0.03, 233009, 9828
25830, 0, 588, 10341, 10278, 3517, 32.95%, 0, 10, 3, 93.52, 233501, 9828
25835, 0, 588, 10341, 10278, 3517, 32.95%, 0, 10, 3, 108.57, 234091, 9828
25840, 0, 588, 10341, 10278, 3517, 32.95%, 0, 10, 3, 101.93, 234583, 9828
25845, 0, 588, 10341, 10278, 3517, 32.95%, 0, 10, 3, 89.20, 235019, 9828
25850, 0, 588, 10341, 10278, 3517, 32.95%, 0, 10, 3, 102.72, 235557, 9828
26035, 0, 588, 10341, 10278, 3517, 32.95%, 0, 10, 3, 0.08, 236075, 9828
26040, 0, 588, 10341, 10278, 3517, 32.95%, 0, 10, 3, 93.72, 236552, 9828
26045, 0, 588, 10341, 10278, 3517, 32.95%, 0, 10, 3, 103.78, 237061, 9828
26051, 0, 588, 10341, 10278, 3517, 32.95%, 0, 10, 3, 114.80, 237661, 9828
26056, 0, 588, 10341, 10278, 3517, 32.95%, 0, 10, 3, 106.18, 238245, 9828
26061, 0, 588, 10341, 10278, 3517, 32.95%, 0, 10, 3, 94.25, 238716, 9828
26245, 0, 588, 10341, 10278, 3517, 32.95%, 0, 10, 3, 0.07, 239163, 9828
26251, 0, 588, 10341, 10278, 3517, 32.95%, 0, 10, 3, 116.86, 239777, 9828
26256, 0, 588, 10341, 10278, 3517, 32.95%, 0, 10, 3, 119.29, 240393, 9828
26261, 0, 588, 10341, 10278, 3517, 32.95%, 0, 10, 3, 114.72, 240925, 9828
26266, 0, 588, 10341, 10278, 3517, 32.95%, 0, 10, 3, 114.07, 241509, 9828
26271, 0, 588, 10341, 10278, 3517, 32.95%, 0, 10, 3, 81.08, 241898, 9828
26456, 0, 588, 10341, 10278, 3517, 32.95%, 0, 10, 3, 0.06, 242305, 9828
26461, 0, 588, 10341, 10278, 3517, 32.95%, 0, 10, 3, 132.78, 242945, 9828
26466, 0, 588, 10341, 10278, 3517, 32.95%, 0, 10, 3, 104.91, 243459, 9828
26471, 0, 588, 10341, 10278, 3517, 32.95%, 0, 10, 3, 98.50, 243981, 9828
26476, 0, 604, 10341, 10277, 3517, 32.95%, 0, 10, 3, 91.12, 244417, 9828
26481, 0, 606, 10516, 10451, 3541, 33.17%, 0, 10, 3, 831.41, 246310, 9895
26666, 0, 613, 10516, 10450, 3540, 33.17%, 0, 10, 3, 0.13, 246946, 9895
26671, 0, 620, 10516, 10449, 3539, 33.17%, 0, 10, 3, 126.01, 247518, 9895
26677, 0, 620, 10517, 10450, 3539, 33.17%, 0, 10, 3, 99.49, 248005, 9895
26682, 0, 624, 10517, 10449, 3539, 33.17%, 0, 10, 3, 109.54, 248573, 9895
26687, 0, 624, 10520, 10452, 3539, 33.17%, 0, 10, 3, 97.97, 249040, 9895
26692, 0, 624, 10520, 10452, 3539, 33.17%, 0, 10, 3, 80.02, 249421, 9895
26877, 0, 624, 10520, 10452, 3539, 33.17%, 0, 10, 3, 0.01, 249826, 9895
26882, 0, 624, 10520, 10452, 3539, 33.17%, 0, 10, 3, 83.08, 250270, 9895
26887, 0, 624, 10520, 10452, 3539, 33.17%, 0, 10, 3, 89.93, 250737, 9895
26892, 0, 624, 10520, 10452, 3539, 33.17%, 0, 10, 3, 95.74, 251271, 9895
26897, 0, 624, 10520, 10452, 3539, 33.17%, 0, 10, 3, 88.12, 251702, 9895
26902, 0, 624, 10520, 10452, 3539, 33.17%, 0, 10, 3, 80.62, 252105, 9895
27087, 0, 624, 10520, 10452, 3539, 33.17%, 0, 10, 3, 0.12, 252578, 9895
27092, 0, 624, 10520, 10452, 3539, 33.17%, 0, 10, 3, 106.21, 253064, 9895
27097, 0, 634, 10522, 10453, 3539, 33.17%, 0, 10, 3, 96.52, 253570, 9895
27102, 0, 634, 10522, 10453, 3539, 33.17%, 0, 10, 3, 104.34, 254154, 9895
27107, 0, 634, 10522, 10453, 3539, 33.17%, 0, 10, 3, 109.34, 254720, 9895
27112, 0, 634, 10524, 10455, 3539, 33.17%, 0, 10, 3, 124.41, 255336, 9895
27297, 0, 634, 10525, 10456, 3539, 33.17%, 0, 10, 3, 0.01, 255781, 9895
27303, 0, 634, 10525, 10456, 3539, 33.17%, 0, 10, 3, 93.24, 256265, 9895
27308, 0, 634, 10526, 10457, 3539, 33.17%, 0, 10, 3, 97.57, 256730, 9895
27313, 0, 634, 10526, 10457, 3539, 33.17%, 0, 10, 3, 97.45, 257211, 9895
27318, 0, 634, 10526, 10457, 3539, 33.17%, 0, 10, 3, 90.96, 257643, 9895
27323, 0, 634, 10526, 10457, 3539, 33.17%, 0, 10, 3, 91.55, 258124, 9895
29612, 0, 634, 10526, 10457, 3539, 33.17%, 0, 10, 3, 0.00, 258544, 9895
29617, 0, 634, 10526, 10457, 3539, 33.17%, 0, 10, 3, 83.15, 258951, 9895
29622, 0, 634, 10526, 10457, 3539, 33.17%, 0, 10, 3, 99.24, 259441, 9895
29627, 0, 634, 10526, 10457, 3539, 33.17%, 0, 10, 3, 93.14, 259938, 9895
29632, 0, 634, 10526, 10457, 3539, 33.17%, 0, 10, 3, 89.59, 260372, 9895
29637, 0, 634, 10526, 10457, 3539, 33.17%, 0, 10, 3, 106.42, 260934, 9895
29822, 0, 634, 10526, 10457, 3539, 33.17%, 0, 10, 3, 0.02, 261256, 9895
29827, 0, 634, 10526, 10457, 3539, 33.17%, 0, 10, 3, 91.28, 261753, 9895
29832, 0, 634, 10526, 10457, 3539, 33.17%, 0, 10, 3, 115.03, 262314, 9895
29837, 0, 634, 10526, 10457, 3539, 33.17%, 0, 10, 3, 96.76, 262800, 9895
29842, 0, 634, 10526, 10457, 3539, 33.17%, 0, 10, 3, 94.71, 263251, 9895
29847, 0, 634, 10526, 10457, 3539, 33.17%, 0, 10, 3, 85.90, 263667, 9895
30032, 0, 634, 10526, 10457, 3539, 33.17%, 0, 10, 3, 0.04, 264087, 9895
30038, 0, 634, 10526, 10457, 3539, 33.17%, 0, 10, 3, 97.07, 264506, 9895
30043, 0, 634, 10526, 10457, 3539, 33.17%, 0, 10, 3, 83.01, 264914, 9895
30048, 0, 634, 10526, 10457, 3539, 33.17%, 0, 10, 3, 82.74, 265345, 9895
30053, 0, 634, 10526, 10457, 3539, 33.17%, 0, 10, 3, 82.51, 265700, 9895
30058, 0, 634, 10526, 10457, 3539, 33.17%, 0, 10, 3, 98.40, 266256, 9895
30243, 0, 634, 10526, 10457, 3539, 33.17%, 0, 10, 3, 0.07, 266588, 9895
30248, 0, 634, 10526, 10457, 3539, 33.17%, 0, 10, 3, 91.15, 267019, 9895
30253, 0, 634, 10526, 10457, 3539, 33.17%, 0, 10, 3, 90.18, 267467, 9895
30258, 0, 634, 10526, 10457, 3539, 33.17%, 0, 10, 3, 85.88, 267928, 9895
30263, 0, 634, 10526, 10457, 3539, 33.17%, 0, 10, 3, 107.49, 268518, 9895
30268, 0, 634, 10526, 10457, 3539, 33.17%, 0, 10, 3, 122.50, 269028, 9895
30453, 0, 634, 10526, 10457, 3539, 33.17%, 0, 10, 3, 0.02, 269350, 9895
30458, 0, 634, 10526, 10457, 3539, 33.17%, 0, 10, 3, 78.80, 269802, 9895
30463, 0, 634, 10527, 10458, 3539, 33.17%, 0, 10, 3, 99.50, 270332, 9895
30468, 0, 634, 10527, 10458, 3539, 33.17%, 0, 10, 3, 94.67, 270849, 9895
30473, 0, 634, 10527, 10458, 3539, 33.17%, 0, 10, 3, 96.35, 271303, 9895
30479, 0, 634, 10527, 10458, 3539, 33.17%, 0, 10, 3, 89.86, 271768, 9895
30663, 0, 634, 10527, 10458, 3539, 33.17%, 0, 10, 3, 0.02, 272106, 9895
30669, 0, 634, 10527, 10458, 3539, 33.17%, 0, 10, 3, 86.57, 272574, 9895
30675, 0, 639, 10536, 10465, 3538, 33.20%, 0, 11, 3, 101.20, 273160, 9904
30680, 0, 639, 10662, 10591, 3565, 33.39%, 0, 11, 3, 134.92, 274663, 9959
30685, 0, 649, 10662, 10590, 3564, 33.39%, 0, 11, 3, 111.40, 275187, 9959
30690, 0, 649, 10663, 10591, 3564, 33.39%, 0, 11, 3, 89.72, 275629, 9959
30874, 0, 649, 10663, 10591, 3564, 33.39%, 0, 11, 3, 0.06, 275880, 9959
30879, 0, 649, 10663, 10591, 3564, 33.39%, 0, 11, 3, 94.56, 276379, 9959
30884, 0, 649, 10663, 10591, 3564, 33.39%, 0, 11, 3, 95.95, 276872, 9959
30889, 0, 650, 10664, 10591, 3563, 33.39%, 0, 11, 3, 92.15, 277344, 9959
30894, 0, 650, 10664, 10591, 3563, 33.39%, 0, 11, 3, 93.45, 277829, 9959
30900, 0, 650, 10664, 10591, 3563, 33.39%, 0, 11, 3, 94.77, 278306, 9959
31084, 0, 650, 10664, 10591, 3563, 33.39%, 0, 11, 3, 0.03, 278691, 9959
31089, 0, 656, 10664, 10590, 3562, 33.39%, 0, 11, 3, 88.39, 279170, 9959
31094, 0, 656, 10664, 10590, 3562, 33.39%, 0, 11, 3, 90.26, 279642, 9959
31100, 0, 668, 10664, 10588, 3560, 33.39%, 0, 11, 3, 94.26, 280125, 9959
31105, 0, 668, 10664, 10588, 3560, 33.39%, 0, 11, 3, 92.18, 280605, 9959
31110, 0, 681, 10664, 10587, 3560, 33.39%, 0, 11, 3, 81.70, 281039, 9959
31294, 0, 681, 10664, 10587, 3560, 33.39%, 0, 11, 3, 0.03, 281344, 9959
31300, 0, 684, 10664, 10586, 3559, 33.39%, 0, 11, 3, 82.20, 281766, 9959
31305, 0, 684, 10665, 10587, 3559, 33.39%, 0, 11, 3, 77.67, 282167, 9959
31310, 0, 684, 10665, 10587, 3559, 33.39%, 0, 11, 3, 71.51, 282526, 9959
31315, 0, 690, 10665, 10586, 3559, 33.39%, 0, 11, 3, 77.62, 282915, 9959
31320, 0, 690, 10666, 10587, 3559, 33.39%, 0, 11, 3, 77.47, 283305, 9959
31505, 0, 690, 10666, 10587, 3559, 33.39%, 0, 11, 3, 0.10, 283624, 9959
31510, 0, 691, 10666, 10586, 3558, 33.39%, 0, 11, 3, 66.96, 283996, 9959
31515, 0, 693, 10666, 10585, 3557, 33.39%, 0, 11, 3, 77.98, 284411, 9959
31520, 0, 693, 10667, 10586, 3557, 33.39%, 0, 11, 3, 84.17, 284848, 9959
31525, 0, 693, 10667, 10586, 3557, 33.39%, 0, 11, 3, 80.42, 285262, 9959
31530, 0, 698, 10667, 10585, 3557, 33.39%, 0, 11, 3, 70.96, 285625, 9959
33820, 0, 698, 10667, 10585, 3557, 33.39%, 0, 11, 3, 0.00, 285939, 9959
33825, 0, 702, 10667, 10584, 3556, 33.39%, 0, 11, 3, 78.20, 286366, 9959
33830, 0, 703, 10749, 10665, 3555, 33.52%, 0, 11, 3, 1767.30, 287388, 9999
33835, 0, 717, 10853, 10769, 3598, 33.71%, 0, 11, 3, 96.35, 288649, 10054
33840, 0, 717, 10853, 10769, 3598, 33.71%, 0, 11, 3, 105.74, 289205, 10054
33845, 0, 733, 10853, 10768, 3598, 33.71%, 0, 11, 3, 103.36, 289713, 10054
34030, 0, 733, 10853, 10768, 3598, 33.71%, 0, 11, 3, 0.04, 290123, 10054
34035, 0, 737, 10853, 10767, 3597, 33.71%, 0, 11, 3, 128.58, 290753, 10054
34040, 0, 747, 10854, 10767, 3596, 33.71%, 0, 11, 3, 137.88, 291494, 10054
34045, 0, 747, 10854, 10767, 3596, 33.71%, 0, 11, 3, 157.37, 292265, 10054
34050, 0, 747, 10855, 10768, 3596, 33.71%, 0, 11, 3, 151.12, 293025, 10054
34055, 0, 747, 10855, 10768, 3596, 33.71%, 0, 11, 3, 155.19, 293841, 10054
34240, 0, 747, 10855, 10768, 3596, 33.71%, 0, 11, 3, 0.06, 294373, 10054
34245, 0, 754, 10857, 10768, 3596, 33.71%, 0, 11, 3, 342.29, 296147, 10054
34250, 0, 763, 10858, 10768, 3595, 33.71%, 0, 11, 3, 341.49, 297978, 10054
34256, 0, 770, 10858, 10766, 3594, 33.71%, 0, 11, 3, 71.90, 298998, 10054
34261, 0, 770, 10858, 10766, 3594, 33.71%, 0, 11, 3, 88.81, 299467, 10054
34266, 0, 771, 10858, 10765, 3593, 33.71%, 0, 11, 3, 170.81, 300282, 10054
34451, 0, 774, 10858, 10764, 3592, 33.71%, 0, 11, 3, 0.03, 300798, 10054
34456, 0, 791, 10858, 10763, 3592, 33.71%, 0, 11, 3, 123.81, 301352, 10054
34461, 0, 792, 10858, 10762, 3591, 33.71%, 0, 11, 3, 108.07, 301872, 10054
34466, 0, 792, 10858, 10762, 3591, 33.71%, 0, 11, 3, 109.71, 302428, 10054
34471, 0, 801, 10858, 10761, 3590, 33.71%, 0, 11, 3, 103.86, 302942, 10054
34476, 0, 801, 10859, 10762, 3590, 33.71%, 0, 11, 3, 105.94, 303453, 10054
34661, 0, 801, 10859, 10762, 3590, 33.71%, 0, 11, 3, 0.07, 303861, 10054
34666, 0, 801, 10859, 10762, 3590, 33.71%, 0, 11, 3, 101.23, 304377, 10054
34671, 0, 815, 10859, 10761, 3590, 33.71%, 0, 11, 3, 93.57, 304846, 10054
34676, 0, 815, 10859, 10761, 3590, 33.71%, 0, 11, 3, 92.93, 305341, 10054
34682, 0, 817, 10859, 10760, 3589, 33.71%, 0, 11, 3, 102.33, 305889, 10054
34687, 0, 818, 10859, 10759, 3588, 33.71%, 0, 11, 3, 91.31, 306357, 10054
34871, 0, 819, 10859, 10758, 3587, 33.71%, 0, 11, 3, 0.11, 306765, 10054
34877, 0, 819, 10859, 10758, 3587, 33.71%, 0, 11, 3, 96.14, 307253, 10054
34882, 0, 826, 10859, 10757, 3586, 33.71%, 0, 11, 3, 101.34, 307795, 10054
34887, 0, 826, 10859, 10757, 3586, 33.71%, 0, 11, 3, 101.29, 308311, 10054
34892, 0, 831, 10859, 10756, 3585, 33.71%, 0, 11, 3, 77.74, 308689, 10054
34897, 0, 837, 10859, 10755, 3584, 33.71%, 0, 11, 3, 68.13, 309024, 10054
35082, 0, 837, 10859, 10755, 3584, 33.71%, 0, 11, 3, 0.03, 309363, 10054
35087, 0, 840, 10859, 10753, 3582, 33.71%, 0, 11, 3, 153.52, 310102, 10054
35092, 0, 847, 10859, 10750, 3579, 33.71%, 0, 11, 3, 281.21, 311640, 10054
35097, 0, 854, 10859, 10747, 3576, 33.71%, 0, 11, 3, 288.23, 313140, 10054
35102, 0, 858, 10861, 10748, 3575, 33.71%, 0, 11, 3, 157.22, 313818, 10054
35107, 0, 858, 10861, 10748, 3575, 33.71%, 0, 11, 3, 128.80, 314427, 10054
35292, 0, 858, 10861, 10748, 3575, 33.71%, 0, 11, 3, 0.04, 315013, 10054
35297, 0, 858, 10861, 10748, 3575, 33.71%, 0, 11, 3, 95.37, 315531, 10054
35303, 0, 873, 10863, 10749, 3574, 33.71%, 0, 11, 3, 126.16, 316179, 10054
35308, 0, 873, 10863, 10749, 3574, 33.71%, 0, 11, 3, 112.47, 316733, 10054
35313, 0, 873, 10863, 10749, 3574, 33.71%, 0, 11, 3, 103.86, 317241, 10054
35318, 0, 873, 10863, 10749, 3574, 33.71%, 0, 11, 3, 127.47, 317931, 10054
35502, 0, 875, 10865, 10750, 3573, 33.71%, 0, 11, 3, 0.03, 318385, 10054
35508, 0, 875, 10865, 10750, 3573, 33.71%, 0, 11, 3, 115.58, 318919, 10054
35513, 0, 875, 10865, 10750, 3573, 33.71%, 0, 11, 3, 108.54, 319427, 10054
35518, 0, 875, 10866, 10751, 3573, 33.71%, 0, 11, 3, 109.58, 319980, 10054
35523, 0, 875, 10866, 10751, 3573, 33.71%, 0, 11, 3, 123.52, 320616, 10054
35528, 0, 875, 10866, 10751, 3573, 33.71%, 0, 11, 3, 97.63, 321104, 10054
35713, 0, 875, 10866, 10751, 3573, 33.71%, 0, 11, 3, 0.14, 321575, 10054
35718, 0, 875, 10866, 10751, 3573, 33.71%, 0, 11, 3, 90.04, 322062, 10054
35723, 0, 875, 10866, 10751, 3573, 33.71%, 0, 11, 3, 113.66, 322678, 10054
35728, 0, 875, 10867, 10752, 3573, 33.71%, 0, 11, 3, 124.28, 323311, 10054
35733, 0, 875, 10867, 10752, 3573, 33.71%, 0, 11, 3, 112.54, 323895, 10054
35738, 0, 875, 10867, 10752, 3573, 33.71%, 0, 11, 3, 106.03, 324381, 10054
38027, 0, 875, 10867, 10752, 3573, 33.71%, 0, 11, 3, 0.01, 324816, 10054
38032, 0, 875, 10867, 10752, 3573, 33.71%, 0, 11, 3, 89.07, 325304, 10054
38037, 0, 875, 10867, 10752, 3573, 33.71%, 0, 11, 3, 99.63, 325790, 10054
38042, 0, 875, 10867, 10752, 3573, 33.71%, 0, 11, 3, 119.55, 326391, 10054
38047, 0, 875, 10867, 10752, 3573, 33.71%, 0, 11, 3, 121.48, 326989, 10054
38053, 0, 875, 10867, 10752, 3573, 33.71%, 0, 11, 3, 105.43, 327495, 10054
38237, 0, 878, 10868, 10752, 3572, 33.71%, 0, 11, 3, 0.06, 327986, 10054
38242, 0, 878, 10870, 10754, 3572, 33.71%, 0, 11, 3, 102.28, 328554, 10054
38248, 0, 878, 10870, 10754, 3572, 33.71%, 0, 11, 3, 115.37, 329180, 10054
38253, 0, 878, 10870, 10754, 3572, 33.71%, 0, 11, 3, 97.79, 329682, 10054
38258, 0, 878, 10870, 10754, 3572, 33.71%, 0, 11, 3, 92.66, 330118, 10054
38263, 0, 878, 10870, 10754, 3572, 33.71%, 0, 11, 3, 82.70, 330518, 10054
38448, 0, 878, 10870, 10754, 3572, 33.71%, 0, 11, 3, 0.03, 330876, 10054
38453, 0, 878, 10870, 10754, 3572, 33.71%, 0, 11, 3, 116.99, 331474, 10054
38458, 0, 878, 10870, 10754, 3572, 33.71%, 0, 11, 3, 102.88, 332002, 10054
38463, 0, 878, 10870, 10754, 3572, 33.71%, 0, 11, 3, 102.41, 332550, 10054
38468, 0, 880, 11049, 10932, 3591, 33.89%, 0, 11, 3, 162.34, 334546, 10110
38473, 0, 880, 11049, 10932, 3591, 33.89%, 0, 11, 3, 126.39, 335085, 10110
38658, 0, 880, 11049, 10932, 3591, 33.89%, 0, 11, 3, 0.07, 335543, 10110
38663, 0, 880, 11049, 10932, 3591, 33.89%, 0, 11, 3, 89.79, 336029, 10110
38668, 0, 880, 11049, 10932, 3591, 33.89%, 0, 11, 3, 104.47, 336591, 10110
38673, 0, 880, 11049, 10932, 3591, 33.89%, 0, 11, 3, 132.92, 337293, 10110
38678, 0, 880, 11049, 10932, 3591, 33.89%, 0, 11, 3, 129.72, 337985, 10110
38683, 0, 880, 11049, 10932, 3591, 33.89%, 0, 11, 3, 122.85, 338641, 10110
38868, 0, 897, 11051, 10933, 3591, 33.89%, 0, 11, 3, 0.07, 339191, 10110
38873, 0, 897, 11051, 10933, 3591, 33.89%, 0, 11, 3, 95.04, 339671, 10110
38879, 0, 897, 11051, 10933, 3591, 33.89%, 0, 11, 3, 99.74, 340181, 10110
38884, 0, 897, 11051, 10933, 3591, 33.89%, 0, 11, 3, 118.98, 340817, 10110
38889, 0, 912, 11051, 10932, 3590, 33.89%, 0, 11, 3, 122.29, 341449, 10110
38894, 0, 912, 11051, 10932, 3590, 33.89%, 0, 11, 3, 96.52, 341900, 10110
39079, 0, 917, 11051, 10931, 3589, 33.89%, 0, 11, 3, 0.03, 342321, 10110
39084, 0, 917, 11051, 10931, 3589, 33.89%, 0, 11, 3, 100.40, 342807, 10110
39089, 0, 918, 11051, 10930, 3588, 33.89%, 0, 11, 3, 100.97, 343320, 10110
39094, 0, 918, 11051, 10930, 3588, 33.89%, 0, 11, 3, 99.56, 343821, 10110
39099, 0, 941, 11053, 10931, 3587, 33.89%, 0, 11, 3, 116.17, 344397, 10110
39104, 0, 941, 11053, 10931, 3587, 33.89%, 0, 11, 3, 120.68, 344995, 10110
39289, 0, 941, 11053, 10931, 3587, 33.89%, 0, 11, 3, 0.07, 345489, 10110
39294, 0, 947, 11055, 10932, 3587, 33.90%, 0, 11, 3, 132.80, 346171, 10111
39299, 0, 947, 11055, 10932, 3587, 33.90%, 0, 11, 3, 143.39, 346927, 10111
39304, 0, 947, 11056, 10933, 3587, 33.90%, 0, 11, 3, 150.62, 347697, 10112
39310, 0, 947, 11057, 10934, 3587, 33.90%, 0, 11, 3, 175.67, 348589, 10112
39315, 0, 947, 11057, 10934, 3587, 33.90%, 0, 11, 3, 119.09, 349153, 10112
39499, 0, 947, 11057, 10934, 3587, 33.90%, 0, 11, 3, 0.09, 349569, 10112
39505, 0, 947, 11057, 10934, 3587, 33.90%, 0, 11, 3, 101.13, 350061, 10112
39510, 0, 947, 11057, 10934, 3587, 33.90%, 0, 11, 3, 95.64, 350533, 10112
39515, 0, 947, 11057, 10934, 3587, 33.90%, 0, 11, 3, 89.56, 350992, 10112
39520, 0, 947, 11057, 10934, 3587, 33.90%, 0, 11, 3, 98.97, 351535, 10112
39525, 0, 947, 11057, 10934, 3587, 33.90%, 0, 11, 3, 88.38, 351979, 10112
39710, 0, 947, 11057, 10934, 3587, 33.90%, 0, 11, 3, 0.11, 352451, 10112
39715, 0, 947, 11057, 10934, 3587, 33.90%, 0, 11, 3, 113.71, 353037, 10112
39720, 0, 947, 11057, 10934, 3587, 33.90%, 0, 11, 3, 97.34, 353494, 10112
39725, 0, 947, 11057, 10934, 3587, 33.90%, 0, 11, 3, 109.75, 354057, 10112
39730, 0, 947, 11057, 10934, 3587, 33.90%, 0, 11, 3, 134.50, 354735, 10112
39735, 0, 947, 11057, 10934, 3587, 33.90%, 0, 11, 3, 114.66, 355289, 10112
39920, 0, 947, 11057, 10934, 3587, 33.90%, 0, 11, 3, 0.08, 355703, 10112
39925, 0, 947, 11057, 10934, 3587, 33.90%, 0, 11, 3, 103.94, 356237, 10112
39930, 0, 947, 11057, 10934, 3587, 33.90%, 0, 11, 3, 115.74, 356819, 10112
39936, 0, 947, 11057, 10934, 3587, 33.90%, 0, 11, 3, 104.81, 357367, 10112
39941, 0, 947, 11057, 10934, 3587, 33.90%, 0, 11, 3, 101.47, 357879, 10112
39946, 0, 947, 11057, 10934, 3587, 33.90%, 0, 11, 3, 104.48, 358413, 10112
42234, 0, 947, 11057, 10934, 3587, 33.90%, 0, 11, 3, 0.02, 358913, 10112
42240, 0, 947, 11057, 10934, 3587, 33.90%, 0, 11, 3, 95.79, 359404, 10112
42245, 0, 947, 11057, 10934, 3587, 33.90%, 0, 11, 3, 105.43, 359925, 10112
42250, 0, 948, 11057, 10933, 3588, 33.90%, 0, 11, 3, 120.48, 360537, 10112
42255, 0, 948, 11058, 10934, 3588, 33.90%, 0, 11, 3, 107.21, 361084, 10112
42260, 0, 948, 11059, 10935, 3588, 33.90%, 0, 11, 3, 99.72, 361558, 10112
46290, 0, 948, 11059, 10935, 3588, 33.90%, 0, 11, 3, 0.00, 361975, 10112
46441, 0, 948, 11059, 10935, 3588, 33.90%, 0, 11, 3, 0.08, 361987, 10112
46446, 0, 949, 11373, 11248, 3587, 34.24%, 0, 11, 3, 1455.53, 365025, 10212
46451, 0, 949, 11587, 11462, 3646, 34.36%, 0, 11, 3, 155.16, 367341, 10248
46457, 0, 956, 11587, 11461, 3646, 34.36%, 0, 11, 3, 152.68, 368175, 10248
46462, 0, 960, 11587, 11460, 3645, 34.36%, 0, 11, 3, 138.94, 368884, 10248
46467, 0, 960, 11587, 11460, 3645, 34.36%, 0, 11, 3, 107.81, 369372, 10248
46651, 0, 966, 11587, 11459, 3644, 34.36%, 0, 11, 3, 0.06, 369754, 10248
46657, 0, 966, 11588, 11460, 3644, 34.36%, 0, 11, 3, 99.14, 370253, 10248
46662, 0, 966, 11588, 11460, 3644, 34.36%, 0, 11, 3, 102.91, 370811, 10248
46667, 0, 966, 11588, 11460, 3644, 34.36%, 0, 11, 3, 95.32, 371282, 10248
46672, 0, 967, 11588, 11459, 3643, 34.36%, 0, 11, 3, 103.62, 371831, 10248
46677, 0, 985, 11588, 11457, 3641, 34.36%, 0, 11, 3, 186.46, 372703, 10248
46862, 0, 987, 11588, 11455, 3639, 34.36%, 0, 11, 3, 0.18, 373803, 10248
46867, 0, 992, 11588, 11453, 3637, 34.36%, 0, 11, 3, 253.59, 375170, 10248
46872, 0, 994, 11588, 11451, 3635, 34.36%, 0, 11, 3, 220.67, 376303, 10248
46877, 0, 997, 11588, 11449, 3633, 34.36%, 0, 11, 3, 242.08, 377515, 10248
46882, 0, 1002, 11588, 11447, 3631, 34.36%, 0, 11, 3, 245.21, 378795, 10248
46887, 0, 1004, 11588, 11445, 3629, 34.36%, 0, 11, 3, 224.66, 379923, 10248
47072, 0, 1008, 11588, 11443, 3627, 34.36%, 0, 11, 3, 0.09, 381047, 10248
47077, 0, 1009, 11589, 11443, 3626, 34.36%, 0, 11, 3, 277.59, 382517, 10248
47083, 0, 1015, 11589, 11440, 3623, 34.36%, 0, 11, 3, 307.72, 384158, 10248
47088, 0, 1020, 11589, 11438, 3621, 34.36%, 0, 11, 3, 281.69, 385537, 10248
47093, 0, 1025, 11589, 11435, 3618, 34.36%, 0, 11, 3, 291.54, 387007, 10248
47098, 0, 1031, 11589, 11433, 3616, 34.36%, 0, 11, 3, 279.03, 388417, 10248
47283, 0, 1038, 11589, 11431, 3614, 34.36%, 0, 11, 3, 0.11, 389682, 10248
47288, 0, 1044, 11590, 11430, 3612, 34.36%, 0, 11, 3, 340.86, 391251, 10248
47293, 0, 1050, 11590, 11428, 3610, 34.36%, 0, 11, 3, 325.10, 392793, 10248
47298, 0, 1056, 11590, 11425, 3607, 34.36%, 0, 11, 3, 295.49, 394249, 10248
47303, 0, 1058, 11590, 11423, 3605, 34.36%, 0, 11, 3, 246.66, 395485, 10248
47308, 0, 1060, 11590, 11421, 3603, 34.36%, 0, 11, 3, 224.95, 396613, 10248
47493, 0, 1077, 11590, 11420, 3602, 34.36%, 0, 11, 3, 0.38, 397505, 10248
47498, 0, 1080, 11590, 11418, 3600, 34.36%, 0, 11, 3, 243.45, 398729, 10248
47503, 0, 1083, 11590, 11416, 3598, 34.36%, 0, 11, 3, 272.99, 400109, 10248
47508, 0, 1085, 11590, 11414, 3596, 34.36%, 0, 11, 3, 249.82, 401369, 10248
47513, 0, 1107, 11590, 11411, 3593, 34.36%, 0, 11, 3, 281.43, 402834, 10248
47518, 0, 1114, 11590, 11409, 3591, 34.36%, 0, 11, 3, 272.52, 404189, 10248
47704, 0, 1134, 11590, 11406, 3588, 34.36%, 0, 11, 3, 0.27, 405225, 10248
47709, 0, 1137, 11590, 11404, 3586, 34.36%, 0, 11, 3, 296.01, 406629, 10248
47714, 0, 1144, 11590, 11401, 3583, 34.36%, 0, 11, 3, 297.19, 408114, 10248
47719, 0, 1146, 11590, 11399, 3581, 34.36%, 0, 11, 3, 301.30, 409605, 10248
47724, 0, 1151, 11590, 11396, 3578, 34.36%, 0, 11, 3, 299.51, 411093, 10248
47729, 0, 1154, 11590, 11394, 3576, 34.36%, 0, 11, 3, 277.20, 412399, 10248
47914, 0, 1155, 11590, 11393, 3575, 34.36%, 0, 11, 3, 0.07, 413293, 10248
47919, 0, 1159, 11590, 11391, 3573, 34.36%, 0, 11, 3, 260.36, 414594, 10248
47924, 0, 1199, 11590, 11388, 3570, 34.36%, 0, 11, 3, 299.79, 416064, 10248
47929, 0, 1202, 11590, 11385, 3567, 34.36%, 0, 11, 3, 287.42, 417464, 10248
47934, 0, 1206, 11590, 11382, 3564, 34.36%, 0, 11, 3, 283.04, 418879, 10248
47939, 0, 1210, 11590, 11379, 3561, 34.36%, 0, 11, 3, 260.83, 420174, 10248
48124, 0, 1216, 11590, 11377, 3559, 34.36%, 0, 11, 3, 0.10, 420903, 10248
48129, 0, 1217, 11590, 11376, 3558, 34.36%, 0, 11, 3, 203.92, 421881, 10248
48134, 0, 1233, 11591, 11376, 3557, 34.36%, 0, 11, 3, 68.01, 422581, 10248
48140, 0, 1233, 11591, 11376, 3557, 34.36%, 0, 11, 3, 80.70, 423043, 10248
48145, 0, 1236, 11591, 11375, 3556, 34.36%, 0, 11, 3, 104.32, 423565, 10248
48150, 0, 1296, 11592, 11375, 3555, 34.36%, 0, 11, 3, 111.99, 424143, 10248
48335, 0, 1296, 11592, 11375, 3555, 34.36%, 0, 11, 3, 0.01, 424729, 10248
48340, 0, 1299, 11592, 11374, 3554, 34.36%, 0, 11, 3, 149.25, 425480, 10248
48345, 0, 1307, 11592, 11372, 3552, 34.36%, 0, 11, 3, 153.32, 426356, 10248
48350, 0, 1307, 11592, 11372, 3552, 34.36%, 0, 11, 3, 95.29, 426748, 10248
48355, 0, 1309, 11594, 11373, 3551, 34.36%, 0, 11, 3, 92.04, 427227, 10248
48360, 0, 1309, 11594, 11373, 3551, 34.36%, 0, 11, 3, 84.54, 427632, 10248
50649, 0, 1309, 11594, 11373, 3551, 34.36%, 0, 11, 3, 0.01, 427996, 10248
50654, 0, 1309, 11595, 11374, 3551, 34.36%, 0, 11, 3, 93.28, 428436, 10248
50659, 0, 1309, 11595, 11374, 3551, 34.36%, 0, 11, 3, 90.10, 428875, 10248
50664, 0, 1309, 11595, 11374, 3551, 34.36%, 0, 11, 3, 80.28, 429274, 10248
50669, 0, 1309, 11595, 11374, 3551, 34.36%, 0, 11, 3, 84.07, 429700, 10248
50674, 0, 1309, 11595, 11374, 3551, 34.36%, 0, 11, 3, 81.43, 430101, 10248
50859, 0, 1309, 11595, 11374, 3551, 34.36%, 0, 11, 3, 0.01, 430467, 10248
50864, 0, 1309, 11595, 11374, 3551, 34.36%, 0, 11, 3, 76.57, 430845, 10248
50870, 0, 1309, 11595, 11374, 3551, 34.36%, 0, 11, 3, 91.50, 431320, 10248
50875, 0, 1311, 11595, 11373, 3551, 34.36%, 0, 11, 3, 95.57, 431804, 10248
50880, 0, 1311, 11596, 11374, 3551, 34.36%, 0, 11, 3, 77.66, 432189, 10248
50885, 0, 1311, 11596, 11374, 3551, 34.36%, 0, 11, 3, 83.60, 432619, 10248
51071, 0, 1312, 11639, 11416, 3550, 34.42%, 0, 13, 3, 0.63, 433148, 10266
51076, 0, 1313, 11775, 11552, 3574, 34.53%, 0, 13, 3, 84.94, 434655, 10301
51081, 0, 1314, 11775, 11551, 3574, 34.53%, 0, 13, 3, 90.12, 435142, 10301
51086, 0, 1318, 11775, 11549, 3572, 34.53%, 0, 13, 3, 94.81, 435640, 10301
51091, 0, 1330, 11775, 11548, 3571, 34.53%, 0, 13, 3, 109.40, 436188, 10301
51096, 0, 1362, 11775, 11547, 3570, 34.53%, 0, 13, 3, 102.48, 436688, 10301
51280, 0, 1362, 11775, 11547, 3570, 34.53%, 0, 13, 3, 0.06, 437100, 10301
51285, 0, 1368, 11776, 11547, 3569, 34.53%, 0, 13, 3, 115.64, 437679, 10301
51290, 0, 1368, 11776, 11547, 3569, 34.53%, 0, 13, 3, 126.27, 438337, 10301
51295, 0, 1375, 11777, 11547, 3568, 34.53%, 0, 13, 3, 91.54, 438774, 10301
51300, 0, 1375, 11778, 11548, 3568, 34.53%, 0, 13, 3, 104.97, 439325, 10301
51306, 0, 1375, 11778, 11548, 3568, 34.53%, 0, 13, 3, 95.20, 439784, 10301
51490, 0, 1375, 11778, 11548, 3568, 34.53%, 0, 13, 3, 0.12, 440279, 10301
51496, 0, 1375, 11779, 11549, 3568, 34.53%, 0, 13, 3, 141.09, 441026, 10301
51501, 0, 1375, 11779, 11549, 3568, 34.53%, 0, 13, 3, 124.34, 441672, 10301
51506, 0, 1375, 11779, 11549, 3568, 34.53%, 0, 13, 3, 110.66, 442174, 10301
51511, 0, 1375, 11779, 11549, 3568, 34.53%, 0, 13, 3, 106.99, 442718, 10301
51516, 0, 1383, 11779, 11548, 3568, 34.53%, 0, 13, 3, 102.24, 443274, 10301
51701, 0, 1383, 11779, 11548, 3568, 34.53%, 0, 13, 3, 0.08, 443756, 10301
51706, 0, 1389, 11779, 11547, 3568, 34.53%, 0, 13, 3, 112.41, 444254, 10301
51711, 0, 1390, 11779, 11546, 3567, 34.53%, 0, 13, 3, 126.40, 444852, 10301
51716, 0, 1392, 11781, 11547, 3567, 34.53%, 0, 13, 3, 203.84, 446054, 10301
51721, 0, 1392, 11781, 11547, 3567, 34.53%, 0, 13, 3, 148.38, 446718, 10301
51726, 0, 1393, 11781, 11546, 3567, 34.53%, 0, 13, 3, 99.73, 447164, 10301
51911, 0, 1393, 11781, 11546, 3567, 34.53%, 0, 13, 3, 0.01, 447613, 10301
51916, 0, 1397, 11781, 11545, 3566, 34.53%, 0, 13, 3, 115.02, 448158, 10301
51921, 0, 1423, 11781, 11544, 3565, 34.53%, 0, 13, 3, 164.81, 449142, 10301
51926, 0, 1425, 11781, 11542, 3563, 34.53%, 0, 13, 3, 150.04, 449872, 10301
51931, 0, 1429, 11781, 11541, 3562, 34.53%, 0, 13, 3, 163.95, 450702, 10301
51937, 0, 1429, 11782, 11542, 3562, 34.53%, 0, 13, 3, 155.04, 451495, 10301
52122, 0, 1429, 11782, 11542, 3562, 34.53%, 0, 13, 3, 0.14, 452111, 10301
52127, 0, 1444, 11782, 11540, 3561, 34.53%, 0, 13, 3, 212.41, 453185, 10301
52132, 0, 1451, 11782, 11537, 3558, 34.53%, 0, 13, 3, 270.36, 454672, 10301
52137, 0, 1456, 11782, 11535, 3556, 34.53%, 0, 13, 3, 315.98, 456295, 10301
52142, 0, 1462, 11782, 11532, 3553, 34.53%, 0, 13, 3, 273.52, 457682, 10301
52147, 0, 1463, 11782, 11531, 3552, 34.53%, 0, 13, 3, 175.48, 458554, 10301
52332, 0, 1463, 11783, 11532, 3552, 34.53%, 0, 13, 3, 0.13, 458942, 10301
52337, 0, 1463, 11783, 11532, 3552, 34.53%, 0, 13, 3, 77.35, 459356, 10301
52342, 0, 1481, 11783, 11529, 3549, 34.53%, 0, 13, 3, 240.37, 460530, 10301
52347, 0, 1483, 11783, 11527, 3547, 34.53%, 0, 13, 3, 309.46, 462284, 10301
52352, 0, 1487, 11783, 11524, 3544, 34.53%, 0, 13, 3, 309.72, 463769, 10301
52358, 0, 1493, 11783, 11522, 3542, 34.53%, 0, 13, 3, 276.43, 465094, 10301
52542, 0, 1495, 11783, 11520, 3540, 34.53%, 0, 13, 3, 0.19, 466329, 10301
52547, 0, 1507, 11783, 11517, 3537, 34.53%, 0, 13, 3, 259.77, 467699, 10301
52552, 0, 1510, 11783, 11515, 3535, 34.53%, 0, 13, 3, 290.77, 469279, 10301
52558, 0, 1513, 11784, 11513, 3532, 34.54%, 0, 13, 3, 297.83, 470811, 10302
52563, 0, 1514, 11784, 11512, 3532, 34.54%, 0, 13, 3, 269.02, 472121, 10302
52568, 0, 1524, 11785, 11511, 3530, 34.54%, 0, 13, 3, 301.58, 473633, 10302
54857, 0, 1551, 11785, 11509, 3528, 34.54%, 0, 13, 3, 0.03, 474843, 10302
54862, 0, 1555, 11919, 11641, 3543, 34.66%, 0, 13, 3, 464.54, 477148, 10340
54867, 0, 1566, 11919, 11639, 3541, 34.66%, 0, 13, 3, 318.82, 478672, 10340
54872, 0, 1577, 11919, 11636, 3538, 34.66%, 0, 13, 3, 304.84, 480122, 10340
54877, 0, 1579, 11919, 11634, 3536, 34.66%, 0, 13, 3, 265.57, 481402, 10340
54882, 0, 1610, 11919, 11631, 3533, 34.66%, 0, 13, 3, 264.02, 482767, 10340
55067, 0, 1626, 11919, 11629, 3531, 34.66%, 0, 13, 3, 0.28, 483982, 10340
55072, 0, 1638, 11920, 11628, 3529, 34.66%, 0, 13, 3, 242.37, 485231, 10340
55077, 0, 1646, 11920, 11627, 3528, 34.66%, 0, 13, 3, 254.59, 486539, 10340
55082, 0, 1668, 11921, 11626, 3526, 34.66%, 0, 13, 3, 244.13, 487778, 10340
55087, 0, 1676, 11921, 11625, 3525, 34.66%, 0, 13, 3, 247.98, 488936, 10340
55092, 0, 1681, 11921, 11622, 3522, 34.66%, 0, 13, 3, 273.02, 490306, 10340
55277, 0, 1682, 11921, 11621, 3521, 34.66%, 0, 13, 3, 0.18, 491368, 10340
55283, 0, 1683, 11921, 11620, 3520, 34.66%, 0, 13, 3, 160.10, 491943, 10340
55288, 0, 1685, 11921, 11618, 3518, 34.66%, 0, 13, 3, 231.17, 493176, 10340
55293, 0, 1687, 11921, 11616, 3516, 34.66%, 0, 13, 3, 245.78, 494400, 10340
55298, 0, 1716, 11921, 11613, 3513, 34.66%, 0, 13, 3, 281.10, 495856, 10340
55303, 0, 1719, 11921, 11611, 3511, 34.66%, 0, 13, 3, 236.60, 497028, 10340
55488, 0, 1733, 11921, 11609, 3509, 34.66%, 0, 13, 3, 0.18, 498120, 10340
55493, 0, 1738, 11921, 11607, 3507, 34.66%, 0, 13, 3, 286.89, 499616, 10340
55498, 0, 1742, 11921, 11604, 3504, 34.66%, 0, 13, 3, 297.95, 501131, 10340
55503, 0, 1749, 11921, 11602, 3502, 34.66%, 0, 13, 3, 291.59, 502576, 10340
55508, 0, 1757, 11921, 11599, 3499, 34.66%, 0, 13, 3, 278.21, 503956, 10340
55513, 0, 1766, 11921, 11597, 3497, 34.66%, 0, 13, 3, 269.20, 505316, 10340
55698, 0, 1771, 11921, 11595, 3495, 34.66%, 0, 13, 3, 0.09, 506442, 10340
55703, 0, 1780, 11921, 11593, 3493, 34.66%, 0, 13, 3, 271.86, 507711, 10340
55708, 0, 1796, 11921, 11590, 3490, 34.66%, 0, 13, 3, 269.42, 509066, 10340
55713, 0, 1799, 11921, 11589, 3489, 34.66%, 0, 13, 3, 213.15, 510134, 10340
55719, 0, 1802, 11921, 11586, 3486, 34.66%, 0, 13, 3, 270.19, 511571, 10340
55724, 0, 1804, 11921, 11584, 3484, 34.66%, 0, 13, 3, 268.36, 512926, 10340
58914, 0, 1807, 11921, 11582, 3482, 34.66%, 0, 13, 3, 0.00, 513918, 10340
59064, 0, 1807, 11921, 11582, 3482, 34.66%, 0, 13, 3, 0.32, 513966, 10340
59070, 0, 1810, 11923, 11582, 3481, 34.66%, 0, 14, 3, 23.68, 515003, 10340
59075, 0, 1810, 12764, 12423, 3481, 36.46%, 0, 14, 3, 1343.64, 521738, 10876
59080, 0, 1812, 12938, 12596, 3695, 36.59%, 0, 14, 3, 218.87, 524035, 10915
59085, 0, 1818, 12938, 12594, 3693, 36.59%, 0, 14, 3, 196.32, 524901, 10915
59090, 0, 1828, 12938, 12592, 3691, 36.59%, 0, 14, 3, 232.20, 526111, 10915
59275, 0, 1830, 12938, 12590, 3689, 36.59%, 0, 14, 3, 0.09, 527283, 10915
59280, 0, 1833, 12938, 12588, 3687, 36.59%, 0, 14, 3, 289.82, 528806, 10915
59285, 0, 1852, 12938, 12586, 3685, 36.59%, 0, 14, 3, 162.68, 529452, 10915
59290, 0, 1856, 12938, 12584, 3683, 36.59%, 0, 14, 3, 257.03, 530961, 10915
59295, 0, 1857, 12939, 12584, 3682, 36.59%, 0, 14, 3, 257.02, 532328, 10915
59300, 0, 1861, 12939, 12581, 3679, 36.59%, 0, 14, 3, 280.66, 533723, 10915
59485, 0, 1863, 12939, 12579, 3677, 36.59%, 0, 14, 3, 0.03, 534968, 10915
59490, 0, 1865, 12939, 12577, 3675, 36.59%, 0, 14, 3, 241.22, 536202, 10915
59495, 0, 1867, 12939, 12575, 3673, 36.59%, 0, 14, 3, 243.80, 537452, 10915
59501, 0, 1877, 12939, 12572, 3670, 36.59%, 0, 14, 3, 250.81, 538838, 10915
59506, 0, 1884, 12939, 12570, 3668, 36.59%, 0, 14, 3, 261.17, 540108, 10915
59511, 0, 1888, 12939, 12568, 3666, 36.59%, 0, 14, 3, 273.26, 541453, 10915
59696, 0, 1891, 12940, 12568, 3665, 36.59%, 0, 14, 3, 0.08, 542735, 10915
59701, 0, 1892, 12942, 12569, 3665, 36.59%, 0, 14, 3, 173.12, 543506, 10915
59706, 0, 1892, 12942, 12569, 3665, 36.59%, 0, 14, 3, 141.99, 544145, 10915
59711, 0, 1892, 12943, 12570, 3665, 36.59%, 0, 14, 3, 123.00, 544782, 10915
59716, 0, 1892, 12943, 12570, 3665, 36.59%, 0, 14, 3, 138.71, 545494, 10915
59721, 0, 1892, 12943, 12570, 3665, 36.59%, 0, 14, 3, 27.08, 545977, 10915
59906, 0, 1892, 12943, 12570, 3665, 36.59%, 0, 14, 3, 0.03, 546490, 10915
59911, 0, 1892, 12943, 12570, 3665, 36.59%, 0, 14, 3, 121.60, 547132, 10915
59916, 0, 1894, 12943, 12569, 3664, 36.59%, 0, 14, 3, 152.13, 547854, 10915
59921, 0, 1901, 12943, 12568, 3663, 36.59%, 0, 14, 3, 158.05, 548586, 10915
59926, 0, 1907, 12943, 12566, 3661, 36.59%, 0, 14, 3, 251.70, 549996, 10915
59931, 0, 1926, 12944, 12565, 3659, 36.59%, 0, 14, 3, 274.26, 551423, 10915
60116, 0, 1930, 12944, 12564, 3659, 36.59%, 0, 14, 3, 0.22, 552519, 10915
60121, 0, 1951, 12944, 12561, 3656, 36.59%, 0, 14, 3, 275.56, 553893, 10915
60126, 0, 1965, 12944, 12559, 3654, 36.59%, 0, 14, 3, 262.90, 555153, 10915
60132, 0, 1969, 12944, 12556, 3651, 36.59%, 0, 14, 3, 302.00, 556743, 10915
60137, 0, 1977, 12944, 12554, 3649, 36.59%, 0, 14, 3, 261.67, 558028, 10915
60142, 0, 1983, 12944, 12552, 3647, 36.59%, 0, 14, 3, 254.25, 559221, 10915
60327, 0, 1986, 12944, 12550, 3645, 36.59%, 0, 14, 3, 0.33, 560388, 10915
60332, 0, 1989, 12944, 12548, 3643, 36.59%, 0, 14, 3, 276.83, 561813, 10915
60337, 0, 2001, 12945, 12546, 3640, 36.60%, 0, 14, 3, 263.92, 563185, 10917
60342, 0, 2011, 12945, 12543, 3638, 36.60%, 0, 14, 3, 250.64, 564448, 10917
60347, 0, 2013, 12945, 12541, 3636, 36.60%, 0, 14, 3, 274.11, 565850, 10917
60352, 0, 2024, 12945, 12538, 3633, 36.60%, 0, 14, 3, 275.15, 567220, 10917
60537, 0, 2028, 12945, 12536, 3631, 36.60%, 0, 14, 3, 0.11, 568240, 10917
60542, 0, 2050, 12945, 12534, 3629, 36.60%, 0, 14, 3, 190.63, 569303, 10917
60547, 0, 2056, 12945, 12533, 3628, 36.60%, 0, 14, 3, 138.97, 569870, 10917
60552, 0, 2067, 12946, 12533, 3627, 36.60%, 0, 14, 3, 118.75, 570465, 10917
60557, 0, 2067, 12946, 12533, 3627, 36.60%, 0, 14, 3, 103.97, 570987, 10917
60562, 0, 2069, 12946, 12532, 3626, 36.60%, 0, 14, 3, 185.07, 571863, 10917
60747, 0, 2072, 12947, 12532, 3626, 36.60%, 0, 14, 3, 0.19, 573169, 10917
60752, 0, 2079, 12947, 12531, 3625, 36.60%, 0, 14, 3, 76.01, 573764, 10917
60758, 0, 2100, 12947, 12528, 3622, 36.60%, 0, 14, 3, 228.84, 575052, 10917
60763, 0, 2103, 12947, 12526, 3620, 36.60%, 0, 14, 3, 272.31, 576464, 10917
60768, 0, 2111, 12949, 12525, 3617, 36.60%, 0, 14, 3, 319.17, 578104, 10917
60773, 0, 2114, 12949, 12524, 3617, 36.60%, 0, 14, 3, 289.60, 579483, 10917
60958, 0, 2114, 12952, 12527, 3617, 36.60%, 0, 14, 3, 0.17, 580704, 10917
60963, 0, 2114, 12952, 12527, 3617, 36.60%, 0, 14, 3, 228.97, 582047, 10917
60968, 0, 2114, 12952, 12527, 3617, 36.60%, 0, 14, 3, 242.64, 583359, 10917
60973, 0, 2120, 12954, 12528, 3617, 36.60%, 0, 14, 3, 237.24, 584605, 10917
60978, 0, 2121, 12954, 12527, 3617, 36.60%, 0, 14, 3, 61.85, 585874, 10917
60983, 0, 2124, 12956, 12528, 3616, 36.60%, 0, 14, 3, 230.00, 587163, 10917
63272, 0, 2124, 12956, 12528, 3616, 36.60%, 0, 14, 3, 0.01, 588227, 10917
63277, 0, 2132, 12956, 12527, 3616, 36.60%, 0, 14, 3, 147.10, 588811, 10917
63282, 0, 2133, 13095, 12665, 3623, 36.70%, 0, 14, 3, 116.27, 590593, 10947
63287, 0, 2134, 13095, 12664, 3622, 36.70%, 0, 14, 3, 109.63, 591153, 10947
63293, 0, 2139, 13095, 12663, 3621, 36.70%, 0, 14, 3, 127.61, 591779, 10947
63298, 0, 2143, 13095, 12662, 3620, 36.70%, 0, 14, 3, 123.43, 592379, 10947
63482, 0, 2147, 13095, 12661, 3619, 36.70%, 0, 14, 3, 0.08, 592907, 10947
63488, 0, 2152, 13095, 12660, 3618, 36.70%, 0, 14, 3, 109.76, 593503, 10947
63493, 0, 2154, 13095, 12659, 3617, 36.70%, 0, 14, 3, 121.56, 594159, 10947
63498, 0, 2189, 13095, 12657, 3615, 36.70%, 0, 14, 3, 107.69, 594737, 10947
63503, 0, 2195, 13096, 12657, 3614, 36.70%, 0, 14, 3, 129.50, 595408, 10947
63508, 0, 2195, 13098, 12659, 3614, 36.70%, 0, 14, 3, 116.60, 595964, 10947
63693, 0, 2195, 13098, 12659, 3614, 36.70%, 0, 14, 3, 0.11, 596502, 10947
63698, 0, 2195, 13098, 12659, 3614, 36.70%, 0, 14, 3, 111.82, 597116, 10947
63703, 0, 2195, 13098, 12659, 3614, 36.70%, 0, 14, 3, 99.33, 597606, 10947
63708, 0, 2201, 13098, 12657, 3613, 36.70%, 0, 14, 3, 169.60, 598648, 10947
63713, 0, 2209, 13098, 12655, 3611, 36.70%, 0, 14, 3, 189.69, 599653, 10947
63718, 0, 2209, 13099, 12656, 3611, 36.70%, 0, 14, 3, 116.56, 600159, 10947
63903, 0, 2209, 13100, 12657, 3611, 36.70%, 0, 14, 3, 0.07, 600596, 10947
63908, 0, 2209, 13100, 12657, 3611, 36.70%, 0, 14, 3, 101.03, 601128, 10947
63913, 0, 2209, 13100, 12657, 3611, 36.70%, 0, 14, 3, 83.21, 601555, 10947
63918, 0, 2209, 13100, 12657, 3611, 36.70%, 0, 14, 3, 91.97, 602047, 10947
63924, 0, 2209, 13100, 12657, 3611, 36.70%, 0, 14, 3, 83.93, 602509, 10947
63929, 0, 2209, 13101, 12658, 3611, 36.70%, 0, 14, 3, 110.54, 603025, 10947
64114, 0, 2209, 13101, 12658, 3611, 36.70%, 0, 14, 3, 0.06, 603435, 10947
64119, 0, 2209, 13101, 12658, 3611, 36.70%, 0, 14, 3, 108.06, 603953, 10947
64124, 0, 2209, 13101, 12658, 3611, 36.70%, 0, 14, 3, 82.56, 604343, 10947
64129, 0, 2209, 13101, 12658, 3611, 36.70%, 0, 14, 3, 101.20, 604881, 10947
64134, 0, 2209, 13101, 12658, 3611, 36.70%, 0, 14, 3, 94.71, 605325, 10947
64139, 0, 2209, 13101, 12658, 3611, 36.70%, 0, 14, 3, 96.17, 605814, 10947
64324, 0, 2209, 13101, 12658, 3611, 36.70%, 0, 14, 3, 0.04, 606114, 10947
64329, 0, 2209, 13101, 12658, 3611, 36.70%, 0, 14, 3, 74.43, 606475, 10947
64334, 0, 2209, 13102, 12659, 3611, 36.70%, 0, 14, 3, 75.11, 606870, 10947
64339, 0, 2209, 13102, 12659, 3611, 36.70%, 0, 14, 3, 85.48, 607369, 10947
64344, 0, 2209, 13102, 12659, 3611, 36.70%, 0, 14, 3, 77.16, 607764, 10947
64349, 0, 2209, 13102, 12659, 3611, 36.70%, 0, 14, 3, 100.77, 608276, 10947
64534, 0, 2209, 13102, 12659, 3611, 36.70%, 0, 14, 3, 0.06, 608653, 10947
64539, 0, 2209, 13102, 12659, 3611, 36.70%, 0, 14, 3, 100.11, 609208, 10947
64544, 0, 2209, 13102, 12659, 3611, 36.70%, 0, 14, 3, 99.29, 609692, 10947
64550, 0, 2209, 13102, 12659, 3611, 36.70%, 0, 14, 3, 91.55, 610129, 10947
64555, 0, 2209, 13102, 12659, 3611, 36.70%, 0, 14, 3, 76.40, 610498, 10947
64560, 0, 2209, 13102, 12659, 3611, 36.70%, 0, 14, 3, 79.35, 610894, 10947
64745, 0, 2209, 13102, 12659, 3611, 36.70%, 0, 14, 3, 0.01, 611328, 10947
64750, 0, 2209, 13102, 12659, 3611, 36.70%, 0, 14, 3, 72.61, 611643, 10947
64755, 0, 2209, 13102, 12659, 3611, 36.70%, 0, 14, 3, 110.45, 612256, 10947
64760, 0, 2209, 13102, 12659, 3611, 36.70%, 0, 14, 3, 98.93, 612760, 10947
64765, 0, 2209, 13102, 12659, 3611, 36.70%, 0, 14, 3, 89.46, 613196, 10947
64770, 0, 2209, 13102, 12659, 3611, 36.70%, 0, 14, 3, 84.73, 613609, 10947
64955, 0, 2211, 13102, 12658, 3611, 36.70%, 0, 14, 3, 0.04, 614037, 10947
64960, 0, 2214, 13102, 12657, 3610, 36.70%, 0, 14, 3, 127.60, 614664, 10947
64965, 0, 2218, 13102, 12655, 3609, 36.70%, 0, 14, 3, 255.51, 616182, 10947
64970, 0, 2219, 13102, 12654, 3608, 36.70%, 0, 14, 3, 66.30, 616686, 10947
64976, 0, 2227, 13102, 12653, 3607, 36.70%, 0, 14, 3, 104.60, 617196, 10947
64981, 0, 2242, 13102, 12652, 3606, 36.70%, 0, 14, 3, 125.88, 617894, 10947
65165, 0, 2247, 13102, 12651, 3605, 36.70%, 0, 14, 3, 0.24, 618894, 10947
65171, 0, 2253, 13102, 12648, 3603, 36.70%, 0, 14, 3, 318.90, 620492, 10947
65176, 0, 2257, 13102, 12646, 3601, 36.70%, 0, 14, 3, 281.48, 621892, 10947
65181, 0, 2273, 13102, 12644, 3599, 36.70%, 0, 14, 3, 260.14, 623152, 10947
65186, 0, 2275, 13102, 12642, 3597, 36.70%, 0, 14, 3, 251.93, 624457, 10947
65191, 0, 2281, 13102, 12639, 3594, 36.70%, 0, 14, 3, 278.53, 625907, 10947
66729, 0, 2303, 13102, 12637, 3592, 36.70%, 0, 14, 3, 0.01, 626967, 10947
66734, 0, 2305, 13230, 12763, 3590, 36.79%, 0, 14, 3, 505.09, 629152, 10974
66739, 0, 2307, 13257, 12789, 3599, 36.79%, 0, 14, 3, 318.57, 630519, 10975
66744, 0, 2310, 13257, 12787, 3597, 36.79%, 0, 14, 3, 256.39, 631684, 10975
66749, 0, 2317, 13258, 12785, 3594, 36.79%, 0, 14, 3, 255.96, 632998, 10975
66754, 0, 2318, 13258, 12784, 3593, 36.79%, 0, 14, 3, 322.23, 634666, 10975
66759, 0, 2328, 13258, 12781, 3590, 36.79%, 0, 14, 3, 290.83, 636081, 10975
66764, 0, 2336, 13258, 12779, 3588, 36.79%, 0, 14, 3, 262.51, 637431, 10975
66769, 0, 2346, 13259, 12777, 3585, 36.79%, 0, 14, 3, 253.15, 638665, 10975
66774, 0, 2347, 13260, 12777, 3584, 36.79%, 0, 14, 3, 259.65, 640015, 10975
66779, 0, 2357, 13260, 12776, 3583, 36.79%, 0, 14, 3, 248.15, 641296, 10975
66784, 0, 2371, 13260, 12773, 3580, 36.79%, 0, 14, 3, 269.70, 642765, 10975
66790, 0, 2374, 13260, 12771, 3578, 36.79%, 0, 14, 3, 253.79, 644065, 10975
66795, 0, 2387, 13260, 12768, 3575, 36.79%, 0, 14, 3, 298.65, 645612, 10975
66800, 0, 2391, 13260, 12766, 3573, 36.79%, 0, 14, 3, 279.83, 646995, 10975
66805, 0, 2401, 13261, 12765, 3571, 36.80%, 0, 14, 3, 240.72, 648243, 10977
66810, 0, 2401, 13261, 12765, 3571, 36.80%, 0, 14, 3, 175.05, 649012, 10977
66815, 0, 2403, 13261, 12763, 3570, 36.80%, 0, 14, 3, 247.96, 650297, 10977
66820, 0, 2405, 13261, 12761, 3568, 36.80%, 0, 14, 3, 191.15, 651295, 10977
66825, 0, 2408, 13261, 12759, 3566, 36.80%, 0, 14, 3, 223.83, 652335, 10977
66830, 0, 2410, 13261, 12757, 3564, 36.80%, 0, 14, 3, 267.30, 653682, 10977
66835, 0, 2412, 13261, 12755, 3562, 36.80%, 0, 14, 3, 240.91, 654855, 10977
66840, 0, 2414, 13261, 12753, 3560, 36.80%, 0, 14, 3, 231.70, 656015, 10977
66845, 0, 2417, 13261, 12750, 3557, 36.80%, 0, 14, 3, 288.27, 657527, 10977
66851, 0, 2419, 13261, 12748, 3555, 36.80%, 0, 14, 3, 225.46, 658735, 10977
66856, 0, 2427, 13261, 12746, 3553, 36.80%, 0, 14, 3, 217.65, 659707, 10977
66861, 0, 2430, 13262, 12745, 3551, 36.81%, 0, 14, 3, 260.34, 661114, 10979
66866, 0, 2433, 13262, 12744, 3551, 36.81%, 0, 14, 3, 288.11, 662619, 10979
66871, 0, 2438, 13262, 12741, 3548, 36.81%, 0, 14, 3, 265.28, 663934, 10979
66876, 0, 2442, 13262, 12739, 3546, 36.81%, 0, 14, 3, 276.59, 665314, 10979
66881, 0, 2444, 13262, 12737, 3544, 36.81%, 0, 14, 3, 290.41, 666789, 10979
66886, 0, 2449, 13262, 12734, 3541, 36.81%, 0, 14, 3, 273.42, 668174, 10979
66891, 0, 2452, 13262, 12732, 3539, 36.81%, 0, 14, 3, 256.54, 669484, 10979
66896, 0, 2454, 13262, 12730, 3537, 36.81%, 0, 14, 3, 267.38, 670884, 10979
66902, 0, 2457, 13262, 12728, 3535, 36.81%, 0, 14, 3, 252.97, 672184, 10979
66907, 0, 2462, 13262, 12725, 3532, 36.81%, 0, 14, 3, 266.49, 673594, 10979
66912, 0, 2471, 13262, 12723, 3530, 36.81%, 0, 14, 3, 259.18, 675009, 10979
66917, 0, 2483, 13262, 12720, 3527, 36.81%, 0, 14, 3, 232.05, 676174, 10979
66922, 0, 2499, 13262, 12718, 3525, 36.81%, 0, 14, 3, 248.44, 677462, 10979
66927, 0, 2508, 13262, 12716, 3524, 36.81%, 0, 14, 3, 227.12, 678722, 10979
66932, 0, 2511, 13262, 12714, 3522, 36.81%, 0, 14, 3, 223.55, 679830, 10979
66938, 0, 2522, 13262, 12711, 3519, 36.81%, 0, 14, 3, 258.78, 681219, 10979
66943, 0, 2524, 13263, 12711, 3518, 36.81%, 0, 14, 3, 233.03, 682317, 10979
66948, 0, 2524, 13264, 12712, 3518, 36.81%, 0, 14, 3, 240.06, 683552, 10979
66953, 0, 2526, 13264, 12710, 3516, 36.81%, 0, 14, 3, 203.51, 684556, 10979
66958, 0, 2531, 13265, 12709, 3515, 36.81%, 0, 14, 3, 254.39, 685920, 10979
66963, 0, 2531, 13266, 12710, 3515, 36.81%, 0, 14, 3, 274.58, 687282, 10979
66968, 0, 2536, 13266, 12708, 3513, 36.81%, 0, 14, 3, 256.64, 688607, 10979
66973, 0, 2541, 13267, 12708, 3512, 36.81%, 0, 14, 3, 264.24, 689964, 10979
66978, 0, 2548, 13267, 12706, 3511, 36.81%, 0, 14, 3, 285.37, 691434, 10979
66983, 0, 2561, 13267, 12703, 3508, 36.81%, 0, 14, 3, 266.10, 692764, 10979
66988, 0, 2564, 13267, 12701, 3506, 36.81%, 0, 14, 3, 279.54, 694229, 10979
66993, 0, 2567, 13267, 12699, 3504, 36.81%, 0, 14, 3, 287.24, 695639, 10979
66999, 0, 2575, 13267, 12696, 3501, 36.81%, 0, 14, 3, 298.54, 697171, 10979
67004, 0, 2579, 13267, 12694, 3499, 36.81%, 0, 14, 3, 227.29, 698289, 10979
67009, 0, 2581, 13267, 12692, 3497, 36.81%, 0, 14, 3, 280.57, 699794, 10979
67014, 0, 2586, 13268, 12691, 3495, 36.81%, 0, 14, 3, 263.10, 701101, 10979
67019, 0, 2588, 13268, 12689, 3494, 36.81%, 0, 14, 3, 285.73, 702531, 10979
67024, 0, 2600, 13268, 12687, 3492, 36.81%, 0, 14, 3, 283.30, 703936, 10979
67029, 0, 2619, 13268, 12684, 3489, 36.81%, 0, 14, 3, 281.86, 705366, 10979
67480, 0, 2619, 13268, 12684, 3489, 36.81%, 0, 14, 3, 0.03, 705381, 10979
67485, 0, 2623, 13268, 12682, 3487, 36.81%, 0, 14, 3, 44.05, 706688, 10979
67490, 0, 2627, 13268, 12681, 3486, 36.81%, 0, 14, 3, 85.74, 707177, 10979
67495, 0, 2630, 13268, 12679, 3484, 36.81%, 0, 14, 3, 220.16, 708440, 10979
67500, 0, 2634, 13268, 12677, 3482, 36.81%, 0, 14, 3, 241.99, 709680, 10979
67505, 0, 2638, 13268, 12675, 3480, 36.81%, 0, 14, 3, 253.75, 710952, 10979
67690, 0, 2640, 13268, 12673, 3478, 36.81%, 0, 14, 3, 0.19, 712131, 10979
67695, 0, 2646, 13277, 12680, 3479, 36.81%, 0, 14, 3, 287.22, 713659, 10981
67701, 0, 2650, 13277, 12677, 3476, 36.81%, 0, 14, 3, 298.58, 715219, 10981
67706, 0, 2652, 13277, 12675, 3474, 36.81%, 0, 14, 3, 284.91, 716684, 10981
67711, 0, 2654, 13277, 12673, 3472, 36.81%, 0, 14, 3, 265.74, 717944, 10981
67716, 0, 2658, 13277, 12671, 3470, 36.81%, 0, 14, 3, 217.46, 719041, 10981
67901, 0, 2661, 13277, 12669, 3468, 36.81%, 0, 14, 3, 0.08, 720324, 10981
67906, 0, 2668, 13277, 12666, 3465, 36.81%, 0, 14, 3, 302.48, 721863, 10981
67911, 0, 2670, 13277, 12664, 3463, 36.81%, 0, 14, 3, 284.56, 723319, 10981
67916, 0, 2673, 13277, 12661, 3460, 36.81%, 0, 14, 3, 270.70, 724649, 10981
67921, 0, 2677, 13277, 12659, 3458, 36.81%, 0, 14, 3, 287.30, 726084, 10981
67926, 0, 2679, 13277, 12657, 3456, 36.81%, 0, 14, 3, 285.02, 727499, 10981
68111, 0, 2681, 13277, 12655, 3454, 36.81%, 0, 14, 3, 0.11, 728809, 10981
68116, 0, 2687, 13277, 12652, 3451, 36.81%, 0, 14, 3, 281.54, 730214, 10981
68121, 0, 2699, 13277, 12649, 3448, 36.81%, 0, 14, 3, 277.54, 731659, 10981
68126, 0, 2701, 13277, 12647, 3446, 36.81%, 0, 14, 3, 269.22, 733004, 10981
68131, 0, 2708, 13277, 12644, 3443, 36.81%, 0, 14, 3, 285.16, 734514, 10981
68137, 0, 2714, 13277, 12642, 3441, 36.81%, 0, 14, 3, 240.80, 735725, 10981
68321, 0, 2717, 13277, 12641, 3440, 36.81%, 0, 14, 3, 0.13, 736637, 10981
68326, 0, 2726, 13277, 12639, 3438, 36.81%, 0, 14, 3, 258.76, 737899, 10981
68332, 0, 2730, 13277, 12636, 3435, 36.81%, 0, 14, 3, 270.20, 739329, 10981
68337, 0, 2735, 13277, 12634, 3433, 36.81%, 0, 14, 3, 295.07, 740849, 10981
68342, 0, 2737, 13277, 12632, 3431, 36.81%, 0, 14, 3, 259.51, 742069, 10981
68347, 0, 2745, 13277, 12629, 3428, 36.81%, 0, 14, 3, 269.94, 743479, 10981
68532, 0, 2748, 13277, 12627, 3426, 36.81%, 0, 14, 3, 0.08, 744679, 10981
68537, 0, 2751, 13277, 12624, 3423, 36.81%, 0, 14, 3, 289.45, 746169, 10981
68542, 0, 2755, 13278, 12623, 3421, 36.81%, 0, 14, 3, 290.89, 747546, 10981
68547, 0, 2758, 13278, 12622, 3420, 36.81%, 0, 14, 3, 234.82, 748688, 10981
68552, 0, 2763, 13278, 12620, 3418, 36.81%, 0, 14, 3, 245.06, 749976, 10981
68557, 0, 2767, 13279, 12620, 3417, 36.81%, 0, 14, 3, 151.26, 750631, 10981
68742, 0, 2791, 13279, 12619, 3417, 36.81%, 0, 14, 3, 0.10, 751279, 10981
68747, 0, 2812, 13279, 12618, 3416, 36.81%, 0, 14, 3, 129.65, 751961, 10981
68752, 0, 2818, 13279, 12617, 3416, 36.81%, 0, 14, 3, 100.06, 752448, 10981
68757, 0, 2818, 13279, 12617, 3416, 36.81%, 0, 14, 3, 100.95, 752942, 10981
68762, 0, 2832, 13279, 12614, 3413, 36.81%, 0, 14, 3, 222.10, 754247, 10981
68768, 0, 2837, 13279, 12612, 3411, 36.81%, 0, 14, 3, 287.35, 755768, 10981
68952, 0, 2844, 13279, 12610, 3409, 36.81%, 0, 14, 3, 0.30, 757147, 10981
68957, 0, 2871, 13279, 12608, 3407, 36.81%, 0, 14, 3, 236.25, 758355, 10981
68963, 0, 2875, 13279, 12605, 3404, 36.81%, 0, 14, 3, 53.37, 759680, 10981
68968, 0, 2875, 13279, 12605, 3404, 36.81%, 0, 14, 3, 68.01, 760074, 10981
68973, 0, 2896, 13279, 12603, 3402, 36.81%, 0, 14, 3, 189.73, 761038, 10981
68978, 0, 2905, 13279, 12601, 3400, 36.81%, 0, 14, 3, 254.43, 762353, 10981
69163, 0, 2912, 13279, 12599, 3398, 36.81%, 0, 14, 3, 0.11, 763315, 10981
69168, 0, 2915, 13279, 12598, 3397, 36.81%, 0, 14, 3, 215.26, 764403, 10981
69173, 0, 2937, 13279, 12595, 3394, 36.81%, 0, 14, 3, 232.67, 765651, 10981
69178, 0, 2940, 13279, 12592, 3391, 36.81%, 0, 14, 3, 195.78, 766478, 10981
69183, 0, 2950, 13279, 12589, 3388, 36.81%, 0, 14, 3, 258.55, 767953, 10981
69188, 0, 2955, 13279, 12587, 3386, 36.81%, 0, 14, 3, 276.73, 769353, 10981
69373, 0, 2958, 13279, 12585, 3384, 36.81%, 0, 14, 3, 0.19, 770493, 10981
69378, 0, 2967, 13279, 12584, 3383, 36.81%, 0, 14, 3, 168.77, 771365, 10981
69384, 0, 2969, 13279, 12582, 3381, 36.81%, 0, 14, 3, 219.95, 772595, 10981
69389, 0, 2972, 13279, 12579, 3378, 36.81%, 0, 14, 3, 257.68, 773933, 10981
69394, 0, 2980, 13279, 12577, 3376, 36.81%, 0, 14, 3, 243.77, 775103, 10981
69399, 0, 2984, 13279, 12575, 3374, 36.81%, 0, 14, 3, 245.88, 776387, 10981
71687, 0, 2986, 13279, 12573, 3372, 36.81%, 0, 14, 3, 0.01, 777403, 10981
71692, 0, 2990, 13320, 12612, 3379, 36.86%, 0, 14, 3, 310.95, 779041, 10994
71697, 0, 2999, 13320, 12609, 3376, 36.86%, 0, 14, 3, 337.02, 780667, 10994
71703, 0, 3001, 13320, 12607, 3374, 36.86%, 0, 14, 3, 305.77, 782227, 10994
71708, 0, 3017, 13320, 12604, 3371, 36.86%, 0, 14, 3, 286.92, 783653, 10994
71713, 0, 3028, 13320, 12602, 3369, 36.86%, 0, 14, 3, 276.67, 785033, 10994
71898, 0, 3032, 13320, 12601, 3368, 36.86%, 0, 14, 3, 0.06, 785511, 10994
71903, 0, 3039, 13320, 12599, 3366, 36.86%, 0, 14, 3, 190.56, 786457, 10994
71908, 0, 3040, 13320, 12598, 3365, 36.86%, 0, 14, 3, 186.75, 787309, 10994
71913, 0, 3062, 13320, 12596, 3363, 36.86%, 0, 14, 3, 181.12, 788278, 10994
71918, 0, 3064, 13320, 12595, 3362, 36.86%, 0, 14, 3, 190.93, 789115, 10994
71923, 0, 3070, 13320, 12593, 3360, 36.86%, 0, 14, 3, 212.24, 790285, 10994
72108, 0, 3078, 13320, 12592, 3359, 36.86%, 0, 14, 3, 0.08, 790829, 10994
72113, 0, 3085, 13320, 12590, 3357, 36.86%, 0, 14, 3, 191.51, 791788, 10994
72118, 0, 3089, 13320, 12589, 3356, 36.86%, 0, 14, 3, 66.99, 792477, 10994
72123, 0, 3097, 13320, 12587, 3354, 36.86%, 0, 14, 3, 174.28, 793417, 10994
72128, 0, 3109, 13320, 12585, 3352, 36.86%, 0, 14, 3, 246.21, 794828, 10994
72134, 0, 3113, 13320, 12581, 3348, 36.86%, 0, 14, 3, 266.91, 796243, 10994
72318, 0, 3114, 13320, 12580, 3347, 36.86%, 0, 14, 3, 0.11, 797183, 10994
72324, 0, 3116, 13320, 12578, 3345, 36.86%, 0, 14, 3, 259.10, 798508, 10994
72329, 0, 3118, 13321, 12577, 3343, 36.86%, 0, 14, 3, 258.79, 799815, 10994
72334, 0, 3120, 13321, 12575, 3341, 36.86%, 0, 14, 3, 243.60, 801054, 10994
72339, 0, 3122, 13321, 12573, 3339, 36.86%, 0, 14, 3, 266.64, 802425, 10994
72344, 0, 3124, 13321, 12571, 3337, 36.86%, 0, 14, 3, 252.58, 803675, 10994
72529, 0, 3133, 13321, 12568, 3334, 36.86%, 0, 14, 3, 0.03, 804845, 10994
72534, 0, 3144, 13321, 12565, 3331, 36.86%, 0, 14, 3, 283.58, 806240, 10994
72539, 0, 3146, 13321, 12563, 3329, 36.86%, 0, 14, 3, 279.72, 807635, 10994
72544, 0, 3150, 13321, 12560, 3326, 36.86%, 0, 14, 3, 265.55, 809005, 10994
72549, 0, 3156, 13322, 12559, 3324, 36.86%, 0, 14, 3, 284.05, 810502, 10994
72554, 0, 3156, 13323, 12560, 3324, 36.86%, 0, 14, 3, 268.18, 811889, 10994
72739, 0, 3157, 13325, 12561, 3323, 36.86%, 0, 14, 3, 0.07, 812966, 10994
72744, 0, 3157, 13325, 12561, 3323, 36.86%, 0, 14, 3, 229.45, 814154, 10994
72749, 0, 3159, 13325, 12559, 3322, 36.86%, 0, 14, 3, 262.93, 815533, 10994
72754, 0, 3160, 13326, 12559, 3322, 36.86%, 0, 14, 3, 292.05, 817130, 10994
72759, 0, 3162, 13327, 12558, 3320, 36.86%, 0, 14, 3, 275.96, 818547, 10994
72764, 0, 3176, 13327, 12556, 3318, 36.86%, 0, 14, 3, 239.53, 819848, 10994
72950, 0, 3178, 13327, 12555, 3317, 36.86%, 0, 14, 3, 0.07, 820449, 10994
72955, 0, 3183, 13327, 12554, 3316, 36.86%, 0, 14, 3, 25.18, 820937, 10994
72960, 0, 3184, 13327, 12553, 3315, 36.86%, 0, 14, 3, 97.70, 821377, 10994
72965, 0, 3184, 13327, 12553, 3315, 36.86%, 0, 14, 3, 83.78, 821810, 10994
72970, 0, 3194, 13327, 12551, 3313, 36.86%, 0, 14, 3, 208.66, 822904, 10994
72975, 0, 3196, 13327, 12549, 3311, 36.86%, 0, 14, 3, 259.34, 824247, 10994
73160, 0, 3207, 13327, 12547, 3309, 36.86%, 0, 14, 3, 0.08, 825055, 10994
73165, 0, 3227, 13327, 12544, 3306, 36.86%, 0, 14, 3, 266.35, 826297, 10994
73170, 0, 3236, 13329, 12545, 3305, 36.86%, 0, 14, 3, 183.26, 827187, 10994
73175, 0, 3236, 13329, 12545, 3305, 36.86%, 0, 14, 3, 159.86, 828009, 10994
73180, 0, 3236, 13329, 12545, 3305, 36.86%, 0, 14, 3, 168.39, 828855, 10994
73185, 0, 3238, 13329, 12544, 3304, 36.86%, 0, 14, 3, 152.24, 829586, 10994
73370, 0, 3239, 13329, 12543, 3303, 36.86%, 0, 14, 3, 0.01, 830172, 10994
73375, 0, 3240, 13330, 12543, 3302, 36.86%, 0, 14, 3, 146.57, 830927, 10994
73380, 0, 3243, 13330, 12542, 3302, 36.86%, 0, 14, 3, 189.46, 831811, 10994
73385, 0, 3252, 13330, 12540, 3300, 36.86%, 0, 14, 3, 273.83, 833283, 10994
73391, 0, 3260, 13330, 12537, 3297, 36.86%, 0, 14, 3, 204.50, 834319, 10994
73396, 0, 3271, 13330, 12535, 3295, 36.86%, 0, 14, 3, 229.27, 835569, 10994
73581, 0, 3292, 13330, 12533, 3294, 36.86%, 0, 14, 3, 0.31, 836601, 10994
73586, 0, 3295, 13330, 12531, 3292, 36.86%, 0, 14, 3, 221.14, 837833, 10994
73591, 0, 3314, 13330, 12529, 3290, 36.86%, 0, 14, 3, 216.74, 839009, 10994
73596, 0, 3317, 13330, 12526, 3287, 36.86%, 0, 14, 3, 255.23, 840333, 10994
73601, 0, 3326, 13330, 12524, 3286, 36.86%, 0, 14, 3, 312.57, 841939, 10994
73606, 0, 3339, 13330, 12521, 3283, 36.86%, 0, 14, 3, 306.25, 843428, 10994
75895, 0, 3343, 13330, 12520, 3282, 36.86%, 0, 14, 3, 0.01, 844445, 10994
75900, 0, 3358, 13478, 12665, 3332, 37.05%, 0, 14, 3, 399.15, 846770, 11053
75905, 0, 3367, 13478, 12664, 3331, 37.05%, 0, 14, 3, 241.86, 847834, 11053
75910, 0, 3373, 13478, 12661, 3328, 37.05%, 0, 14, 3, 251.00, 849093, 11053
75915, 0, 3381, 13478, 12659, 3326, 37.05%, 0, 14, 3, 275.19, 850568, 11053
75920, 0, 3385, 13479, 12658, 3324, 37.06%, 0, 14, 3, 245.62, 851797, 11054
76105, 0, 3386, 13479, 12657, 3324, 37.06%, 0, 14, 3, 0.07, 852785, 11054
76111, 0, 3387, 13480, 12657, 3323, 37.06%, 0, 14, 3, 312.37, 854280, 11054
76116, 0, 3393, 13480, 12655, 3322, 37.06%, 0, 14, 3, 263.40, 855547, 11054
76121, 0, 3406, 13480, 12652, 3319, 37.06%, 0, 14, 3, 296.33, 857082, 11054
76126, 0, 3409, 13481, 12651, 3317, 37.06%, 0, 14, 3, 272.57, 858434, 11055
76131, 0, 3416, 13481, 12650, 3317, 37.06%, 0, 14, 3, 253.52, 859669, 11055
76316, 0, 3424, 13481, 12648, 3315, 37.06%, 0, 14, 3, 0.09, 860727, 11055
76321, 0, 3434, 13481, 12646, 3313, 37.06%, 0, 14, 3, 254.34, 861974, 11055
76326, 0, 3441, 13481, 12644, 3311, 37.06%, 0, 14, 3, 195.87, 863071, 11055
76331, 0, 3441, 13481, 12644, 3311, 37.06%, 0, 14, 3, 107.39, 863475, 11055
76336, 0, 3458, 13481, 12641, 3308, 37.06%, 0, 14, 3, 228.44, 864791, 11055
76341, 0, 3465, 13481, 12639, 3306, 37.06%, 0, 14, 3, 254.03, 866094, 11055
76526, 0, 3468, 13481, 12637, 3304, 37.06%, 0, 14, 3, 0.16, 866933, 11055
76531, 0, 3470, 13481, 12635, 3302, 37.06%, 0, 14, 3, 200.43, 868041, 11055
76536, 0, 3472, 13481, 12633, 3300, 37.06%, 0, 14, 3, 247.50, 869369, 11055
76541, 0, 3474, 13481, 12631, 3298, 37.06%, 0, 14, 3, 269.75, 870709, 11055
76546, 0, 3477, 13482, 12629, 3295, 37.07%, 0, 14, 3, 320.33, 872398, 11057
76552, 0, 3478, 13482, 12628, 3295, 37.07%, 0, 14, 3, 240.49, 873648, 11057
76737, 0, 3479, 13482, 12627, 3294, 37.07%, 0, 14, 3, 0.24, 874516, 11057
76742, 0, 3481, 13482, 12625, 3292, 37.07%, 0, 14, 3, 218.38, 875644, 11057
76747, 0, 3487, 13482, 12623, 3290, 37.07%, 0, 14, 3, 227.44, 876824, 11057
76752, 0, 3492, 13482, 12620, 3287, 37.07%, 0, 14, 3, 233.68, 877972, 11057
76757, 0, 3496, 13482, 12618, 3285, 37.07%, 0, 14, 3, 273.04, 879386, 11057
76762, 0, 3527, 13482, 12615, 3282, 37.07%, 0, 14, 3, 270.79, 880826, 11057
76947, 0, 3529, 13482, 12613, 3280, 37.07%, 0, 14, 3, 0.25, 881996, 11057
76952, 0, 3571, 13483, 12611, 3277, 37.07%, 0, 14, 3, 244.15, 883305, 11057
76957, 0, 3582, 13483, 12610, 3276, 37.07%, 0, 14, 3, 252.53, 884628, 11057
76962, 0, 3597, 13483, 12607, 3273, 37.07%, 0, 14, 3, 264.23, 886008, 11057
76967, 0, 3601, 13483, 12604, 3270, 37.07%, 0, 14, 3, 251.81, 887269, 11057
76973, 0, 3604, 13483, 12601, 3267, 37.07%, 0, 14, 3, 245.26, 888561, 11057
77157, 0, 3607, 13483, 12598, 3264, 37.07%, 0, 14, 3, 0.42, 889867, 11057
77162, 0, 3612, 13483, 12596, 3262, 37.07%, 0, 14, 3, 339.64, 891575, 11057
77168, 0, 3615, 13483, 12593, 3259, 37.07%, 0, 14, 3, 275.28, 892857, 11057
77173, 0, 3617, 13483, 12591, 3257, 37.07%, 0, 14, 3, 306.12, 894437, 11057
77178, 0, 3620, 13484, 12590, 3255, 37.07%, 0, 14, 3, 318.81, 896046, 11057
77183, 0, 3630, 13485, 12589, 3253, 37.07%, 0, 14, 3, 354.22, 897990, 11057
77368, 0, 3630, 13486, 12590, 3253, 37.07%, 0, 14, 3, 0.30, 899318, 11057
77373, 0, 3635, 13486, 12587, 3250, 37.07%, 0, 14, 3, 225.14, 900698, 11057
77378, 0, 3650, 13486, 12585, 3248, 37.07%, 0, 14, 3, 252.27, 901986, 11057
77383, 0, 3653, 13486, 12583, 3246, 37.07%, 0, 14, 3, 292.15, 903533, 11057
77388, 0, 3663, 13486, 12581, 3244, 37.07%, 0, 14, 3, 242.85, 904722, 11057
77393, 0, 3672, 13486, 12578, 3242, 37.07%, 0, 14, 3, 260.25, 906053, 11057
77578, 0, 3675, 13487, 12578, 3241, 37.07%, 0, 14, 3, 0.21, 907173, 11057
77583, 0, 3677, 13487, 12576, 3240, 37.07%, 0, 14, 3, 272.09, 908525, 11057
77588, 0, 3681, 13487, 12574, 3238, 37.07%, 0, 14, 3, 264.32, 909845, 11057
77593, 0, 3684, 13487, 12572, 3236, 37.07%, 0, 14, 3, 252.89, 911080, 11057
77598, 0, 3689, 13487, 12570, 3234, 37.07%, 0, 14, 3, 229.21, 912225, 11057
77604, 0, 3693, 13487, 12568, 3232, 37.07%, 0, 14, 3, 255.82, 913473, 11057
77789, 0, 3700, 13487, 12566, 3230, 37.07%, 0, 14, 3, 0.06, 914710, 11057
77794, 0, 3702, 13487, 12564, 3228, 37.07%, 0, 14, 3, 312.39, 916083, 11057
77799, 0, 3713, 13487, 12562, 3226, 37.07%, 0, 14, 3, 271.16, 917395, 11057
77804, 0, 3723, 13487, 12559, 3223, 37.07%, 0, 14, 3, 282.16, 918805, 11057
77809, 0, 3730, 13487, 12557, 3221, 37.07%, 0, 14, 3, 274.89, 920210, 11057
77814, 0, 3735, 13488, 12556, 3219, 37.07%, 0, 14, 3, 253.68, 921512, 11057
80103, 0, 3739, 13488, 12554, 3217, 37.07%, 0, 14, 3, 0.01, 922872, 11057
80108, 0, 3742, 13489, 12554, 3216, 37.07%, 0, 14, 3, 207.63, 924047, 11057
80113, 0, 3742, 13490, 12555, 3216, 37.07%, 0, 14, 3, 241.45, 925350, 11057
80118, 0, 3744, 13568, 12632, 3234, 37.18%, 0, 15, 3, 233.03, 926721, 11090
80124, 0, 3744, 13570, 12634, 3234, 37.18%, 0, 15, 3, 275.14, 928192, 11090
80129, 0, 3746, 13570, 12633, 3233, 37.18%, 0, 15, 3, 260.95, 929526, 11090
80313, 0, 3748, 13570, 12631, 3231, 37.18%, 0, 15, 3, 0.08, 930602, 11090
80318, 0, 3750, 13570, 12629, 3229, 37.18%, 0, 15, 3, 236.31, 931891, 11090
80323, 0, 3761, 13570, 12626, 3226, 37.18%, 0, 15, 3, 263.97, 933282, 11090
80329, 0, 3768, 13570, 12623, 3223, 37.18%, 0, 15, 3, 268.25, 934682, 11090
80334, 0, 3772, 13570, 12621, 3221, 37.18%, 0, 15, 3, 257.12, 935962, 11090
80339, 0, 3774, 13570, 12619, 3219, 37.18%, 0, 15, 3, 230.07, 937083, 11090
80524, 0, 3776, 13570, 12618, 3218, 37.18%, 0, 15, 3, 0.02, 937865, 11090
80529, 0, 3780, 13570, 12615, 3215, 37.18%, 0, 15, 3, 246.77, 939107, 11090
80534, 0, 3783, 13570, 12613, 3213, 37.18%, 0, 15, 3, 277.32, 940477, 11090
80539, 0, 3785, 13570, 12611, 3211, 37.18%, 0, 15, 3, 268.98, 941812, 11090
80544, 0, 3787, 13570, 12609, 3209, 37.18%, 0, 15, 3, 249.30, 943107, 11090
80549, 0, 3788, 13571, 12609, 3208, 37.18%, 0, 15, 3, 236.77, 944362, 11090
80734, 0, 3790, 13571, 12607, 3206, 37.18%, 0, 15, 3, 0.04, 945322, 11090
80739, 0, 3791, 13572, 12607, 3205, 37.18%, 0, 15, 3, 225.02, 946461, 11090
80744, 0, 3793, 13572, 12605, 3203, 37.18%, 0, 15, 3, 251.61, 947781, 11090
80749, 0, 3796, 13572, 12602, 3200, 37.18%, 0, 15, 3, 260.36, 949151, 11090
80754, 0, 3798, 13572, 12600, 3198, 37.18%, 0, 15, 3, 271.14, 950546, 11090
80759, 0, 3801, 13572, 12597, 3195, 37.18%, 0, 15, 3, 329.44, 952083, 11090
80945, 0, 3803, 13572, 12596, 3194, 37.18%, 0, 15, 3, 0.01, 952834, 11090
80950, 0, 3805, 13572, 12595, 3193, 37.18%, 0, 15, 3, 197.62, 953787, 11090
80955, 0, 3809, 13572, 12591, 3189, 37.18%, 0, 15, 3, 345.22, 955791, 11090
80960, 0, 3810, 13572, 12590, 3188, 37.18%, 0, 15, 3, 199.10, 956665, 11090
80965, 0, 3812, 13572, 12588, 3186, 37.18%, 0, 15, 3, 255.94, 957881, 11090
80970, 0, 3814, 13572, 12586, 3184, 37.18%, 0, 15, 3, 113.49, 959173, 11090
81155, 0, 3818, 13572, 12584, 3182, 37.18%, 0, 15, 3, 0.22, 960066, 11090
81160, 0, 3820, 13572, 12582, 3180, 37.18%, 0, 15, 3, 206.55, 961233, 11090
81165, 0, 3823, 13572, 12580, 3178, 37.18%, 0, 15, 3, 224.88, 962353, 11090
81170, 0, 3827, 13572, 12578, 3176, 37.18%, 0, 15, 3, 289.29, 963836, 11090
81175, 0, 3839, 13572, 12576, 3174, 37.18%, 0, 15, 3, 269.92, 965146, 11090
81180, 0, 3844, 13572, 12573, 3171, 37.18%, 0, 15, 3, 305.42, 966597, 11090
81365, 0, 3847, 13572, 12571, 3169, 37.18%, 0, 15, 3, 0.25, 967801, 11090
81370, 0, 3849, 13572, 12569, 3167, 37.18%, 0, 15, 3, 298.62, 969266, 11090
81375, 0, 3856, 13572, 12566, 3164, 37.18%, 0, 15, 3, 284.24, 970676, 11090
81380, 0, 3859, 13572, 12564, 3162, 37.18%, 0, 15, 3, 277.95, 972066, 11090
81386, 0, 3862, 13572, 12562, 3160, 37.18%, 0, 15, 3, 290.11, 973496, 11090
81391, 0, 3864, 13573, 12561, 3158, 37.18%, 0, 15, 3, 273.97, 974898, 11090
81576, 0, 3866, 13573, 12560, 3157, 37.18%, 0, 15, 3, 0.15, 975983, 11090
81581, 0, 3885, 13573, 12558, 3155, 37.18%, 0, 15, 3, 242.05, 977208, 11090
81586, 0, 3887, 13574, 12557, 3153, 37.18%, 0, 15, 3, 272.98, 978665, 11090
81591, 0, 3894, 13574, 12555, 3151, 37.18%, 0, 15, 3, 279.66, 980095, 11090
81596, 0, 3896, 13574, 12553, 3149, 37.18%, 0, 15, 3, 267.25, 981415, 11090
81601, 0, 3905, 13574, 12550, 3146, 37.18%, 0, 15, 3, 278.89, 982850, 11090
81786, 0, 3913, 13574, 12547, 3143, 37.18%, 0, 15, 3, 0.08, 984105, 11090
81791, 0, 3919, 13574, 12545, 3142, 37.18%, 0, 15, 3, 285.08, 985515, 11090
81796, 0, 3926, 13574, 12543, 3140, 37.18%, 0, 15, 3, 226.77, 986659, 11090
81801, 0, 3929, 13574, 12541, 3138, 37.18%, 0, 15, 3, 283.99, 988005, 11090
81806, 0, 3933, 13574, 12539, 3136, 37.18%, 0, 15, 3, 267.17, 989325, 11090
81812, 0, 3940, 13574, 12537, 3134, 37.18%, 0, 15, 3, 190.98, 990282, 11090
81996, 0, 3941, 13576, 12538, 3133, 37.18%, 0, 15, 3, 0.17, 990845, 11090
82002, 0, 3941, 13576, 12538, 3133, 37.18%, 0, 15, 3, 114.08, 991469, 11090
82007, 0, 3941, 13576, 12538, 3133, 37.18%, 0, 15, 3, 132.09, 992109, 11090
82012, 0, 3941, 13576, 12538, 3133, 37.18%, 0, 15, 3, 115.63, 992625, 11090
82017, 0, 3951, 13577, 12538, 3132, 37.18%, 0, 15, 3, 118.66, 993278, 11090
82022, 0, 3951, 13577, 12538, 3132, 37.18%, 0, 15, 3, 127.69, 993930, 11090
84310, 0, 3952, 13578, 12538, 3131, 37.18%, 0, 15, 3, 0.00, 994493, 11090
84316, 0, 3952, 13578, 12538, 3131, 37.18%, 0, 15, 3, 116.81, 995115, 11090
84321, 0, 3953, 13579, 12538, 3130, 37.18%, 0, 15, 3, 209.85, 996134, 11091
84326, 0, 3955, 13625, 12582, 3145, 37.33%, 0, 15, 3, 208.07, 997436, 11135
84331, 0, 3956, 13625, 12581, 3144, 37.33%, 0, 15, 3, 166.71, 998228, 11135
84336, 0, 3963, 13625, 12578, 3141, 37.33%, 0, 15, 3, 268.20, 999587, 11135
86714, 0, 3970, 13625, 12577, 3140, 37.33%, 0, 15, 3, 0.02, 1000742, 11135
