0.670235157013
0.710177898407
0.681798934937
0.664474964142
0.676156044006
0.677469968796
0.710315942764
0.685998916626
0.671092033386
0.708935022354
0.681056976318
0.686496019363
0.697786092758
0.690652132034
0.718625068665
0.693096160889
0.704831838608
0.688353061676
0.179730892181
0.183776855469
61.1208190918
0.167642116547
0.177407026291
0.181746006012
0.175302028656
0.179438114166
0.170460939407
0.171808958054
0.170308828354
0.188926935196
0.268926143646
0.166973114014
0.167289018631
0.187342882156
0.164400815964
0.174014091492
0.170956134796
0.173990011215
0.166382789612
0.162934064865
0.157605886459
0.157474994659
0.00413703918457
0.00536704063416
0.00252890586853
0.00550198554993
0.00537300109863
0.00499391555786
0.00284695625305
0.00704789161682
0.00538921356201
0.00305104255676
0.00271892547607
0.00519108772278
0.00376486778259
0.00601983070374
0.00271511077881
0.00262498855591
0.00286793708801
0.00290703773499
0.00291585922241
0.00586605072021
0.00514507293701
0.00532507896423
0.0120179653168
0.0208442211151
0.00815892219543
0.176316022873
0.920496940613
0.845468997955
0.842721223831
1.50221180916
0.901649951935
0.839299917221
0.763969898224
0.69911813736
0.697386980057
0.671377897263
0.70032787323
0.726620912552
180.975237846
0.706582069397
0.647634983063
0.726246118546
0.757755041122
0.650747060776
0.697963953018
0.0270130634308
0.0403368473053
0.00885486602783
0.0157330036163
0.0108089447021
0.0110709667206
0.0138349533081
0.00973296165466
0.0142691135406
0.00989103317261
0.0107080936432
0.0132391452789
0.0451498031616
0.0104780197144
0.0101759433746
0.024425983429
0.0316021442413
0.0109579563141
0.0250458717346
0.516252994537
0.503925085068
0.487877130508
0.516304969788
0.481071949005
0.475716114044
0.486098051071
0.479890823364
0.476459980011
0.0319831371307
0.0441601276398
0.0446231365204
0.0451259613037
0.0498762130737
0.0372350215912
0.0569379329681
0.0427160263062
0.0383281707764
0.0500431060791
0.0575540065765
0.0428838729858
0.0388760566711
0.0379841327667
0.0373659133911
0.0472378730774
0.0379710197449
0.0470240116119
0.0105829238892
0.00584816932678
0.00654101371765
0.0068359375
0.00645804405212
0.043897151947
0.00339698791504
0.00151705741882
0.01708984375
0.00761389732361
0.0147089958191
0.00550293922424
0.0496118068695
0.13708114624
0.10794711113
0.12194609642
0.120264053345
0.11009812355
0.116997003555
0.106872081757
0.106616973877
0.212686777115
1.2753880024
1.23995399475
1.21648216248
1.24965500832
1.21717786789
1.24087882042
1.2631881237
181.563873053
1.47300505638
1.3607070446
1.41301608086
1.30383419991
1.35177612305
1.41031289101
1.41066908836
0.790511846542
0.711441040039
0.752242088318
0.727996110916
0.703024864197
0.730473995209
0.73060297966
0.83363199234
0.711403131485
0.720585823059
0.797405004501
0.720703125
0.715366840363
0.725708961487
0.700778961182
0.743396997452
0.707264184952
0.731977939606
0.71965098381
0.738619089127
0.711534023285
0.717278003693
0.69718503952
0.72189116478
0.709558963776
0.701862096786
0.714498996735
0.700491905212
0.704898118973
0.710935115814
0.730869054794
0.711315870285
0.723520994186
0.708940982819
0.711278915405
0.731162071228
0.0220379829407
0.0405440330505
0.0434310436249
0.0359511375427
0.0359981060028
0.0323190689087
0.0369820594788
0.0414700508118
0.0375640392303
0.0495040416718
0.0339109897614
0.0306010246277
0.0391809940338
0.0318911075592
0.0303168296814
0.037339925766
0.0323100090027
0.0401549339294
0.0230650901794
0.0434379577637
0.0472149848938
0.0422918796539
0.0421810150146
0.0390260219574
0.0416269302368
0.0429840087891
0.0416889190674
0.0399389266968
0.0392498970032
0.0378358364105
0.0394601821899
0.0399060249329
0.0385670661926
0.0389411449432
0.03644490242
0.0355172157288
0.0466659069061
0.127085924149
0.108692169189
0.115607023239
0.112493038177
0.108808994293
0.112874984741
0.133757829666
0.111972093582
0.139486074448
0.117705106735
0.1085460186
0.109533071518
0.101684093475
0.106956958771
0.107542991638
0.11230802536
0.101109981537
0.0196599960327
0.0415410995483
0.0199840068817
0.0201408863068
0.0218417644501
0.021842956543
0.31955909729
2.35659813881
2.39185881615
0.108478069305
0.382839918137
0.445004940033
0.380800962448
0.407809972763
0.477588891983
0.374518871307
0.560461997986
0.55522608757
0.00359916687012
0.00184297561646
0.738886833191
0.761756896973
0.681607961655
0.678597927094
0.716944932938
0.718846082687
0.7171459198
0.668081045151
0.694811105728
0.719419956207
0.735101938248
0.704153060913
0.705345869064
0.711521863937
0.726285934448
0.715655088425
0.714738845825
0.704684019089
0.0355219841003
0.0757579803467
0.076385974884
0.0747821331024
0.0754270553589
0.0775039196014
0.0826730728149
0.0791800022125
0.0696830749512
0.732301950455
0.696634054184
0.706298828125
0.737056970596
0.695394992828
0.711306095123
0.737831115723
0.725911140442
0.751679182053
0.0350151062012
0.0831661224365
0.0810132026672
0.0798070430756
0.076297044754
0.0733919143677
0.0913879871368
0.0729880332947
0.0687890052795
0.0329170227051
0.0938241481781
0.0873031616211
0.115182876587
0.0848410129547
0.0899081230164
0.0928421020508
0.0877900123596
0.0834219455719
0.0175089836121
0.0831727981567
0.0246891975403
0.0334739685059
0.0204169750214
0.031023979187
0.0283880233765
0.0241670608521
0.024295091629
0.185133934021
1.27552604675
1.27594017982
1.36684513092
1.33684515953
1.43319511414
1.00597810745
1.06351900101
0.995492935181
0.00245213508606
0.00135707855225
0.177892923355
1.16782593727
1.17705202103
1.13591098785
1.12045097351
1.1227850914
1.12074303627
1.1124689579
1.03805804253
0.698703050613
0.78422999382
0.707419157028
0.691004037857
0.664328098297
0.665128946304
0.689027070999
0.673414945602
0.647392034531
0.658191919327
0.654849052429
0.661164045334
0.676739931107
0.664135932922
0.675916910172
0.662338972092
0.736622095108
0.673268079758
0.0267901420593
0.0131649971008
0.0121729373932
0.0127408504486
0.0144860744476
0.0137009620667
0.0133681297302
0.013839006424
0.012885093689
0.0134019851685
0.0147361755371
0.0180838108063
0.0186851024628
0.0139899253845
0.0142879486084
0.0225019454956
0.00632095336914
0.00788712501526
0.00716400146484
0.0076630115509
0.00792098045349
0.0071108341217
0.00704598426819
0.00721502304077
0.0073070526123
0.00671815872192
0.00671482086182
0.00668597221375
0.0225520133972
0.0586249828339
0.0653789043427
0.0808041095734
0.0594220161438
0.0487821102142
0.0423481464386
0.0531079769135
0.0693819522858
0.74787402153
0.731998920441
0.783368110657
0.738609075546
0.737470149994
0.70630979538
0.0416550636292
0.073431968689
0.0977578163147
0.058012008667
0.0802390575409
0.0623948574066
0.0565268993378
0.0537509918213
0.0525438785553
0.0780918598175
0.0672509670258
0.0575478076935
0.0496790409088
0.0513889789581
0.0563058853149
0.0489230155945
0.050873041153
0.0483009815216
0.195281982422
181.557358027
1.2748260498
1.31938505173
1.28337407112
1.31101417542
1.28194594383
1.34015703201
1.20957422256
1.20293784142
1.22001409531
1.16315484047
1.19864988327
1.17235612869
1.16696095467
1.21455812454
1.27382898331
1.34503722191
0.846326828003
0.795881986618
0.768848896027
0.726558208466
0.726068973541
0.715440034866
0.728847026825
0.725108861923
0.676357030869
0.00687217712402
0.0324149131775
0.0233039855957
0.0285630226135
0.0234971046448
0.0383198261261
0.0231628417969
0.0253329277039
0.0272479057312
0.0259399414062
0.0234811306
0.0302381515503
0.0283050537109
0.0237469673157
0.0376620292664
0.028990983963
0.0258309841156
0.0278730392456
0.0260100364685
0.0231330394745
0.0258550643921
0.0573101043701
0.604364156723
0.658597946167
0.412477970123
0.349199056625
0.327387809753
1.26306796074
0.0081729888916
0.0532128810883
0.0413570404053
0.0394940376282
0.0487780570984
0.0374889373779
0.0091540813446
0.00996518135071
0.00923991203308
0.0056939125061
0.00721192359924
0.00596284866333
0.00362610816956
0.00296807289124
0.00290393829346
0.00470590591431
0.00145506858826
0.00261688232422
0.00131988525391
0.00769996643066
0.0319440364838
0.0265419483185
0.0252139568329
0.0330379009247
0.0253069400787
0.00261092185974
0.00210499763489
0.00328397750854
0.00165796279907
0.11784696579
0.437221765518
0.259962081909
0.287664890289
0.367038965225
0.145536899567
0.00263595581055
0.00143885612488
0.00783586502075
0.0349690914154
0.0364739894867
0.0246860980988
0.0273461341858
0.0323460102081
180.682348013
0.239578008652
0.884117126465
0.668241977692
0.43758392334
0.652057886124
0.00798916816711
0.0378081798553
0.0425181388855
0.0331289768219
0.0300710201263
0.03826379776
0.954778909683
0.542884111404
0.360181093216
0.307693958282
0.574023008347
0.536567926407
0.865298986435
0.762147903442
0.675623893738
0.694399833679
0.66986989975
0.741858005524
0.735546112061
0.766882181168
0.725404024124
0.00708508491516
0.0396349430084
0.0272860527039
0.035532951355
0.0260090827942
0.0325448513031
0.750633955002
0.702834129333
0.726130962372
0.787086963654
0.743232011795
0.722139835358
0.697618961334
0.715090990067
0.66894698143
0.00508403778076
0.0110681056976
0.00820088386536
0.00801801681519
0.0557408332825
1.33372306824
1.22429919243
1.82614588737
1.11178803444
4.15836620331
0.0049159526825
0.00541806221008
0.00535893440247
0.011883020401
0.00633001327515
0.00495290756226
0.1446621418
0.102537870407
0.0982382297516
0.0873608589172
0.087327003479
0.0894207954407
0.0851509571075
0.0863161087036
0.0853009223938
0.12445807457
0.109477996826
0.098592042923
0.129120826721
0.0955288410187
0.0881741046906
0.0950529575348
0.0977680683136
0.101531028748
0.0930819511414
0.0890090465546
0.108158111572
0.093003988266
0.0998299121857
0.105446100235
0.0915830135345
0.101566076279
0.102599143982
0.0518682003021
0.095055103302
0.0976240634918
0.109871864319
0.271260976791
0.110029935837
0.104309082031
0.0646510124207
0.0545780658722
0.0719690322876
0.175561189651
0.0599489212036
0.112841129303
0.171967983246
0.0462899208069
0.0805509090424
0.0455570220947
0.0357871055603
0.0517449378967
0.052992105484
0.07009100914
0.0782401561737
0.0440080165863
0.0661110877991
0.0920989513397
0.53521490097
0.554837942123
0.285278081894
0.0347781181335
1.14649796486
1.00149393082
0.332376003265
0.573900222778
4.56793498993
0.277989149094
0.399202823639
0.329756975174
0.176091909409
0.292600154877
0.296931028366
0.0902349948883
0.096461057663
0.0876860618591
0.0845980644226
0.0882120132446
0.0868530273438
180.471338987
0.107388019562
0.107495069504
0.0995090007782
0.0986921787262
0.0968749523163
0.196644067764
0.182703018188
0.317514181137
0.220527172089
0.236573934555
0.270265817642
0.311050891876
0.22682595253
0.459048032761
0.299562931061
0.221811056137
0.238459825516
0.476433038712
0.311314105988
0.237298965454
0.584228992462
0.837065935135
0.563915967941
0.00427794456482
0.00478792190552
0.0042130947113
0.00490617752075
0.00431680679321
0.00577807426453
0.170831918716
0.174510955811
0.184234857559
0.164250850677
0.158109903336
0.15211391449
0.124713897705
0.399130821228
0.321913957596
0.19299197197
0.331487894058
0.200214147568
0.111128807068
0.396408081055
0.0395979881287
0.0867030620575
0.13952088356
0.0665230751038
0.078850030899
0.144696950912
0.23512005806
180.526679039
0.0483818054199
0.126684904099
0.148921966553
0.0800178050995
0.0731840133667
0.108396053314
0.185944080353
0.101328849792
0.0503461360931
0.0559132099152
0.111395120621
0.242383003235
0.0655429363251
0.085186958313
0.115895986557
1.94224381447
1.21893405914
1.53290700912
1.51386189461
0.96955704689
0.0389640331268
0.0163300037384
0.0117580890656
0.0137751102448
0.0197160243988
0.00916814804077
0.00962400436401
0.0193140506744
0.0223970413208
0.0147800445557
0.0124399662018
0.0294630527496
0.00380396842957
0.00141787528992
4.33619999886
3.64625501633
3.02143192291
4.09854197502
180.757180929
2.51880002022
1.16931080818
0.391366958618
0.60768699646
0.212553977966
0.176393032074
0.460197925568
0.00558590888977
0.00339412689209
0.00330710411072
0.00298810005188
0.00284194946289
0.00306701660156
0.00265693664551
0.00136113166809
0.952049016953
0.551703929901
0.219064950943
0.134771108627
0.48240685463
0.0604939460754
0.00274705886841
0.00288009643555
0.00281500816345
0.00696301460266
2.3171710968
0.977138996124
1.93326091766
1.39513492584
0.951817035675
2.46242403984
0.0107219219208
0.0133080482483
0.015830039978
0.0114448070526
0.0112640857697
0.012363910675
0.011326789856
0.0150260925293
0.0128839015961
0.0117909908295
0.0152161121368
0.0123839378357
0.0118980407715
0.0113499164581
0.0212290287018
0.0114450454712
0.00594902038574
0.00598883628845
0.00563621520996
0.00458002090454
0.00636076927185
0.0631680488586
0.0404469966888
0.0223469734192
0.0252230167389
0.129636049271
0.0190172195435
0.0536260604858
0.0269768238068
0.0274529457092
0.0220260620117
0.0332489013672
0.0656838417053
0.0255379676819
0.0218110084534
0.0198168754578
0.0139400959015
0.0140008926392
0.0199530124664
0.0263750553131
0.0152978897095
0.199764966965
0.0821280479431
0.0551550388336
0.0859940052032
0.132035017014
0.101180076599
180.711736917
0.00345683097839
0.00296998023987
0.00269293785095
0.00267910957336
0.00298690795898
0.12863111496
0.0804908275604
0.0473279953003
0.0416281223297
0.0266101360321
0.0375578403473
0.0255949497223
0.027275800705
0.00852298736572
0.0101480484009
0.0100100040436
0.00736713409424
0.0086030960083
0.00964093208313
0.00964117050171
0.0087251663208
0.00900316238403
0.0198991298676
0.00742101669312
0.0129671096802
0.00778794288635
0.00793194770813
0.0190269947052
0.708004951477
0.274021863937
0.338777065277
0.331358909607
0.296549081802
1.3259780407
0.00721597671509
0.0324881076813
0.0174331665039
0.012274980545
0.0108320713043
0.0173859596252
0.0737850666046
0.0217580795288
0.0257730484009
0.0263290405273
0.027822971344
0.253661155701
0.0155839920044
0.0163288116455
0.00867199897766
0.0108768939972
0.00929808616638
0.00926089286804
0.0203859806061
0.0207769870758
0.0361030101776
0.0127379894257
0.0131919384003
0.00940608978271
0.00835800170898
0.00938105583191
0.0120289325714
0.0083920955658
0.00993704795837
0.0338251590729
0.14571595192
0.115499019623
0.108623027802
180.550079107
0.245126962662
0.142838954926
0.104915857315
0.1586830616
0.103549003601
0.0619120597839
0.0302500724792
0.0221338272095
0.0183429718018
0.0100009441376
0.0105118751526
0.0279109477997
0.008455991745
0.0133759975433
0.0112950801849
0.0104269981384
0.0198588371277
0.00956797599792
0.00829100608826
0.0126829147339
0.0111939907074
0.00978398323059
0.00721406936646
0.0123810768127
0.00838303565979
0.00764203071594
0.00883007049561
0.0179557800293
0.00845098495483
0.158694982529
0.101011037827
0.0580217838287
0.0686521530151
0.0818519592285
0.0702478885651
0.00848317146301
0.00847005844116
0.00805401802063
0.00680804252625
0.0078649520874
0.00707292556763
0.202414035797
0.160211801529
0.0842339992523
0.107744932175
0.0884528160095
0.117814064026
0.117605924606
1.00762319565
0.013839006424
0.0121130943298
0.0178489685059
0.0100049972534
0.0136940479279
0.0111618041992
0.0128629207611
0.0132639408112
0.0110311508179
0.0114710330963
0.0155410766602
0.0569100379944
1.01774692535
0.57471704483
0.488359928131
0.533774137497
0.0919098854065
0.381860971451
0.208116054535
0.0827219486237
0.158831119537
0.0567429065704
0.293950080872
0.152887105942
0.116213083267
0.180160045624
0.205446958542
0.147193908691
0.113831043243
0.00469708442688
0.00531387329102
0.00329685211182
0.00395011901855
0.00547099113464
0.00356411933899
0.48109793663
0.384206056595
0.557311058044
0.464255809784
180.489053965
0.608491897583
0.570218086243
0.229521989822
0.292729139328
0.112135887146
0.115641832352
0.293271064758
0.313822031021
0.343591928482
0.741751909256
0.805553913116
180.684337139
0.312808990479
0.430619001389
0.288318157196
0.270867109299
0.192530155182
0.225681066513
0.957344055176
0.242877006531
0.148333072662
0.17401099205
0.220708847046
0.215736865997
0.210165023804
0.774413824081
0.609080791473
0.568831920624
0.634141206741
0.546360015869
1.25886702538
1.73075580597
1.09679412842
1.1767539978
1.08860492706
2.18810009956
0.590801954269
0.75171995163
0.400767087936
0.221060991287
0.195383071899
0.243516921997
0.311141967773
0.0965111255646
0.0719079971313
0.0976510047913
0.121645927429
0.110426902771
1.00603508949
0.489197015762
0.423346996307
0.600196838379
0.50908613205
0.557773113251
0.561081171036
1.22801113129
0.114670991898
0.0461339950562
0.0382370948792
0.0677042007446
0.0246889591217
0.0273549556732
0.0433869361877
0.0419771671295
0.0492210388184
0.0452408790588
0.109138965607
0.0146329402924
0.0468928813934
0.0408689975739
0.0613679885864
0.0468320846558
0.191488027573
0.514275074005
0.173654079437
0.391341924667
0.283572912216
0.403331041336
0.382142066956
0.46857213974
0.24582195282
0.340185880661
0.114441871643
0.166752099991
0.210776090622
0.230921030045
0.133656978607
0.143797874451
0.244567155838
0.456437110901
0.0208868980408
0.0102801322937
180.762141943
1.10600280762
1.52092194557
0.18217420578
0.0590269565582
0.51397895813
0.705602884293
0.513257980347
0.646714925766
0.529662847519
0.673678159714
1.11323189735
0.722048997879
0.582823991776
0.895268917084
0.591450929642
0.728379964828
0.288246154785
0.0918791294098
0.188320875168
0.124440908432
0.0751481056213
0.162200927734
0.762351036072
0.747034072876
0.727595090866
0.839238166809
0.754205942154
0.745582103729
0.741416931152
0.739373922348
0.703622102737
1.11284518242
0.521150112152
0.742643117905
0.74524307251
0.900901079178
0.681225061417
0.0251641273499
0.00906896591187
0.0400710105896
0.0396800041199
0.013356924057
0.016058921814
0.899841070175
0.949551820755
1.01708102226
0.948930978775
1.17074298859
1.27148485184
0.111081123352
0.0274748802185
0.00556492805481
0.0237998962402
0.0544002056122
0.0445871353149
0.0147569179535
0.0165300369263
0.0139811038971
0.0179219245911
0.0136430263519
0.0122890472412
0.773185014725
0.138830900192
0.470052957535
0.214320898056
0.097393989563
0.0822930335999
0.0905528068542
0.0752980709076
0.109835863113
0.651528835297
0.221585988998
0.235069990158
0.321079969406
0.0920648574829
0.0924861431122
0.255869865417
0.163635015488
0.141626119614
0.144605875015
0.126896858215
0.12354516983
0.107670068741
0.212413072586
0.0789349079132
0.268410205841
0.157020807266
0.399611949921
0.495428085327
0.242547035217
0.26646900177
0.295267105103
0.267122030258
0.199517011642
0.0102250576019
0.00801110267639
0.0754909515381
0.0212409496307
0.01069688797
0.0276291370392
0.0103619098663
0.0100140571594
0.00748991966248
0.0114979743958
0.0203638076782
0.00845408439636
0.0103399753571
0.00703096389771
0.00703907012939
0.0078010559082
0.0105030536652
0.00784707069397
0.00803995132446
0.0280928611755
0.400513887405
0.267333030701
0.0968499183655
0.366177082062
0.140986919403
0.157490968704
0.136220932007
0.384670972824
0.792423963547
0.19259095192
0.314536809921
0.0290160179138
0.00929403305054
0.00396394729614
0.00562310218811
0.00662398338318
0.00844407081604
0.871787071228
0.382475852966
0.207280874252
0.227040052414
0.112051010132
0.509020805359
0.611340999603
0.367294788361
0.460760831833
0.30485200882
0.186733961105
0.0434970855713
0.338963985443
0.380797863007
1.03497385979
1.28495001793
0.95484995842
0.627629995346
0.729859113693
1.02932810783
1.22954297066
0.0207049846649
0.0166590213776
0.0300109386444
0.009850025177
0.0107469558716
0.0106010437012
0.814167022705
0.55723285675
0.433022022247
0.445410966873
0.308537006378
0.285999059677
0.169038057327
0.00743007659912
0.0317649841309
0.0212750434875
0.062753200531
0.0801281929016
180.78332305
0.32414317131
0.172955036163
0.170976877213
0.342142105103
0.0699059963226
0.085972070694
0.0985598564148
0.297447919846
0.129791021347
0.18817615509
0.220529079437
0.773904085159
0.437061786652
0.19434595108
0.624644994736
0.270534038544
0.206829071045
0.900312900543
0.490821838379
0.457722902298
0.441554069519
0.385673999786
0.310202121735
0.553071022034
0.410746097565
0.496998071671
0.473831892014
0.530373096466
0.478276968002
2.02153110504
1.23101711273
1.52882790565
1.64718914032
1.52293086052
0.0503849983215
0.0106990337372
0.0412921905518
0.0387661457062
0.0163788795471
0.141263008118
0.240603923798
0.114573001862
0.113840103149
0.108224153519
0.0213599205017
0.0976760387421
0.775285959244
0.900007009506
0.947307825089
0.970685005188
1.51020503044
180.612589121
0.00865602493286
0.00445985794067
0.00614500045776
0.00455188751221
0.0053448677063
0.00540280342102
0.278278827667
0.0651531219482
0.0625669956207
0.0492899417877
0.0705800056458
0.0401930809021
0.332122087479
0.428563117981
0.539339065552
0.575823783875
0.250511884689
0.780742883682
0.414602994919
0.0976400375366
0.099858045578
0.143042802811
0.162010908127
0.116039991379
0.0654289722443
0.407150030136
0.122735023499
0.0465829372406
0.0661611557007
0.0691249370575
0.759878873825
0.607928037643
0.982501983643
0.708868980408
0.751392841339
1.03254103661
0.878285884857
0.132420063019
0.146097183228
0.473022937775
0.146399021149
0.234745979309
0.160512924194
0.00820589065552
0.0150218009949
0.0636250972748
0.0962991714478
0.0816731452942
0.644205093384
0.496937990189
180.461427927
0.457315921783
0.233281850815
0.543686151505
0.00417399406433
0.0025200843811
0.00247693061829
0.0105900764465
1.36647200584
0.243940114975
0.464073896408
0.5887799263
0.639888048172
0.704945087433
0.00905895233154
0.0105719566345
0.01189494133
0.00773096084595
0.0107409954071
0.00771594047546
0.0674529075623
0.00860905647278
0.085597038269
0.0710527896881
0.0250339508057
0.0444881916046
1.08472394943
0.35960316658
0.295013904572
0.640118122101
0.344569921494
0.416208982468
0.570852994919
0.177495002747
0.723943948746
0.428318977356
0.320904016495
0.45365691185
0.806967020035
0.305803060532
0.278553009033
0.489467859268
0.267699956894
0.958112001419
0.400521039963
0.42999792099
0.363582849503
0.508574962616
0.522614002228
0.426754951477
0.0457181930542
0.037337064743
0.0601961612701
0.0215239524841
0.0349509716034
0.0156888961792
0.025496006012
0.142376899719
0.569763898849
0.432647228241
0.582216024399
0.659207105637
0.547674179077
0.393742084503
0.197616815567
0.289263010025
0.170711994171
0.422330856323
0.335699081421
0.761539936066
0.69162607193
0.612722873688
0.486882925034
0.501937150955
0.510750055313
0.491628170013
1.84863209724
0.616131067276
0.0929119586945
0.518567800522
0.285667896271
0.422275066376
0.153954982758
0.427181959152
0.480162858963
0.190927028656
0.164654970169
0.0285279750824
0.0602540969849
0.0174601078033
0.100313901901
0.471915960312
0.301029920578
0.18142414093
0.322653055191
0.198807001114
0.184048175812
1.04701304436
0.444990873337
0.68754196167
0.499176025391
0.664537906647
0.252304077148
0.596877098083
0.49453997612
0.405169963837
0.385334968567
0.599271059036
0.523276090622
0.012326002121
0.00768303871155
0.013974905014
0.0055730342865
0.00454497337341
0.0764441490173
0.26402592659
0.0633389949799
0.0283060073853
0.0890381336212
0.0738339424133
0.0297410488129
0.0138800144196
0.00563216209412
0.00723600387573
0.00616097450256
0.00600385665894
0.00715208053589
0.326781988144
0.301838874817
0.118662118912
0.327701807022
0.115680217743
0.310440063477
0.16473698616
0.132400989532
0.443961143494
0.53280210495
0.639750957489
0.325531005859
0.701502084732
0.605212926865
0.661808013916
0.536714076996
0.648736953735
0.296720027924
0.627156019211
0.258293151855
1.38738012314
0.628136873245
0.199750185013
0.193345069885
0.267647981644
0.388720035553
0.173716783524
0.329727888107
0.108259916306
0.181596040726
0.186016082764
0.0958919525146
0.216763973236
0.513257026672
0.349956035614
0.409543037415
0.354619026184
0.359322071075
0.294209003448
0.024080991745
0.02707695961
0.0414979457855
0.0140380859375
0.00929808616638
0.00890493392944
0.812293767929
1.06438398361
0.818821907043
0.960665941238
0.900981903076
0.739487886429
5.02576899529
3.02318000793
3.02168011665
3.76924991608
5.01244688034
3.0299680233
0.0199229717255
0.0183820724487
0.0158500671387
0.0205159187317
0.0211248397827
0.0146081447601
0.316020011902
0.218318939209
0.279897928238
0.166091918945
0.347512960434
0.205572843552
0.246239900589
0.157750844955
0.173367023468
0.144021034241
0.139686107635
0.0482211112976
0.247127056122
0.0970020294189
0.13204908371
0.0739929676056
0.188809871674
0.054713010788
0.799040794373
0.137971878052
0.076779127121
0.345525026321
0.239054918289
0.104028940201
1.26697421074
0.741213083267
0.801546096802
0.902888059616
0.895622014999
0.746426820755
0.314751148224
0.0810301303864
0.132214069366
0.031613111496
0.0964779853821
0.141728878021
0.076404094696
0.0797770023346
0.0767579078674
0.223364114761
0.0686001777649
0.458526134491
0.00894689559937
0.00623393058777
0.00522899627686
0.00389885902405
0.580533027649
0.286530971527
0.175469875336
0.077134847641
0.33344912529
0.0638649463654
0.331718921661
0.286924123764
0.209199905396
0.196491003036
0.202623844147
0.237083911896
0.190211057663
0.225247859955
0.174432992935
0.222995996475
0.252609014511
0.0656931400299
0.203475952148
0.22277879715
0.250544071198
0.180071115494
0.173201084137
0.387912988663
0.368019104004
0.246970176697
0.0892550945282
0.177354097366
0.170742988586
0.178606033325
1.03140282631
0.960936069489
1.16290807724
1.37697815895
1.68512797356
0.314107179642
0.178953170776
0.116237878799
0.12948513031
0.0141189098358
0.324797868729
1.07932209969
0.87474489212
0.318819999695
0.372452974319
0.197052001953
0.19252705574
0.180739879608
0.243846893311
0.00616788864136
0.0068621635437
0.00556588172913
0.00456690788269
0.00463795661926
0.00458312034607
0.750931978226
0.975062847137
0.901325941086
0.593560934067
0.275176048279
0.487302064896
0.454641819
0.336400985718
0.592808961868
0.451869010925
0.445415019989
0.0108621120453
0.0148389339447
0.0233271121979
0.0372471809387
0.0152268409729
0.0220990180969
0.424515008926
0.169152021408
0.0832130908966
0.238291978836
0.155485868454
0.241166830063
0.0688169002533
0.0772099494934
0.132579803467
0.0790770053864
0.0533599853516
0.040806055069
0.0630149841309
0.0545680522919
0.0964820384979
0.0335988998413
0.0789799690247
0.027107000351
0.0433838367462
0.0824120044708
0.0466530323029
0.0376601219177
0.140425920486
0.0323588848114
0.139065980911
0.0233261585236
0.140082120895
0.0825369358063
0.031317949295
0.237783908844
0.0314710140228
0.0610001087189
0.0153748989105
0.195329904556
0.0471520423889
0.573970079422
0.306315898895
0.363425016403
0.293761968613
1.08194518089
0.476257801056
0.292371988297
0.13392496109
0.277299165726
0.218512058258
0.28339099884
0.435559034348
0.369658946991
0.484199047089
0.496797084808
0.619663000107
1.17339587212
0.699009895325
0.650384187698
0.547939062119
0.392911911011
0.594228982925
0.650167942047
0.44720697403
0.613653898239
0.587466955185
0.336264133453
0.2771089077
0.160315990448
0.28387594223
0.286216974258
0.726634979248
0.379868030548
0.56437587738
0.0129120349884
0.00544118881226
0.00360107421875
0.00714993476868
0.852151870728
0.239938020706
0.338402032852
0.573940992355
0.529288053513
0.474858999252
0.0682799816132
0.451533079147
0.185174942017
0.22629904747
0.035847902298
0.157130002975
0.450722932816
0.270672798157
0.13393497467
0.212678194046
0.320410966873
0.38312792778
0.588647842407
0.16383600235
0.170326948166
0.263699054718
0.415391921997
0.223841905594
0.401004076004
0.0662348270416
0.287532091141
0.197410106659
0.0735950469971
0.149435997009
0.783203840256
0.319592952728
0.297939062119
0.381828069687
1.14554286003
0.359937906265
0.188501834869
0.0325388908386
0.24059510231
0.105130195618
0.0925939083099
1.16947793961
0.456449985504
0.70324587822
0.611139059067
0.715692996979
0.747563838959
2.15815114975
1.21080088615
0.634647130966
1.26950597763
1.19508290291
2.08915400505
1.75005483627
1.40397500992
1.36691594124
1.57056093216
2.67047286034
0.807286977768
0.763109922409
0.847653150558
0.963091850281
1.10959291458
0.855100870132
0.586465120316
0.549468040466
0.290172100067
0.133987903595
0.182533025742
0.305042028427
0.278782844543
0.268981933594
0.319256067276
0.283638000488
0.177634000778
0.0571050643921
0.00685095787048
0.0130910873413
0.00988221168518
0.00928401947021
0.0117099285126
0.00790596008301
0.00807905197144
0.0077428817749
0.00861501693726
0.0110177993774
0.00811004638672
0.00977206230164
0.00767111778259
0.00813579559326
0.0081799030304
0.00936698913574
0.00829100608826
0.00820398330688
0.00763320922852
0.0365681648254
0.00702214241028
0.00776696205139
0.00870704650879
0.158991098404
0.251431941986
0.181910037994
0.147855997086
0.205477952957
0.197246074677
0.738970041275
0.220132112503
0.195461034775
0.801974773407
0.238690137863
1.27165079117
0.0251970291138
0.00763082504272
0.0184710025787
0.00918292999268
0.00621104240417
0.0070538520813
3.02522397041
2.01855301857
3.01280808449
2.33730006218
0.00862812995911
0.0152089595795
0.0137491226196
0.0119860172272
0.0125780105591
0.012729883194
0.335695028305
0.219530105591
0.125462055206
0.203639030457
0.138235092163
0.0959208011627
0.0109729766846
0.00961804389954
0.00893807411194
0.00635099411011
0.00453400611877
0.00671100616455
1.18622088432
0.430927991867
0.613556146622
0.676192045212
0.544407844543
0.819411039352
0.253435134888
0.0307040214539
0.0775139331818
0.0466890335083
0.0345599651337
0.120919942856
1.3828690052
0.990313053131
0.484227895737
0.708075046539
0.853942871094
0.370995044708
0.965157985687
0.956873178482
0.88036608696
0.740314006805
0.9025349617
0.889038085938
0.406319856644
0.349310874939
0.227389097214
0.295034885406
0.20631980896
0.339349031448
0.634922981262
0.336296081543
0.405423164368
0.198187828064
0.184504985809
0.484890937805
0.0373899936676
0.0101070404053
0.0110750198364
0.0131900310516
1.56667709351
1.27461314201
1.18132686615
1.36019301414
1.39478802681
1.40973496437
1.83052301407
0.0968129634857
0.361063957214
0.354542016983
0.421561002731
2.1713309288
0.39012503624
0.11462020874
0.147077083588
0.103419065475
0.157732009888
0.0263578891754
0.409597158432
0.466226100922
0.458368062973
0.25124502182
0.457389831543
0.355221986771
0.232108831406
0.196177959442
0.13175702095
0.0612609386444
0.102989912033
0.102409124374
0.00913095474243
0.0427269935608
0.0255799293518
0.0302610397339
0.0230238437653
0.0248539447784
0.185313940048
0.205998897552
0.12486577034
0.0160641670227
0.0939600467682
0.063805103302
0.901370048523
0.95966386795
1.26052808762
1.82403898239
0.855306148529
0.439575910568
0.336477041245
0.19473695755
0.224912881851
0.244821071625
0.243406057358
0.20506811142
0.0149290561676
0.0206830501556
0.010715007782
0.017688035965
0.00686097145081
0.589950084686
0.23300909996
0.151253938675
0.158807039261
0.220183134079
0.292825937271
0.274753093719
0.247673988342
0.139790058136
0.105708122253
0.141668081284
0.112292051315
0.208714962006
1.26784801483
1.31798219681
1.26638698578
1.27333498001
1.29559111595
1.26637005806
1.2017250061
1.25135493279
0.953151941299
0.471781015396
0.381684064865
0.528190851212
0.743375062943
0.436549901962
0.586104869843
0.46564412117
0.522433042526
0.385912895203
0.507474899292
0.449970006943
1.91736483574
1.38618087769
1.49281716347
0.843128919601
1.5250620842
2.53215694427
3.78413391113
3.01721405983
2.16669487953
3.02817487717
1.42676496506
0.13572883606
0.0237250328064
0.0376100540161
0.0209650993347
0.020457983017
0.16884303093
0.240076065063
0.143921852112
0.0673320293427
0.0853729248047
0.0326290130615
0.0429899692535
0.677584886551
0.596831083298
1.11700391769
0.852488994598
0.808552980423
0.766481161118
0.419193029404
0.261691093445
0.33155298233
0.271472930908
0.308271884918
0.260773897171
0.459888935089
0.483561992645
0.550042152405
0.303949117661
0.43648314476
0.440505981445
0.378726005554
0.415413856506
0.245716094971
0.352579116821
0.160009860992
0.270662069321
0.0621628761292
0.0335550308228
0.0950598716736
0.0828151702881
0.0644001960754
0.0153250694275
1.68314409256
1.87151789665
1.89660286903
1.68705391884
2.15957188606
1.45568490028
0.0106329917908
0.00746202468872
0.00699186325073
0.00615501403809
0.00627779960632
0.00491905212402
0.191155910492
0.207052946091
0.101801156998
0.152902841568
0.223769903183
0.0701160430908
0.123147010803
0.0195410251617
0.0895941257477
0.0305569171906
0.0336298942566
0.162697076797
0.572700023651
0.0835671424866
0.339091062546
0.34934091568
0.201148986816
0.193381786346
0.379359006882
0.292454957962
0.264605998993
0.120505809784
0.296756982803
0.275400876999
0.434821844101
0.0769939422607
0.0521388053894
0.195068120956
1.90268492699
1.17473387718
1.48862981796
1.52120995522
1.38875198364
1.5244781971
0.98025393486
0.766966104507
1.14062905312
0.887541055679
2.68755984306
0.562304973602
0.408703804016
0.276278972626
0.366533994675
0.263813972473
1.19622993469
0.595816135406
0.32800412178
180.543028116
0.519526004791
0.44161605835
0.498276233673
0.90096282959
1.01319599152
1.09231495857
1.24341607094
1.2567679882
1.26818490028
0.879553794861
0.782945871353
0.779587984085
0.733933925629
0.68986082077
0.832725048065
0.732846975327
0.705254077911
0.736571073532
0.443505048752
0.147310972214
0.183223962784
0.237066030502
0.149847984314
0.0832710266113
0.733521938324
1.07168102264
1.01334095001
0.969305038452
0.965315103531
1.06124186516
0.806668996811
0.510092020035
0.63573384285
0.801000118256
0.597543001175
0.724992036819
0.405107021332
0.0882959365845
0.0903251171112
0.145437002182
0.19216799736
0.188874006271
0.259203910828
0.0198421478271
0.107954978943
0.011421918869
0.0217189788818
0.0325398445129
0.215747117996
1.26560807228
1.25795698166
1.30733013153
1.26215100288
1.2635550499
180.464963913
1.01417994499
1.09023118019
0.899765968323
0.636879920959
0.721586942673
0.852998018265
0.816404819489
0.799153089523
0.693449020386
0.671260118484
0.513434171677
0.202997207642
0.706069946289
1.51478481293
0.0403850078583
0.0296990871429
0.0236918926239
0.0337629318237
0.0194129943848
0.0248260498047
0.0681250095367
0.0858128070831
0.0168280601501
0.0360059738159
0.0373361110687
0.0228459835052
1.26385807991
1.19465279579
1.08679986
1.16293311119
0.683376073837
0.926098108292
0.00322604179382
0.00307989120483
0.00330090522766
0.00304293632507
0.141821861267
0.12603521347
0.241468906403
0.318098068237
0.101255893707
0.304661989212
0.892741918564
0.536271095276
0.455243110657
0.499157905579
0.519297838211
0.460255146027
0.209494829178
0.319880962372
0.288893938065
0.155330181122
0.0895340442657
0.229382038116
1.08971905708
1.18113398552
0.777695894241
0.937455177307
1.15692806244
0.677513122559
0.00658011436462
0.0087628364563
0.00865602493286
0.00620698928833
0.00567603111267
0.00708699226379
0.0104188919067
0.00228500366211
0.482718229294
0.460046052933
0.551970005035
0.635511159897
0.626433849335
0.568243980408
0.610687017441
0.574965953827
0.716840982437
0.0622019767761
0.250052928925
0.167877912521
0.165454864502
0.169952869415
0.17368388176
0.332720994949
0.0988540649414
0.202337026596
0.133920907974
0.17676782608
0.168380022049
0.0177688598633
0.0117580890656
0.005450963974
0.00864887237549
0.0086829662323
0.0967698097229
1.18004918098
1.08796596527
1.09251117706
1.51328015327
1.09087204933
0.950283050537
0.108572006226
0.251657962799
0.167816162109
0.119090080261
0.0578198432922
0.0213851928711
0.496571063995
0.338567018509
0.209987878799
0.0645818710327
0.0351388454437
0.0777819156647
0.0289571285248
0.0855491161346
0.0162150859833
0.149585008621
0.109311103821
0.0364968776703
0.0361769199371
0.0734570026398
0.135823965073
0.0354189872742
0.0145380496979
0.0124359130859
0.0274519920349
0.0421350002289
0.044046163559
0.209728002548
0.0931100845337
0.100929021835
0.10374879837
0.147936105728
0.433899879456
0.0541651248932
0.0333518981934
0.03493309021
0.0236120223999
0.0082631111145
0.0115189552307
0.0276300907135
0.0354380607605
0.0117859840393
0.0276210308075
0.0189199447632
0.060231924057
0.307180166245
0.270863056183
0.101524114609
0.0960350036621
0.186719894409
0.0602290630341
0.378116130829
0.0651669502258
0.0867919921875
0.137987852097
0.0975329875946
0.123407840729
0.121809005737
0.0825521945953
0.0961709022522
0.0849678516388
0.0476748943329
0.0675690174103
0.498260974884
0.373653888702
0.270242929459
0.461750030518
0.320707082748
0.274713039398
0.531733989716
0.530201196671
0.637228012085
0.641579866409
0.668179035187
0.37765622139
0.831689119339
0.570172071457
0.831000089645
0.378052949905
0.11997795105
0.0843689441681
0.146605968475
0.0996718406677
0.248302221298
0.656250953674
0.312072992325
0.301743030548
0.269447088242
0.200949192047
0.235347986221
2.16413283348
1.88795399666
1.51415205002
1.89160013199
2.15859794617
2.44184184074
0.777343034744
0.399590015411
0.338130950928
0.49670791626
0.264515161514
0.363631010056
0.327913999557
0.326174020767
0.252310037613
0.110642910004
0.229150056839
0.134871006012
369.973727942
0.397421121597
0.498696088791
0.299939155579
0.298734903336
0.211611032486
0.427991867065
0.320332050323
0.232722043991
0.186757087708
0.189529895782
0.222651004791
0.147687196732
0.0510931015015
0.141357183456
0.0616838932037
0.009526014328
0.19646191597
2.58003091812
1.87836098671
181.815433025
1.82352995872
1.79187297821
1.51445293427
0.0164651870728
0.0388197898865
0.00437188148499
0.0129289627075
0.00353217124939
0.00341200828552
0.96467089653
0.860164880753
0.950334072113
1.04962587357
1.01455998421
1.11592388153
0.85285782814
0.886031150818
0.961712121964
0.876206159592
1.03635001183
0.498866796494
0.306464910507
0.500067949295
0.14502286911
0.250290870667
0.269581079483
1.08081793785
0.452039003372
0.563323020935
0.343683004379
0.737382888794
1.51821088791
0.195477962494
0.121248960495
0.139038085938
0.104645967484
0.0488619804382
0.0610451698303
1.40357208252
1.39029288292
1.01415991783
1.69959211349
1.52323794365
1.18546915054
1.51524686813
0.670876026154
0.9841401577
1.11563205719
180.491686106
1.10438299179
0.584501981735
0.267140865326
0.337157011032
0.326143980026
0.312784910202
0.311101913452
0.267547130585
0.372096061707
1.2008099556
0.850030899048
0.505009174347
0.623551130295
0.676414966583
0.461302995682
0.729406833649
0.263148069382
0.36532497406
0.420763969421
0.284212112427
0.259295940399
0.225895881653
0.283145904541
0.190680980682
0.38333106041
0.209155082703
0.358753204346
0.149442195892
0.677640914917
0.553232908249
0.573385000229
0.501241922379
0.42914891243
0.657213926315
0.578670978546
0.292314052582
0.431329011917
0.371148109436
0.105041980743
0.24284696579
0.789285898209
0.747987985611
0.372027873993
0.365312099457
0.61772608757
0.785871982574
0.713039875031
0.530373096466
0.47564291954
0.487897872925
0.471997022629
0.498470783234
0.331918001175
0.0783579349518
0.0687568187714
0.0560941696167
0.0481557846069
0.270827054977
0.726553916931
0.552296876907
0.517608165741
0.566458940506
0.465492963791
0.370356082916
0.563985824585
0.311587095261
1.03417110443
0.377522945404
0.0921630859375
0.070897102356
0.00538015365601
0.054318189621
0.0100989341736
0.0366740226746
0.0790829658508
0.0758790969849
0.0457508563995
0.0725059509277
0.0397629737854
0.0442531108856
0.120357036591
0.116440057755
0.126969099045
0.113118886948
0.117395877838
0.121073007584
0.107810974121
0.108530044556
0.0195860862732
0.016569852829
0.0116739273071
0.0109980106354
0.023638010025
0.0113570690155
0.315836191177
0.229463815689
0.0758469104767
0.0385248661041
0.176204919815
0.14503121376
181.689916134
1.38600993156
1.38013195992
1.51137590408
1.17692303658
1.38046598434
0.962440013885
0.196059942245
0.54771399498
0.546885967255
0.674858808517
0.71080493927
0.71622800827
0.809489011765
0.631918907166
0.510639190674
0.566863059998
0.289561986923
0.332572937012
0.336797952652
0.144922971725
0.153743982315
0.262941837311
0.217428922653
1.1797721386
1.16869187355
1.46765995026
1.08635187149
1.02172398567
1.38318300247
0.586174964905
0.0392599105835
0.216606140137
0.162786006927
0.101496934891
0.0975811481476
0.0323340892792
0.0339019298553
0.0330948829651
0.0296437740326
0.0108098983765
0.00643706321716
0.325406074524
0.118266820908
0.121063947678
0.0534839630127
0.098494052887
0.115419864655
0.971325159073
0.907557964325
1.03962898254
1.28808999062
0.962284088135
0.957695960999
0.125415086746
0.108867883682
0.0780458450317
0.059986114502
0.0866529941559
180.371012926
0.351094961166
0.0888481140137
0.0780658721924
2.53785085678
1.89562177658
1.260597229
1.5121948719
1.28923392296
1.89775395393
1.69597887993
1.20741701126
0.759484052658
0.919970989227
0.863442182541
0.814815044403
0.896318912506
1.40673708916
0.562689781189
0.660864830017
0.799355983734
0.119485139847
0.00492382049561
0.00895714759827
0.00380682945251
0.00468993186951
0.00360488891602
0.0125420093536
0.0245378017426
0.0361680984497
0.0591509342194
0.0406310558319
0.0534749031067
0.019033908844
0.156443834305
0.0530028343201
0.0527670383453
0.0510029792786
0.0228359699249
0.101520061493
0.213066101074
0.207399129868
0.00641202926636
0.128441810608
0.013601064682
0.161211013794
1.04588985443
0.725942134857
0.806889057159
180.872114182
0.695786952972
1.15151810646
0.00833296775818
0.00440001487732
0.00476884841919
0.00511503219604
0.00377702713013
0.00353407859802
0.175137996674
0.175181150436
0.103634119034
0.0210289955139
0.0172789096832
0.217313051224
0.45986199379
0.256647825241
0.184500932693
0.339400053024
0.280704021454
1.10628604889
0.00784516334534
0.00537991523743
0.00618600845337
0.00371909141541
0.0060088634491
0.00719285011292
1.30531096458
0.715089082718
0.546411037445
0.721132993698
0.850628137589
2.52729797363
0.765303850174
0.897490978241
0.730792045593
0.895490884781
0.996901035309
1.02773213387
0.851615905762
1.054240942
0.0303311347961
0.036777973175
0.0102319717407
0.0989639759064
0.366039037704
0.319149017334
0.48210811615
0.448997020721
0.535669088364
0.562235116959
0.409708976746
0.475600004196
0.532510995865
0.102811098099
0.0508048534393
0.0780630111694
0.179455041885
0.0978009700775
0.0257189273834
0.0355379581451
0.0567610263824
0.0125248432159
0.014209985733
0.0121409893036
0.00502586364746
0.00736093521118
0.00868391990662
0.00566506385803
0.00762104988098
0.00649094581604
0.0505731105804
0.0101718902588
0.0101568698883
0.00741195678711
0.0196180343628
0.0155169963837
0.266004085541
0.319007158279
0.156059026718
0.163635015488
0.0326409339905
0.0718059539795
0.746834039688
0.385589838028
0.415223121643
0.476416110992
0.354388952255
1.23632597923
1.60472798347
1.1113319397
0.930392980576
1.09331607819
1.16123199463
0.322469949722
0.270709037781
0.36455321312
0.151672840118
0.325125932693
0.290707111359
0.694671869278
0.190165042877
0.15741109848
0.173647880554
0.165566921234
0.727599859238
1.38407087326
1.19560790062
1.16494584084
1.26183795929
1.57569718361
1.09475684166
0.666620016098
0.319246053696
0.428358078003
0.152934074402
0.391982078552
0.478051900864
0.0147290229797
0.00474405288696
0.00829792022705
0.00439596176147
0.00382089614868
0.0136671066284
1.71568989754
1.139950037
1.06870985031
1.26143884659
0.980618000031
1.07994198799
0.260331869125
0.020947933197
0.0169451236725
0.0107080936432
0.0117359161377
0.0144970417023
0.279360055923
0.0570900440216
0.0697660446167
0.363296985626
0.0201020240784
1.02696108818
0.44407582283
0.291244029999
0.673616886139
0.611858129501
0.448348999023
0.350343942642
0.271911144257
0.303339958191
0.289209842682
0.226902961731
1.38256311417
0.505686044693
0.391387939453
0.528361082077
0.763350009918
0.498003959656
0.674489021301
0.548042058945
0.567225933075
0.617927074432
0.701159954071
0.00956296920776
0.00368595123291
1.27024102211
0.795243024826
1.05975294113
1.0272629261
0.993989944458
2.39734816551
1.5341219902
181.583417177
1.89107704163
1.68831706047
1.17087292671
1.08990120888
0.845236063004
0.288599014282
0.536727190018
0.440394878387
0.305835962296
0.339642047882
0.814578771591
0.600952863693
0.570682048798
0.572528839111
0.595406770706
0.520690917969
0.0145361423492
0.00810408592224
0.00764679908752
0.00517201423645
0.00486397743225
0.00497102737427
0.00417613983154
0.00435996055603
0.00439405441284
0.00600290298462
0.00511503219604
0.00443983078003
0.26672911644
0.184135913849
0.0589299201965
0.152950048447
0.12109708786
0.0776691436768
0.93376994133
0.540879011154
0.621037006378
0.679776906967
0.971405982971
0.49539399147
1.16488003731
0.512902975082
0.713594198227
0.645483970642
0.496629953384
0.587466955185
0.0898170471191
0.037969827652
0.0305428504944
0.0223338603973
0.0290520191193
0.0370519161224
0.168627977371
0.0771169662476
0.137615919113
0.073303937912
0.0768618583679
0.107447862625
0.517875909805
0.297774076462
0.617150068283
0.799273967743
0.856911182404
0.182705879211
0.150434017181
0.246125936508
0.190362930298
0.141430854797
0.240459918976
0.345582962036
0.377217769623
1.68625307083
1.69161987305
1.43930006027
1.1759519577
181.515136003
1.96610879898
1.80027604103
1.09165811539
1.49899601936
1.42748808861
1.2450170517
1.135160923
0.101483821869
0.0240490436554
0.0134069919586
0.0352129936218
0.0328221321106
0.0183198451996
181.427895069
0.734930038452
0.638800859451
0.415468931198
0.222532987595
0.720642089844
0.136216878891
0.0694711208344
0.0444190502167
0.0499241352081
0.0640709400177
0.316013097763
1.11015796661
0.581498861313
0.415148973465
1.01990318298
0.229285955429
0.706692934036
0.679724931717
0.369532108307
0.600486040115
180.622951984
0.759216070175
0.0108740329742
0.0161280632019
0.0118470191956
0.00718593597412
0.00633907318115
0.0184879302979
0.00677919387817
0.00544595718384
0.00853395462036
0.551730155945
0.548096179962
0.316384077072
0.588800191879
0.643112897873
0.583831787109
0.0874049663544
0.018501996994
0.0217499732971
0.0904788970947
0.0525817871094
0.0310029983521
0.559514045715
0.0800530910492
0.234573125839
0.201984167099
0.132887125015
0.036082983017
0.291342020035
2.17746496201
2.1626868248
0.361461877823
0.197220087051
0.241982221603
0.248231887817
0.16811299324
0.126790046692
0.471159934998
0.106104135513
0.176713943481
0.184848070145
0.123938083649
0.195611953735
0.664890050888
0.233690977097
0.183458089828
0.400639057159
0.374084949493
0.188248872757
0.190501928329
0.148250102997
0.108576059341
0.119359970093
0.0611279010773
0.119293928146
0.0734910964966
0.0471129417419
0.201595067978
0.149631977081
0.0119161605835
0.0841720104218
0.759226799011
0.272299051285
0.222363948822
0.339385032654
0.301382064819
0.536607027054
0.72548699379
0.850942850113
0.652798175812
0.360023021698
0.955848932266
0.80021905899
0.155672073364
0.127233982086
0.128971815109
0.09033203125
0.091509103775
0.744630813599
0.548757076263
0.678778171539
0.394331932068
0.383650064468
0.441380023956
0.3243060112
0.336147069931
0.140064001083
0.238632202148
0.0925161838531
0.251028060913
0.169193983078
0.649314880371
0.298537969589
0.287810087204
0.264950990677
0.699745178223
0.490967035294
0.178848028183
0.354830026627
0.0770440101624
0.0806410312653
0.0290248394012
0.0239179134369
0.211046934128
0.23356795311
0.157372951508
0.0826368331909
0.093945980072
0.169106006622
1.0918109417
0.895833015442
0.598564147949
1.41430187225
1.29130291939
1.26335310936
0.597716808319
0.0962991714478
0.215415000916
0.254442930222
0.205819129944
0.111211061478
0.0157589912415
0.127745866776
0.0135350227356
0.0267860889435
0.00894498825073
0.0199809074402
0.0240449905396
0.0307641029358
0.0338950157166
0.0162138938904
0.0213189125061
0.0193159580231
0.213191986084
0.0241189002991
0.174144029617
0.498128890991
0.549120187759
0.617872953415
0.616389989853
0.598375082016
0.515789031982
0.0324449539185
0.147931098938
0.101034879684
0.00609397888184
0.0786001682281
0.0424377918243
0.405247926712
0.125833034515
0.273427009583
0.219665050507
0.343289136887
0.222218990326
0.733457803726
0.43740105629
0.494323968887
180.736219883
0.407018899918
0.271737098694
0.626505851746
0.564321041107
0.566055059433
0.669107913971
0.551299095154
0.569511175156
0.266585826874
0.260952949524
0.366726875305
0.100513935089
0.231843948364
0.376909971237
0.0150129795074
0.0129888057709
0.00748896598816
0.00980997085571
0.00810194015503
0.0073299407959
0.00674390792847
0.00470805168152
0.00446510314941
0.00786399841309
0.00649285316467
0.00697803497314
0.00760197639465
0.0336589813232
0.0257139205933
0.0277171134949
0.0261518955231
0.0382299423218
0.623453140259
0.320984125137
0.32354593277
0.399996995926
0.589663982391
0.256542921066
0.325806856155
0.477174043655
0.375914812088
0.489870071411
0.6236140728
0.57865190506
0.331027984619
0.235272169113
0.39753484726
0.373200893402
0.259952068329
0.182808876038
1.1424498558
0.689546108246
0.717385053635
0.889457941055
0.645723104477
0.870741128922
0.00665307044983
0.00983595848083
0.0075900554657
0.00435209274292
0.00495195388794
0.00523114204407
0.508448123932
0.162057876587
0.104067087173
0.281584978104
0.245841026306
0.179192066193
0.753293037415
0.223681926727
0.351842880249
0.329409122467
0.317252159119
0.200812101364
0.136565923691
0.0491850376129
0.0362010002136
0.0101289749146
0.0936288833618
0.0262749195099
0.302206993103
0.132081985474
0.057030916214
0.18022108078
0.100672006607
0.136987924576
0.0299320220947
0.0156009197235
0.0053870677948
0.00842905044556
0.0138339996338
0.0163850784302
0.300225973129
180.554479122
0.174437999725
0.16231918335
0.413905143738
0.126678943634
0.356379985809
0.282799005508
0.15875005722
0.0578858852386
0.268460035324
0.159226894379
0.702662944794
0.515053987503
0.557359933853
0.418747186661
0.569133996964
0.395847082138
0.443460941315
0.241903066635
0.155978918076
0.306891918182
0.157179832458
0.306615114212
0.0393848419189
0.00910401344299
0.0083179473877
0.0110948085785
0.00555610656738
0.0145299434662
0.0273330211639
0.0384800434113
3.02853083611
4.31531691551
3.78468203545
2.52581906319
2.93406105042
0.308740854263
0.272300958633
0.0169620513916
0.00498414039612
0.0388329029083
1.60616087914
1.32331109047
1.16516304016
0.653414964676
1.05292797089
0.964928865433
0.0106720924377
0.00711011886597
0.00454306602478
0.00702309608459
0.00639891624451
0.00521779060364
0.551343917847
0.391392946243
0.32471203804
0.519056081772
0.25279211998
0.613605976105
1.29729390144
0.40664100647
0.421268939972
0.716295957565
0.619082212448
0.652241945267
0.661628961563
0.31293296814
0.345673084259
0.389589071274
0.398140907288
0.192478179932
0.265532016754
0.285552024841
0.0876631736755
0.160456895828
0.136426925659
0.128014087677
0.558521032333
0.274943113327
0.177980899811
0.161920070648
0.300388097763
0.364504098892
0.812662124634
0.820932149887
1.09477090836
0.853647947311
0.945591926575
0.910974979401
0.186593055725
0.0641629695892
0.0507609844208
0.0536000728607
0.0793240070343
0.0941998958588
0.114263057709
0.0804901123047
0.111332178116
0.457306146622
0.461585044861
0.226369142532
0.199873924255
0.356496095657
0.250944137573
0.409321069717
0.909070968628
0.805321216583
180.797719002
1.26472783089
1.28388690948
1.1727809906
0.0825629234314
0.0611710548401
0.0447099208832
0.014860868454
0.031375169754
0.00998997688293
0.664783000946
0.730674982071
0.900022983551
1.08151984215
1.012185812
0.768480062485
0.539407968521
0.384460926056
0.379720926285
0.341809988022
180.771332979
0.309380054474
0.534196138382
0.519667863846
0.396430015564
0.34464597702
0.373008966446
0.333696842194
0.204088926315
0.168525934219
0.218732118607
0.100951910019
0.140775203705
0.389529943466
0.168865203857
0.121006011963
0.160845994949
0.162024021149
0.333050966263
1.27304887772
0.574824094772
0.323729038239
0.326721906662
0.266621112823
0.648129940033
0.045902967453
0.0112729072571
0.0493218898773
0.0410878658295
0.00586986541748
0.0304510593414
0.237211942673
0.228781938553
0.19886302948
0.14987206459
0.613739013672
0.306533813477
0.554984092712
0.220383167267
0.470852851868
0.485700845718
0.0967330932617
0.0493669509888
0.0485098361969
0.0316789150238
0.022754907608
0.0559570789337
0.592319965363
0.469972848892
0.322650909424
0.654315948486
0.594603061676
0.591855049133
0.635077953339
0.447794914246
0.198457956314
0.286920070648
0.167649030685
0.223393917084
0.0130271911621
0.00540089607239
0.00561118125916
0.00452017784119
0.00625610351562
0.00734996795654
0.734024047852
0.361783027649
0.341622114182
0.230115890503
0.565439224243
1.18393683434
0.0557360649109
0.0511620044708
0.0437681674957
0.274171829224
0.19772195816
0.210736989975
0.90779709816
0.849194049835
1.34259796143
0.957150936127
0.892544031143
0.674582004547
0.950449943542
180.721876144
0.220600128174
0.190953016281
0.187788009644
0.557622909546
0.669913053513
0.612464904785
0.478178977966
0.396284103394
0.148212909698
0.149201869965
0.0989439487457
0.0477411746979
0.129225969315
0.014573097229
0.0156390666962
0.010440826416
0.00734901428223
0.00822305679321
0.00867199897766
0.72696018219
0.586748123169
0.248450040817
0.367031812668
0.245048999786
180.344213009
0.651642084122
0.0424299240112
0.0612440109253
0.0607810020447
0.0982007980347
0.0680599212646
0.0473830699921
0.41023683548
0.330134868622
0.238252878189
0.354557037354
0.281100034714
0.179829835892
1.68793010712
1.68943500519
1.68706011772
181.67026186
1.68240714073
1.38954401016
0.809509992599
0.457456111908
0.496630907059
0.572120904922
0.53048491478
0.655421972275
0.398195981979
0.0367331504822
0.0416510105133
0.00649499893188
0.156877994537
0.00644397735596
1.70205807686
1.26564693451
1.27684211731
1.09225082397
1.96534490585
1.20410990715
0.968112945557
0.756523132324
0.481344938278
1.1819999218
0.22678899765
0.306487083435
0.261047124863
0.189846992493
0.259006023407
0.0787868499756
0.511922121048
0.66091799736
0.683079004288
0.701416969299
0.746810913086
0.571177959442
180.924590826
1.27724814415
1.20389699936
1.26598906517
1.26033496857
1.42443299294
0.0942120552063
0.0340359210968
0.101925134659
0.0379250049591
0.0318529605865
0.0423820018768
1.14631295204
0.39768409729
0.637569189072
0.520097970963
0.482274055481
0.696241855621
181.49238801
1.6855340004
1.01831817627
1.26418685913
1.95080685616
1.11496686935
1.0876660347
1.89242196083
1.89562010765
1.69501280785
0.146716117859
0.25386095047
0.207714796066
0.190395116806
0.282436132431
0.312860012054
0.872596025467
0.336796998978
0.322832107544
0.592948913574
0.389795064926
0.469410896301
0.800134897232
0.314862012863
0.197412967682
0.0645067691803
0.0448799133301
0.10607790947
0.0500860214233
0.0113530158997
0.64653801918
0.515324831009
0.477463960648
0.728477954865
0.403338909149
0.713577032089
0.882066011429
0.801699876785
1.06734895706
1.21151304245
0.903645038605
0.904757976532
0.949820041656
0.710905075073
1.27394104004
0.749354839325
0.617975950241
0.379856824875
0.347988128662
0.290400028229
0.770216941833
0.347152233124
0.166539907455
0.0447280406952
0.0286509990692
0.091038942337
0.100738048553
0.0389060974121
1.16805291176
0.384222984314
0.879685878754
0.706129074097
0.330037117004
1.28120708466
0.334146976471
0.0625751018524
0.119430065155
0.140650033951
0.12629199028
0.167052984238
181.545644999
1.19718694687
1.03382492065
1.08581709862
1.41786503792
0.949326992035
0.351758956909
0.143177986145
0.174494981766
0.271044969559
0.0423350334167
0.139678001404
0.00805997848511
0.0124268531799
0.0112237930298
0.0105020999908
0.0111939907074
0.0124640464783
0.0274448394775
0.0104138851166
0.0104370117188
0.0126540660858
0.0190401077271
0.0271978378296
0.0128037929535
0.0176990032196
0.00973796844482
0.0104529857635
0.0115990638733
0.0103709697723
0.0203950405121
0.0150220394135
0.00886583328247
0.66336607933
0.0718379020691
0.392421960831
0.205342054367
0.10738992691
0.419240951538
1.10443902016
0.48107790947
0.460033893585
0.62837600708
0.834854841232
1.09632205963
0.303761959076
0.186844110489
0.0419931411743
0.0646779537201
0.168268918991
0.00821614265442
1.27144885063
0.748054981232
0.929966926575
0.907402992249
0.850414991379
1.40702414513
0.0117568969727
0.00474500656128
0.00568890571594
0.0053539276123
0.00481200218201
0.00439095497131
0.00627398490906
0.00377798080444
0.00438714027405
0.00409412384033
0.0100300312042
0.0182809829712
0.694489955902
0.853438138962
0.952867031097
1.05748701096
0.789223909378
0.90665102005
0.959664106369
1.08727407455
1.68775010109
1.48824310303
0.989329814911
1.51958298683
0.412806034088
0.338282108307
0.212413072586
0.343169927597
0.18436384201
0.307549953461
0.586645126343
0.128437042236
0.224117040634
0.413985013962
0.284357070923
0.192828178406
0.130841970444
0.163212776184
0.0682709217072
0.106015920639
0.143835783005
0.286620140076
0.149572134018
0.0557000637054
0.144268989563
0.0138530731201
0.115931987762
0.0601999759674
0.908662796021
1.03383111954
1.21483397484
1.03223609924
1.11130714417
0.899683952332
0.935112953186
0.454127073288
0.463963031769
0.418296098709
0.358767986298
0.43080997467
0.421293020248
0.450240850449
0.338060855865
0.404974937439
0.443074941635
0.617999076843
0.642040967941
0.370652914047
0.618472099304
0.25376701355
0.388331890106
0.318948984146
0.295357942581
0.0624389648438
0.128591060638
0.154710054398
0.289452075958
0.221861839294
0.14547586441
0.0554568767548
0.0885169506073
0.0571041107178
0.0763649940491
0.0198810100555
0.00413107872009
0.00330114364624
0.0052318572998
0.00484395027161
0.00383806228638
0.00366902351379
0.512650966644
0.17874789238
0.162164926529
0.0579299926758
1.16969013214
0.680525064468
0.60122013092
721.93871212
0.546610832214
0.436100006104
0.309809923172
0.266223907471
0.0610179901123
0.216314077377
0.134140014648
0.0761420726776
0.433630943298
1.07265520096
0.976693153381
0.932141780853
0.719611883163
0.906921863556
0.141980886459
0.0540630817413
0.0661458969116
0.0327179431915
0.0185708999634
0.0499329566956
0.149693012238
0.0549650192261
0.29364991188
0.0386500358582
0.0146708488464
0.136792898178
0.116624116898
0.11772108078
0.120675086975
0.149484872818
0.0970571041107
0.140296936035
0.427859067917
0.492558002472
0.475013971329
0.296508073807
0.474997997284
0.337947130203
0.959764003754
0.807779073715
0.92249083519
0.73418712616
0.542932987213
1.90330982208
0.845918893814
0.898658037186
0.901095867157
0.84158205986
0.726529836655
0.721521854401
0.747627973557
0.741196870804
0.82795214653
0.759311914444
0.146257162094
0.152094841003
0.167294025421
0.0516970157623
0.0701339244843
0.104099035263
1.30513501167
0.343466043472
0.701450109482
0.479052066803
0.304387807846
0.856427907944
0.91300702095
0.869809865952
0.899947166443
1.09249901772
1.17158102989
2.16085505486
2.42109203339
2.16426205635
1.89345121384
2.52055907249
2.17191195488
0.00554418563843
0.0039119720459
0.00353312492371
0.00354480743408
0.00423908233643
0.00415992736816
0.272625207901
0.284407138824
0.464511871338
0.352228164673
0.0875110626221
0.517751932144
0.131731033325
0.113453865051
0.191076993942
0.592459917068
0.120301008224
0.219257831573
0.126857042313
0.278132915497
0.144198894501
0.12285399437
0.524301052094
0.391673803329
0.305500984192
0.330120801926
1.26069688797
0.159134864807
0.117429971695
0.0168209075928
0.0511288642883
0.0460839271545
0.0236477851868
0.480437994003
0.114923000336
0.5730509758
0.0437650680542
0.102980852127
0.30580496788
0.172607183456
0.0760169029236
0.0785050392151
0.0108149051666
0.0332360267639
0.0379798412323
0.66982793808
0.568363904953
0.620660066605
0.556062936783
0.743853807449
0.729609966278
0.853085041046
0.730555057526
1.23645806313
0.895954847336
0.756131887436
0.211604833603
0.108039855957
0.646543979645
0.112818002701
0.272502183914
0.23287987709
0.0906579494476
0.494701147079
1.01512217522
0.89600777626
1.26470303535
1.81984090805
1.17145705223
1.17657184601
0.0074028968811
0.0111930370331
0.00869107246399
0.00794196128845
0.00794100761414
0.0124371051788
1.17783379555
0.841723918915
1.03873610497
1.16997480392
1.08726978302
1.45408296585
0.954771995544
1.32501101494
0.802012205124
1.93342399597
0.4725689888
0.574194908142
0.180834054947
0.181561946869
0.226707935333
0.160613059998
0.0697619915009
0.113729953766
0.0876309871674
0.0864510536194
0.100075006485
0.0563478469849
0.0886058807373
0.0154981613159
0.0170860290527
0.006432056427
0.00747609138489
0.0133650302887
0.66389799118
0.565882921219
0.214215993881
0.288670063019
0.536552190781
0.137495994568
0.891033172607
0.899907112122
0.949843883514
1.27496194839
0.607198953629
0.346190929413
0.472666978836
0.630030155182
0.125819921494
1.17672610283
0.817110061646
0.579966783524
0.900562047958
1.03985786438
0.591243982315
0.662781953812
0.61295580864
0.242663145065
0.39314699173
0.595113992691
0.497959136963
0.774236917496
0.501832008362
0.478869915009
0.24073600769
0.401799917221
0.430736064911
1.01681399345
0.602816820145
0.568982839584
0.361768960953
0.47411608696
0.44849896431
0.0714108943939
0.0457899570465
0.0820460319519
0.0640759468079
0.0595190525055
0.071634054184
0.0162317752838
0.00739717483521
0.0109839439392
0.00651001930237
0.00514888763428
0.00586009025574
0.304050207138
0.137911081314
0.0817220211029
0.138066053391
0.0919511318207
0.113533973694
1.07525110245
0.802443981171
0.292624950409
0.542487859726
1.5758869648
1.71535301208
1.1913728714
1.3220911026
1.49086093903
1.17430996895
0.611135959625
0.636859893799
0.626506090164
0.664999961853
0.803637981415
0.731170892715
0.29652094841
0.339184999466
0.0751101970673
0.0223069190979
0.256332874298
0.168272018433
0.284211874008
0.104809045792
0.0920281410217
0.0435409545898
0.0901038646698
0.18198299408
0.151234149933
0.0567429065704
0.0443680286407
0.109273195267
0.150594949722
0.0549349784851
0.0537540912628
0.0262370109558
0.0213739871979
0.615801811218
0.166469812393
0.151394844055
0.0668919086456
0.129123926163
0.290678024292
0.0594849586487
0.039558172226
0.0331788063049
0.0215001106262
0.0700340270996
0.0279161930084
1.09119606018
0.859233856201
1.08719587326
0.727014064789
0.668814897537
0.970246076584
0.0647070407867
0.0623400211334
0.0610201358795
0.063777923584
0.030259847641
0.0105011463165
0.397566080093
0.140655040741
0.191788911819
0.0863540172577
0.276242017746
0.125226020813
0.632752895355
0.474761009216
0.192712068558
0.260621070862
0.621155023575
0.250690937042
1.28359103203
0.343495130539
0.540511131287
0.453332901001
0.578938961029
0.143127202988
0.404109954834
0.253877878189
0.10719203949
0.084568977356
0.0811839103699
0.093150138855
0.419440984726
0.249595880508
0.369004011154
0.329033136368
0.304091930389
0.417474031448
0.135932922363
0.128528833389
0.0706899166107
0.0502550601959
0.0534768104553
0.0311508178711
0.0522849559784
0.133039951324
0.110029935837
0.0403850078583
0.0693500041962
0.679669857025
0.342649936676
0.450340032578
0.397670984268
0.23863697052
0.343995094299
0.165239810944
0.990029811859
0.782423019409
0.736708879471
0.57808804512
0.751224040985
0.432667016983
0.101001024246
0.0157270431519
0.0564270019531
0.0401880741119
0.0359880924225
0.0568218231201
1.84621095657
0.402432918549
0.562496900558
0.836322784424
0.996100902557
0.897123098373
1.05398702621
0.290202856064
0.27872300148
0.179900169373
0.434168100357
0.481634140015
0.494682073593
0.0737929344177
0.0959160327911
0.124243974686
0.126182079315
0.156160831451
0.552340984344
0.184048891068
0.155292034149
0.317661046982
0.221369981766
180.354615927
0.200197935104
0.180304050446
0.13147687912
0.102379083633
0.122057914734
0.157650947571
1.20242714882
0.705095052719
0.755463838577
0.307215929031
1.68660998344
1.09497380257
1.09210300446
1.26726102829
1.26589798927
1.38233494759
0.992969989777
0.852408885956
0.80372595787
0.856100082397
1.02013707161
0.902839899063
1.01586389542
1.09013104439
1.26107311249
1.16670799255
1.01594114304
1.2712688446
1.17724013329
0.0339739322662
0.00771689414978
0.00667595863342
0.00972294807434
0.00864005088806
0.0272259712219
0.863187074661
0.534782171249
0.553406953812
0.576188087463
0.515434980392
1.27733516693
1.00922107697
0.703179121017
0.907498121262
1.00084996223
0.767659902573
0.294802904129
0.198100090027
0.330951213837
0.0523099899292
0.0203540325165
0.0696959495544
0.254516124725
0.102279186249
0.0385570526123
0.0122761726379
0.0831499099731
0.0497989654541
1.16981506348
1.09259700775
1.53882908821
1.27404093742
0.0344018936157
0.0322029590607
0.0601799488068
0.0127770900726
0.00746202468872
0.00606083869934
0.00962805747986
0.00619196891785
0.0149009227753
0.00807094573975
0.00863599777222
0.0208911895752
0.00533294677734
0.0163130760193
0.00691485404968
0.0224440097809
0.00692200660706
0.0163760185242
2.40239691734
1.90181088448
1.65671491623
1.8965280056
1.5925590992
1.44490909576
0.32488322258
0.0980610847473
0.0491240024567
0.268709897995
0.0483570098877
0.0851600170135
0.082093000412
0.00719690322876
0.0145380496979
0.0382888317108
0.0269439220428
0.110091924667
0.111888885498
0.0356500148773
0.0434348583221
0.0224061012268
0.0471348762512
0.442245960236
1.6860408783
2.53627300262
1.69295310974
1.70049595833
1.6817150116
1.69396305084
1.27159786224
0.947813987732
1.29257392883
180.735879898
1.2696659565
1.17279696465
0.351996898651
0.235825061798
0.153766155243
0.143898010254
0.23734498024
0.225260019302
0.254354953766
0.265522003174
0.107946157455
0.0745160579681
0.0813939571381
0.165400981903
0.0141270160675
0.00633597373962
0.00648283958435
0.0102159976959
0.00508284568787
0.00764083862305
0.00624299049377
0.00647902488708
0.00576615333557
0.00748682022095
0.00528812408447
0.00688600540161
0.58442902565
0.104017019272
0.0981929302216
0.222445011139
0.159006118774
0.179534912109
0.89771604538
0.443391799927
0.721576929092
0.686546087265
0.555126905441
0.541961193085
0.369053840637
0.209161996841
0.227237939835
0.228980064392
0.188827037811
0.194818019867
1.07992696762
0.595070123672
0.449946880341
0.563513040543
1.51123785973
0.616164922714
0.4660551548
0.438460111618
0.681231975555
0.886229991913
0.487214803696
0.906652927399
0.622955799103
0.221951961517
0.239391803741
0.207498073578
0.597906827927
0.108368873596
0.6371281147
0.560859918594
0.566759824753
0.257620811462
0.45175409317
0.653430938721
1803.7411232
0.551650047302
0.997159957886
0.350452184677
0.587162971497
1.67688989639
0.289520025253
0.273455858231
0.171201944351
0.278065919876
0.160896062851
0.172420978546
0.0060498714447
0.00522994995117
0.00563406944275
0.00461292266846
0.00600790977478
0.00583696365356
0.566602945328
0.317966938019
0.32444190979
0.415437936783
0.387852907181
0.372595071793
1.0248169899
0.758227825165
0.65492606163
0.688805103302
0.0644860267639
0.0507898330688
0.038519859314
0.0243539810181
0.0193378925323
0.0301749706268
0.0303540229797
0.0341260433197
0.0283010005951
0.174831867218
0.348411083221
0.289039134979
0.218701839447
0.395583152771
0.106196165085
0.39253115654
0.639607906342
0.348861932755
0.455970048904
0.447728872299
1.37870502472
0.593600988388
0.530352115631
0.690358161926
0.496268033981
0.318084001541
0.974045038223
3.28305506706
1.68352603912
2.51786398888
1.68976902962
1.89263296127
0.554680109024
0.488262891769
0.406909942627
0.147228002548
0.0850989818573
0.0180039405823
0.415643930435
0.252255916595
0.288205862045
0.199584960938
0.171688079834
0.721385955811
0.778472900391
0.735074043274
1.02112102509
1.17988300323
1.33473086357
1.02185297012
0.535604953766
0.330239057541
0.720820903778
0.24406504631
0.246913194656
0.23937702179
0.117781877518
0.086364030838
0.0373909473419
0.011656999588
0.064768075943
0.0415549278259
0.417315006256
0.144334077835
0.292798995972
0.40069103241
0.425623893738
0.282382011414
1.81661391258
1.02050113678
1.08802103996
1.76645994186
1.58666801453
0.821263074875
0.00691318511963
0.00876092910767
0.00985383987427
0.00874710083008
0.0102400779724
0.011027097702
0.00893211364746
0.00853586196899
0.00882196426392
0.00815892219543
0.00869488716125
0.0079071521759
0.137367010117
0.103874921799
0.133658885956
0.0871109962463
0.131922006607
0.09339594841
0.0170500278473
0.0598449707031
0.0781490802765
0.095556974411
0.144196033478
0.0670630931854
0.902835130692
0.899600028992
0.808781862259
0.87210893631
0.858917951584
0.802035093307
1.03146004677
0.589447021484
0.699545860291
0.635672092438
0.588021039963
0.918872117996
0.521029949188
0.320022106171
0.402434825897
0.27610206604
1.05418992043
0.302589893341
0.47841501236
0.682172060013
0.401593208313
0.271640062332
0.70157289505
0.64136505127
0.849669933319
0.782902956009
1.01666498184
0.711806058884
0.851263046265
0.726512908936
0.849755048752
0.847804069519
0.829483032227
0.675180196762
0.135445833206
0.102488994598
0.180259943008
0.132223129272
0.133584976196
0.108659029007
0.148501873016
0.21073102951
0.207985877991
0.378889083862
0.364127159119
0.201309919357
1.29455590248
0.659842014313
1.15861201286
1.09642696381
1.1191341877
0.834971904755
0.489053010941
0.499793052673
0.447535037994
0.381312131882
0.386983156204
0.467052936554
0.00764799118042
0.00619316101074
0.00521278381348
0.00495886802673
0.00496411323547
0.00776886940002
0.980880022049
0.508759975433
0.764173030853
0.770876169205
0.821287870407
0.446616888046
0.382494926453
0.284996986389
0.292052984238
1.17151689529
0.671509981155
0.708774089813
0.7732629776
0.619550943375
0.826580047607
0.050626039505
0.0352749824524
0.0115849971771
0.00901508331299
0.00686097145081
0.024435043335
0.489192008972
0.0459139347076
0.259472846985
0.296898126602
0.206533908844
0.156194210052
0.288684844971
0.114223003387
0.264336109161
0.261845827103
0.284537792206
0.175757169724
1.09897613525
0.790485858917
0.921205997467
181.248990059
0.169734954834
0.0341529846191
0.0358500480652
0.0504770278931
0.0563831329346
0.0884819030762
0.141942024231
0.012127161026
0.0486218929291
0.125439882278
0.0336158275604
0.0226650238037
0.166801929474
0.00807785987854
0.054267168045
0.0081889629364
0.0846571922302
0.130243062973
0.341681003571
0.0194640159607
0.585749149323
1.01881885529
0.953629970551
1.25520610809
1.01447415352
0.190294027328
0.111994981766
0.0657410621643
0.0897920131683
0.127956151962
0.143971920013
0.00519895553589
0.00641083717346
0.00414109230042
0.00342416763306
0.0035719871521
0.00347495079041
1.27949786186
181.577268124
0.956226110458
1.17173695564
1.37762093544
1.40351390839
0.1233959198
0.0847680568695
0.0417509078979
0.0940399169922
0.0356001853943
0.0272769927979
0.18859910965
0.162068128586
0.0760970115662
0.174962997437
0.0611710548401
0.11779999733
0.567700862885
0.663101911545
0.646627902985
0.580254793167
0.726851940155
0.68223285675
0.57168006897
0.486014127731
0.663310050964
0.74112701416
0.266105890274
0.697122097015
0.370103120804
0.313409805298
0.197555065155
0.100120067596
0.14611697197
0.159357070923
0.452178001404
0.143927097321
0.190795183182
0.326481819153
0.34791302681
0.0963528156281
0.346022129059
0.228137016296
0.122453927994
0.240210056305
0.252226114273
0.0886299610138
0.435203075409
0.352907896042
0.229527950287
0.298336029053
0.451243877411
0.289928913116
0.157131195068
0.463822841644
0.307861089706
0.56774020195
0.107653141022
0.0633521080017
0.0669441223145
0.145893096924
0.0747330188751
0.0684368610382
0.034196138382
0.0116059780121
0.00864505767822
0.0351660251617
0.0120100975037
0.0148279666901
0.906803846359
0.514840126038
0.472859859467
0.507134914398
0.580753087997
0.611274957657
0.769317150116
0.664194107056
0.763808965683
0.346816062927
0.219467163086
0.12686085701
0.023619890213
0.101027011871
0.0609529018402
0.327971935272
0.157115936279
0.297952890396
0.19261598587
0.20276594162
0.180819988251
0.589146137238
0.586328983307
2284.54311109
0.451083898544
0.589517116547
0.762974977493
0.386942148209
0.0567970275879
0.253993988037
0.164654970169
0.184699773788
0.16837310791
0.0631330013275
0.0112609863281
0.0060338973999
0.0110080242157
0.0121591091156
0.00950884819031
0.648391008377
0.203488826752
0.17752790451
0.073481798172
0.0332269668579
0.0106439590454
0.0101590156555
0.009272813797
0.0200190544128
0.00770592689514
0.759320020676
0.186933994293
0.172994852066
0.165824890137
0.25043296814
0.188562870026
0.0258071422577
0.0223641395569
0.0102679729462
0.0107560157776
0.0111351013184
0.0160889625549
0.548226833344
0.235050916672
0.260273218155
0.219913959503
0.681639909744
0.443205118179
0.444437026978
0.373106002808
181.113661051
1.02323818207
1.15737700462
1.16994595528
1.02491497993
1.16481900215
0.362919092178
0.304076194763
0.19593000412
0.240706205368
0.360321998596
0.267678976059
1.27231502533
0.630109071732
1.04980897903
0.876259803772
0.746247053146
0.807574033737
0.89359998703
0.527739048004
0.359622001648
0.660369873047
0.443824052811
0.877826929092
0.0238220691681
0.0216720104218
0.00883293151855
0.0411019325256
0.712838172913
1.23420715332
0.971005916595
0.904518842697
0.44647192955
0.2989320755
0.0738129615784
0.172646045685
0.292029857635
1.02280402184
0.100738048553
0.109768152237
0.0489809513092
0.0246610641479
0.0492820739746
0.0443880558014
0.61603808403
0.199923992157
0.382398843765
0.541496038437
0.585806131363
1.08748006821
2.15705609322
0.940877914429
1.0222890377
180.948209047
0.948772907257
0.82655787468
0.957345962524
0.540702819824
0.507122993469
0.855798959732
0.69836807251
0.877514839172
0.51681303978
0.84247803688
0.390930891037
0.458349943161
0.251240968704
0.3600461483
0.627691030502
0.333961009979
180.45042491
0.358480930328
0.326521873474
0.39119887352
0.500112056732
0.191961050034
0.123254060745
0.243955135345
0.303795814514
0.0896220207214
0.85064291954
0.595384120941
0.170845985413
0.317036151886
0.5545129776
0.344184160233
0.356600999832
0.201162099838
0.20036816597
0.240617990494
0.610509872437
0.327886819839
0.489660024643
0.690972089767
0.617053031921
0.27883887291
1.85794091225
1.37121796608
1.05732989311
1.29202413559
1.04448986053
1.24341797829
0.117290019989
0.0629880428314
0.0271558761597
0.0199480056763
0.0306570529938
0.00889897346497
0.0157549381256
0.00772619247437
0.0211310386658
0.00649499893188
0.00784111022949
0.0145769119263
0.0097861289978
0.0104279518127
0.0112090110779
0.00844812393188
0.158656835556
0.0646588802338
0.11660695076
0.0424308776855
0.373831033707
0.150142908096
0.270267009735
0.143451929092
0.184745073318
0.163613080978
0.403952121735
0.103439092636
0.277517795563
0.253625869751
0.834362983704
0.507970094681
0.629753112793
0.749171972275
0.507215023041
2.1584341526
1.90558600426
1.2446269989
1.89474701881
2.04271793365
1.68459010124
2.17046093941
0.600972175598
0.395233869553
0.64910197258
0.528712034225
0.582887172699
0.588194847107
0.361562013626
0.503254890442
0.39182806015
0.285722970963
0.465427160263
0.130572080612
0.134562969208
0.0808730125427
0.0494830608368
0.11291384697
0.806021928787
0.306855916977
0.645551919937
0.445636987686
0.399282217026
1.5227868557
0.534491062164
0.376821041107
0.361331939697
