# unix_time, cycles_done, cur_path, paths_total, pending_total, pending_favs, map_size, unique_crashes, unique_hangs, max_depth, execs_per_sec, total_execs
1712685907, 1, 0, 5, 5, 5, 1.24%, 0, 0, 1, 2352.94, 40
1712685982, 1, 0, 212, 212, 5, 1.66%, 0, 0, 2, 1.50, 4781
1712685988, 1, 0, 311, 311, 5, 1.83%, 0, 0, 2, 250.00, 9346
1712685993, 1, 0, 351, 351, 5, 1.90%, 0, 0, 2, 1239.29, 13458
1712685999, 1, 0, 374, 374, 5, 1.95%, 0, 0, 2, 260.97, 17009
1712686004, 1, 0, 396, 396, 5, 2.01%, 0, 0, 2, 75.37, 21293
1712686009, 1, 1, 536, 535, 178, 2.28%, 0, 0, 2, 1426.94, 26942
1712690129, 1, 1, 564, 563, 178, 2.32%, 0, 0, 2, 0.03, 30028
1712690196, 1, 1, 591, 590, 178, 2.42%, 0, 0, 2, 1149.43, 35943
1712690201, 1, 1, 602, 601, 178, 2.44%, 0, 0, 2, 1171.61, 41671
1712690206, 1, 1, 610, 609, 178, 2.45%, 0, 0, 2, 294.93, 47895
1712690211, 1, 3, 617, 615, 212, 2.46%, 0, 0, 2, 1109.50, 54580
1712690216, 1, 3, 632, 630, 212, 2.52%, 0, 0, 2, 1592.56, 63356
1712690401, 1, 3, 640, 638, 212, 2.54%, 0, 0, 2, 0.88, 70588
1712690406, 1, 14, 643, 639, 228, 2.55%, 0, 0, 2, 1712.54, 79596
1712690411, 1, 14, 654, 650, 228, 2.56%, 0, 0, 3, 1100.74, 84201
1712690417, 1, 14, 663, 659, 228, 2.56%, 0, 0, 3, 73.57, 86607
1712690422, 1, 14, 670, 666, 228, 2.57%, 0, 0, 3, 1361.31, 90621
1712690427, 1, 14, 677, 673, 228, 2.57%, 0, 0, 3, 1585.27, 94761
1712690611, 1, 14, 688, 684, 228, 2.58%, 0, 0, 3, 0.46, 97059
1712690616, 1, 14, 690, 686, 228, 2.59%, 0, 0, 3, 1678.22, 101502
1712690621, 1, 19, 694, 689, 247, 2.59%, 0, 0, 3, 1825.00, 105632
1712690626, 1, 19, 701, 696, 247, 2.60%, 0, 0, 3, 1658.94, 113589
1712690631, 1, 19, 715, 710, 247, 2.61%, 0, 0, 3, 1588.18, 121570
1712690636, 1, 19, 732, 727, 247, 2.64%, 0, 0, 3, 1707.39, 130177
1712690821, 1, 19, 1418, 1412, 246, 6.75%, 0, 0, 3, 0.05, 136564
1712690827, 1, 19, 2198, 2192, 246, 8.16%, 0, 0, 3, 1456.85, 143771
1712690832, 1, 19, 2978, 2972, 246, 9.11%, 0, 0, 3, 1434.97, 151086
1712690837, 1, 19, 3742, 3736, 246, 9.89%, 0, 0, 3, 1458.98, 158383
1712690842, 1, 19, 4519, 4513, 246, 10.62%, 0, 0, 3, 1469.89, 165906
1712690847, 1, 19, 5245, 5239, 246, 11.19%, 0, 0, 3, 1413.20, 173077
1712691032, 1, 57, 5668, 5662, 2601, 11.49%, 0, 0, 3, 0.63, 178635
1712691047, 1, 63, 5669, 5662, 2600, 11.49%, 0, 0, 3, 1854.08, 189669
1712691052, 1, 63, 5670, 5663, 2600, 11.49%, 0, 0, 3, 1473.74, 196655
1712691242, 1, 90, 5670, 5662, 2600, 11.49%, 0, 0, 3, 2.02, 210109
1712691247, 1, 148, 5670, 5659, 2598, 11.49%, 0, 0, 3, 1472.49, 217576
1712691252, 1, 170, 5670, 5658, 2597, 11.49%, 0, 0, 3, 1368.17, 224526
1712691257, 1, 173, 5671, 5658, 2596, 11.49%, 0, 0, 3, 1431.96, 231113
1712691458, 1, 173, 5672, 5659, 2596, 11.49%, 0, 0, 3, 1215.87, 241261
1712691463, 1, 173, 5674, 5661, 2596, 11.50%, 0, 0, 3, 1405.43, 244437
1712691474, 1, 179, 5675, 5661, 2596, 11.50%, 0, 0, 3, 201.85, 251419
1712691679, 1, 190, 5675, 5660, 2595, 11.50%, 0, 0, 3, 231.28, 267801
1712691685, 1, 190, 5676, 5661, 2595, 11.50%, 0, 0, 3, 92.07, 272629
1712691884, 1, 190, 5679, 5664, 2595, 11.50%, 0, 0, 3, 1370.18, 285460
1712691889, 1, 191, 5680, 5664, 2594, 11.50%, 0, 0, 3, 855.81, 289599
1712691894, 1, 191, 5681, 5665, 2594, 11.50%, 0, 0, 3, 1282.03, 296633
1712692083, 1, 207, 5681, 5664, 2594, 11.50%, 0, 0, 3, 0.78, 309283
1712692088, 1, 207, 5682, 5665, 2594, 11.50%, 0, 0, 3, 1380.34, 316117
1712692099, 1, 213, 5683, 5665, 2593, 11.50%, 0, 0, 3, 1335.21, 329869
1712694191, 1, 220, 5683, 5664, 2592, 11.50%, 0, 0, 3, 0.14, 348295
1712694199, 1, 238, 5683, 5663, 2591, 11.50%, 0, 0, 3, 75.98, 355773
1712694209, 1, 238, 6038, 6017, 2590, 12.12%, 0, 0, 3, 1357.22, 366419
1712694214, 1, 238, 6818, 6797, 2590, 12.69%, 0, 0, 3, 1564.25, 374363
1712694219, 1, 252, 6899, 6878, 2995, 12.73%, 0, 0, 3, 1239.25, 379911
1712694229, 1, 265, 6899, 6876, 2993, 12.73%, 0, 0, 3, 1486.99, 390063
1712694245, 1, 286, 6899, 6875, 2992, 12.73%, 0, 0, 3, 208.57, 401093
1712694260, 1, 289, 6899, 6874, 2991, 12.73%, 0, 0, 3, 1651.90, 413211
1712694265, 1, 292, 6899, 6873, 2990, 12.73%, 0, 0, 3, 1464.82, 420427
1712694281, 1, 293, 6899, 6872, 2989, 12.73%, 0, 0, 3, 1532.90, 433347
1712694286, 1, 307, 6899, 6871, 2988, 12.73%, 0, 0, 3, 1391.83, 440331
1712694297, 1, 325, 6899, 6870, 2987, 12.73%, 0, 0, 3, 1376.20, 454183
1712694302, 1, 332, 6899, 6869, 2986, 12.73%, 0, 0, 3, 1473.51, 461518
1712694318, 1, 350, 6899, 6868, 2986, 12.73%, 0, 0, 3, 97.35, 470415
1712694325, 1, 358, 6899, 6867, 2985, 12.73%, 0, 0, 3, 112.23, 476105
1712694335, 1, 372, 6899, 6866, 2984, 12.73%, 0, 0, 3, 90.11, 482247
1712694398, 1, 372, 6899, 6866, 2984, 12.73%, 0, 1, 3, 3.29, 485219
1712694414, 1, 372, 6901, 6868, 2984, 12.73%, 0, 1, 3, 1220.34, 496059
1712694420, 1, 372, 6902, 6869, 2984, 12.73%, 0, 1, 3, 994.21, 499375
1712694425, 1, 374, 6902, 6868, 2985, 12.73%, 0, 1, 3, 918.25, 502760
1712694609, 1, 374, 6903, 6869, 2985, 12.73%, 0, 1, 3, 0.17, 507547
1712694624, 1, 379, 6904, 6869, 2984, 12.73%, 0, 1, 3, 1291.64, 527039
1712694629, 1, 380, 6904, 6868, 2984, 12.73%, 0, 1, 3, 1434.62, 534269
1712694819, 1, 383, 6904, 6867, 2983, 12.73%, 0, 1, 3, 0.12, 545492
1712694829, 1, 386, 6904, 6866, 2982, 12.73%, 0, 1, 3, 159.82, 551262
1712694839, 1, 386, 6905, 6867, 2982, 12.73%, 0, 1, 3, 1215.90, 563518
1712695030, 1, 402, 6906, 6867, 2981, 12.73%, 0, 1, 3, 0.51, 573708
1712695054, 1, 402, 6908, 6869, 2981, 12.73%, 0, 1, 3, 1076.28, 585934
1712695245, 1, 414, 6908, 6868, 2981, 12.73%, 0, 1, 3, 1534.15, 591346
1712695261, 1, 417, 6908, 6867, 2980, 12.73%, 0, 1, 3, 1876.72, 602394
1712695266, 1, 417, 6909, 6868, 2980, 12.73%, 0, 1, 3, 1430.77, 609229
1712695450, 1, 417, 6910, 6869, 2980, 12.73%, 0, 1, 3, 1.11, 614051
1712695460, 1, 421, 6910, 6868, 2980, 12.73%, 0, 1, 3, 1335.69, 627451
1712695470, 1, 421, 6911, 6869, 2980, 12.74%, 0, 1, 3, 1465.18, 636296
1712695476, 1, 429, 6911, 6868, 2980, 12.74%, 0, 1, 3, 1268.77, 642770
1712695660, 1, 431, 6911, 6867, 2979, 12.74%, 0, 1, 3, 1.11, 648489
1712695665, 1, 434, 6911, 6866, 2978, 12.74%, 0, 1, 3, 1479.64, 655751
1712695670, 1, 438, 6911, 6864, 2976, 12.74%, 0, 1, 3, 1320.93, 662394
1712695676, 1, 449, 6911, 6861, 2973, 12.74%, 0, 1, 3, 1362.34, 669057
1712695686, 1, 469, 6911, 6859, 2971, 12.74%, 0, 1, 3, 1192.10, 679375
1712695871, 1, 479, 6911, 6858, 2970, 12.74%, 0, 1, 3, 0.27, 684625
1712695881, 1, 485, 6911, 6857, 2969, 12.74%, 0, 1, 3, 1222.02, 694377
1712695886, 1, 490, 6911, 6856, 2968, 12.74%, 0, 1, 3, 1955.00, 699221
1712695891, 1, 492, 6911, 6855, 2967, 12.74%, 0, 1, 3, 817.57, 703690
1712696091, 1, 493, 6911, 6854, 2966, 12.74%, 0, 1, 3, 1376.72, 719110
1712696097, 1, 514, 6911, 6853, 2965, 12.74%, 0, 1, 3, 31.42, 724485
1712696108, 1, 516, 6911, 6852, 2964, 12.74%, 0, 1, 3, 108.72, 731631
1712696291, 1, 545, 6911, 6851, 2963, 12.74%, 0, 1, 3, 1.03, 736776
1712696307, 1, 549, 6911, 6850, 2962, 12.74%, 0, 1, 3, 1692.68, 744604
1712696312, 1, 555, 6911, 6849, 2961, 12.74%, 0, 1, 3, 1363.31, 751182
1712696317, 1, 555, 6912, 6850, 2961, 12.74%, 0, 1, 3, 1181.46, 756838
1712698509, 1, 555, 6913, 6851, 2961, 12.74%, 0, 1, 3, 0.04, 761152
1712698519, 1, 555, 6914, 6852, 2961, 12.75%, 0, 1, 3, 1157.51, 772609
1712698524, 1, 556, 6914, 6851, 2962, 12.75%, 0, 1, 3, 1061.55, 778295
1712698529, 1, 557, 6915, 6851, 2961, 12.75%, 0, 1, 3, 1090.72, 783667
1712698534, 1, 557, 6917, 6853, 2961, 12.75%, 0, 1, 3, 1096.62, 788912
1712698539, 1, 557, 6918, 6854, 2961, 12.75%, 0, 1, 3, 1059.23, 794149
1712698606, 1, 557, 6919, 6855, 2961, 12.76%, 0, 1, 3, 1.24, 800939
1712698611, 1, 558, 6920, 6855, 2964, 12.77%, 0, 1, 3, 1329.07, 807357
1712698617, 1, 558, 6943, 6877, 2963, 12.83%, 0, 2, 3, 193.60, 810689
1712698622, 1, 558, 7316, 7250, 2963, 13.19%, 0, 4, 3, 1316.83, 814444
1712698627, 1, 558, 7603, 7537, 2963, 13.33%, 0, 5, 3, 123.89, 817379
1712698633, 1, 558, 7680, 7614, 2963, 13.36%, 0, 9, 3, 50.86, 818176
1712698817, 1, 558, 7809, 7743, 2963, 13.42%, 0, 11, 3, 0.14, 819532
1712698822, 1, 560, 7832, 7766, 3212, 13.44%, 0, 11, 3, 216.22, 824276
1712698831, 1, 563, 7832, 7765, 3211, 13.44%, 0, 11, 3, 52.98, 827324
1712698841, 1, 570, 7832, 7764, 3210, 13.44%, 0, 11, 3, 994.64, 837942
1712698846, 1, 570, 7833, 7765, 3210, 13.44%, 0, 11, 3, 987.46, 842928
1712699032, 1, 572, 7833, 7764, 3210, 13.44%, 0, 11, 3, 1266.55, 849585
1712699037, 1, 572, 7834, 7765, 3210, 13.44%, 0, 11, 3, 1047.36, 854470
1712699047, 1, 574, 7834, 7764, 3209, 13.44%, 0, 11, 3, 992.02, 862951
1712699237, 1, 585, 7834, 7763, 3208, 13.44%, 0, 11, 3, 0.61, 869931
1712699242, 1, 587, 7834, 7762, 3207, 13.44%, 0, 11, 3, 1590.97, 877535
1712699253, 1, 589, 7834, 7761, 3206, 13.44%, 0, 11, 3, 375.96, 887401
1712699258, 1, 596, 7834, 7760, 3205, 13.44%, 0, 11, 3, 1748.09, 892460
1712699263, 1, 596, 7835, 7761, 3205, 13.44%, 0, 11, 3, 1236.95, 897462
1712699448, 1, 596, 7836, 7762, 3205, 13.44%, 0, 11, 3, 0.96, 901832
1712699463, 1, 599, 7836, 7761, 3206, 13.44%, 0, 11, 3, 1216.96, 918571
1712699658, 1, 601, 7836, 7760, 3205, 13.44%, 0, 11, 3, 0.43, 925519
1712699663, 1, 601, 7837, 7761, 3205, 13.44%, 0, 11, 3, 1330.87, 932167
1712699668, 1, 623, 7837, 7759, 3203, 13.44%, 0, 11, 3, 1218.54, 938202
1712699873, 1, 624, 7837, 7758, 3202, 13.44%, 0, 11, 3, 236.39, 945447
1712699884, 1, 630, 7837, 7756, 3200, 13.44%, 0, 11, 3, 1277.81, 955877
1712699889, 1, 631, 7837, 7755, 3199, 13.44%, 0, 11, 3, 1358.45, 960417
1712700079, 1, 640, 7837, 7753, 3197, 13.44%, 0, 12, 3, 0.28, 969661
1712700094, 1, 644, 7837, 7752, 3197, 13.44%, 0, 12, 3, 1503.70, 976165
1712700104, 1, 644, 7838, 7753, 3197, 13.44%, 0, 12, 4, 1179.11, 988447
1712700294, 1, 647, 7838, 7752, 3197, 13.44%, 0, 12, 4, 1299.56, 999883
1712700299, 1, 654, 7838, 7751, 3196, 13.44%, 0, 12, 4, 1287.56, 1006536
1712700304, 1, 679, 7838, 7750, 3195, 13.44%, 0, 12, 4, 1295.71, 1013162
1712700309, 1, 689, 7838, 7749, 3194, 13.44%, 0, 12, 4, 1211.00, 1019032
1712700315, 1, 695, 7839, 7749, 3193, 13.44%, 0, 12, 4, 1202.09, 1025337
1712700505, 1, 696, 7839, 7748, 3192, 13.44%, 0, 12, 4, 1405.50, 1037425
1712700510, 1, 702, 7839, 7746, 3191, 13.44%, 0, 12, 4, 1327.98, 1044138
1712700515, 1, 704, 7839, 7745, 3191, 13.44%, 0, 12, 4, 1308.42, 1050676
1712700520, 1, 704, 7840, 7746, 3191, 13.44%, 0, 12, 4, 1179.27, 1056503
1712700525, 1, 704, 7841, 7747, 3191, 13.44%, 0, 12, 4, 1255.57, 1062825
1712702814, 1, 704, 7843, 7749, 3191, 13.44%, 0, 12, 4, 0.03, 1067912
1712702819, 1, 705, 7843, 7748, 3190, 13.44%, 0, 12, 4, 221.73, 1074053
1712702825, 1, 705, 7844, 7749, 3190, 13.44%, 0, 12, 4, 1617.78, 1079084
1712702830, 1, 705, 7846, 7751, 3190, 13.44%, 0, 12, 4, 1238.10, 1084020
1712702840, 1, 705, 7847, 7752, 3190, 13.44%, 0, 12, 4, 1222.73, 1096604
1712703024, 1, 705, 7930, 7834, 3189, 13.48%, 0, 13, 4, 0.50, 1098593
1712703029, 1, 707, 7936, 7840, 3202, 13.48%, 0, 13, 4, 1080.33, 1104416
1712703035, 1, 710, 7936, 7838, 3200, 13.48%, 0, 13, 4, 112.21, 1111164
1712703040, 1, 714, 7936, 7837, 3199, 13.48%, 0, 13, 4, 1364.09, 1117822
1712703045, 1, 714, 7937, 7838, 3199, 13.48%, 0, 13, 4, 1150.62, 1123461
1712703235, 1, 715, 7937, 7837, 3199, 13.48%, 0, 13, 4, 0.23, 1134058
1712703240, 1, 716, 7937, 7836, 3198, 13.48%, 0, 13, 4, 1274.49, 1140333
1712703245, 1, 717, 7937, 7835, 3197, 13.48%, 0, 13, 4, 1317.63, 1147055
1712703250, 1, 719, 7937, 7834, 3196, 13.48%, 0, 13, 4, 1173.20, 1152955
1712703255, 1, 721, 7938, 7834, 3195, 13.48%, 0, 13, 4, 1173.94, 1158830
1712706961, 1, 722, 7938, 7833, 3194, 13.48%, 0, 13, 4, 0.01, 1169619
1712707027, 1, 722, 8201, 8095, 3193, 14.95%, 0, 13, 4, 1220.53, 1176027
1712707032, 1, 722, 8866, 8760, 3193, 15.69%, 0, 13, 4, 1203.52, 1182158
1712707037, 1, 722, 9486, 9380, 3193, 16.06%, 0, 13, 4, 1146.17, 1187993
1712707042, 1, 723, 9639, 9533, 3872, 16.13%, 0, 13, 4, 1136.74, 1193794
1712707048, 1, 730, 9640, 9533, 3871, 16.13%, 0, 13, 4, 1008.62, 1198978
1712707233, 1, 730, 9641, 9534, 3871, 16.13%, 0, 13, 4, 1.00, 1203259
1712707248, 1, 731, 9641, 9533, 3871, 16.13%, 0, 13, 4, 1134.95, 1220482
1712707253, 1, 731, 9642, 9534, 3871, 16.13%, 0, 13, 4, 1131.36, 1226389
1712707443, 1, 732, 9642, 9533, 3870, 16.13%, 0, 13, 4, 0.23, 1234985
1712707448, 1, 733, 9642, 9532, 3868, 16.13%, 0, 13, 4, 1383.86, 1239045
1712707453, 1, 733, 9643, 9533, 3868, 16.13%, 0, 13, 4, 1035.00, 1244388
1712707464, 1, 736, 9643, 9532, 3868, 16.13%, 0, 13, 4, 1111.62, 1255163
1712707469, 1, 738, 9643, 9531, 3867, 16.13%, 0, 13, 4, 930.33, 1259305
1712707658, 1, 739, 9644, 9531, 3866, 16.13%, 0, 13, 4, 1202.98, 1266201
1712707669, 1, 739, 9645, 9532, 3866, 16.13%, 0, 13, 4, 1076.46, 1276217
1712707679, 1, 739, 9646, 9533, 3866, 16.13%, 0, 13, 4, 968.76, 1287004
1712707864, 1, 740, 9646, 9532, 3865, 16.13%, 0, 13, 4, 0.46, 1289962
1712707869, 1, 740, 9647, 9533, 3865, 16.14%, 0, 13, 4, 1169.93, 1294914
1712707874, 1, 740, 9648, 9534, 3865, 16.14%, 0, 13, 4, 1121.66, 1299366
1712707879, 1, 740, 9649, 9535, 3865, 16.14%, 0, 13, 4, 1152.13, 1305023
1712707889, 1, 743, 9649, 9534, 3865, 16.14%, 0, 13, 4, 1076.96, 1315803
1712708074, 1, 744, 9649, 9533, 3864, 16.14%, 0, 13, 4, 0.64, 1319508
1712708086, 1, 745, 9649, 9532, 3863, 16.14%, 0, 13, 4, 114.83, 1326403
1712708098, 1, 746, 9649, 9531, 3862, 16.14%, 0, 13, 4, 1211.02, 1332759
1712708289, 1, 747, 9650, 9531, 3861, 16.14%, 0, 13, 4, 1017.15, 1343117
1712708295, 1, 750, 9650, 9530, 3861, 16.14%, 0, 13, 4, 1065.37, 1347540
1712708300, 1, 750, 9651, 9531, 3861, 16.14%, 0, 13, 4, 973.68, 1351270
1712708305, 1, 750, 9652, 9532, 3861, 16.14%, 0, 13, 4, 992.75, 1354774
1712708310, 1, 750, 9654, 9534, 3861, 16.14%, 0, 13, 4, 1039.02, 1360232
1712708495, 1, 750, 9655, 9535, 3861, 16.14%, 0, 13, 4, 0.53, 1364203
1712708500, 1, 752, 9656, 9535, 3860, 16.14%, 0, 13, 4, 1380.74, 1371277
1712708505, 1, 752, 9657, 9536, 3860, 16.14%, 0, 13, 4, 1381.89, 1378197
1712708515, 1, 752, 9658, 9537, 3860, 16.14%, 0, 13, 4, 1142.12, 1389518
1712708520, 1, 753, 9658, 9536, 3860, 16.14%, 0, 13, 4, 1099.01, 1395107
1712708710, 1, 755, 9658, 9534, 3858, 16.14%, 0, 13, 4, 1687.25, 1403789
1712708715, 1, 755, 9659, 9535, 3858, 16.14%, 0, 13, 4, 758.83, 1409691
1712708720, 1, 755, 9660, 9536, 3858, 16.14%, 0, 13, 4, 1100.40, 1415145
1712708915, 1, 757, 9660, 9534, 3859, 16.14%, 0, 13, 4, 0.88, 1430758
1712708921, 1, 760, 9660, 9533, 3858, 16.14%, 0, 13, 4, 1687.31, 1434382
1712708926, 1, 762, 9660, 9532, 3857, 16.14%, 0, 13, 4, 1350.00, 1438665
1712708931, 1, 765, 9660, 9531, 3856, 16.14%, 0, 13, 4, 209.58, 1442732
1712708942, 1, 766, 9660, 9530, 3855, 16.14%, 0, 13, 4, 790.09, 1450388
1712710954, 1, 772, 10098, 9967, 3902, 16.30%, 0, 13, 4, 953.72, 1459185
1712710975, 1, 773, 10098, 9966, 3901, 16.30%, 0, 13, 4, 75.47, 1473070
1712710980, 1, 774, 10098, 9965, 3900, 16.30%, 0, 13, 4, 1749.94, 1476815
1712710985, 1, 775, 10098, 9964, 3899, 16.30%, 0, 13, 4, 1332.89, 1483038
1712710996, 1, 776, 10098, 9963, 3898, 16.30%, 0, 13, 4, 83.09, 1488870
1712711007, 1, 780, 10098, 9962, 3897, 16.30%, 0, 13, 4, 1261.95, 1501145
1712711012, 1, 782, 10098, 9960, 3895, 16.30%, 0, 13, 4, 1284.95, 1505806
1712711017, 1, 788, 10098, 9959, 3894, 16.30%, 0, 13, 4, 1172.58, 1511407
1712711022, 1, 790, 10099, 9959, 3893, 16.30%, 0, 13, 4, 1351.22, 1515911
1712711027, 1, 790, 10100, 9960, 3893, 16.30%, 0, 13, 4, 1071.33, 1521047
1712711037, 1, 790, 10104, 9964, 3893, 16.30%, 0, 13, 4, 1279.08, 1531089
1712711042, 1, 790, 10105, 9965, 3893, 16.30%, 0, 13, 4, 1182.62, 1536895
1712711047, 1, 792, 10105, 9964, 3891, 16.30%, 0, 13, 4, 1230.42, 1542541
1712711052, 1, 793, 10106, 9964, 3890, 16.30%, 0, 13, 4, 1132.91, 1547564
1712711058, 1, 793, 10107, 9965, 3890, 16.30%, 0, 13, 4, 1273.78, 1554386
1712711235, 1, 793, 10108, 9966, 3890, 16.30%, 0, 13, 4, 1186.23, 1562616
1712711246, 1, 798, 10109, 9966, 3889, 16.30%, 0, 13, 4, 1218.19, 1574249
1712711256, 1, 799, 10109, 9965, 3888, 16.30%, 0, 13, 4, 1064.42, 1583850
1712711446, 1, 800, 10109, 9964, 3887, 16.30%, 0, 13, 4, 1304.43, 1593900
1712711452, 1, 801, 10117, 9971, 3888, 16.30%, 0, 13, 4, 247.25, 1598276
1712711468, 1, 803, 10117, 9970, 3889, 16.30%, 0, 13, 4, 75.34, 1610835
1712711656, 1, 803, 10118, 9971, 3889, 16.30%, 0, 13, 4, 1290.17, 1616195
1712711661, 1, 807, 10118, 9970, 3888, 16.30%, 0, 13, 4, 1184.12, 1622321
1712711666, 1, 808, 10118, 9969, 3887, 16.30%, 0, 13, 4, 1205.76, 1628471
1712711677, 1, 809, 10118, 9968, 3886, 16.30%, 0, 13, 4, 1104.94, 1636992
1712711862, 1, 812, 10118, 9967, 3885, 16.30%, 0, 13, 4, 0.58, 1641351
1712711872, 1, 820, 10118, 9966, 3884, 16.30%, 0, 13, 4, 781.32, 1650839
1712711877, 1, 821, 10118, 9965, 3883, 16.30%, 0, 13, 4, 1049.07, 1655037
1712711882, 1, 822, 10118, 9964, 3882, 16.30%, 0, 13, 4, 230.03, 1659181
1712712072, 1, 824, 10118, 9963, 3881, 16.30%, 0, 13, 4, 1.23, 1665760
1712712083, 1, 826, 10118, 9962, 3880, 16.30%, 0, 13, 4, 80.47, 1673075
1712712094, 1, 826, 10129, 9973, 3880, 16.32%, 0, 13, 4, 1070.90, 1679939
1712712099, 1, 826, 10131, 9975, 3880, 16.32%, 0, 13, 4, 1106.24, 1685629
1712712287, 1, 826, 10133, 9977, 3880, 16.32%, 0, 13, 4, 1240.20, 1694191
1712712292, 1, 830, 10133, 9976, 3888, 16.32%, 0, 13, 4, 1262.24, 1700675
1712712297, 1, 839, 10133, 9975, 3887, 16.32%, 0, 13, 4, 472.88, 1706394
1712712302, 1, 840, 10133, 9974, 3886, 16.32%, 0, 13, 4, 845.19, 1710898
1712712493, 1, 841, 10133, 9973, 3885, 16.32%, 0, 13, 4, 0.35, 1715826
1712712498, 1, 842, 10133, 9972, 3883, 16.32%, 0, 13, 4, 1403.99, 1722646
1712712508, 1, 843, 10133, 9971, 3882, 16.32%, 0, 13, 4, 1165.00, 1732937
1712712513, 1, 847, 10133, 9970, 3881, 16.32%, 0, 13, 4, 982.63, 1736762
1712712518, 1, 852, 10133, 9969, 3880, 16.32%, 0, 13, 4, 881.39, 1741173
1712712708, 1, 853, 10133, 9968, 3879, 16.32%, 0, 13, 4, 260.65, 1749742
1712712719, 1, 862, 10133, 9967, 3878, 16.32%, 0, 13, 4, 1277.43, 1756837
1712712724, 1, 863, 10133, 9966, 3877, 16.32%, 0, 13, 4, 1031.48, 1761448
1712712729, 1, 865, 10133, 9965, 3876, 16.32%, 0, 13, 4, 1075.79, 1766818
1712712918, 1, 872, 10133, 9964, 3875, 16.32%, 0, 13, 4, 684.26, 1775115
1712712923, 1, 877, 10133, 9963, 3874, 16.32%, 0, 13, 4, 1048.39, 1779822
1712712929, 1, 879, 10133, 9962, 3874, 16.32%, 0, 13, 4, 185.53, 1783908
1712712939, 1, 880, 10133, 9961, 3873, 16.32%, 0, 13, 4, 1172.96, 1795699
1712713124, 1, 881, 10133, 9960, 3872, 16.32%, 0, 13, 4, 0.89, 1798658
1712713129, 1, 882, 10133, 9959, 3871, 16.32%, 0, 13, 4, 226.64, 1803002
1712713139, 1, 883, 10133, 9958, 3870, 16.32%, 0, 13, 4, 919.51, 1811624
1712713145, 1, 886, 10133, 9957, 3869, 16.32%, 0, 13, 4, 100.00, 1815716
1712713274, 1, 888, 10133, 9956, 3868, 16.32%, 0, 13, 4, 2.11, 1822337
1712713280, 1, 888, 10134, 9957, 3868, 16.32%, 0, 13, 4, 1162.22, 1828158
1712713290, 1, 889, 10134, 9956, 3867, 16.32%, 0, 13, 4, 186.94, 1837789
1712713295, 1, 892, 10134, 9955, 3866, 16.32%, 0, 13, 4, 1319.89, 1841995
1712713305, 1, 893, 10134, 9954, 3865, 16.32%, 0, 13, 4, 1243.78, 1849718
1712713310, 1, 893, 10134, 9953, 3864, 16.32%, 0, 13, 4, 45.89, 1853560
1712713315, 1, 894, 10254, 10073, 3884, 16.36%, 0, 14, 4, 26.37, 1855999
1712713321, 1, 897, 10254, 10072, 3883, 16.36%, 0, 14, 4, 1325.89, 1860547
1712713326, 1, 898, 10254, 10071, 3882, 16.36%, 0, 14, 4, 1225.88, 1865683
1712713331, 1, 899, 10254, 10070, 3881, 16.36%, 0, 14, 4, 1143.98, 1871251
1712713337, 1, 901, 10254, 10069, 3880, 16.36%, 0, 14, 4, 1081.79, 1876363
1712713347, 1, 902, 10254, 10068, 3879, 16.36%, 0, 14, 4, 112.46, 1884001
1712713357, 1, 903, 10254, 10067, 3878, 16.36%, 0, 14, 4, 1251.82, 1893415
1712713362, 1, 905, 10254, 10066, 3878, 16.36%, 0, 14, 4, 1035.09, 1898267
1712713367, 1, 906, 10254, 10065, 3877, 16.36%, 0, 14, 4, 1119.27, 1903918
1712713372, 1, 907, 10255, 10065, 3876, 16.36%, 0, 14, 4, 1106.96, 1909883
1712713388, 1, 909, 10255, 10064, 3876, 16.36%, 0, 14, 4, 1215.53, 1923730
1712713393, 1, 910, 10255, 10063, 3875, 16.36%, 0, 14, 4, 1160.10, 1927716
1712713403, 1, 911, 10255, 10062, 3874, 16.36%, 0, 14, 4, 193.31, 1935432
1712713408, 1, 915, 10255, 10061, 3873, 16.36%, 0, 14, 4, 1529.60, 1941162
1712713413, 1, 918, 10255, 10060, 3872, 16.36%, 0, 14, 4, 1215.09, 1947136
1712713419, 1, 919, 10255, 10059, 3871, 16.36%, 0, 14, 4, 92.75, 1952255
1712713424, 1, 920, 10255, 10058, 3870, 16.36%, 0, 14, 4, 1575.87, 1959859
1712713439, 1, 922, 10255, 10057, 3869, 16.36%, 0, 14, 4, 15.71, 1966250
1712713462, 1, 923, 10255, 10056, 3868, 16.36%, 0, 14, 4, 1437.43, 1972988
1712713467, 1, 927, 10255, 10055, 3867, 16.36%, 0, 14, 4, 1251.31, 1979013
1712713472, 1, 928, 10255, 10054, 3866, 16.36%, 0, 14, 4, 1369.86, 1984117
1712713483, 1, 929, 10255, 10053, 3865, 16.36%, 0, 14, 4, 1068.97, 1995085
1712713488, 1, 931, 10255, 10052, 3864, 16.36%, 0, 14, 4, 1285.13, 2000172
1712713493, 1, 935, 10255, 10051, 3863, 16.36%, 0, 14, 4, 72.18, 2004475
1712713503, 1, 936, 10256, 10051, 3862, 16.36%, 0, 14, 4, 1339.95, 2011681
1712713514, 1, 936, 10258, 10053, 3862, 16.36%, 0, 14, 4, 1192.25, 2022889
1712713524, 1, 944, 10258, 10052, 3861, 16.36%, 0, 14, 4, 1248.08, 2035646
1712713529, 1, 946, 10258, 10051, 3861, 16.36%, 0, 14, 4, 1250.80, 2041359
1712713534, 1, 947, 10258, 10050, 3860, 16.36%, 0, 14, 4, 1220.82, 2046709
1712713539, 1, 947, 10259, 10051, 3860, 16.36%, 0, 14, 4, 1195.91, 2051534
1712713555, 1, 948, 10259, 10050, 3860, 16.36%, 0, 14, 4, 1248.19, 2066649
1712713561, 1, 949, 10259, 10049, 3859, 16.36%, 0, 14, 4, 78.92, 2071753
1712713572, 1, 952, 10259, 10048, 3858, 16.36%, 0, 14, 4, 1180.92, 2078912
1712713577, 1, 954, 10259, 10047, 3857, 16.36%, 0, 14, 4, 1563.17, 2084066
1712713583, 1, 955, 10259, 10046, 3856, 16.36%, 0, 14, 4, 1176.48, 2087820
1712713588, 1, 960, 10259, 10045, 3855, 16.36%, 0, 14, 4, 1371.79, 2092955
1712713593, 1, 963, 10259, 10044, 3854, 16.36%, 0, 14, 4, 1271.02, 2099194
1712713598, 1, 965, 10259, 10043, 3853, 16.36%, 0, 14, 4, 1631.04, 2102248
1712713603, 1, 966, 10259, 10042, 3852, 16.36%, 0, 14, 4, 1232.45, 2106516
1712713608, 1, 970, 10259, 10041, 3851, 16.36%, 0, 14, 4, 1140.02, 2110650
1712713613, 1, 972, 10259, 10040, 3850, 16.36%, 0, 14, 4, 1189.41, 2116695
1712713623, 1, 973, 10261, 10041, 3849, 16.37%, 0, 14, 4, 1323.75, 2127355
1712713644, 1, 975, 10261, 10040, 3850, 16.37%, 0, 14, 4, 1143.87, 2150372
1712713649, 1, 980, 10261, 10039, 3849, 16.37%, 0, 14, 4, 1225.00, 2155599
1712713659, 1, 980, 10262, 10040, 3849, 16.37%, 0, 14, 4, 1330.94, 2166027
1712713664, 1, 982, 10262, 10039, 3848, 16.37%, 0, 14, 4, 1174.83, 2171230
1712713669, 1, 983, 10262, 10038, 3847, 16.37%, 0, 14, 4, 1363.84, 2176056
1712713675, 1, 983, 10263, 10039, 3847, 16.37%, 0, 14, 4, 142.96, 2179370
1712713680, 1, 986, 10263, 10038, 3847, 16.37%, 0, 14, 4, 1335.19, 2186017
1712713691, 1, 988, 10263, 10036, 3845, 16.37%, 0, 14, 4, 92.89, 2194118
1712713701, 1, 993, 10263, 10034, 3843, 16.37%, 0, 14, 4, 1535.00, 2204069
1712713706, 1, 995, 10263, 10033, 3842, 16.37%, 0, 14, 4, 1446.38, 2210054
1712713712, 1, 996, 10263, 10032, 3841, 16.37%, 0, 14, 4, 1184.78, 2214255
1712713722, 1, 998, 10263, 10031, 3840, 16.37%, 0, 14, 4, 1153.75, 2224800
1712713727, 1, 999, 10263, 10030, 3839, 16.37%, 0, 14, 4, 1273.16, 2229251
1712713732, 1, 1000, 10263, 10029, 3838, 16.37%, 0, 14, 4, 1201.14, 2234544
1712713738, 1, 1002, 10263, 10028, 3837, 16.37%, 0, 14, 4, 1111.16, 2239699
1712713748, 1, 1003, 10263, 10027, 3835, 16.37%, 0, 14, 4, 1207.88, 2248560
1712713754, 1, 1004, 10263, 10026, 3834, 16.37%, 0, 14, 4, 201.17, 2253586
1712713765, 1, 1005, 10263, 10025, 3833, 16.37%, 0, 14, 4, 1210.77, 2260765
1712713775, 1, 1006, 10263, 10024, 3832, 16.37%, 0, 14, 4, 1574.14, 2265909
1712713793, 1, 1007, 10263, 10023, 3831, 16.37%, 0, 14, 4, 1076.42, 2274640
1712713799, 1, 1010, 10263, 10022, 3830, 16.37%, 0, 14, 4, 73.80, 2277704
1712713809, 1, 1011, 10263, 10021, 3829, 16.37%, 0, 14, 4, 1261.00, 2287116
1712713814, 1, 1012, 10264, 10021, 3828, 16.37%, 0, 14, 4, 1212.89, 2292595
1712713819, 1, 1012, 10265, 10022, 3828, 16.37%, 0, 14, 4, 1243.18, 2299082
1712713829, 1, 1012, 10266, 10023, 3828, 16.37%, 0, 14, 4, 1191.99, 2311331
1712713834, 1, 1013, 10266, 10022, 3827, 16.37%, 0, 14, 4, 1334.72, 2317091
1712713839, 1, 1024, 10266, 10021, 3826, 16.37%, 0, 14, 4, 1158.25, 2322210
1712713849, 1, 1025, 10266, 10020, 3825, 16.37%, 0, 14, 4, 1476.96, 2330681
1712713856, 1, 1028, 10266, 10019, 3824, 16.37%, 0, 14, 4, 57.43, 2335659
1712713868, 1, 1028, 10268, 10021, 3824, 16.38%, 0, 14, 4, 1341.83, 2341187
1712713873, 1, 1028, 10269, 10022, 3824, 16.38%, 0, 14, 4, 1272.08, 2347518
1712713883, 1, 1031, 10269, 10021, 3824, 16.38%, 0, 14, 4, 1278.67, 2360218
1712713888, 1, 1033, 10269, 10020, 3823, 16.38%, 0, 14, 4, 1268.07, 2366534
1712713899, 1, 1034, 10269, 10019, 3822, 16.38%, 0, 14, 4, 1239.84, 2378014
1712713904, 1, 1036, 10269, 10018, 3821, 16.38%, 0, 14, 4, 1713.34, 2382159
1712713909, 1, 1037, 10269, 10017, 3820, 16.38%, 0, 14, 4, 1493.83, 2386496
1712713915, 1, 1038, 10269, 10016, 3819, 16.38%, 0, 14, 4, 61.59, 2392167
1712713926, 1, 1040, 10269, 10015, 3818, 16.38%, 0, 14, 4, 1302.99, 2400456
1712713931, 1, 1041, 10269, 10014, 3817, 16.38%, 0, 14, 4, 130.75, 2403650
1712713942, 1, 1042, 10269, 10013, 3816, 16.38%, 0, 14, 4, 1721.75, 2413979
1712713947, 1, 1046, 10269, 10011, 3814, 16.38%, 0, 14, 4, 1676.97, 2420812
1712713959, 1, 1048, 10269, 10010, 3813, 16.38%, 0, 14, 4, 0.69, 2426988
1712713969, 1, 1049, 10269, 10009, 3812, 16.38%, 0, 14, 4, 143.50, 2434623
1712713975, 1, 1052, 10269, 10008, 3811, 16.38%, 0, 14, 4, 1411.23, 2440771
1712713985, 1, 1053, 10269, 10007, 3810, 16.38%, 0, 14, 4, 1243.57, 2450388
1712713990, 1, 1054, 10269, 10006, 3809, 16.38%, 0, 14, 4, 1242.54, 2456764
1712713995, 1, 1055, 10269, 10005, 3808, 16.38%, 0, 14, 4, 1333.46, 2462359
1712714000, 1, 1058, 10269, 10004, 3807, 16.38%, 0, 14, 4, 1357.07, 2467404
1712714011, 1, 1060, 10269, 10003, 3806, 16.38%, 0, 14, 4, 1149.59, 2474276
1712714016, 1, 1061, 10269, 10002, 3805, 16.38%, 0, 14, 4, 1239.99, 2479528
1712714021, 1, 1064, 10269, 10001, 3804, 16.38%, 0, 14, 4, 1281.03, 2485917
1712714032, 1, 1065, 10269, 10000, 3803, 16.38%, 0, 14, 4, 1299.00, 2495982
1712714037, 1, 1066, 10269, 9999, 3802, 16.38%, 0, 14, 4, 18.45, 2500643
1712714053, 1, 1067, 10269, 9998, 3801, 16.38%, 0, 14, 4, 1647.06, 2508950
1712714063, 1, 1068, 10269, 9997, 3800, 16.38%, 0, 14, 4, 1195.88, 2516356
1712714068, 1, 1069, 10269, 9996, 3799, 16.38%, 0, 14, 4, 246.58, 2520450
1712714088, 1, 1072, 10269, 9995, 3798, 16.38%, 0, 14, 4, 49.77, 2528085
1712714100, 1, 1073, 10269, 9994, 3797, 16.38%, 0, 14, 4, 135.55, 2531637
1712715443, 1, 1073, 10272, 9997, 3797, 16.38%, 0, 14, 4, 1098.11, 2540376
1712715448, 1, 1073, 10273, 9998, 3797, 16.38%, 0, 14, 4, 1086.64, 2546236
1712715459, 1, 1073, 10340, 10064, 3796, 16.40%, 0, 15, 4, 58.56, 2556978
1712715464, 1, 1074, 10400, 10124, 3816, 16.43%, 0, 15, 4, 935.82, 2561707
1712715648, 1, 1075, 10400, 10123, 3815, 16.43%, 0, 15, 4, 0.20, 2565193
1712715659, 1, 1076, 10400, 10122, 3814, 16.43%, 0, 15, 4, 1251.66, 2572215
1712715664, 1, 1081, 10400, 10121, 3813, 16.43%, 0, 15, 4, 147.54, 2576634
1712715674, 1, 1082, 10400, 10120, 3812, 16.43%, 0, 15, 4, 1015.78, 2584870
1712715864, 1, 1084, 10400, 10119, 3811, 16.43%, 0, 15, 4, 1200.72, 2593401
1712715869, 1, 1089, 10400, 10118, 3810, 16.43%, 0, 15, 4, 1348.42, 2597777
1712715880, 1, 1089, 10401, 10119, 3810, 16.43%, 0, 15, 4, 79.29, 2601118
1712715885, 1, 1089, 10405, 10123, 3810, 16.43%, 0, 15, 4, 909.62, 2604351
1712716074, 1, 1089, 10407, 10125, 3810, 16.43%, 0, 15, 4, 1174.44, 2613531
1712716084, 1, 1093, 10407, 10124, 3811, 16.43%, 0, 15, 4, 1122.03, 2625448
1712716090, 1, 1095, 10407, 10123, 3810, 16.43%, 0, 15, 4, 1109.36, 2630898
1712716095, 1, 1098, 10407, 10122, 3809, 16.43%, 0, 15, 4, 897.95, 2635185
1712716284, 1, 1099, 10407, 10121, 3808, 16.43%, 0, 15, 4, 1267.45, 2643436
1712716290, 1, 1102, 10407, 10120, 3807, 16.43%, 0, 15, 4, 1132.10, 2648230
1712716295, 1, 1104, 10407, 10119, 3806, 16.43%, 0, 15, 4, 968.96, 2653087
1712716302, 1, 1109, 10407, 10118, 3805, 16.43%, 0, 15, 4, 15.47, 2657946
1712716495, 1, 1111, 10407, 10117, 3804, 16.43%, 0, 15, 4, 1328.11, 2664116
1712716510, 1, 1112, 10407, 10116, 3803, 16.43%, 0, 15, 4, 1087.19, 2672991
1712716515, 1, 1113, 10407, 10115, 3802, 16.43%, 0, 15, 4, 1234.09, 2676119
1712716705, 1, 1115, 10407, 10114, 3801, 16.43%, 0, 15, 4, 481.64, 2683274
1712716721, 1, 1116, 10407, 10113, 3800, 16.43%, 0, 15, 4, 138.94, 2691161
1712716916, 1, 1119, 10407, 10112, 3799, 16.43%, 0, 15, 4, 94.79, 2699342
1712716926, 1, 1121, 10407, 10111, 3798, 16.43%, 0, 15, 4, 1582.09, 2708311
1712716937, 1, 1122, 10407, 10110, 3797, 16.43%, 0, 15, 4, 400.53, 2714343
1712717126, 1, 1124, 10407, 10109, 3796, 16.43%, 0, 15, 4, 1145.27, 2721149
1712717131, 1, 1128, 10407, 10108, 3795, 16.43%, 0, 15, 4, 137.54, 2726162
1712717141, 1, 1134, 10407, 10107, 3794, 16.43%, 0, 15, 4, 1154.10, 2735460
1712717331, 1, 1135, 10407, 10106, 3793, 16.43%, 0, 15, 4, 0.80, 2739812
1712717337, 1, 1137, 10407, 10105, 3792, 16.43%, 0, 15, 4, 69.04, 2743126
1712717347, 1, 1141, 10407, 10104, 3791, 16.43%, 0, 15, 4, 1398.44, 2750275
1712717357, 1, 1143, 10407, 10103, 3790, 16.43%, 0, 15, 4, 1088.83, 2757437
1712719029, 1, 1144, 10407, 10102, 3788, 16.43%, 0, 15, 4, 0.02, 2761352
1712719040, 1, 1146, 10778, 10472, 3850, 16.57%, 0, 15, 4, 93.62, 2772160
1712719051, 1, 1147, 10778, 10471, 3849, 16.57%, 0, 15, 4, 1197.03, 2779357
1712719056, 1, 1148, 10778, 10470, 3848, 16.57%, 0, 15, 4, 1113.83, 2785040
1712719061, 1, 1149, 10778, 10469, 3847, 16.57%, 0, 15, 4, 131.45, 2789419
1712719072, 1, 1152, 10778, 10468, 3846, 16.57%, 0, 15, 4, 190.33, 2797854
1712719078, 1, 1157, 10778, 10467, 3845, 16.57%, 0, 15, 4, 127.05, 2802180
1712719088, 1, 1164, 10778, 10466, 3844, 16.57%, 0, 15, 4, 1548.06, 2809283
1712719093, 1, 1171, 10778, 10464, 3842, 16.57%, 0, 15, 4, 1344.78, 2815824
1712719098, 1, 1171, 10779, 10465, 3842, 16.57%, 0, 15, 4, 1247.52, 2819776
1712719109, 1, 1172, 10779, 10464, 3842, 16.57%, 0, 15, 4, 1316.47, 2829290
1712719119, 1, 1173, 10779, 10463, 3841, 16.57%, 0, 15, 4, 1112.85, 2839895
1712719124, 1, 1176, 10779, 10462, 3840, 16.57%, 0, 15, 4, 1249.97, 2845284
1712719129, 1, 1176, 10780, 10463, 3840, 16.57%, 0, 15, 4, 1177.15, 2851058
1712719135, 1, 1178, 10780, 10462, 3839, 16.57%, 0, 15, 4, 87.44, 2855585
1712719146, 1, 1179, 10780, 10461, 3838, 16.57%, 0, 15, 4, 1403.50, 2862253
1712719151, 1, 1180, 10780, 10460, 3837, 16.57%, 0, 15, 4, 1098.43, 2867527
1712719157, 1, 1186, 10780, 10459, 3836, 16.57%, 0, 15, 4, 1315.35, 2872467
1712719162, 1, 1187, 10781, 10459, 3835, 16.57%, 0, 15, 4, 1151.74, 2877896
1712719172, 1, 1188, 10781, 10458, 3834, 16.57%, 0, 15, 4, 1150.24, 2889397
1712719182, 1, 1194, 10782, 10458, 3833, 16.57%, 0, 15, 4, 1132.46, 2899950
1712719192, 1, 1195, 10782, 10457, 3833, 16.57%, 0, 15, 4, 1071.19, 2911233
1712719197, 1, 1197, 10782, 10456, 3832, 16.57%, 0, 15, 4, 1116.62, 2916091
1712719202, 1, 1202, 10782, 10455, 3831, 16.57%, 0, 15, 4, 1036.07, 2921144
1712719207, 1, 1203, 10782, 10454, 3830, 16.57%, 0, 15, 4, 1130.68, 2927050
1712719218, 1, 1204, 10782, 10453, 3829, 16.57%, 0, 15, 4, 271.84, 2935706
1712719228, 1, 1205, 10782, 10452, 3828, 16.57%, 0, 15, 4, 996.30, 2942974
1712719233, 1, 1207, 10782, 10451, 3827, 16.57%, 0, 15, 4, 1107.05, 2946981
1712719238, 1, 1208, 10782, 10450, 3826, 16.57%, 0, 15, 4, 1044.04, 2951717
1712719244, 1, 1209, 10782, 10449, 3825, 16.57%, 0, 15, 4, 1024.33, 2956462
1712719260, 1, 1211, 10782, 10448, 3824, 16.57%, 0, 15, 4, 58.78, 2962169
1712719270, 1, 1212, 10782, 10447, 3823, 16.57%, 0, 15, 4, 1118.22, 2970649
1712719276, 1, 1215, 10782, 10446, 3822, 16.57%, 0, 15, 4, 974.33, 2975874
1712719656, 1, 1216, 10782, 10445, 3821, 16.57%, 0, 15, 4, 483.33, 2983955
1712719661, 1, 1218, 10782, 10444, 3820, 16.57%, 0, 15, 4, 1176.52, 2988734
1712719671, 1, 1220, 10782, 10443, 3819, 16.57%, 0, 15, 4, 1098.33, 2996022
1712719867, 1, 1221, 10782, 10442, 3818, 16.57%, 0, 15, 4, 1268.23, 3003611
1712719872, 1, 1222, 10788, 10447, 3820, 16.58%, 0, 16, 4, 45.36, 3007834
1712719883, 1, 1224, 10788, 10446, 3819, 16.58%, 0, 16, 4, 34.13, 3014219
1712720072, 1, 1224, 10789, 10447, 3819, 16.59%, 0, 16, 4, 1150.22, 3018805
1712720082, 1, 1225, 10789, 10446, 3819, 16.59%, 0, 16, 4, 1220.68, 3029459
1712720087, 1, 1226, 10789, 10445, 3818, 16.59%, 0, 16, 4, 67.17, 3033088
1712720277, 1, 1229, 10789, 10444, 3817, 16.59%, 0, 16, 4, 0.23, 3038688
1712720287, 1, 1231, 10789, 10443, 3816, 16.59%, 0, 16, 4, 155.38, 3046838
1712720298, 1, 1232, 10789, 10442, 3815, 16.59%, 0, 16, 4, 1519.05, 3051798
1712720492, 1, 1235, 10789, 10441, 3814, 16.59%, 0, 16, 4, 1159.92, 3059770
1712720498, 1, 1235, 10790, 10442, 3814, 16.59%, 0, 16, 4, 1106.82, 3064631
1712720508, 1, 1241, 10790, 10441, 3814, 16.59%, 0, 16, 4, 65.45, 3073050
1712720513, 1, 1242, 10790, 10440, 3813, 16.59%, 0, 16, 4, 1640.00, 3076428
1712720703, 1, 1242, 10791, 10441, 3813, 16.59%, 0, 16, 4, 1070.26, 3083773
1712720713, 1, 1243, 10791, 10440, 3813, 16.59%, 0, 16, 4, 40.34, 3091248
1712720724, 1, 1244, 10791, 10439, 3812, 16.59%, 0, 16, 4, 783.61, 3098163
1712720914, 1, 1247, 10791, 10438, 3811, 16.59%, 0, 16, 4, 1126.58, 3105001
1712720919, 1, 1248, 10791, 10437, 3810, 16.59%, 0, 16, 4, 1097.80, 3109068
1712720929, 1, 1251, 10791, 10436, 3809, 16.59%, 0, 16, 4, 1221.43, 3116731
1712720934, 1, 1254, 10791, 10435, 3808, 16.59%, 0, 16, 4, 992.86, 3121433
1712721118, 1, 1254, 10792, 10436, 3808, 16.59%, 0, 16, 4, 0.40, 3123869
1712721129, 1, 1254, 10793, 10437, 3808, 16.59%, 0, 16, 4, 1372.03, 3132355
1712721144, 1, 1255, 10794, 10437, 3808, 16.59%, 0, 16, 4, 1095.92, 3149144
1712721334, 1, 1256, 10794, 10436, 3808, 16.59%, 0, 16, 4, 1090.97, 3158889
1712721344, 1, 1261, 10794, 10435, 3807, 16.59%, 0, 16, 4, 946.17, 3168787
1712721354, 1, 1263, 10794, 10434, 3806, 16.59%, 0, 16, 4, 1129.69, 3179658
1712721539, 1, 1266, 10794, 10433, 3805, 16.59%, 0, 16, 4, 1.09, 3182872
1712721550, 1, 1270, 10794, 10432, 3804, 16.59%, 0, 16, 4, 146.31, 3187982
1712721561, 1, 1274, 10794, 10431, 3803, 16.59%, 0, 16, 4, 213.87, 3195601
1712723853, 1, 1275, 10794, 10430, 3802, 16.59%, 0, 16, 4, 0.12, 3201263
1712723864, 1, 1277, 10794, 10429, 3801, 16.59%, 0, 16, 4, 19.13, 3209363
1712723874, 1, 1279, 10943, 10577, 3811, 16.63%, 0, 16, 4, 1168.72, 3215121
1712724064, 1, 1282, 10943, 10576, 3810, 16.63%, 0, 16, 4, 1.16, 3222595
1712724069, 1, 1284, 10943, 10575, 3809, 16.63%, 0, 16, 4, 1170.95, 3228608
1712724079, 1, 1288, 10943, 10574, 3808, 16.63%, 0, 16, 4, 1002.37, 3237060
1712724089, 1, 1290, 10943, 10573, 3807, 16.63%, 0, 16, 4, 1142.29, 3242909
1712724274, 1, 1291, 10943, 10572, 3806, 16.63%, 0, 16, 4, 0.23, 3246523
1712724281, 1, 1293, 10943, 10571, 3805, 16.63%, 0, 16, 4, 19.31, 3251085
1712724286, 1, 1293, 10944, 10572, 3805, 16.63%, 0, 16, 4, 835.00, 3253314
1712724301, 1, 1293, 10945, 10573, 3805, 16.63%, 0, 16, 4, 824.08, 3261565
1712724484, 1, 1293, 10946, 10574, 3805, 16.63%, 0, 16, 4, 0.30, 3264451
1712724489, 1, 1293, 10947, 10575, 3805, 16.63%, 0, 16, 4, 1241.85, 3271053
1712724495, 1, 1297, 10947, 10574, 3806, 16.63%, 0, 16, 4, 155.54, 3275928
1712724506, 1, 1301, 10947, 10573, 3805, 16.63%, 0, 16, 4, 86.38, 3282286
1712724695, 1, 1303, 10947, 10572, 3804, 16.63%, 0, 16, 4, 0.57, 3287165
1712724700, 1, 1306, 10947, 10571, 3803, 16.63%, 0, 16, 4, 1222.30, 3293436
1712724705, 1, 1308, 10947, 10570, 3802, 16.63%, 0, 16, 4, 1218.95, 3299546
1712724715, 1, 1309, 10947, 10569, 3801, 16.63%, 0, 16, 4, 1019.94, 3309375
1712724720, 1, 1323, 10947, 10568, 3800, 16.63%, 0, 16, 4, 1170.58, 3313282
1712724910, 1, 1327, 10947, 10567, 3799, 16.63%, 0, 16, 4, 1263.19, 3319338
1712724915, 1, 1328, 10947, 10566, 3798, 16.63%, 0, 16, 4, 1209.83, 3325457
1712724920, 1, 1329, 10947, 10565, 3797, 16.63%, 0, 16, 4, 1114.87, 3330689
1712724930, 1, 1331, 10947, 10564, 3796, 16.63%, 0, 16, 4, 972.78, 3337436
1712725121, 1, 1334, 10947, 10563, 3795, 16.63%, 0, 16, 4, 1390.17, 3345579
1712725128, 1, 1334, 10948, 10564, 3795, 16.63%, 0, 16, 4, 82.10, 3348847
1712725138, 1, 1335, 10948, 10563, 3795, 16.63%, 0, 16, 4, 1041.32, 3358070
1712725143, 1, 1335, 10949, 10564, 3795, 16.64%, 0, 16, 4, 34.62, 3360352
1712725336, 1, 1337, 10949, 10563, 3795, 16.64%, 0, 16, 4, 1024.42, 3370700
1712725341, 1, 1344, 10949, 10562, 3794, 16.64%, 0, 16, 4, 995.49, 3375685
1712725352, 1, 1345, 10949, 10561, 3794, 16.64%, 0, 16, 4, 965.40, 3382976
1712725541, 1, 1346, 10949, 10560, 3793, 16.64%, 0, 16, 4, 1214.32, 3392097
1712725546, 1, 1350, 10949, 10559, 3792, 16.64%, 0, 16, 4, 1214.80, 3398466
1712725552, 1, 1351, 10949, 10558, 3791, 16.64%, 0, 16, 4, 1106.29, 3404093
1712725557, 1, 1355, 10949, 10557, 3790, 16.64%, 0, 16, 4, 1135.49, 3409022
1712725562, 1, 1360, 10949, 10556, 3789, 16.64%, 0, 16, 4, 696.64, 3413200
1712725752, 1, 1361, 10949, 10555, 3788, 16.64%, 0, 16, 4, 0.78, 3419466
1712725767, 1, 1364, 10949, 10554, 3787, 16.64%, 0, 16, 4, 924.47, 3429217
1712725773, 1, 1365, 10949, 10553, 3786, 16.64%, 0, 16, 4, 832.96, 3433086
1712728067, 1, 1367, 10949, 10552, 3785, 16.64%, 0, 16, 4, 149.16, 3439744
1712728078, 1, 1367, 10950, 10553, 3785, 16.64%, 0, 16, 4, 1247.23, 3445683
1712728088, 1, 1372, 10950, 10552, 3784, 16.64%, 0, 16, 4, 1134.75, 3454795
1712732273, 1, 1373, 10950, 10551, 3783, 16.64%, 0, 16, 4, 1166.76, 3462096
1712732279, 1, 1376, 10950, 10550, 3782, 16.64%, 0, 16, 4, 53.83, 3465777
1712732290, 1, 1376, 11284, 10883, 3781, 16.74%, 0, 16, 4, 1032.07, 3472933
1712732295, 1, 1377, 11414, 11013, 3836, 16.77%, 0, 16, 4, 893.22, 3477386
1712732483, 1, 1378, 11414, 11012, 3835, 16.77%, 0, 16, 4, 1046.81, 3484874
1712732488, 1, 1380, 11414, 11011, 3834, 16.77%, 0, 16, 4, 1123.87, 3488913
1712732494, 1, 1382, 11414, 11010, 3833, 16.77%, 0, 16, 4, 1311.28, 3493231
1712732504, 1, 1384, 11414, 11009, 3832, 16.77%, 0, 16, 4, 707.62, 3500564
1712732694, 1, 1394, 11414, 11008, 3831, 16.77%, 0, 16, 4, 45.30, 3506485
1712732699, 1, 1395, 11414, 11007, 3830, 16.77%, 0, 16, 4, 1409.66, 3510633
1712732704, 1, 1398, 11414, 11006, 3829, 16.77%, 0, 16, 4, 1348.01, 3514465
1712732716, 1, 1399, 11414, 11005, 3828, 16.77%, 0, 16, 4, 46.44, 3519238
1712732909, 1, 1399, 11415, 11006, 3828, 16.77%, 0, 16, 4, 1219.91, 3525589
1712732914, 1, 1400, 11415, 11005, 3827, 16.77%, 0, 16, 4, 1095.70, 3531067
1712732925, 1, 1401, 11415, 11004, 3826, 16.77%, 0, 16, 4, 982.41, 3538050
1712733114, 1, 1402, 11415, 11003, 3825, 16.77%, 0, 16, 4, 995.54, 3543451
1712733119, 1, 1402, 11416, 11004, 3825, 16.77%, 0, 16, 4, 1178.42, 3549816
1712733125, 1, 1404, 11416, 11003, 3825, 16.77%, 0, 16, 4, 1176.71, 3555840
1712733135, 1, 1405, 11416, 11002, 3824, 16.77%, 0, 16, 4, 874.93, 3563500
1712733324, 1, 1406, 11416, 11001, 3823, 16.77%, 0, 16, 4, 1584.02, 3569439
1712733335, 1, 1407, 11416, 11000, 3822, 16.77%, 0, 16, 4, 1434.44, 3576389
1712733340, 1, 1409, 11417, 11000, 3822, 16.77%, 0, 16, 4, 1079.40, 3581420
1712733530, 1, 1410, 11417, 10999, 3821, 16.77%, 0, 16, 4, 0.53, 3588818
1712733535, 1, 1411, 11417, 10998, 3820, 16.77%, 0, 16, 4, 861.11, 3592194
1712733541, 1, 1416, 11418, 10998, 3819, 16.77%, 0, 16, 4, 1089.51, 3597443
1712733552, 1, 1419, 11418, 10997, 3819, 16.77%, 0, 16, 4, 13.16, 3604925
1712733745, 1, 1419, 11419, 10998, 3819, 16.77%, 0, 16, 4, 1248.44, 3612055
1712733751, 1, 1422, 11419, 10997, 3818, 16.77%, 0, 16, 4, 148.22, 3616311
1712733761, 1, 1423, 11419, 10996, 3817, 16.77%, 0, 16, 4, 109.55, 3621430
1712733951, 1, 1425, 11419, 10995, 3816, 16.77%, 0, 16, 4, 0.73, 3629043
1712733961, 1, 1427, 11419, 10994, 3815, 16.77%, 0, 16, 4, 1089.58, 3637421
1712733966, 1, 1431, 11419, 10993, 3814, 16.77%, 0, 16, 4, 54.91, 3641735
1712733977, 1, 1436, 11419, 10992, 3813, 16.77%, 0, 16, 4, 1019.51, 3648652
1712734166, 1, 1445, 11419, 10991, 3812, 16.77%, 0, 16, 4, 1001.85, 3655340
1712734176, 1, 1446, 11419, 10990, 3811, 16.77%, 0, 16, 4, 986.36, 3665080
1712734182, 1, 1448, 11419, 10989, 3810, 16.77%, 0, 16, 4, 1311.53, 3668570
1712736193, 1, 1449, 11419, 10988, 3809, 16.77%, 0, 16, 4, 0.06, 3676082
1712736198, 1, 1450, 11419, 10987, 3808, 16.77%, 0, 16, 4, 796.69, 3680593
1712736209, 1, 1463, 11419, 10986, 3807, 16.77%, 0, 16, 4, 302.22, 3686469
1712736219, 1, 1464, 11419, 10985, 3806, 16.77%, 0, 16, 4, 1059.65, 3695569
1712736224, 1, 1466, 11419, 10984, 3805, 16.77%, 0, 16, 4, 1112.33, 3700076
1712736229, 1, 1466, 11466, 11030, 3804, 16.79%, 0, 16, 4, 991.36, 3704398
1712736234, 1, 1468, 11758, 11322, 3856, 16.90%, 0, 18, 4, 1051.56, 3707636
1712736240, 1, 1468, 11759, 11323, 3856, 16.90%, 0, 18, 4, 1007.30, 3712740
1712736245, 1, 1468, 11760, 11324, 3856, 16.90%, 0, 18, 4, 1018.36, 3717788
1712736250, 1, 1468, 11762, 11326, 3856, 16.91%, 0, 18, 4, 1189.28, 3724006
1712736255, 1, 1468, 11763, 11327, 3856, 16.91%, 0, 18, 4, 1259.48, 3730492
1712736260, 1, 1471, 11763, 11326, 3856, 16.91%, 0, 18, 4, 1125.36, 3735351
1712736265, 1, 1472, 11763, 11325, 3855, 16.91%, 0, 18, 4, 1883.71, 3739621
1712736275, 1, 1473, 11763, 11324, 3854, 16.91%, 0, 18, 4, 1825.74, 3746147
1712736286, 1, 1482, 11763, 11323, 3853, 16.91%, 0, 18, 4, 1073.07, 3754152
1712736291, 1, 1483, 11763, 11322, 3852, 16.91%, 0, 18, 4, 1149.60, 3758229
1712736301, 1, 1491, 11763, 11321, 3851, 16.91%, 0, 18, 4, 1009.81, 3767368
1712736480, 1, 1492, 11763, 11320, 3850, 16.91%, 0, 18, 4, 1181.85, 3774042
1712736485, 1, 1493, 11763, 11319, 3849, 16.91%, 0, 18, 4, 1201.16, 3779956
1712736491, 1, 1494, 11763, 11318, 3848, 16.91%, 0, 18, 4, 152.32, 3784411
1712736503, 1, 1495, 11763, 11317, 3847, 16.91%, 0, 18, 4, 1475.00, 3789810
1712736691, 1, 1496, 11763, 11316, 3846, 16.91%, 0, 18, 4, 1014.80, 3796484
1712736696, 1, 1496, 11765, 11318, 3846, 16.91%, 0, 18, 4, 1113.23, 3802079
1712736901, 1, 1497, 11765, 11317, 3845, 16.91%, 0, 18, 4, 1180.00, 3824255
1712736906, 1, 1500, 11765, 11316, 3844, 16.91%, 0, 18, 4, 1253.11, 3828594
1712736912, 1, 1502, 11765, 11315, 3843, 16.91%, 0, 18, 4, 1063.51, 3833836
1712736922, 1, 1505, 11765, 11314, 3842, 16.91%, 0, 18, 4, 1162.26, 3841546
1712737112, 1, 1507, 11765, 11313, 3841, 16.91%, 0, 18, 4, 1127.38, 3848422
1712737122, 1, 1512, 11765, 11312, 3840, 16.91%, 0, 18, 4, 971.05, 3855835
1712737127, 1, 1513, 11765, 11311, 3839, 16.91%, 0, 18, 4, 964.30, 3860461
1712737317, 1, 1517, 11765, 11310, 3838, 16.91%, 0, 18, 4, 0.34, 3868613
1712737322, 1, 1518, 11765, 11309, 3837, 16.91%, 0, 18, 4, 1240.48, 3874858
1712737327, 1, 1524, 11765, 11308, 3836, 16.91%, 0, 18, 4, 1273.51, 3880093
1712737337, 1, 1529, 11765, 11307, 3835, 16.91%, 0, 18, 4, 214.57, 3888102
1712737343, 1, 1530, 11765, 11306, 3834, 16.91%, 0, 18, 4, 88.41, 3891164
1712737533, 1, 1532, 11765, 11305, 3833, 16.91%, 0, 18, 4, 66.78, 3898700
1712737543, 1, 1536, 11765, 11304, 3831, 16.91%, 0, 18, 4, 1125.11, 3905936
1712737549, 1, 1537, 11765, 11303, 3830, 16.91%, 0, 18, 4, 988.31, 3910788
1712737738, 1, 1539, 11765, 11302, 3829, 16.91%, 0, 18, 4, 0.09, 3916904
1712737748, 1, 1540, 11765, 11301, 3828, 16.91%, 0, 18, 4, 1048.04, 3926096
1712737753, 1, 1541, 11765, 11300, 3827, 16.91%, 0, 18, 4, 1002.90, 3930948
1712737758, 1, 1543, 11765, 11299, 3826, 16.91%, 0, 18, 4, 153.28, 3935553
1712737948, 1, 1544, 11765, 11298, 3825, 16.91%, 0, 18, 4, 0.11, 3944059
1712737953, 1, 1549, 11765, 11297, 3824, 16.91%, 0, 18, 4, 1090.84, 3948990
1712737964, 1, 1553, 11765, 11296, 3823, 16.91%, 0, 18, 4, 907.80, 3957816
1712737969, 1, 1555, 11765, 11295, 3822, 16.91%, 0, 18, 4, 1405.94, 3961405
1712738158, 1, 1556, 11765, 11294, 3821, 16.91%, 0, 18, 4, 0.54, 3967644
1712738163, 1, 1562, 11765, 11293, 3820, 16.91%, 0, 18, 4, 1208.36, 3973734
1712738169, 1, 1563, 11765, 11292, 3819, 16.91%, 0, 18, 4, 62.60, 3977178
1712738186, 1, 1564, 11765, 11291, 3818, 16.91%, 0, 18, 4, 39.14, 3980761
1712738375, 1, 1577, 11765, 11289, 3816, 16.91%, 0, 18, 4, 111.68, 3987638
1712738386, 1, 1578, 11765, 11288, 3814, 16.91%, 0, 18, 4, 1602.97, 3994297
1712738391, 1, 1582, 11765, 11287, 3813, 16.91%, 0, 18, 4, 1184.79, 3999862
1712740688, 1, 1586, 11765, 11286, 3812, 16.91%, 0, 18, 4, 1119.51, 4008670
1712740693, 1, 1587, 11765, 11285, 3811, 16.91%, 0, 18, 4, 1582.16, 4012274
1712740704, 1, 1588, 11875, 11394, 3817, 16.93%, 0, 18, 4, 990.01, 4020628
1712740893, 1, 1589, 11875, 11393, 3816, 16.93%, 0, 18, 4, 0.86, 4027787
1712740898, 1, 1592, 11875, 11392, 3815, 16.93%, 0, 18, 4, 1246.53, 4032842
1712740909, 1, 1592, 11876, 11393, 3815, 16.93%, 0, 18, 4, 180.83, 4038290
1712740914, 1, 1592, 11877, 11394, 3815, 16.93%, 0, 18, 4, 1005.53, 4043378
1712741109, 1, 1600, 11878, 11394, 3816, 16.93%, 0, 18, 4, 1223.90, 4057173
1712741124, 1, 1604, 11878, 11393, 3816, 16.93%, 0, 18, 4, 983.27, 4072560
1712741129, 1, 1606, 11878, 11392, 3815, 16.93%, 0, 18, 4, 1325.07, 4076833
1712741324, 1, 1607, 11878, 11391, 3814, 16.93%, 0, 18, 4, 1415.90, 4086851
1712741330, 1, 1608, 11878, 11390, 3813, 16.93%, 0, 18, 4, 1083.38, 4091320
1712741340, 1, 1609, 11879, 11390, 3812, 16.93%, 0, 18, 4, 761.93, 4097237
1712741535, 1, 1616, 11879, 11389, 3811, 16.93%, 0, 18, 4, 1320.00, 4108654
1712741540, 1, 1621, 11879, 11388, 3810, 16.93%, 0, 18, 4, 955.87, 4113509
1712741550, 1, 1623, 11879, 11387, 3809, 16.93%, 0, 18, 4, 19.59, 4121128
1712744896, 1, 1624, 11879, 11386, 3808, 16.93%, 0, 18, 4, 1445.10, 4129117
1712744901, 1, 1633, 11879, 11385, 3807, 16.93%, 0, 18, 4, 1281.20, 4135364
1712744907, 1, 1634, 11879, 11384, 3806, 16.93%, 0, 18, 4, 1255.53, 4140159
1712744912, 1, 1634, 12007, 11511, 3805, 17.47%, 0, 18, 4, 1165.10, 4144367
1712744917, 1, 1634, 12524, 12028, 3805, 17.73%, 0, 18, 4, 33.59, 4149184
1712745101, 1, 1636, 12654, 12158, 4014, 17.80%, 0, 18, 4, 0.80, 4152165
1712745107, 1, 1641, 12654, 12157, 4013, 17.80%, 0, 18, 4, 1155.39, 4158059
1712745117, 1, 1642, 12654, 12156, 4012, 17.80%, 0, 18, 4, 1168.47, 4166167
1712745122, 1, 1643, 12654, 12155, 4011, 17.80%, 0, 18, 4, 1186.52, 4170836
1712745312, 1, 1644, 12654, 12154, 4010, 17.80%, 0, 18, 4, 0.53, 4177316
1712745322, 1, 1655, 12654, 12152, 4008, 17.80%, 0, 18, 4, 1275.07, 4185652
1712745327, 1, 1657, 12654, 12151, 4007, 17.80%, 0, 18, 4, 167.58, 4189931
1712745332, 1, 1659, 12654, 12150, 4006, 17.80%, 0, 18, 4, 1215.17, 4192980
1712745522, 1, 1662, 12654, 12149, 4005, 17.80%, 0, 18, 4, 0.06, 4197522
1712745527, 1, 1664, 12654, 12148, 4004, 17.80%, 0, 18, 4, 1220.18, 4202606
1712745532, 1, 1668, 12654, 12147, 4003, 17.80%, 0, 18, 4, 1228.28, 4206411
1712745537, 1, 1672, 12654, 12146, 4002, 17.80%, 0, 18, 4, 1120.22, 4211949
1712745542, 1, 1674, 12654, 12145, 4001, 17.80%, 0, 18, 4, 1159.81, 4217943
1712745547, 1, 1674, 12655, 12146, 4001, 17.80%, 0, 18, 4, 364.93, 4220897
1712745742, 1, 1675, 12655, 12145, 4001, 17.80%, 0, 18, 4, 1161.59, 4234582
1712745748, 1, 1678, 12655, 12144, 4000, 17.80%, 0, 18, 4, 1019.66, 4239674
1712745754, 1, 1679, 12655, 12143, 3999, 17.80%, 0, 18, 4, 29.82, 4243993
1712745948, 1, 1683, 12655, 12142, 3998, 17.80%, 0, 18, 4, 1475.00, 4249392
1712745958, 1, 1686, 12655, 12141, 3997, 17.80%, 0, 18, 4, 1065.22, 4257664
1712745963, 1, 1687, 12655, 12140, 3996, 17.80%, 0, 18, 4, 988.85, 4262678
1712746153, 1, 1693, 12655, 12139, 3995, 17.80%, 0, 18, 4, 0.48, 4266120
1712746168, 1, 1694, 12655, 12138, 3994, 17.80%, 0, 18, 4, 638.81, 4275945
1712746173, 1, 1701, 12655, 12137, 3993, 17.80%, 0, 18, 4, 943.48, 4280767
1712746363, 1, 1714, 12655, 12136, 3992, 17.80%, 0, 18, 4, 0.89, 4286386
1712746374, 1, 1716, 12655, 12135, 3991, 17.80%, 0, 18, 4, 47.18, 4291504
1712746385, 1, 1719, 12655, 12134, 3990, 17.80%, 0, 18, 4, 1095.12, 4300373
1712746574, 1, 1721, 12655, 12133, 3989, 17.80%, 0, 18, 4, 0.61, 4305512
1712746586, 1, 1725, 12655, 12132, 3988, 17.80%, 0, 18, 4, 43.20, 4311880
1712746601, 1, 1727, 12655, 12131, 3987, 17.80%, 0, 18, 4, 1179.26, 4319814
1712746789, 1, 1733, 12655, 12130, 3986, 17.80%, 0, 18, 4, 25.47, 4325679
1712746800, 1, 1737, 12655, 12128, 3984, 17.80%, 0, 18, 4, 138.38, 4333058
1712746810, 1, 1744, 12655, 12127, 3983, 17.80%, 0, 18, 4, 1025.81, 4342213
1712749104, 1, 1747, 12655, 12126, 3982, 17.80%, 0, 18, 4, 164.44, 4348006
1712749114, 1, 1748, 12655, 12125, 3981, 17.80%, 0, 18, 4, 1005.00, 4353546
1712749120, 1, 1748, 12656, 12125, 3980, 17.80%, 0, 18, 4, 58.47, 4356406
1712749125, 1, 1750, 12788, 12257, 3994, 17.84%, 0, 18, 4, 784.59, 4360117
1712749314, 1, 1757, 12788, 12256, 3993, 17.84%, 0, 18, 4, 994.64, 4366507
1712749320, 1, 1758, 12788, 12255, 3992, 17.84%, 0, 18, 4, 101.63, 4371818
1712749330, 1, 1759, 12788, 12254, 3991, 17.84%, 0, 18, 4, 222.72, 4378175
1712749519, 1, 1761, 12788, 12253, 3990, 17.84%, 0, 18, 4, 0.58, 4384559
1712749531, 1, 1762, 12788, 12252, 3989, 17.84%, 0, 18, 4, 1407.74, 4390934
1712749536, 1, 1765, 12788, 12251, 3988, 17.84%, 0, 18, 4, 1087.95, 4396034
1712749546, 1, 1769, 12788, 12250, 3987, 17.84%, 0, 18, 4, 847.85, 4405681
1712749735, 1, 1769, 12789, 12251, 3987, 17.84%, 0, 18, 4, 1054.38, 4413469
1712749740, 1, 1770, 12789, 12250, 3987, 17.84%, 0, 18, 4, 168.15, 4419224
1712749751, 1, 1771, 12789, 12249, 3986, 17.84%, 0, 18, 4, 980.25, 4427169
1712749940, 1, 1772, 12789, 12248, 3985, 17.84%, 0, 18, 4, 0.12, 4431652
1712749951, 1, 1775, 12789, 12247, 3984, 17.84%, 0, 18, 4, 226.28, 4440319
1712749957, 1, 1777, 12789, 12246, 3983, 17.84%, 0, 18, 4, 4.15, 4443369
1712749967, 1, 1778, 12789, 12245, 3982, 17.84%, 0, 18, 4, 874.86, 4452956
1712750156, 1, 1781, 12789, 12244, 3981, 17.84%, 0, 18, 4, 191.83, 4459153
1712750161, 1, 1784, 12789, 12243, 3980, 17.84%, 0, 18, 4, 65.64, 4462219
1712750178, 1, 1786, 12789, 12242, 3979, 17.84%, 0, 18, 4, 1026.44, 4470344
1712750366, 1, 1788, 12789, 12241, 3978, 17.84%, 0, 18, 4, 69.73, 4476244
1712750376, 1, 1790, 12789, 12240, 3977, 17.84%, 0, 18, 4, 963.72, 4485656
1712750381, 1, 1792, 12789, 12239, 3976, 17.84%, 0, 18, 4, 908.49, 4489943
1712750571, 1, 1795, 12789, 12238, 3975, 17.84%, 0, 18, 4, 0.72, 4496082
1712750576, 1, 1795, 12791, 12240, 3975, 17.84%, 0, 18, 4, 44.28, 4498395
1712750581, 1, 1795, 12795, 12244, 3975, 17.84%, 0, 18, 4, 1166.24, 4501982
1712750586, 1, 1795, 12796, 12245, 3975, 17.84%, 0, 18, 4, 1127.17, 4507597
1712750591, 1, 1795, 12797, 12246, 3975, 17.84%, 0, 18, 4, 894.45, 4512051
1712750781, 1, 1797, 12797, 12245, 3974, 17.84%, 0, 18, 4, 0.36, 4520001
1712750787, 1, 1797, 12798, 12246, 3974, 17.84%, 0, 18, 4, 195.12, 4523253
1712750797, 1, 1798, 12798, 12245, 3973, 17.84%, 0, 18, 4, 188.30, 4531433
1712750808, 1, 1801, 12798, 12244, 3972, 17.84%, 0, 18, 4, 564.49, 4538262
1712750997, 1, 1809, 12798, 12243, 3971, 17.84%, 0, 18, 4, 943.35, 4544952
1712751007, 1, 1813, 12798, 12242, 3970, 17.84%, 0, 18, 4, 1105.58, 4556135
1712751012, 1, 1816, 12798, 12241, 3969, 17.84%, 0, 18, 4, 935.94, 4560436
1712751018, 1, 1817, 12798, 12240, 3968, 17.84%, 0, 18, 4, 742.75, 4563371
1712751749, 1, 1825, 12798, 12239, 3967, 17.84%, 0, 18, 4, 975.70, 4569522
1712751754, 1, 1825, 12799, 12240, 3967, 17.84%, 0, 18, 4, 1077.41, 4574878
1712751759, 1, 1827, 12799, 12239, 3966, 17.84%, 0, 18, 4, 1110.19, 4580569
1712751770, 1, 1827, 12884, 12323, 3965, 17.86%, 0, 18, 4, 1130.45, 4587079
1712751775, 1, 1828, 12918, 12357, 3968, 17.87%, 0, 18, 4, 1040.63, 4592361
1712751780, 1, 1829, 12918, 12356, 3967, 17.87%, 0, 18, 4, 1057.86, 4597758
1712751785, 1, 1838, 12918, 12355, 3966, 17.87%, 0, 18, 4, 1038.07, 4602831
1712751790, 1, 1840, 12918, 12354, 3966, 17.87%, 0, 18, 4, 174.85, 4607726
1712751801, 1, 1842, 12918, 12353, 3965, 17.87%, 0, 18, 4, 129.50, 4615124
1712751811, 1, 1844, 12918, 12352, 3964, 17.87%, 0, 18, 4, 1165.66, 4621168
1712751816, 1, 1845, 12918, 12351, 3963, 17.87%, 0, 18, 4, 1160.00, 4623748
1712751831, 1, 1846, 12918, 12350, 3962, 17.87%, 0, 18, 4, 947.86, 4634692
1712751837, 1, 1848, 12918, 12349, 3961, 17.87%, 0, 18, 4, 29.43, 4639011
1712751842, 1, 1849, 12918, 12348, 3960, 17.87%, 0, 18, 4, 140.88, 4642579
1712751854, 1, 1856, 12918, 12347, 3959, 17.87%, 0, 18, 4, 142.86, 4648943
1712751873, 1, 1861, 12918, 12346, 3958, 17.87%, 0, 18, 4, 84.52, 4655359
1712751883, 1, 1862, 12919, 12346, 3957, 17.87%, 0, 18, 4, 1011.18, 4665530
1712751893, 1, 1863, 12919, 12345, 3956, 17.87%, 0, 18, 4, 1020.97, 4674173
1712751903, 1, 1866, 12919, 12344, 3955, 17.87%, 0, 18, 4, 1195.99, 4683370
1712751909, 1, 1868, 12919, 12343, 3954, 17.87%, 0, 18, 4, 1074.23, 4686857
1712751919, 1, 1872, 12919, 12342, 3953, 17.87%, 0, 18, 4, 65.42, 4696388
1712751924, 1, 1874, 12919, 12341, 3952, 17.87%, 0, 18, 4, 1074.82, 4701429
1712751930, 1, 1875, 12919, 12340, 3951, 17.87%, 0, 18, 4, 1088.39, 4707083
1712751940, 1, 1876, 12919, 12339, 3950, 17.87%, 0, 18, 4, 1316.83, 4713734
1712751945, 1, 1879, 12919, 12338, 3949, 17.87%, 0, 18, 4, 153.08, 4716510
1712751951, 1, 1882, 12919, 12337, 3948, 17.87%, 0, 18, 4, 950.54, 4721069
1712751962, 1, 1883, 12919, 12336, 3947, 17.87%, 0, 18, 4, 76.12, 4728476
1712751972, 1, 1895, 12919, 12335, 3946, 17.87%, 0, 18, 4, 1440.94, 4733507
1712751982, 1, 1900, 12920, 12335, 3945, 17.87%, 0, 18, 4, 933.79, 4742036
1712752004, 1, 1904, 12920, 12334, 3945, 17.87%, 0, 18, 4, 98.44, 4753721
1712752009, 1, 1908, 12920, 12333, 3944, 17.87%, 0, 18, 4, 1183.32, 4758902
1712752019, 1, 1909, 12920, 12332, 3943, 17.87%, 0, 18, 4, 1044.54, 4769361
1712752025, 1, 1911, 12920, 12331, 3942, 17.87%, 0, 18, 4, 1158.77, 4773665
1712752030, 1, 1916, 12920, 12330, 3941, 17.87%, 0, 18, 4, 963.55, 4777836
1712752040, 1, 1922, 12920, 12329, 3940, 17.87%, 0, 18, 4, 1271.51, 4783842
1712753306, 1, 1924, 12920, 12328, 3939, 17.87%, 0, 18, 4, 0.02, 4786787
1712753317, 1, 1925, 12920, 12327, 3938, 17.87%, 0, 18, 4, 109.86, 4792755
1712753327, 1, 1926, 12920, 12326, 3937, 17.87%, 0, 18, 4, 144.50, 4800385
1712753517, 1, 1927, 12920, 12325, 3936, 17.87%, 0, 18, 4, 0.50, 4806676
1712753527, 1, 1928, 12935, 12339, 3935, 17.87%, 0, 18, 4, 1198.04, 4814627
1712753532, 1, 1931, 12935, 12338, 3934, 17.87%, 0, 18, 4, 1058.79, 4819916
1712753537, 1, 1932, 12935, 12337, 3933, 17.87%, 0, 18, 4, 1013.63, 4825142
1712753727, 1, 1934, 12935, 12336, 3932, 17.87%, 0, 18, 4, 1.06, 4832550
1712753739, 1, 1943, 12935, 12335, 3931, 17.87%, 0, 18, 4, 148.59, 4839548
1712753749, 1, 1950, 12935, 12334, 3930, 17.87%, 0, 18, 4, 1251.16, 4845414
1712753943, 1, 1957, 12935, 12333, 3929, 17.87%, 0, 18, 4, 1301.36, 4853905
1712753948, 1, 1958, 12935, 12332, 3928, 17.87%, 0, 18, 4, 1170.44, 4859238
1712753958, 1, 1968, 12935, 12331, 3927, 17.87%, 0, 18, 4, 971.50, 4869317
1712753964, 1, 1970, 12935, 12330, 3926, 17.87%, 0, 18, 4, 68.46, 4873479
1712754153, 1, 1971, 12935, 12329, 3925, 17.87%, 0, 18, 4, 1288.99, 4881374
1712754158, 1, 1973, 12935, 12328, 3924, 17.87%, 0, 18, 4, 153.11, 4886196
1712754169, 1, 1974, 12935, 12327, 3923, 17.87%, 0, 18, 4, 907.79, 4892888
1712754358, 1, 1976, 12935, 12326, 3922, 17.87%, 0, 18, 4, 0.79, 4899451
1712754363, 1, 1977, 12935, 12325, 3921, 17.87%, 0, 18, 4, 1264.60, 4904985
1712754374, 1, 1979, 12935, 12324, 3920, 17.87%, 0, 18, 4, 1233.84, 4913367
1712754379, 1, 1982, 12935, 12323, 3919, 17.87%, 0, 18, 4, 556.86, 4917421
1712754568, 1, 1983, 12935, 12322, 3918, 17.87%, 0, 18, 4, 0.04, 4924405
1712754579, 1, 1985, 12936, 12322, 3917, 17.87%, 0, 18, 4, 958.56, 4933370
1712754589, 1, 1985, 12937, 12323, 3917, 17.87%, 0, 18, 4, 1129.55, 4943260
1712754784, 1, 1987, 12937, 12322, 3916, 17.87%, 0, 18, 4, 955.00, 4958620
1712754790, 1, 1989, 12937, 12321, 3915, 17.87%, 0, 18, 4, 101.79, 4962749
1712754800, 1, 1993, 12937, 12320, 3914, 17.87%, 0, 18, 4, 989.72, 4970189
1712754805, 1, 1994, 12937, 12319, 3913, 17.87%, 0, 18, 4, 1026.37, 4975417
1712754999, 1, 1996, 12937, 12318, 3912, 17.87%, 0, 18, 4, 1100.06, 4983091
1712755004, 1, 2004, 12937, 12317, 3911, 17.87%, 0, 18, 4, 1000.93, 4987234
1712755015, 1, 2009, 12937, 12316, 3910, 17.87%, 0, 18, 4, 1085.74, 4996054
1712755200, 1, 2014, 12937, 12315, 3909, 17.87%, 0, 18, 4, 0.19, 4999615
1712755211, 1, 2016, 12937, 12314, 3908, 17.87%, 0, 18, 4, 185.70, 5008256
1712755222, 1, 2017, 12937, 12313, 3907, 17.87%, 0, 18, 4, 22.38, 5014610
1712757519, 1, 2018, 12937, 12312, 3906, 17.87%, 0, 18, 4, 1352.94, 5021264
1712757524, 1, 2024, 12972, 12346, 3912, 17.88%, 0, 18, 4, 166.05, 5024613
1712757530, 1, 2024, 12973, 12347, 3912, 17.88%, 0, 18, 4, 979.31, 5027286
1712757729, 1, 2028, 12973, 12346, 3911, 17.88%, 0, 18, 4, 1086.36, 5040237
1712757734, 1, 2029, 12973, 12345, 3910, 17.88%, 0, 18, 4, 54.20, 5044447
1712757745, 1, 2031, 12973, 12344, 3909, 17.88%, 0, 18, 4, 196.61, 5050795
1712757750, 1, 2031, 12974, 12345, 3909, 17.88%, 0, 18, 4, 626.25, 5053088
1712757939, 1, 2033, 12974, 12344, 3908, 17.88%, 0, 18, 4, 1129.96, 5061685
1712757949, 1, 2035, 12974, 12343, 3907, 17.88%, 0, 18, 4, 1096.03, 5071315
1712757955, 1, 2037, 12974, 12342, 3906, 17.88%, 0, 18, 4, 975.12, 5075221
1712758145, 1, 2044, 12974, 12341, 3905, 17.88%, 0, 18, 4, 0.02, 5079511
1712758150, 1, 2047, 12975, 12341, 3904, 17.88%, 0, 18, 4, 1028.37, 5084992
1712758155, 1, 2047, 12976, 12342, 3904, 17.88%, 0, 18, 4, 1141.23, 5090887
1712758165, 1, 2047, 12977, 12343, 3904, 17.88%, 0, 18, 4, 1029.62, 5101748
1712758170, 1, 2049, 12977, 12342, 3905, 17.88%, 0, 18, 4, 923.38, 5106149
1712758370, 1, 2050, 12977, 12341, 3904, 17.88%, 0, 18, 4, 1245.26, 5114759
1712758375, 1, 2053, 12977, 12340, 3903, 17.88%, 0, 18, 4, 1069.45, 5119757
1712758565, 1, 2054, 12977, 12339, 3902, 17.88%, 0, 18, 4, 0.87, 5127397
1712758572, 1, 2057, 12977, 12338, 3901, 17.88%, 0, 18, 4, 129.84, 5132650
1712758589, 1, 2060, 12977, 12337, 3900, 17.88%, 0, 18, 4, 17.50, 5138997
1712758781, 1, 2061, 12977, 12336, 3899, 17.88%, 0, 18, 4, 1572.36, 5145266
1712758791, 1, 2062, 12977, 12335, 3898, 17.88%, 0, 18, 4, 1164.10, 5154804
1712758796, 1, 2067, 12977, 12334, 3897, 17.88%, 0, 18, 4, 973.04, 5159178
1712758801, 1, 2067, 12978, 12335, 3897, 17.88%, 0, 18, 4, 831.18, 5163247
1712758991, 1, 2069, 12978, 12334, 3896, 17.88%, 0, 18, 4, 1006.67, 5171048
1712758996, 1, 2070, 12978, 12333, 3895, 17.88%, 0, 18, 4, 1683.17, 5176032
1712759007, 1, 2071, 12978, 12332, 3894, 17.88%, 0, 18, 4, 156.17, 5182066
1712759197, 1, 2073, 12978, 12331, 3893, 17.88%, 0, 18, 4, 0.27, 5188795
1712759207, 1, 2076, 12978, 12330, 3892, 17.88%, 0, 18, 4, 1317.59, 5195875
1712759212, 1, 2076, 12979, 12331, 3892, 17.89%, 0, 18, 4, 119.11, 5198969
1712759217, 1, 2076, 12981, 12333, 3892, 17.89%, 0, 18, 4, 233.63, 5202061
1712759223, 1, 2076, 12984, 12336, 3892, 17.89%, 0, 18, 4, 652.91, 5206297
1712759417, 1, 2080, 12985, 12336, 3894, 17.89%, 0, 18, 4, 1193.08, 5220482
1712759427, 1, 2083, 12985, 12335, 3893, 17.89%, 0, 18, 4, 923.41, 5227934
1712761240, 1, 2086, 12985, 12334, 3892, 17.89%, 0, 18, 4, 0.05, 5233471
1712761250, 1, 2093, 12985, 12333, 3891, 17.89%, 0, 18, 4, 1552.52, 5239361
1712761261, 1, 2096, 12985, 12332, 3890, 17.89%, 0, 18, 4, 1020.70, 5248716
1712761266, 1, 2097, 12985, 12331, 3889, 17.89%, 0, 18, 4, 1225.58, 5253472
1712761276, 1, 2100, 12985, 12330, 3888, 17.89%, 0, 18, 4, 1097.38, 5260425
1712761281, 1, 2100, 13156, 12500, 3887, 18.02%, 0, 19, 4, 965.25, 5263421
1712761286, 1, 2108, 13205, 12549, 3972, 18.05%, 0, 20, 4, 1124.45, 5267926
1712761297, 1, 2110, 13205, 12548, 3971, 18.05%, 0, 20, 4, 1018.49, 5278031
1712761307, 1, 2114, 13205, 12547, 3970, 18.05%, 0, 20, 4, 905.25, 5285728
1712761312, 1, 2114, 13206, 12548, 3970, 18.05%, 0, 20, 4, 1178.89, 5288406
1712761322, 1, 2117, 13206, 12547, 3969, 18.05%, 0, 20, 4, 1276.39, 5297898
1712761333, 1, 2120, 13206, 12546, 3968, 18.05%, 0, 20, 4, 45.19, 5302754
1712761350, 1, 2122, 13206, 12545, 3967, 18.05%, 0, 20, 4, 555.58, 5311151
1712761355, 1, 2123, 13206, 12544, 3966, 18.05%, 0, 20, 4, 862.92, 5315864
1712761365, 1, 2125, 13206, 12543, 3965, 18.05%, 0, 20, 4, 1149.91, 5323493
1712761376, 1, 2127, 13206, 12542, 3964, 18.05%, 0, 20, 4, 1089.48, 5329449
1712761381, 1, 2131, 13206, 12541, 3963, 18.05%, 0, 20, 4, 21.58, 5333304
1712761392, 1, 2133, 13206, 12540, 3962, 18.05%, 0, 20, 4, 978.33, 5342964
1712761399, 1, 2135, 13206, 12539, 3961, 18.05%, 0, 20, 4, 62.31, 5347290
1712761410, 1, 2137, 13206, 12538, 3960, 18.05%, 0, 20, 4, 1079.58, 5353614
1712761415, 1, 2137, 13207, 12539, 3960, 18.05%, 0, 20, 4, 1089.23, 5359078
1712761426, 1, 2139, 13207, 12538, 3959, 18.05%, 0, 20, 4, 977.12, 5369189
1712761431, 1, 2139, 13208, 12539, 3959, 18.05%, 0, 20, 4, 942.33, 5373667
1712761437, 1, 2140, 13208, 12538, 3959, 18.05%, 0, 20, 4, 908.77, 5378751
1712761448, 1, 2141, 13208, 12537, 3958, 18.05%, 0, 20, 4, 127.77, 5385149
1712761458, 1, 2142, 13208, 12536, 3957, 18.05%, 0, 20, 4, 1120.10, 5391271
1712761463, 1, 2144, 13208, 12535, 3956, 18.05%, 0, 20, 4, 780.00, 5394585
1712761474, 1, 2145, 13208, 12534, 3955, 18.05%, 0, 20, 4, 110.19, 5400959
1712761490, 1, 2150, 13208, 12533, 3954, 18.05%, 0, 20, 4, 92.18, 5408580
1712761501, 1, 2152, 13208, 12532, 3953, 18.05%, 0, 20, 4, 117.39, 5413689
1712761512, 1, 2156, 13208, 12531, 3952, 18.05%, 0, 20, 4, 694.78, 5420323
1712761727, 1, 2157, 13208, 12530, 3951, 18.05%, 0, 20, 4, 182.61, 5429528
1712761738, 1, 2158, 13208, 12529, 3950, 18.05%, 0, 20, 4, 347.49, 5435887
1712761749, 1, 2160, 13208, 12528, 3949, 18.05%, 0, 20, 4, 863.20, 5443013
1712761937, 1, 2161, 13216, 12535, 3948, 18.05%, 0, 20, 4, 939.76, 5449265
1712761947, 1, 2163, 13216, 12533, 3946, 18.05%, 0, 20, 4, 110.19, 5456928
1712762142, 1, 2165, 13216, 12532, 3945, 18.05%, 0, 20, 4, 0.40, 5464902
1712762147, 1, 2168, 13216, 12531, 3944, 18.05%, 0, 20, 4, 980.16, 5469829
1712762158, 1, 2170, 13216, 12530, 3943, 18.05%, 0, 20, 4, 933.29, 5478461
1712762168, 1, 2171, 13216, 12529, 3942, 18.05%, 0, 20, 4, 97.19, 5484488
1712762353, 1, 2172, 13216, 12528, 3941, 18.05%, 0, 20, 4, 0.34, 5486532
1712762363, 1, 2173, 13217, 12528, 3940, 18.05%, 0, 20, 4, 1022.68, 5497226
1712762368, 1, 2173, 13218, 12529, 3940, 18.05%, 0, 20, 4, 915.94, 5501704
1712762373, 1, 2173, 13219, 12530, 3940, 18.05%, 0, 20, 4, 850.88, 5506029
1712762563, 1, 2173, 13220, 12531, 3940, 18.05%, 0, 20, 4, 0.42, 5513294
1712762568, 1, 2174, 13221, 12531, 3942, 18.05%, 0, 20, 4, 1006.67, 5518320
1712762579, 1, 2176, 13221, 12530, 3941, 18.05%, 0, 20, 4, 1215.41, 5524898
1712762584, 1, 2179, 13221, 12529, 3940, 18.05%, 0, 20, 4, 1039.47, 5529951
1712762589, 1, 2180, 13221, 12528, 3939, 18.05%, 0, 20, 4, 1061.23, 5535326
1712762785, 1, 2183, 13221, 12527, 3938, 18.05%, 0, 20, 4, 1106.84, 5543277
1712762790, 1, 2184, 13221, 12526, 3937, 18.05%, 0, 20, 4, 862.99, 5547441
1712762800, 1, 2186, 13221, 12525, 3936, 18.05%, 0, 20, 4, 831.27, 5555525
1712762989, 1, 2189, 13221, 12524, 3935, 18.05%, 0, 20, 4, 79.37, 5560197
1712762999, 1, 2190, 13221, 12523, 3934, 18.05%, 0, 20, 4, 840.60, 5566859
1712763009, 1, 2193, 13221, 12522, 3933, 18.05%, 0, 20, 4, 1307.82, 5574466
1712763199, 1, 2195, 13221, 12521, 3932, 18.05%, 0, 20, 4, 416.09, 5582605
1712763204, 1, 2196, 13221, 12520, 3931, 18.05%, 0, 20, 4, 119.84, 5587055
1712763209, 1, 2196, 13222, 12521, 3931, 18.05%, 0, 20, 4, 940.81, 5591030
1712763220, 1, 2196, 13224, 12523, 3931, 18.05%, 0, 20, 4, 578.40, 5597086
1712763410, 1, 2196, 13225, 12524, 3931, 18.05%, 0, 20, 4, 933.66, 5605796
1712763415, 1, 2198, 13225, 12523, 3930, 18.05%, 0, 20, 4, 1007.79, 5611008
1712763425, 1, 2200, 13225, 12522, 3929, 18.05%, 0, 20, 4, 870.72, 5620299
1712763430, 1, 2201, 13225, 12521, 3928, 18.05%, 0, 20, 4, 814.54, 5624094
1712763620, 1, 2203, 13225, 12520, 3927, 18.05%, 0, 20, 4, 1684.71, 5630256
1712763625, 1, 2210, 13225, 12519, 3926, 18.05%, 0, 20, 4, 1480.79, 5633476
1712763635, 1, 2212, 13225, 12518, 3925, 18.05%, 0, 20, 4, 842.55, 5642617
1712763640, 1, 2217, 13225, 12517, 3924, 18.05%, 0, 20, 4, 729.78, 5645930
1712765934, 1, 2219, 13225, 12516, 3923, 18.05%, 0, 20, 4, 1480.00, 5652344
1712765945, 1, 2221, 13225, 12515, 3922, 18.05%, 0, 20, 4, 1119.61, 5661440
1712765950, 1, 2223, 13289, 12578, 3931, 18.08%, 0, 21, 4, 895.54, 5665630
1712766140, 1, 2224, 13289, 12577, 3930, 18.08%, 0, 21, 4, 0.28, 5674143
1712766145, 1, 2227, 13289, 12576, 3929, 18.08%, 0, 21, 4, 1118.19, 5678909
1712766150, 1, 2230, 13289, 12575, 3928, 18.08%, 0, 21, 4, 1298.89, 5683628
1712766155, 1, 2231, 13289, 12574, 3927, 18.08%, 0, 21, 4, 1150.86, 5689256
1712766160, 1, 2232, 13289, 12573, 3926, 18.08%, 0, 21, 4, 982.45, 5692892
1712766350, 1, 2237, 13289, 12572, 3925, 18.08%, 0, 21, 4, 0.41, 5698458
1712766362, 1, 2240, 13289, 12571, 3924, 18.08%, 0, 21, 4, 183.81, 5704824
1712766372, 1, 2242, 13289, 12570, 3923, 18.08%, 0, 21, 4, 1174.69, 5711599
1712766565, 1, 2243, 13289, 12569, 3922, 18.08%, 0, 21, 4, 1205.04, 5719243
1712766571, 1, 2246, 13289, 12568, 3921, 18.08%, 0, 21, 4, 25.16, 5722651
1712766576, 1, 2248, 13289, 12567, 3920, 18.08%, 0, 21, 4, 1057.50, 5727666
1712766587, 1, 2250, 13289, 12566, 3919, 18.08%, 0, 21, 4, 175.75, 5732504
1712766776, 1, 2263, 13289, 12565, 3918, 18.08%, 0, 21, 4, 1186.08, 5739027
1712766781, 1, 2265, 13289, 12564, 3917, 18.08%, 0, 21, 4, 1054.69, 5744199
1712766791, 1, 2273, 13289, 12563, 3916, 18.08%, 0, 21, 4, 1159.19, 5750646
1712766987, 1, 2275, 13289, 12562, 3915, 18.08%, 0, 21, 4, 154.39, 5757893
1712766997, 1, 2286, 13289, 12561, 3914, 18.08%, 0, 21, 4, 768.99, 5764319
1712767007, 1, 2287, 13289, 12560, 3912, 18.08%, 0, 21, 4, 1272.36, 5769870
1712767197, 1, 2289, 13289, 12559, 3911, 18.08%, 0, 21, 4, 1422.56, 5776968
1712767202, 1, 2292, 13289, 12558, 3910, 18.08%, 0, 21, 4, 1089.56, 5782068
1712767212, 1, 2294, 13289, 12557, 3909, 18.08%, 0, 21, 4, 133.06, 5789673
1712767217, 1, 2296, 13289, 12556, 3908, 18.08%, 0, 21, 4, 830.41, 5793596
1712767408, 1, 2297, 13289, 12555, 3907, 18.08%, 0, 21, 4, 45.08, 5800280
1712767420, 1, 2300, 13289, 12554, 3906, 18.08%, 0, 21, 4, 1483.81, 5806580
1712767430, 1, 2305, 13289, 12553, 3905, 18.08%, 0, 21, 4, 960.13, 5815612
1712767612, 1, 2310, 13289, 12552, 3904, 18.08%, 0, 21, 4, 0.15, 5817836
1712767618, 1, 2313, 13289, 12551, 3903, 18.08%, 0, 21, 4, 973.31, 5822851
1712767623, 1, 2314, 13289, 12550, 3902, 18.08%, 0, 21, 4, 1032.37, 5827980
1712767633, 1, 2317, 13289, 12549, 3901, 18.08%, 0, 21, 4, 546.81, 5836784
1712767638, 1, 2320, 13289, 12548, 3900, 18.08%, 0, 21, 4, 1074.92, 5840410
1712767829, 1, 2323, 13289, 12547, 3899, 18.08%, 0, 21, 4, 34.40, 5844953
1712767845, 1, 2329, 13289, 12546, 3898, 18.08%, 0, 21, 4, 195.15, 5851312
1712770142, 1, 2330, 13289, 12545, 3897, 18.08%, 0, 21, 4, 540.00, 5859721
1712770147, 1, 2331, 13289, 12544, 3896, 18.08%, 0, 21, 4, 830.19, 5863999
1712770153, 1, 2335, 13340, 12594, 3911, 18.14%, 0, 21, 4, 879.06, 5868869
1712770163, 1, 2337, 13340, 12593, 3910, 18.14%, 0, 21, 4, 1381.36, 5875694
